sample MDS1 MDS2 MDS3 MDS4 MDS5 MDS6 MDS7
CS01 -0.015025460454271 0.0513708347255856 0.0487923458708112 -0.015774292509135 -0.117102395332589 -0.00734583840893681 -0.0945493754297534
CS02 -0.0450346824827873 0.0550572080962467 -0.0425481863255313 -0.00157120685776152 0.0681663818180378 -0.142985911287077 0.136767458020276
CS03 -0.0661856604311806 0.0244143768598495 -0.0343655472979147 -0.0154895090980331 -0.00697972819414544 0.00612768210096719 0.0968985841086666
CS04 -0.0413921079367181 0.0044556790540678 -0.0027513067035469 -0.0838171938956754 0.0459473960861154 -0.107794109007766 -0.0876088610770318
CS05 -0.082482368185894 -0.0520968943191112 -0.0856090198574045 -0.062930847750187 -0.0788401412453387 -0.035475026607615 -0.130778180605224
CS07 -0.00985822507938926 -0.0570197673006466 -0.143234560617566 -0.0762088402679513 0.0699782007325653 0.133124875894827 -0.0891884669053135
CS08 -0.382259326064586 -0.140151814429623 0.0275511708654494 -0.00826096780024141 -0.025817688217572 -0.115614740094601 0.0762492404332726
CS09 -0.0231914084634576 0.047706674058682 0.0950532567532019 0.080052518435006 -0.0733404603065133 -0.0561335411298506 -0.133563757306034
CS11 -0.0292852564899604 0.126211633956229 -0.0177153331048582 0.0654669622945536 0.0929323678069589 0.0163732417948154 0.023449440702237
CS12 -0.00894567796080541 -0.072811730060109 -0.0216470778051916 0.0547968005998039 0.0823710077648139 0.0427099959570694 0.0325352619356962
CS13 0.0848644127955649 0.026837482390629 0.00628147249001454 -0.0757249883474001 0.128949043369957 -0.0883402561113272 0.061744063745047
CS14 0.0177513113755023 0.0349633955233017 -0.0260753717047971 0.0577489165083147 -0.0478428755861691 0.0431113355448409 -0.0512850292998643
CS15 -0.0528596951034112 0.0372528543130711 -0.0612912741475497 -0.0194399079785083 0.0507349269150537 -0.0175941267991055 0.000126205068250507
CS16 -0.00931354360331144 0.0526166972235982 -0.142178134528689 0.144848704913772 0.0425052722600925 -0.0235124890799191 -0.0272791053995433
CS17 -0.103311524358263 0.0789388419091624 0.0296431684411124 0.0135683991575187 -0.114493641861084 -0.0811612239476914 -0.0268517914848874
CS18 -0.0144201827669481 0.00273019511552567 -0.104490116941771 0.109557680327109 -0.0581405874653491 -0.0881885855553809 -0.0766209800381658
DK01 0.0439214820830586 0.0618073661321164 0.0258347272713802 0.0459892331748671 0.0590708405537385 -0.0369147273575401 -0.0581888418953103
DK02 0.0650661035443688 -0.0376668160646345 -0.051783770683887 -0.0673299912596774 -0.0771866587471873 -0.0322657398268772 -0.0338802524434118
DK03 0.0213947894247699 -0.079887723203765 -0.14611129620174 -0.0895125356667968 -0.0248791133288736 0.0352973758105167 -0.0385328589824417
DK04 -0.0901746234943089 -0.00912777255423951 -0.0878763553133864 0.0278999124925748 -0.0544532643495574 -0.16634456381022 -0.0314096402492069
DK05 -0.4831761212142 -0.280381358381089 0.0159108530567287 0.0710389573237452 -0.0503904651180195 -0.106455555880639 0.06784960111174
DK06 -0.0436961202650062 -0.0477333848915586 0.0496251654741486 0.0797870530854977 -0.110951690900748 -0.0333741233901256 0.0450560267017859
DK07 0.0923316377728175 -0.0446449960657201 -0.0111541013552732 0.0566991597443005 -0.00106141125285236 -0.0606588969401502 0.126628455578057
DK08 0.037731028751521 -0.093856719308178 0.00335478587963277 -0.114170772057472 0.0542402259891611 -0.106572544379033 0.0279173808371479
DK11 -0.0503631470639161 0.0781772717344835 -0.0350255384229764 0.162951632056583 0.042483169843232 -0.130236497653438 -0.0838814870754534
DK13 0.029983381504411 0.0458257565436961 -0.0356244896803716 0.0649711530473137 -0.0302014344274538 0.0408503073518122 -0.0371506377566919
DK14 0.077709551899234 -0.0645871022254196 -0.0114798484019889 0.119153555610005 0.00567702030582028 0.0896072402240535 -0.140572551880525
DK15 -0.0996939098907285 0.0760850954015908 -0.0618856667926553 -0.0224427436774318 0.0391799141302463 -0.110832530625373 0.0158147598400252
DK16 0.00176733323036566 -0.00406946353692122 -0.0526078380568661 0.0518076145451249 -0.044070546704361 -0.0381463901948699 -0.0231204412921489
DK17 0.108593297517314 0.0254785994059914 -0.0448220532888991 -0.011834827761151 0.0599202877312191 -0.0207846564497757 -0.106379465658365
DK21 0.0597383392320723 0.0221956446078467 -0.112889662792042 -0.0793928025086181 0.0393512104684375 -0.0619318936042806 0.109289079949464
DK22 0.0905324878295126 -0.0419648748115502 0.0382142070291005 0.0354524909218251 0.13727827365052 -0.0662775971521507 0.160187604003907
DK23 0.0597520391760446 -0.051342357797918 -0.128903915514652 0.000523115776030218 0.0742326767498978 -0.0227622935003203 0.017952988863572
DK25 -0.0535223908577158 -0.00254500875714664 0.0333500428894428 0.0429720172000799 0.04081101054751 -0.140951467295002 0.0334096294856843
DK26 0.0209810984592598 -0.118299388051769 0.00198528269279834 -0.00246328904863855 0.0783641935882498 0.0950037431650197 -0.108626214321157
DK28 0.106850992413397 -0.167083076618351 0.0583971939216279 -0.0133710236060098 0.124829530224917 -0.0824746538212888 0.0458090177151239
DK29 -0.0213239224421918 0.0850787441978509 0.0230350613551932 0.0184757609544658 -0.0449160372472016 -0.0449287823878309 -0.151461958223539
DK30 0.159063476590008 -0.139919821097763 0.0329507318287651 0.146057311265997 -0.140704733085173 0.0146805028898837 -0.0116308861675936
DK31 -0.0632848909978613 0.0166949706292452 -0.155370525472004 -0.00886667141220614 -0.00916092118608932 0.0922213046622567 0.0603711942033594
DK32 0.0556705357959413 0.0584271831289102 -0.024643815795397 0.0084072557803345 -0.00460741351306061 -0.0621297465361377 -0.153391630315417
DK34 0.0435182050528007 -0.0197110919745108 -0.105069134500769 -0.0606047908162148 0.144034858815538 -0.0456387757686071 -0.0561212429859148
DK35 -0.0480283380777215 0.0422521196211911 -0.142092604043286 -0.0327078055465831 0.0169626163969371 -0.0331553477660601 -0.0586393165777359
DK36 -0.00281291814219192 0.120833710647553 -0.073392631384631 -0.0337107815682522 -0.022825146728314 0.0795417610430674 -0.070784153197122
DK38 0.0244321938484293 -0.0466311678046218 -0.062055998762975 0.217311058487514 0.0441978329967273 -0.0594371840105859 0.013301381089285
DK39 0.0147200745778404 -0.000556185760616264 -0.151892732366704 -0.0213588384308994 -0.0644494626616683 -0.0109443745161116 -0.0380438526321106
FR01 0.190070210664584 -0.0125407300637877 0.0856559653002494 -0.0103693987608246 -0.148057527935404 -0.0928342929326589 0.0692832014071339
FR02 0.0295629409431319 0.0549949121288392 0.0475496635370313 0.0474853174507387 0.01658505807776 0.0432058913189239 0.0179310146887943
FR03 0.0757532355674851 0.0403341474320132 -0.0751930946220286 -0.0692402309824693 -0.0368971108514044 -0.0280781077330792 0.0301850589165557
FR06 -0.0497785770526359 0.0598255774120459 0.020963834019832 -0.181511485142576 0.0467355640518866 0.0144203429423476 -0.051297211763528
FR07 -0.0760942998273961 -0.176579697728975 0.000676558865317469 -0.15418784399743 -0.00906132524716748 0.0571332100246991 -0.0899175597050405
FR08 0.00587480948950814 0.0599489273001408 -0.0418601870678557 0.149523737237822 0.0481786192529624 0.0544719721242914 -0.100530169378057
FR10 0.0486447269962426 -0.0603974352743062 0.0175232190492366 0.00748523800820906 -0.0209935635075123 -0.00247020108681895 0.167606620970151
FR12 -0.039219230411674 0.0220058807965813 0.0602385789446371 -0.01524100770473 -0.10108564210975 0.0677730099295679 -0.0176947488430858
FR13 -0.0804824912992699 -0.0657886122251995 -0.14026230106227 -0.0244872174745389 -0.00941078161919963 0.191099408904936 0.0533388601814249
FR15 -0.0379913586846003 0.0631804410043796 -0.054773184224204 -0.101894211471732 -0.00469278438826548 0.00108868741099955 0.0325525778001602
FR16 0.0258996295555942 -0.153928487340835 -0.0481170862913451 0.00707455926590629 -0.0358629358179954 0.010726816814277 -0.0519271683210845
FR17 0.0122681926663466 0.073987737884756 -0.0519378940853806 -0.0853609879507951 0.0512991314977572 0.0617345972398506 -0.0434621437175491
FR19 0.0699753819027703 -0.0672615258689333 0.016278357800229 0.11689957051083 0.0590902650464345 -0.100301625352376 0.0187985199566999
FR20 -0.00826002446446735 0.15907277016674 0.0601134765191516 0.0315148020820364 0.0363310834558794 -0.0261528727652483 -0.0703495250819084
FY01 0.0298602517595109 0.0586743626932922 -0.0346936359989451 -0.10850405973992 -0.00220254726671338 0.0823077903765262 0.0221025822566076
FY02 0.021573569696677 0.102411638516515 -0.0694233066926119 0.0296800422280028 -0.021962568816902 0.0498738965068353 -0.0256680076894705
FY03 0.0721083816315156 -0.0628893689462135 -0.026743488601822 0.0929167073409764 0.0464312711862815 0.0313825320071092 -0.0539429291712367
FY05 0.0122325462307595 -0.0290909743568547 0.0896267302868882 0.00537727311663994 0.104570325857276 -0.0828912865669594 0.0818921540718637
FY06 -0.00141853443310511 -0.0411608662588426 0.0988438428154278 0.047250184739569 0.0896246554877773 0.0556084788822721 0.0457834460394685
FY07 -0.0697845944807336 -0.0973623082926207 0.0304166672066685 0.100387423650591 0.0481725986033221 0.0402465470420146 -0.0562052857765843
FY09 0.0486807276742805 0.0209709130151606 0.0552343617393222 0.0981396907924948 -0.0776343904278932 -0.0453011428508386 0.0111423845784295
FY10 0.00510864793836945 0.0458006566787584 0.094985695655146 0.0403841160367194 0.164823967804756 0.0742224690198811 -0.0578711719438955
FY11 0.0686481094410652 -0.0897614477719633 -0.0839972614171492 -0.000916068571701133 -0.0831645790885246 0.0295212282064453 0.0042542253483232
FY12 -0.0692984006412402 0.0205143116476862 -0.0881798213194472 0.0945041907934692 -0.0352186155775737 0.0463828116020876 0.0549179579247681
FY13 0.124822247737725 -0.0107218615542691 0.120928075048438 -0.217569590362939 -0.0421877285878401 0.105263248372619 0.110424478640158
FY14 0.0168160982753443 0.0578458971553216 0.0199239705973846 0.10350057504777 -0.0112894522639231 0.0684432489879135 0.0446853140636067
FY17 0.0123264531227185 0.0610855395818595 0.0282466399634636 -0.0649137140479689 -0.0113170343004029 -0.107558115978064 -0.0705536856532366
FY18 -0.0030292483454567 -0.0499372919588603 -0.0161778466443289 -0.0649363607895415 0.0729408120740887 -0.0619964837637062 0.0479880868470969
HH01 -0.0847644464617736 0.0835603226003948 0.0709658951346156 -0.0561936848449271 -0.182155141785719 0.117326247438996 0.0378872573753442
HH02 0.107216543423126 -0.157921672890178 -0.0277967964210476 -0.0226262876674269 -0.159384426390708 0.00496418660362337 0.0312576751123496
HH03 0.0179796483985195 0.00473290674760266 0.00166895933807502 -0.0227652452457117 -0.0954799521236513 0.046003546960323 0.0275165184154339
HH04 0.0450268909176919 -0.0225810097255015 -0.0704017592391403 -0.118487991248894 0.012463850457596 0.022599880792849 -0.0272976421664312
HH05 -0.0278815934832517 0.0232292478300382 0.024174989825459 -0.0641559575839806 0.0791882074328166 -0.0120291949965421 -0.0390355955381884
HH07 -0.0718352225628425 -0.070786724845103 0.000985830239448697 -0.0249628446612386 0.0530796093198177 0.102566993347815 0.0302247471566302
HH08 0.0052652773594675 -0.0903749628937413 0.00830291977854574 -0.00425737125990749 0.00270337341420997 0.00997145113433838 -0.0717107042243843
HH09 -0.0374827746950639 0.0239714658616895 0.00719107762171817 0.00618248722983788 -0.0121149250911273 -0.0159389798876517 0.146522376172877
HH10 0.0810339356977373 -0.0709247710008254 -0.0506848000867021 0.0960059768367491 -0.127359355301 -0.11381617035582 -0.0078998859020939
HH11 0.0473731147161178 -0.0128769324582165 0.0308811129997872 -0.079561392246903 -0.024560563032449 0.0729161330764982 -0.109936387090183
HH12 0.00881809615096171 -0.0154923345756357 0.00136373240324817 -0.055476667974852 0.0254988629455386 -0.0765676051287103 -0.00156733491941273
HH13 0.0155430207580972 -0.00338601243454537 0.0772209901436412 0.0376192377133221 0.0300218191616536 -0.0355344980848053 -0.0178630932265388
HH16 0.0797620432943623 0.00769042512875417 0.0207066254903506 0.0893060840394196 0.0339321389919348 -0.00480124410077691 0.0833567823004314
HH18 0.0175463717480933 -0.0258823960902351 -0.106228438699302 -0.047284668816066 0.0267991726697624 0.0338327710157972 -0.120293682789562
JB02 0.0639452922439796 0.0031727123916978 -0.0896431763834921 -0.00668353657600439 -0.223826772564852 0.0270394946561614 0.0760801525211339
JB03 -0.0325784158701099 -0.0400545631468279 0.115182906291074 -0.0251091953092132 0.0713379351418787 0.106793751568162 -0.109817363422706
JB04 0.0777788463748297 -0.0371192029787789 0.05915683569448 0.0191294173882541 0.0784505454702062 0.0849209094434655 0.0649987174643554
JB05 0.078408363023783 -0.0532407689682925 0.0642278564062132 -0.0228344704169418 -0.17316418079396 -0.138600282039622 0.0739218671492892
JB07 -0.026611380575989 0.0292060129551205 -0.0303574475102529 -0.0276457895439692 0.0626256400191593 -0.00485766508377788 0.00601767414863852
JB10 0.0348552421134316 -0.138464308694638 0.0330512177034407 0.0170985660175692 0.0463557502251653 0.0479924131574618 -0.0450963738329819
JB13 -0.0414015268802722 0.033781964416343 -0.0650956818744294 0.0163205948520577 0.120439012218792 -0.075994205530574 0.0657176704945797
JB15 -0.0375889219200482 0.0595161980809155 0.175998947074544 -0.119092654966292 0.00495742855525913 0.0265941518600218 0.00378807599572171
JB16 -0.0792858983308424 0.0521731189685445 -0.0322036306740909 0.00717921105213911 -0.0352675408941041 0.0188062902144586 0.0472527053333792
NB01 0.0286313832561692 0.0465762332074804 0.0400567119131604 -0.0608549254364214 -0.0286495093122574 -0.0233490289514275 -0.0117729140617595
NB02 -0.00774304675851211 0.0485879685220049 0.0109296488597252 -0.0412546784800696 0.161581205618695 -0.122829142407273 -0.0545207166861507
NB03 0.0291523918250589 -0.0253133695223543 -0.0970874981249817 -0.0371461886021306 0.0687610176110327 0.157897680899653 -0.00450656424902265
NB04 -0.0108625626168199 -0.0141569441653635 -0.000650843356920158 -0.0249698189356795 -0.0162945860646919 0.0855416123002984 -0.0187568390886756
NB05 -0.00930441368412209 0.0818496058958265 -0.0390212106904899 0.071937963101701 0.126546308684067 -0.0461511025668912 0.0852605908606459
NB06 0.0485996676118426 0.0363435872671913 -0.0567655833483755 -0.109564990364645 0.096185992435423 0.0174311622071263 0.00879122089063911
NB07 0.0456468417956475 -0.123702393914973 -0.0418763145035226 -0.0609915285137776 0.0578802854122992 -0.0122391511445222 -0.0439793249067634
NB10 0.120533658313821 -0.163403357557709 -0.0330210468977803 0.0588167224004684 -0.000466765944585489 0.140480539819356 0.0244936567424017
NB11 -0.0432700165211896 -0.019149446505939 -0.025955710573947 0.0283742083925725 0.136096242145508 -0.0322536537262287 0.0965326704811611
NB12 0.0509780346651502 0.0261554624430151 -0.0785752912202033 -0.0261094316952568 -0.0672326365647274 -0.045736720911899 -0.050807825748644
NB13 -0.00578769716829786 -0.0139552534442366 -0.0676349402994759 -0.0295166866132711 0.0520435986024672 0.0497205960023739 -0.169893847464244
NB14 0.0557754412177966 0.041473075509004 -0.1340345762445 0.023117953983746 -0.0189145872095915 -0.127064195018463 0.0190121430154488
NB15 0.000547628177118528 0.0642402224212351 -0.00481138199387859 0.0594023613960715 0.0618142840483811 -0.0218167807713986 -0.0928153097272124
NB16 -0.0533445662954294 0.107350941218328 -0.00711737883504414 0.105625570437429 -0.0203657157667588 -0.0174918656915218 -0.0797212755039384
NB17 0.0228634236349975 -0.0180915601885953 0.052383249274012 0.0478317361971486 0.0768757647495701 -0.0318119587754811 -0.0161981273288368
PA01 -0.102191677216178 -0.023126116375305 0.125652004211618 -0.0282846022904148 0.020990548930544 -0.0748566612279793 -0.103052247109062
PA02 0.0163856084950935 -0.0259445200986515 0.135622375050632 -0.0158174006090762 -0.118674928912738 0.0238589807306495 -0.0363589425164251
PA04 -0.019794121496989 0.0528065086167715 0.0309476215008465 -0.129150693549448 0.0487212177353234 -0.0192222205314824 0.0591254284824463
PA07 0.187311730516608 -0.0343951374809977 -0.0729147226155779 0.00699573221034814 0.0721951248444395 0.0514984140020904 0.0522514009853627
PA08 -0.0383637647913382 0.0763061418908274 0.00996664697797005 -0.0373588749448745 -0.0261632928176157 -0.0114284427134337 0.141301699822851
PA09 -0.061638594144828 -0.0905603150827954 0.0300292308281306 0.112792598713951 -0.0325583542567654 0.192654804054118 -0.0853184265856412
PA10 -0.0730097360636203 0.0117233052652605 0.0180439769023341 -0.109940314878616 -0.000274557559790924 -0.0376883008702242 -0.0797673106380286
PA11 0.0765986862632971 -0.142207358544846 0.00690573748492561 -0.115897365904389 -0.0140171870975539 -0.0386678642463237 -0.105708376789617
PA12 -0.0267132199285084 0.00376279729012451 -0.0209049178038654 -0.102005226428894 0.118487469696313 -0.0888429289701399 -0.049370193702675
PA13 -0.027352803337161 0.00981620732025038 0.0258548733776991 -0.0817063223883696 0.0480379417868971 0.0485911407076881 0.11242639210021
PA14 -0.072439205532268 0.0638551206907541 -0.018757672168029 0.010869365453905 0.0433764537198216 0.112434241511513 0.0966096272025387
PA15 0.0658502845535038 0.00991121080205469 0.00517867488334224 0.071145036054573 -0.185519558033988 -0.106428953811228 0.0339610145221746
PA17 0.0405149494840031 0.0683215854986487 -0.0483348738962821 -0.0341702742524416 -0.0138362718109814 -0.0300083659797586 -0.0124278829685857
PA18 0.0529596993722979 -0.0606970011389111 0.0733862456346372 0.147483891066596 -0.0820084548663667 -0.0481030131481235 0.0196131742572485
PA20 -0.0843478157816786 0.0237628950211724 -0.0529302750711489 -0.0293822921621309 0.0506209423646872 -0.0402913593470062 -0.0118922171762044
PA21 0.0179224360164396 0.0627519022947898 -0.116885904356449 0.0143634700190919 0.0183858025068661 0.064202140078175 0.0730799142663342
PA22 -0.106052240283636 -0.0208867806859953 -0.085059148257976 0.0432273650075544 -0.0288157808565374 0.124962807061242 -0.0230338375580587
PA23 0.0608689836380373 0.0471334891694894 -0.0332560205450155 -0.015656616681713 -0.0714003281641367 -0.000610121445239728 0.0051849873548087
PA24 -0.0329889082322612 -0.0402724108611152 -0.0636092489537785 0.0214966911229044 -0.013132395131573 -0.213730202341216 0.0444760769723277
PA25 0.0142238021575214 0.00709318357318813 0.00303084643600615 -0.0843557854814228 0.00590270386081545 0.0611344330496492 0.0188459651201994
PA26 -0.0408350564723449 -0.0267804190292035 -0.0160460983329459 0.0208320116952176 0.00021562807925246 0.139525057021755 0.0483775120699217
PA27 0.0457928144392636 -0.103373621125539 -0.0561272541881866 0.0104213897441268 -0.0780756973079373 0.0357597538769888 0.120460894289788
RB01 0.0579113435211949 0.0682187410907625 0.111269793629977 -0.102670808109176 0.0107208766179587 -0.108696265948888 0.0983355763099186
RB02 0.0438557584439844 -0.087417566120172 -0.0409375941609297 0.00985917552970831 -0.0766801428943406 0.0845838267039937 0.161696870568128
RB03 -0.0498139572371803 0.0536933678525118 0.0675454140035601 -0.0733049827238233 -0.123946557947377 -0.00546684776398731 0.0761658431154758
RB04 -0.0119285491967372 0.0397227371185858 0.121446280409338 -0.0388763663466097 -0.0640054123908707 0.0312261080295782 0.0748945507110429
RB05 -0.0468380411276979 0.0279637568038169 0.0698256815222842 0.0204247106032149 -0.0555933201974569 0.114691644494726 0.0183237234845431
RB06 -0.0192401921504328 0.00480911468843071 0.14346073457903 0.0972408031794304 0.0766824037666574 0.0427907296440181 0.0364522270584699
RB07 0.0224321748949559 0.0341326826671397 -0.051582711961869 0.0657224205936564 -0.0776307977790742 -0.0832110400730653 -0.00700660774293709
RB08 -0.035477743511357 0.0531588914852394 0.0767616624421246 0.09300975001621 -0.0717450592622354 0.00660651762440463 -0.119675705622883
RB09 -0.132171084718697 0.0103196453305753 -0.0156262002423727 0.0630220028086006 -0.00730252225354737 0.0941511107755248 0.0366808909269222
RB10 0.0368485591953958 0.00480990728928729 0.0603222874293759 0.132466605725763 0.104394715696102 -0.00682793876116154 0.137818707740157
RB12 0.116549570209916 0.113691498959808 0.0608217992055336 0.114297434859377 -0.0491861923002536 -0.00449068984145227 0.0587481580604352
RB13 -0.00344257884502614 0.0936138384673682 0.0928293601260195 0.0864126954423512 0.0099282804116926 0.147264171192937 -0.0111361846095164
RB14 0.00254831236372609 0.0288097493469915 -0.0315116850906399 -0.0315445754737199 -0.0307607326810186 -0.0311648320575336 0.0229649550061386
RB15 0.0160522328010026 -0.0395211279881321 -0.00240211392076115 0.128260856795807 0.00782912710722461 0.0570728548990385 -0.114679608619392
RB16 0.01422183954368 0.0551879203028661 0.0850632828936821 0.00220262876741697 0.0988426408544212 -0.0396778862837516 0.0338472074570077
RB17 -0.0775077405767737 -0.137433837791759 -0.0396440764077481 0.0713439629094684 -0.0168848417711949 -0.0171764521519807 -0.0780886924961551
RB19 0.0572440616988277 0.0854144958566685 0.171014899271574 0.0228654657324438 0.0922798834909281 -0.00366171796407692 -0.172305298832862
RB20 0.0076754907475302 -0.0129081497564911 0.0662640705741989 -0.0388732864119327 0.0211122586389334 -0.0694936054777929 -0.0766098249897452
RL02 0.0209619239179879 0.0314875867754328 0.0905422624983088 0.0563604525481027 -0.0471096785321051 -0.101960098200435 0.0723736050630938
RL03 -0.0366817131824429 0.0562605838205923 0.0917040600828477 0.0713784824625498 0.0727574716573382 -0.0740455413322284 -0.0769077386726443
RL04 -0.0535973519424827 0.0699711292073849 0.0603165988820031 -0.121166248138237 -0.0387290963194679 0.0577517642608823 0.0560081240291776
RL06 -0.00423974722986913 0.0884883653381017 0.0601879422168216 -0.080820116106786 -0.0509474549589074 0.0400037850184032 0.0783000883135012
RL07 -0.0764179162154005 -0.0142288124665509 0.0548267806307111 -0.0279868515412783 0.021164729209483 0.00737250181218661 0.00446511181846347
RL09 -0.0209420057893566 0.0690127235848928 -0.0388268508961272 -0.037158796422798 -0.113393117140968 0.0568527047284379 0.0656657551769362
RL10 0.0219531280729294 0.0591030061303081 0.143510172508032 -0.128000774513327 0.0575634368788155 -0.0131252515848502 -0.0413679320126346
RL11 -0.0566965042216588 0.0585497214989935 0.139756205341205 0.037451657850432 -0.157547813763842 0.00631738060982699 0.0432648562488455
RL12 -0.0992721163532605 -0.0694778086841069 0.0710760898727052 0.0225838416326315 -0.0289722196434676 0.0756924884456793 0.0335092062570848
RL13 -0.0652194437039577 -0.11232163924283 0.163648500285368 -0.132056009219321 -0.0210091578368465 -0.0610489427372805 -0.0115333695617893
RL18 0.0792759995279501 -0.221205050786397 -0.0116888007560557 -0.0777223428882979 0.0082025281609628 -0.027701167902593 0.0154920324188927
RL20 -0.0116952722074677 0.00675926382443176 0.0560175913643602 0.0386016006773208 -0.00506793673232459 0.117822280550625 0.135845954707717
RL21 -0.0174293137713027 0.0767297287578194 -0.0435424377787565 -0.0831395788798268 -0.0660974681178045 0.0254000862575969 -0.0108644074137807
RL22 -0.05700544042902 -0.130819836253525 0.14707931758418 0.0764881084059193 0.0760542983507659 0.00605766315912471 0.00116955186194523
RL23 -0.00258431804685285 0.0464060572733672 0.162056112708254 -0.0873414231195909 -0.0803075241832106 0.00637986104928869 -0.0224305350316747
TR01 0.0534504533637992 0.0579933582800976 0.0188000789192247 0.0973720418442178 0.0641921595410764 0.0153824024912007 0.0437910652296637
TR02 -0.00434699542348719 0.070224652418938 -0.0217555592577933 -0.0224503256892805 0.0662809464626419 -0.0521289479744603 -0.0197102538735872
TR03 -0.045217741163639 0.0988615376315831 -0.0594448832036368 -0.0670309956574964 -0.0736827698228641 0.0697619509604281 -0.0541283731998648
TR04 0.00800322451814162 0.12097344806041 0.00575460313931971 0.0677913117960615 -0.122448264298514 -0.0131250571258291 -0.14121004780573
TR05 -0.0496499773157269 -0.00893640223440532 -0.134799041579675 0.0758203657362404 -0.00595420623184116 0.113415829537152 0.0201652292751534
TR06 -0.0117504761750319 0.0906139707671486 -0.200890502759143 -0.0296613803544873 -0.0277674120612447 -0.0676365061796546 0.116017736612683
TR07 -0.0196481403769137 0.00110016806340919 0.0046200009642206 0.0175807209642865 0.103590519438752 0.0631449517754323 0.155396035873577
TR09 -0.0619602653562541 0.106707613932987 0.0370308110219581 -0.00417759483905664 -0.0307642060399946 0.0860007850228034 -0.0340468488222537
TR10 -0.0196393026082079 0.105706537788555 -0.0501910853975581 -0.0380663941131926 0.0270379452999528 0.0679223903897566 0.132417522479682
TR11 -0.0282655356966371 0.0616383159346355 -0.0153847516057089 0.0265165802590887 0.0327220308988611 0.0659583937775107 -0.00430770522349483
TR12 0.0123985857464006 0.0259110248391848 0.0175038761754327 -0.093532013416747 -0.100232161150656 0.00434382581802738 -0.0257605798123724
TR13 0.0536117486020507 0.00685839680008052 -0.092640179985022 -0.0731340563742142 -0.120946649270623 -0.153226744978787 -0.0982823803065527
TR14 0.109210124057822 -0.226192735906173 0.0887510510146233 -0.132091537720652 -0.0195396879665352 -0.0575290847181509 -0.09713188611258
TR15 0.0522169441515105 -0.018202314828978 0.0496083077623219 0.0601566352806541 0.0919513224517436 -0.00624121783455269 0.0642980321419523
TR16 0.119244144864928 0.00545299552706695 0.141561307487092 0.0886703703734901 -0.0146112075998772 0.0845604220343971 -0.0122183163277629
TR17 -0.00482835291981121 -0.0219823299630091 0.075375354870138 -0.026941977428076 0.119150417137985 0.101240466815138 -0.0739159378502377
