sample MDS1 MDS2 MDS3 MDS4 MDS5 MDS6 MDS7
AN03 -0.0361510986662865 -0.0234373117223644 0.0544335543887385 0.0419807388545245 0.0350333229814112 0.00431977008813568 -0.0951725382596128
CS02 -0.0144079771086382 -0.0580641614663144 0.0620678507232451 -0.0729352575130215 -0.111456110361825 0.03163710883102 0.1305701875912
CS03 -0.0437062887136707 -0.0662898835378031 0.0248882881913388 -0.0348408424551692 -0.0105993855283101 0.034492127855197 0.0464238503995415
CS04 -0.0433192298564317 -0.0250294478758171 0.00745301884080755 0.000493123781921741 -0.068684096329482 -0.00897501283788984 -0.0718097084287597
CS08 -0.381492810541437 -0.139837913798336 0.0629601583844567 -0.0445387964720853 -0.0386184921935966 -0.0726575049252819 -0.000797644997160896
CS09 -0.00128333499617472 -0.0770990063400439 -0.0729268989248563 0.120713115744909 0.0932023796070334 -0.0698514407751368 -0.073856181523988
CS10 0.0540118174179611 0.0195188160171775 0.039691958063188 -0.0950841348565787 -0.0393538473077463 0.0347184646407008 0.030893079742551
CS11 0.0747307125033847 -0.0993859419843681 -0.00348198665822459 0.0112956478487088 -0.0286194762072991 0.0812235052745576 0.0288527295163123
CS13 0.0658412730328341 0.0580109886058034 -0.00454800390627405 -0.10412228368339 -0.157095869174098 0.125056258710216 0.0592992411373969
CS14 0.0494727843816128 -0.0174904422186831 0.0216136302276746 0.0326105035922915 0.0209625812775361 -0.0288094646912323 0.0572759380476271
CS15 -0.0238855319390511 -0.0373697638988599 0.0802499378748667 0.0289014343181887 -0.071368065907109 0.0344681487032228 -0.0113741778890664
CS16 0.0406264415044055 -0.0819055547579528 0.134655152161397 0.108130086902473 0.057152243998881 0.0708724147786857 0.00827957930721529
CS17 -0.0379299909110553 -0.130838921935571 -0.019642754801854 0.0137548000017427 0.0316464494845241 -0.17285331256065 0.0360144158070328
CS18 0.00757699620368058 -0.00784116440011169 0.105451809314557 0.0999105766289364 -0.0090216316197981 -0.0111905519129899 0.0389338136437583
DK01 0.0600389772311944 -0.0448426003519126 -0.00589732856357528 0.0496111254424435 -0.0253813175816218 0.0359525035737574 -0.0790858882283844
DK02 0.0382976580104754 0.0305949006532971 0.0178718067511219 -0.0269154762668612 0.0374920778787314 -0.114763974865497 -0.0551007083285981
DK03 -0.00877161124401674 0.0924305709220112 0.127260238425548 -0.0485420566746673 0.0119846644335798 -0.0236507211397027 0.0473104252252312
DK04 -0.0773851234652204 -0.0498442405983693 0.142849113759353 0.122229174299959 -0.118134747268121 -0.0828855788872158 -0.0871656379303335
DK05 -0.544633740705565 -0.115555776177491 0.132930060158572 0.00979419574241294 0.00408173226447389 -0.0865254457419025 0.0416477639462916
DK06 -0.0528676612067931 -0.0423668518939209 -0.0423159469978686 0.10712124860988 0.0406201667919455 -0.123605051557958 0.00410783486497667
DK07 0.0371212890148425 0.0531338753926059 0.0239025735739098 0.0147727850187376 -0.0493199539334105 -0.00895007821733218 0.12259507429036
DK09 0.0206294997849218 -0.0188598382492105 0.00401641673890672 -0.0610867415780347 -0.0714107712558495 0.0243571751392819 0.108836029810492
DK10 0.00713192285309808 0.235206189194725 -0.00864298906431943 -0.00776924186539822 -0.0562302177994477 -0.035595255417452 -0.0410550597494022
DK11 -0.0034638583357562 -0.0896208843867061 0.0522937117344488 0.110672115445995 -0.00324044708133919 0.0775551312682847 0.00760133561658154
DK12 -0.0229046105076605 -0.0707611760251056 0.0210069109609647 0.0651584240833968 -0.00754084260183796 0.0516841831771315 -0.00825471571710108
DK13 0.0483198933054928 -0.0053697378089155 0.0130895011504 0.0157072540506296 0.0852328895538783 0.0248796413873552 0.0354415702874138
DK14 0.036173882859388 0.0788354151450706 -0.0158557536877742 0.0699214356512171 0.137348132938528 0.0927700660254902 0.00823863524279858
DK16 0.0140349305809211 0.011305139431387 0.076816043442445 0.0275994874057084 0.0970401784384498 -0.0215479008944806 -0.0323681601780256
DK17 0.105963894723885 0.0553684564942228 0.0263951386811457 0.0181947643139698 0.00129477751249076 0.0254902014675357 -0.0646722723876707
DK19 0.0521490769820843 -0.0619996963689405 0.0669594739319058 0.0615045350933313 0.0523069264312026 0.0209983348772961 -0.122309780140527
DK20 0.00914147781168816 -0.0732117678403046 0.00400262239463924 0.117918248924446 0.0474403864649823 0.0176918656432419 0.0253322146787506
DK21 0.0617599068903595 0.0475051052442925 0.0933858657026102 -0.100199998033313 -0.10641907739754 -0.0265584133629539 0.0073869894461973
DK22 0.0343474327502168 0.0441578288304007 -0.0156393701187612 0.00557686560609211 -0.129792938103798 0.0978520465503986 0.10338447053102
DK23 0.0496656375506092 0.0592539072836999 0.0976391497632234 0.0121755489599276 -0.0409032551320124 0.0945945742317251 -0.0119088761940467
DK25 -0.0481496561250132 -0.057706103686145 0.0127304230933596 0.0492422262911592 -0.0829687503398194 -0.0234628967584563 0.00123112753852449
DK26 -0.0590677191097584 0.105988628892559 -0.00426243291151398 -0.0260810137674322 0.0910769649058378 0.0972567823965591 -0.149920598006256
DK27 -0.0155495105370945 0.108162398680749 0.15996070779293 -0.0159516751827651 -0.0139253640292145 -0.0665944571386681 0.0762123386646096
DK29 0.0188408018361462 -0.0901894934467033 0.0015043563442137 0.107439270261763 0.0179836361314089 -0.0498692833517705 -0.100086769388284
DK30 0.0420992220669691 0.15699751888889 0.0120289640941217 0.171715885831484 0.0823464264482539 -0.0904174951461285 0.0812458275567073
DK31 -0.00912141445526665 -0.0465804818167969 0.134510073897751 -0.0515797886939471 0.0164056600188625 0.0109641795090459 0.00449626938219512
DK32 0.100539499829558 -0.0120111523363546 0.00696700624724732 0.0676531612056095 0.0117183606898778 -0.0600386958243377 -0.0922177735780237
DK33 -0.0379582682871386 0.0785048369746672 0.1044274253526 0.0962144638549626 0.0948089889060329 0.0191016736746264 -0.055378370408029
DK34 0.0550536652633018 0.0589967784076795 0.0893855175994028 -0.0754021304991736 -0.078554248793701 0.083961658732508 -0.100730407315961
DK35 0.00514555202802316 -0.0647303341231085 0.141440773824102 0.00598017177636091 -0.0259593074794486 0.0127614766578162 -0.0691127873862682
DK36 0.0715972439553097 -0.0806980047888321 0.0463392704832069 0.00122635031533751 0.0527616151523075 0.00744634178739723 -0.0460387963314395
DK37 -0.0267979821922055 0.0295129082641342 -0.0264802004433123 0.210489388014057 -0.257516307433919 0.0811999306695755 -0.0574827107341517
DK38 0.00447248969711199 -0.0107231258347456 0.0720696769055167 0.161424116837245 -0.0215216569177399 0.102635040747819 0.115845641361452
DK39 0.0208126293969245 0.0141214975224171 0.115092050999228 -0.0485116570677704 0.0810658556065065 -0.0439308593228359 -0.0377623616421123
FR01 0.113724571241868 0.104767700448379 -0.103471167332775 0.065491834661929 -0.00136813714059835 -0.149203997090599 0.0745770545217671
FR02 0.0561043184545699 -0.0479053078762497 -0.0570202737666161 0.0156398574839382 -0.0296767307113188 0.0743254606154414 0.0920515903314673
FR03 0.0954416872192146 0.0277190346646487 0.0677480590200299 -0.0641532230308079 -0.0304528221051186 -0.10328459015728 -0.0512203404962211
FR04 -0.0555283548845633 0.0773938146777221 -0.0531661429657421 -0.00314112757116393 0.0916200430382788 0.0172608718400288 -0.100320292040532
FR05 -0.106305063751961 0.0849418986592226 -0.0535055227068828 -0.180009690567329 0.108402184975705 0.1121176510568 -0.065346116885449
FR06 -0.0115020571878728 -0.067544494653733 -0.0586354547811346 -0.143353269064128 -0.0253104387568539 0.0138216897096764 -0.166052958909316
FR07 -0.154067362310815 0.139445608380994 -0.00281177331734265 -0.143684859753125 0.0258519028375315 -0.00523683768741467 -0.0344699978635499
FR08 0.0438702290964498 -0.0530275366876463 0.0312209490007972 0.111256988315117 0.0803359414691732 0.113961358532212 -0.00596268949145534
FR10 0.024195486000162 0.055615113026216 -0.0286958378278787 -0.0594598834476548 -0.0498600977676838 -0.0288895751427527 0.178631624797239
FR12 -0.0296976512467041 -0.0320787948661196 -0.0551640549069929 0.0417711350228677 0.0230464169241921 -0.0309181756665503 -0.0310370695842789
FR13 -0.0636418843316762 0.0281716504308336 0.118642982953553 -0.111601532590498 0.120497296676708 0.0619575069679947 0.0237553117768026
FR15 0.0260052514893732 -0.0374901897007688 0.0568924875187622 -0.114780691547298 -0.029716385903086 -0.0168081824452925 -0.0206378462995067
FR17 0.0852331086871412 -0.0429894522470547 0.00603208667611831 -0.0893130207005825 -0.0115757354268063 0.0325206248354028 -0.0830247664089881
FR20 0.0725294297565777 -0.123706487331578 -0.0519837168952028 -0.00545493868710687 0.0280026204377419 0.0182352935538806 -0.0378796348734379
FY01 0.063304794360694 -0.0156052393729232 -0.00482780046905222 -0.0645345112945771 0.0115009797296913 -0.000781881911182745 -0.0927101953567302
FY02 0.0978952442841617 -0.0538909554097141 0.0333618606643845 0.0386553013216837 0.0398692739935854 -7.76257317976975e-05 -0.0319570922530543
FY03 0.0245993773387996 0.0595229946867887 0.000848359818969046 0.101448356196695 -0.0136029198094024 0.0924536160946521 0.000746176746515941
FY04 -0.137313034703768 0.0191806689269302 -0.0807973551645635 0.051197441035796 0.0387364750077945 -0.0965383214160094 0.00625446376532524
FY05 -0.014503369728985 0.0251229490888927 -0.074454750564227 0.0165795867236179 -0.14014556014496 -0.00548578258880557 -0.0228432048325301
FY06 -0.0429803394552614 0.0174418823211278 -0.0847704885790824 0.00759467001005463 0.00762698005283739 0.0712573269031447 -0.00380190400560241
FY07 -0.121049345953663 0.00838569987591094 -0.0161163549161885 0.0601905853242192 0.0813914025094445 0.136275286457031 0.030193418538847
FY09 0.0420187480997953 0.0195956183282275 -0.0247192160907161 0.11906238306547 0.00174584153541926 -0.0357644989793141 0.101361596713862
FY10 0.0291328660792422 -0.0373776062737045 -0.0960172639378956 -0.0282936342316072 0.0356929026790475 0.122004230856216 -0.0637936825528541
FY11 0.0101198719400056 0.103066622709375 0.0367142988432726 0.025620115877448 0.0845641473876962 -0.0661628221491654 0.00757243438621619
FY12 -0.0225407144245892 -0.0647685483691732 0.0834889845434404 0.00351566217951429 0.0041480549238822 0.0214066296107482 0.205622537969017
FY13 0.063518503314102 0.119929364046008 -0.162457107581804 -0.133956132211878 -0.0718908118268701 -0.0584672377183976 0.0110802063035519
FY14 0.0381318944370466 -0.0504861287381205 -0.0197125925944083 0.0398750824626862 0.0107804325970032 0.0954413287435822 0.168761088624558
FY16 0.0670253208416186 -0.00862813775397286 -0.0423045781241271 0.0148478192163105 0.033104839015708 0.0491824506650767 0.0184926407225805
FY17 0.0176767425904047 -0.0210392010174659 -0.0587596396912412 0.0305739962208477 -0.0780640176034571 -0.0307212928858998 -0.0551992504149528
FY18 -0.0396227401036747 0.0557933199140129 0.0543221391813845 -0.0147170944960398 -0.115837099923948 0.0232117588498725 -0.090926212032826
HH01 -0.0295972913733657 -0.0908083500156913 -0.0814884343304996 -0.0842856261088085 0.101663217771201 -0.125775512802421 0.0505409853219599
HH02 -0.017152444281083 0.18726912634621 0.0244135872674437 0.00131757125786795 0.14701552749808 -0.0992650683052655 0.0690074901200781
HH03 0.0280801157126524 0.0206133726637782 0.000329715126031955 -0.0210036841305728 -0.0030548495807783 -0.110304845180175 0.047829977048156
HH04 0.0230352871245545 0.0913556958301315 0.0551207967496172 -0.126945111562964 0.00291442810614839 -0.000867735841215949 0.0181246513401806
HH05 -0.0151099017686511 -0.023963160002155 0.000940664181633541 -0.0445975746311862 -0.0767693371580967 0.00999315579467439 -0.114030782243095
HH07 -0.0962598896105682 -0.0134532823226921 0.00509652499284426 -0.050342210684529 0.0624245450238342 0.0691946629712195 -0.0715062988289047
HH08 -0.0552331976731647 0.0632410028489253 -0.0113167503036327 0.00734716415496321 0.00987297710942034 -0.00214650418442642 0.029500278584948
HH09 0.00727475612164541 -0.0658697612404974 0.0178275196537149 -0.024698155177706 -0.0355780601722748 -0.0599517064791383 0.0749532501693039
HH10 0.0361843095079535 0.0674855192440667 0.0766229063020828 0.151322153621157 -0.0246823183611995 -0.181157499867742 -0.00251371841683535
HH11 0.0373148173893323 0.0620593223904992 -0.0759255543152619 -0.0232788057127513 0.0447983130071587 -0.065451858989894 -0.145651588190513
HH12 -0.00582293557359551 0.0279898667415683 0.0269094525602667 -0.028653604648126 -0.125885694182225 -0.0447403831140185 -0.0237988599229939
HH13 -0.00851552705984247 -0.00401631497927229 -0.072115303059513 -0.00797486660407398 0.0467383599490937 0.00753065670784203 -0.067698732649303
HH18 0.00935805231207935 0.0561372453376776 0.0731568028128 -0.0365942913270369 0.073009114412856 0.0268133116669706 -0.0852000133527378
JB02 0.0533401580862384 0.0720253959097106 0.0807495672028907 0.0118235325396406 0.0639912200516654 -0.141933144012837 0.115161702713915
JB03 -0.0660247929619527 0.00943014108479306 -0.119417173368168 0.0120385915425215 0.00428688644351035 0.0790374422328072 -0.0414176538253902
JB04 0.0328169082407263 0.0398429858243643 -0.0609736082039085 0.0415783388298085 -0.0379052422503958 0.0966973652226217 0.0080044621623149
JB05 0.00261391337635167 0.0679715149437985 -0.0636479620564628 0.0883088473828551 -0.0844465750084814 -0.190294561702745 0.0698329060391942
JB07 0.00544241864430055 -0.0318097112145619 0.0388409213302593 0.0112286477082803 -0.065113642013742 0.0659731850640384 -0.04435451984881
JB10 -0.0589360159363816 0.111476340048251 -0.0365565786783604 0.0131602278843727 0.0439955148147932 0.0530856561193731 0.0350272867938544
JB15 -0.029060959304758 -0.0493598256547169 -0.186521672929432 -0.0630390829963512 -0.0644583049054492 -0.0207518135676988 -0.00214262804395599
JB16 -0.0218882141620933 -0.0887453489866522 0.0049240175512927 -0.0336137590159311 0.0164725070553232 -0.00176231598093516 0.0806690791253161
JB17 -0.0367777994636878 0.0837981766877557 -0.166009208786369 -0.0565527747927466 0.0986063977623837 0.0366364676851065 0.0859696023276332
NB01 0.0251635259876141 -0.00694161576031662 -0.0368605488763795 -0.0063697380080044 -0.0204968183946288 -0.0309325310699482 -0.134712873966855
NB02 0.020682044774281 -0.0420659964671791 0.00599343597500827 0.0249851827255055 -0.18810284974652 0.0557598919805539 -0.0737738957229686
NB03 0.0175111826879407 0.0352101244499296 0.0634082410963798 -0.0614869919305737 0.0620820536395833 0.15514511445791 -0.072685526765008
NB04 -0.0172862229390883 -0.003821259324613 -0.0188206245008175 -0.0373609984700137 0.0489240421598946 -0.0355223577015352 -0.0494406279703839
NB05 0.0618694652397832 -0.0865086412198281 0.0828474782709851 -0.0293115976005695 -0.0808681690126355 0.120940287382975 0.000638007066273425
NB06 0.0711542338986511 0.0060650521033076 0.0346747047334596 -0.121351500161942 -0.0575717835798849 0.0440458282491116 -0.0581710874040753
NB07 -0.0246425003156063 0.145258696528653 0.0530289041122555 -0.0791755224336672 -0.0161677601258032 0.016518821999025 -0.0459449754252174
NB10 0.0113032416198933 0.181236596857312 -0.0014707779513653 0.0107742410590571 0.139581982837605 0.0649069920631851 0.0517587542074397
NB11 -0.0437416994458099 -0.0373519343627205 0.0412010032992526 -0.0368815489279708 -0.109548257346787 0.1363541786907 0.0655578077539724
NB12 0.0567122853205898 0.00547788366771602 0.0766024878970664 0.0193832095785607 0.037434685317845 -0.0732559438451582 -0.138150097282013
NB13 0.00430371742006095 0.00872003837771626 0.0499911720278424 0.00150407217809212 0.041598528536016 0.0646054903566826 -0.129067364971549
NB14 0.0835028435981717 -0.00727947270149115 0.166962274591894 0.0743696000861463 -0.107017044436914 -0.0400374520250427 -0.00214542621568275
NB16 0.0325638267392252 -0.142592737576253 -0.0164462040800128 0.0861301599923539 0.067117797145662 -0.0107082048971812 -0.0427695507843811
PA01 -0.115758540684043 -0.0497670005093798 -0.100346104103912 0.0253706079676322 -0.0370183094723673 0.00622289769169864 -0.0337797950187414
PA02 -0.0395294306574942 0.0306268311536909 -0.137014506579263 0.0728926377632883 0.0294959987342703 -0.0515110161089276 0.0108388987502613
PA03 -0.00196052466750151 -0.0618992194465497 -0.00541480448671328 0.0718912197765711 0.00624466830854649 -0.139173717597209 -0.195333978207205
PA04 0.00994549421221733 -0.0219823531687029 -0.0576305278333704 -0.139481475123045 -0.0593990298020857 0.0241756423027484 0.0602945058265496
PA05 0.0649960909851301 -0.060926767177857 0.0126201566808841 -0.0139723377103117 0.0321566201912451 -0.146615551598747 0.0685998725369839
PA07 0.127271931675266 0.136212834279817 0.0420227740660171 -0.0117577729176933 -0.0349688744697582 0.0952157972359241 0.0632869728592458
PA08 0.0180742239549545 -0.0840821631631569 0.025656343633953 -0.0586932582813639 -0.0569096178047248 -0.0572030716053766 0.0188733159877688
PA09 -0.100981745353131 0.0497702227209205 -0.0132716130896578 0.0236184852761588 0.210229920167358 0.102461212432688 0.0256943720599653
PA11 -0.0336837591912712 0.169436252588151 -0.0221625729327961 0.00258497958116161 -0.0351034666113386 -0.0755340793827401 -0.083426571695069
PA12 -0.0112379396614531 -0.00459154899747496 0.0232236501245667 -0.0432461789240586 -0.0887572770983737 0.00397140069337495 -0.150906032904662
PA13 -0.0109641610070522 -0.0159188506666863 -0.0304115081454859 -0.132437270822277 -0.0422202984164653 -0.0312767388676108 -0.0149824491758719
PA14 0.00314854447818138 -0.103592424620945 0.0259128652281201 -0.130430546964497 0.0282029674914789 -0.000804369995727838 0.0561862330370183
PA15 0.0537593244828095 0.0413984589908894 0.0346245642938494 0.11517965071221 0.00301033740694736 -0.162559241504938 0.104241018770667
PA17 0.0738356047150348 -0.0103997115164779 0.0243621474431399 -0.0461124071373103 0.0580970237134568 -0.0395399707904245 -0.0963234490286476
PA19 -0.0989847680646808 0.101325900554159 0.153657658995268 0.0228337721839145 -0.124998631433154 -0.0378442541306976 -0.0302968443689517
PA20 -0.0479640088694629 -0.0611862865477964 0.0692201490683475 -0.0803590498437198 -0.0301043661125827 0.093410101128557 0.00698716725139142
PA21 0.0660631507001293 -0.0266104841447842 0.116597239495871 -0.0325375800299187 0.0265488393581006 0.0360778090928971 -0.0377345627487731
PA23 0.0652704975975019 -0.00957619202330066 0.0216437378486658 0.0599236096086059 0.0351835664247534 -0.0359158827463679 -0.0951786101139677
PA24 -0.0423334110163834 0.00800455711816095 0.142772421475101 0.0767327972366072 -0.167710535960601 -0.126556155922726 -0.0597284859607377
PA25 0.0172514944687097 0.0280463118004845 -0.0254307386000118 -0.0985573787482744 -0.0213743535832478 -0.0712107709873699 -0.0297527991289285
PA26 -0.0385008469764027 0.00455417116225197 0.015268878981311 -0.0664231933663605 0.0558682089351196 0.0857934989177679 0.123268522098711
RB01 0.0469613882511121 -0.044786033768115 -0.121932532750257 -0.0705877767340939 -0.12137077837983 -0.11270355161556 -0.00711093536130885
RB02 -0.00275753471574623 0.0654313780482405 0.0380845931213024 -0.100500003252382 0.0609949369583511 -0.0340588699897358 0.0820203661953102
RB03 -0.0237145887929066 -0.0549287709017998 -0.0848246707988748 -0.0738994831728143 0.0259199083532512 -0.182699180100713 0.0234613488425299
RB04 -0.0134420366364618 -0.0179962638053516 -0.0935488847808807 -0.03298742405094 -0.0575483540498293 -0.035927751137456 0.0546684189188851
RB05 -0.0191140658728729 -0.0120053051046493 -0.046122842400062 -0.0474398670167142 0.0592003985311044 -0.000517480709483424 0.0917727659472642
RB06 -0.0361812319189609 -0.0403493877957796 -0.137420087433457 0.0535355515365021 0.01807506865947 0.139603462390807 0.0518590719172263
RB07 0.0277814094185373 0.0153393273908702 0.0717175053476212 0.04008225228309 -0.0005725410716406 -0.0092254005275842 0.134656316957256
RB08 -0.00814145406044202 -0.0927272506589107 -0.0351234614678357 0.0945326269672541 0.131549187007034 -0.0706143157225951 -0.0592846290465177
RB09 -0.0747425215141668 -0.112142923865236 -0.0158961461294399 -0.0252215319105757 0.0929772580170106 0.0738073735380759 0.109895052935411
RB10 0.0269334062430033 -0.0179100633858837 -0.0408762174980107 -0.0237815479616663 0.00953741237794905 0.083214297509284 0.167272455303615
RB12 0.135032462990974 -0.0114143337308991 -0.0268495813563778 0.111905761312995 -0.000240776522069792 -0.00799426531943494 0.0851504857722943
RB13 0.0400887771596325 -0.0680669525292688 -0.0801148311044016 0.0210415519723649 0.0874887713012563 0.087821210414658 -0.0511160355446123
RB14 0.0276644507270984 -0.0244889465066607 0.0227446425044951 -0.00103600433717561 -0.0318774000313946 -0.00862336978083007 -0.00252738056503431
RB15 -0.0156248615519395 0.0244604473627505 0.00611859980035553 0.0662092261294555 0.155446767936153 0.0826373218405372 -0.0366193081355494
RB16 0.030192548839297 -0.0713063571306617 -0.0888360553186618 -0.0323401789507739 -0.112833749620347 0.0379117605924297 0.04296664607962
RB17 -0.123779755620856 0.0307107036309487 0.0663152921054545 0.0696089961703715 0.116843918526188 0.0233208440522261 -0.000106994874970275
RB19 0.0620648540578505 -0.042680731008792 -0.18702826957533 0.0969272617752283 0.00413513307523006 0.0962022850024292 -0.165863782966494
RB20 -0.013032653305776 0.0124254686347602 -0.0585187216023322 0.0446961636606938 -0.0852839090022303 0.00924062865090794 -0.115277251787497
RL01 0.0129634144491808 0.132741806548625 -0.0245811808158338 0.153147976655329 0.0550297709811876 0.0665594981980657 -0.00174679619305879
RL02 0.0230980123117093 -0.00947629677303725 -0.0713577266526145 0.108525913952139 -0.0508700621881035 -0.0412813939312274 0.109063411442558
RL06 0.0360460905027476 -0.0516882136199836 -0.0634505802012899 -0.0692607162892888 -0.0689452843605499 -0.0384115429049201 0.0423927873807964
RL07 -0.0762277660425902 -0.038535083469535 -0.0507709596969405 -0.0268847930460296 0.0156105038368182 0.0207618214629109 -0.0133113810382262
RL09 0.0179676814871882 -0.0411075516163635 0.0125595530449881 -0.0555844740888732 0.0402648980136563 -0.0619904559234819 0.107301584045822
RL10 0.0137777697145077 0.00337031238059383 -0.182692610950783 -0.112426979382564 -0.0606155802477522 0.00540010086024218 -0.0449266378568957
RL12 -0.119790844329732 -0.0074259640039961 -0.0629108141961222 -0.0112495731960472 -0.00346832010429615 -0.00356927088857881 0.0929453480086648
RL13 -0.14554085853858 0.0326504563128399 -0.139449631239553 -0.0756885583149834 -0.0538750635435132 -0.0768995801880268 -0.0346569663749728
RL15 -0.017738193741047 -0.128491143696484 -0.113072279060135 0.091717636970742 -0.0260978324755768 -0.05230010304703 0.11069544832782
RL17 0.02474334580391 0.0242667537410338 -0.029433150285703 -0.0484053262696435 0.000768847145291205 -0.0683426009763608 0.0567449362763259
RL18 -0.0711196773039078 0.234082901693421 0.0494326286414369 -0.0196100093844256 -0.0173161900915679 -0.0324300296491284 0.0174621451478061
RL20 -0.016509625450925 -0.0150484909504785 -0.0612275312052847 -0.0191948247179043 0.0476686348631707 0.0602769556630502 0.0909959359640787
RL21 0.04252026510076 -0.0680012771415018 -0.00635364529883364 -0.0699377853117389 0.0194697410349719 -0.0535951127189171 -0.0194767354262974
RL22 -0.186224206994348 0.110774328501537 -0.102632339872274 0.264826047411633 -0.245200749072555 0.21130996653644 0.0133053824815848
RL23 -0.00325228230490675 -0.018081471261284 -0.175399785423967 -0.0117892503936432 0.0181264604128366 -0.0766287893876496 -0.0265953239576565
TR01 0.0644242311101171 -0.049501914689137 -0.0288825982899357 0.0184387364065874 0.0459803393161907 0.0939224216454959 0.0727314022100635
TR02 0.050795039057558 -0.07872197205602 0.0123305673910518 -0.0399369515284739 -0.0145088290713376 -0.00212799512300354 -0.00434854667043441
TR03 0.0206068044375173 -0.0563420470914142 0.0212989234562799 -0.0768176636798443 0.113109336807907 -0.0525250128835455 -0.031747839332538
TR04 0.0671786069911997 -0.0906537461124576 -0.0388769860672873 0.0853788153085695 0.0919624366569173 -0.0846496918644151 0.0178884816368583
TR05 -0.00793254426293807 -0.033618546187884 0.115996738781652 -0.0393512366875033 0.175651770949464 0.0583331916903456 0.0336508229359603
TR06 0.0655902542844658 -0.0655820492503484 0.197002144746975 -0.0760473751877448 -0.0496174916918558 -0.0132960169685474 0.0653558048321792
TR07 -0.00621040033846116 -0.0418827680847511 -0.0237151317927155 -0.0737306845540423 -0.0177070903631912 0.0841273006716796 0.0622222694562248
TR08 0.0728643118158038 0.0181650882369716 -0.0632125487916082 -0.0775431911541774 0.100764116359008 0.0216601853331766 -0.0330790503638856
TR09 0.0134446096022898 -0.140560873897072 -0.0386979960329317 -0.0157737605482155 0.0319497085882138 -0.0323061897618083 -0.0480728789629662
TR10 0.0596076378494923 -0.0846390751558265 0.0421512420250217 -0.117991303779904 -0.010559242255943 -0.00483306616738531 0.0325870413369179
TR11 0.0275643149079319 -0.074854586133455 0.024748560760084 0.0107966790048482 0.0255510623671938 0.0575690162603771 -0.0783888993284063
TR12 0.0250570003157456 0.00928770520387414 -0.0520067107763695 -0.0293820727973709 -0.0442613585346017 -0.11672185163446 0.0464354003399941
TR14 -0.0722158522211433 0.262566790634157 -0.0731470189795194 -0.0126440776521375 -0.0388395466906489 -0.0300891165444948 -0.0656857537537355
TR15 0.028883769336438 0.0453053781757853 -0.0112618706864723 -0.0337412447655871 -0.0782988810877295 0.0230191517439787 0.0804811712506931
TR16 0.069020847989325 0.0490174793806303 -0.128775262954993 0.080202684721885 0.0377106412379151 0.027401129285035 0.0500221560369282
