sample MDS1 MDS2 MDS3 MDS4 MDS5 MDS6 MDS7
AN03 -0.00981855347471861 0.0408325497744788 -0.0549218482078161 -0.0194995592595863 0.022097245349951 -0.00786069861552458 0.0886156429983846
AN04 -0.0471384581414944 -0.00613092189360807 0.0403780278077799 -0.00882578604001111 0.0315138109354533 -0.0111919403481837 0.0767963440849588
CS01 -0.0739226781942738 0.0130323305803168 0.0554629705826105 -0.155213391017183 -0.01379211331538 -0.0450806825002269 0.0436418696245326
CS02 -0.0536699486219612 -0.00955818153019383 -0.0575733446074106 0.123868208410029 0.0449367689916975 -0.0455071421243049 -0.0523953921740074
CS03 -0.0503880219229856 0.0350866727454467 -0.0217874138865664 0.0640251533878469 -0.00996513611426211 0.0173012749319219 0.0452635669419657
CS04 -0.0316627817629959 0.033784830108606 -0.0177891147058692 -0.00332015003547709 0.00826547097074357 -0.137979059550478 0.0432594503420139
CS05 0.0148782245437777 0.0907901649986275 -0.0834392768433297 -0.135169250538242 -0.0670323884975223 -0.047920614224125 0.0295867587413933
CS08 -0.0775631650236116 0.376453931565239 -0.0704572762666283 0.0586492932381732 0.0257654793025482 -0.0172394317903191 -0.0683074792036472
CS09 -0.0805961254092279 -0.000461010884637403 0.0717434655722166 -0.0980459122201421 0.0549809758121736 -0.0151363096804901 0.029515501822441
CS10 0.023529110543101 -0.0651043902189936 -0.0297180818607269 0.0830637013334578 -0.0351523480107918 0.0199737474998562 -0.0204343458956115
CS11 -0.105071644869116 -0.0623147621336607 -0.003189503762978 0.0986004586040163 0.0227464852758545 0.0440033357460553 0.00524802083549702
CS12 0.0533370902933342 0.0433695765024827 -0.0378049597622025 0.0535666361548004 0.0242808489369999 0.0519837466860921 0.0362862164994479
CS13 0.0401683865536055 -0.0840780832400383 0.0120508915312903 0.163546178958585 0.025976912637166 -0.0813524598055394 0.0501916860014241
CS14 -0.0343339414153905 -0.0367035205777494 -0.0149248261785371 -0.0562532922952231 0.0252431534913418 0.0538016896398437 -0.0411559839115269
CS15 -0.0486395035610989 0.0199238954137084 -0.084983638349246 0.0201214066307128 0.021398426477262 -0.0669225822460185 0.0577913375648403
CS16 -0.0623989652709227 -0.0474075179441083 -0.110322423546094 0.0102128294844976 0.0895246553054987 0.0839919323102404 0.0640122826467075
CS17 -0.125336224359762 0.0444679694696453 0.00636108168731269 -0.0860021817732983 -0.00702152081088911 -0.0358724103654947 -0.131424992755778
CS18 -0.0268171619672224 -0.017592238214533 -0.103380804189853 -0.0620407951135068 0.0890588227840851 0.00264820221217005 -0.0551898095922295
DK02 0.0511741525486851 -0.0256548295896573 -0.0353581691532264 -0.0797101217466384 -0.0645040517445153 -0.0360428912865893 -0.0353719090293155
DK03 0.0779121903515585 -0.00236705765698729 -0.117954864944282 -0.0337214886484717 -0.0666372694748384 -0.0166837258127525 0.00691493686950685
DK04 -0.0468496795776001 0.0679893975614467 -0.136260743750224 -0.0558180884734414 0.119374224399748 -0.110201549242776 -0.0375567897253606
DK05 -0.0210024732729294 0.532114139965684 -0.150134641082716 0.0279685400047819 0.0791593424740793 0.0328818362314575 -0.139081882868329
DK06 -0.0183266969230159 0.0469360672062783 0.0404156300848993 -0.0390228802713546 0.0501659826847207 0.0488525250889534 -0.107743239257705
DK07 0.069128952233185 -0.066784438661216 -0.000416047971506422 0.0467079118892143 0.0808595291846013 0.0387567743141658 -0.0614798917406475
DK08 0.109366901460731 -1.09202858293881e-05 -0.0216353852920335 0.058135525732131 -0.0192139013265376 -0.11166235584191 0.0339347951708171
DK09 -0.0253235204459482 -0.0288182236287347 -0.00830492025706185 0.0757721660117341 0.0188330677150332 -0.0257087686530732 -0.0416192224523199
DK10 0.228919756616974 -0.027759083375515 0.0229491509466286 -0.00618293978254515 -0.0163602048978799 -0.0544020145256844 -0.0155334866529313
DK11 -0.0875453727122482 -0.00205714065072724 -0.0587317780955223 -0.0155596004036093 0.155276592731413 0.00919574062383383 0.0629533253448039
DK12 -0.0730579130461608 0.0270332404789526 -0.00743266961851218 -0.0230942760172804 0.0589267673113065 0.00528381041327408 0.0845291271246846
DK13 -0.0276871170729383 -0.0484142943826356 -0.00982497080163343 -0.0491000599592849 -0.0102351842674429 0.0763445593995389 0.0293565839967014
DK14 0.0708708566927826 -0.0292678215379741 0.0382895821543365 -0.0781082522339945 0.0346472572662403 0.132079338888795 0.0880280554725804
DK15 -0.114960092849672 0.0263917186257844 -0.0805414698989148 0.0620637644477686 0.010568343373083 -0.0682644775746345 0.0141863742623398
DK16 0.00386085564736227 -0.0257460150466174 -0.0613196887171877 -0.0719688592344159 -0.00399872270184596 0.0317839574375001 0.0356341695701344
DK17 0.0420334259435493 -0.113285682357739 -0.0312841198901784 -0.00044279009332977 0.0168501280084677 -0.0352009056907872 0.0793553700152848
DK19 -0.0588580554555624 -0.0410559760692521 -0.0522310391871579 -0.0543331705151456 -0.0325097466797086 0.0206328867003302 0.0826917246071045
DK20 -0.0693255452571414 -0.000422229524014759 0.0165158549522516 -0.0460302284597588 0.113444878342661 0.0717240344647564 0.0127842154305302
DK21 0.053778181074302 -0.0837566783980784 -0.104622574545853 0.101135635446893 -0.0560364065740647 -0.063518838560492 -0.0601303820983099
DK22 0.0706839302119862 -0.0572921717142672 0.0247761472869277 0.160599266072914 0.111531076504315 0.0135360744019189 -0.0339671041298799
DK23 0.056749343035249 -0.0597750451272937 -0.0965961018133701 0.0590468553879804 0.0346983449382197 0.00106671555733533 0.0455268838919802
DK24 0.0135628790647368 0.096162468356364 -0.0374845909882131 -0.147065961960178 0.00668336528844187 0.00801661039487378 0.14492251996002
DK25 -0.0284690893514308 0.0405712374906134 -0.0204683453198165 0.032836189633931 0.0909214936024265 -0.0684858336815225 -0.0127981650224151
DK26 0.106806753548508 0.0470745239263548 0.00297761179123014 0.00125750506561188 -0.0206457591921951 0.0517507102741493 0.18117930327982
DK27 0.0794090876709021 -0.00514635858307086 -0.145874054795252 -0.0472928125810167 -0.0108329973061584 -0.007186501863795 -0.128775166638835
DK28 0.166817996945189 0.00283114003291492 0.0642149878412801 0.105554985732776 0.0810365049108963 -0.0229102534250915 0.0494919450939305
DK29 -0.0929155330827313 0.000458396435219431 -0.0087173934816087 -0.117457306659685 0.0426302019424838 -0.0812001120145802 0.0517789141742715
DK30 0.155286657918135 -0.0622551948035709 0.027769779035153 -0.148486906777344 0.124444547805408 0.0962415635068585 -0.100544367228033
DK31 -0.0478883002479383 0.0129498808854982 -0.122930964931915 0.0127213059161449 -0.0617061592523046 0.0649387871030173 0.00414639950092628
DK32 -0.0343853822171455 -0.0790966649344819 -0.012379459161634 -0.100964268046094 0.0228071650256045 -0.0638588344853574 0.0461663649421646
DK33 0.0730433170306906 0.023299130565078 -0.0980369889364197 -0.17215862404257 0.0555989793145655 -0.000909229517731304 0.133282346383433
DK34 0.0469839919167802 -0.062467437208675 -0.106466459113698 0.0860773353780416 -0.0123862743480491 -0.0738470215675081 0.0760090898888856
DK35 -0.0536201324533269 0.00164013122526257 -0.151111360242428 -0.0178312495384583 -0.00106693332196995 -0.049654610624015 0.103006466648516
DK36 -0.0768166000750044 -0.0487127235922136 -0.0528863396332901 -0.0575049680449747 -0.0651991943689692 0.0113900754364043 0.0785533280858081
DK37 0.00280167363630051 0.0111978222901126 0.0242379847675971 0.0547428024107882 0.158029265288658 -0.151802932566655 0.0428043129476498
DK38 0.00179326992461733 -0.0193713576540366 -0.061622128748999 -0.00259081514807214 0.227746072085156 0.0941883504575051 0.0187344025126304
DK39 0.0130440267507337 -0.0258655898432455 -0.113488614715258 -0.0566210464763618 -0.0567136349765339 0.0227882657337212 0.0611955451007724
FR01 0.0967192928746389 -0.130870093533149 0.119043694244242 -0.102251050190535 0.0378772638586025 -0.0322117565068451 -0.0607564069561503
FR02 -0.0450068260298328 -0.0449370845222964 0.0623937822616592 0.0287865639474345 0.0358508395237639 0.0434563648017954 0.00158357086352785
FR03 0.0209638286316348 -0.0983756336230957 -0.0629449192952067 -0.0128284868285041 -0.0732509303537197 -0.0544222769729959 -0.0582610379425322
FR04 0.0526947371574345 0.0657616689893652 0.0328481793920829 -0.122608298190325 -0.0813445650262278 -0.0599722981797487 0.174162306585034
FR05 0.112003505443842 0.100099485608421 0.0464965259211173 0.124718064263595 -0.157920736901235 0.106400767991178 0.0852896664138989
FR06 -0.0415002989226413 0.0341102624763158 0.0237272812164064 0.0625148906186578 -0.154460407910159 -0.104579369746494 0.111712003565614
FR07 0.13050759811108 0.149137818515411 -0.00522908381488829 -0.00322822006459046 -0.132508624586834 -0.0425206051471398 0.0234582009148223
FR08 -0.0558968440718262 -0.0361917636511997 -0.0330443949543818 -0.0318877554040227 0.0742425703460721 0.0974187311712093 0.124510193831027
FR10 0.0581161393912887 -0.0310802726992382 0.0344752191098882 0.0660208244282266 0.000281548093779189 0.0554778888092434 -0.13829958922393
FR12 -0.0333410446299701 0.0425860404739801 0.0744500409362167 -0.0746970612570236 -0.0321208830447324 0.00365474733650805 0.014159338503459
FR13 0.0360122962870404 0.0640471265655642 -0.115882717165333 0.01611850093637 -0.142274540686556 0.146978300916378 0.00738742496916089
FR15 -0.0527383969698859 -0.0288024864762998 -0.0592996107997192 0.0496992735187722 -0.0934877220513445 -0.0472759676483034 -0.00858985643697056
FR16 0.159450093448925 0.0548939683236176 -0.0418411725202363 -0.0650587101650669 0.00041487129255078 0.0352530516644506 0.0297104473801065
FR17 -0.0418568903065202 -0.0707329048007179 -0.0250787355584504 0.0552366256106226 -0.131113156270941 -0.0207364504697591 0.0602330916463891
FR19 0.0679231358626737 -0.0331511462301171 0.00853636817840521 0.052488113502637 0.163734161414254 0.0350505554822009 -0.0199673728708492
FR20 -0.128349591749533 -0.0534277234642383 0.050045904764378 -0.00788200229840315 0.0187323539475233 -0.0177975599000959 0.0599462344615396
FY01 -0.0178477546218904 -0.0551661978934122 -0.00871070822595038 0.00794730786996131 -0.130387069968789 -0.0261747125046472 0.0193445904618196
FY02 -0.0716266578686932 -0.0846905365443289 -0.0429945779617635 -0.0295712880275373 -0.0405850990291758 0.0295956488082465 -0.0156907391799399
FY04 0.0295290950399742 0.1366178751188 0.100171190772005 -0.110535712720294 0.0130522627180282 -0.0193717987838665 -0.0217482523463528
FY05 0.02070042784074 0.00941396301023774 0.0766394042044262 0.117529508008951 0.0611130622045385 -0.06125590390641 -0.084969049763886
FY06 0.018534084771768 0.0344467374709847 0.0902808784665756 0.0849311336597074 0.0167497290491051 0.0557459288653485 0.00281614051320812
FY07 0.0282856938333233 0.119015017266596 0.0120192662855921 -0.0242771637205729 0.0742003261560148 0.0877695168865949 0.119653298752623
FY09 -0.0137464418693903 -0.047235539658969 0.0388006554758294 -0.0908378232408178 0.104775617570765 0.0131021480289966 -0.0380817137083918
FY11 0.0959557118826926 -0.0198187167332148 -0.0393317867483075 -0.0936781076297065 -0.0473114589645683 0.0419021073071731 -0.056568627859726
FY12 -0.0775333927743247 0.0215153453887037 -0.066324304290263 0.0121416099191416 0.0654242755291115 0.109206745922057 -0.0946960167676983
FY13 0.0988968268155152 -0.0712192061549325 0.153747267530255 0.0445307997280069 -0.153707839159972 -0.0917645898554952 -0.0363261317846704
FY14 -0.0580585869417001 -0.0361892237389026 0.0288721946098726 0.00765285826289865 0.0755325818258922 0.0878579190015384 0.0363129278998733
FY15 -0.0674792568588487 -0.0518600036114803 -0.0579683343604082 0.0207285750610903 -0.00725529735662929 -0.111720869522855 -0.0622635782218661
FY16 -0.0111125976732009 -0.0736463013654521 0.0558346226639339 0.0315518044989322 0.00626343269033341 0.077294669735994 0.0133996088230385
FY17 -0.0346340505746281 -0.0184662461735674 0.0373302570214847 -0.00759499921046411 0.0035920996632425 -0.13827212207661 0.0451001073891387
FY18 0.043312304771572 0.0114283897077825 -0.0483497697194236 0.100668137996239 0.00920014559980805 -0.0996576046145496 0.0187088366283369
HH01 -0.102268467586823 0.051184515852538 0.084188665589771 -0.0866637609726026 -0.142863449284501 0.0647040979359536 -0.0853105634221927
HH02 0.173536306311791 -0.0134978272227073 -0.00283946331572825 -0.11515919812927 -0.0427288095436612 0.0549980686212706 -0.0160092718981967
HH03 0.0113000391863562 -0.0290840882229961 0.00519524144781493 -0.059743752004429 -0.0312917841832375 0.00646870541645992 -0.102176025546204
HH05 -0.017409993964014 0.0181900472778518 -0.0100061398421484 0.0483128540621295 -0.0183382346065276 -0.0797592175757479 0.0133461639797026
HH07 0.0146842295444348 0.0993039974201875 -0.0180353485515127 0.0471039419077488 -0.0678169324630483 0.0598930321577581 0.0704937243886144
HH08 0.058467885945781 0.0472952363800744 0.0264352476277668 -0.0184305133120588 0.0324018886583802 0.00424575121565668 0.0208722439189413
HH09 -0.0512856801744098 0.00439274284579438 -0.0208991697867524 0.0365228206044014 -0.00525891714608756 0.022490880627855 -0.119927753153338
HH10 0.0772758781832284 -0.056937477446954 -0.0556149810683438 -0.113098297280915 0.116746645869744 -0.026762470050736 -0.150141738107278
HH11 0.0427139797162886 -0.0218725890478428 0.0500373203232974 -0.0577582138555013 -0.106963051281133 -0.0382986764372565 -0.00869228927973841
HH12 0.0249430884103021 -0.0101299529069205 -0.0172975112492173 0.0396830306004447 0.021406824902422 -0.0956428730576846 -0.0880574727501945
HH13 0.0244706594057405 -0.000807905117358061 0.0779312882668187 0.0330343348872863 0.0167063908981186 0.0325341638174796 0.0801858652957338
HH16 0.0246672938787294 -0.0715611867796206 0.0223763339265927 0.0350699050681969 0.0702737189658043 0.059608048856626 0.0201269756542408
HH18 0.0399869869459476 -0.00255032470580788 -0.0804330995824855 -0.0471423478962701 -0.0681425319750805 0.0125400423568296 0.0897077590812779
JB02 0.0481665308466084 -0.0682643997934424 -0.0574764875818318 -0.120142193643285 -0.0615556650073701 0.0404180351125689 -0.11941456255083
JB03 0.0160596960103889 0.0818721846401755 0.100911529342251 -0.00945612627184236 0.00309989304300967 -0.00614616211493754 0.101275119122886
JB04 0.0579628781825299 -0.0356166536545844 0.0694944398533726 0.0694995485973153 0.0429675686136378 0.0511591889293679 0.0555079008723683
JB05 0.0611786131609892 -0.0204882427794731 0.0776631689462894 -0.0802800523473575 0.054249438363517 -0.0979499740692235 -0.129034954070846
JB07 -0.0163784369283404 -0.00253150886842004 -0.0535837192825339 0.0289404257736461 0.00356904811374948 -0.0375818870012936 0.0497832741789537
JB10 0.0998371682046319 0.0369262711442003 0.0425330713638328 0.00874458426154418 0.0283935592594951 0.0386810846037317 0.0259488821143519
JB13 -0.0360975468220153 -0.00228812804901758 -0.0863976290495652 0.12116879831026 0.0440595423414118 -0.0404284186546801 -0.0295719077701222
JB15 -0.0612245377018545 0.0463718052233941 0.163073461390112 0.036984754383274 -0.0621495549474155 -0.089674201091497 -0.0149532162259293
JB16 -0.0867111088869459 0.0270158236951508 -0.0034480209484405 0.030868965241152 -0.0369666163091435 0.0428126689558547 -0.0497148448478388
JB17 0.0621618770978871 0.0450773252779817 0.15722894842755 -3.50142584919432e-05 -0.0879681344160786 0.0859387394258695 -0.00241291502056612
NB01 -0.00837201680619697 -0.020274023948083 0.0314491541173814 -0.0295003425668298 -0.0378575546182158 -0.0688417443147818 0.0508737289160402
NB02 -0.0422373440637791 -0.0269637078187782 -0.0219813820594795 0.105206858183284 0.0752367028274667 -0.159365622191488 0.0438474341955728
NB03 0.0347082685976363 -0.0260956425748015 -0.0499892111153713 0.0591750876272143 -0.0601412536903252 0.0767333020323712 0.182629758305801
NB04 0.00399379733856885 0.0200400849640453 0.0173982078248424 -0.0208887147603905 -0.043413945518206 0.0417098430566022 -0.000912258558702033
NB05 -0.0578499042860764 -0.0609581378941268 -0.0765242554080639 0.137547745566253 0.0588700272127472 0.0228563949271792 0.0332391584045326
NB06 0.00834325755062409 -0.0706887113058401 -0.0457731004713973 0.0619184134415823 -0.0878956331447763 -0.0603222597768775 0.0708571295492504
NB07 0.121518127383807 0.0107018135977361 -0.0417041057511385 0.0293761265802678 -0.0376934700444003 -0.0303301322172629 -0.00536209510030198
NB10 0.183749730483249 -0.0198831159297133 0.0303803460576344 -0.0139921477126655 -0.020758684047123 0.179781291874393 0.0263743246369922
NB11 -0.0100876093066815 0.0342202170059648 -0.0406963351533372 0.158696591516785 0.0838871942714861 0.0132896420422453 0.0176767056471043
NB12 0.0254943695646192 -0.0572376434234363 -0.0668536904637442 -0.0997494689365064 -0.026040678710214 -0.041326974923543 0.038763289547122
NB14 -0.0113911130561185 -0.0965266135008258 -0.142816789114899 -0.0346892117959145 0.0773727050163056 -0.0737325311312394 -0.0594386422104054
NB15 -0.0580986985937751 -0.044231234770855 -0.0122005064109479 0.0179445377155818 0.0479997339199799 -0.00734494319054536 0.0701952669441235
NB16 -0.135722550371142 -0.00625034358767042 0.000519006759436887 -0.052138331811165 0.0319296832242014 0.0419230046438659 0.012599278841419
NB17 0.0073632377260457 -0.00257548190901951 0.0414406685650059 0.0769947512942861 0.0549903838766197 -0.00334654947337376 -0.0214129641368342
PA01 -0.0462885109436497 0.128644428996124 0.0805608130033767 -0.0250576397915999 0.0388645305675319 -0.0892563846508693 0.0511669134228445
PA02 0.0180663212714426 0.0355016319056749 0.136687411461877 -0.0888218670410551 0.00446718182126496 -0.0266015191647383 0.00790697558499638
PA03 -0.0533709312190158 0.0125090682425257 -0.00664987011283565 -0.110844711577771 -0.0385028338215059 -0.0801122962451282 -0.0322068190284455
PA04 -0.0405581125134544 -0.0139049554063348 0.0246088142487696 0.100856281951738 -0.0838246917660757 -0.069972943463525 -0.005908727654382
PA05 -0.0890641459479637 -0.0477705931106843 -0.0157613980263628 -0.0869266766386061 -0.0766091755052919 -0.00348215210368283 -0.142119708696676
PA07 0.114910167594859 -0.144518741803772 -0.0295321784074153 0.0475070306564742 0.0396481926794492 0.0404202165783626 0.0397728110695947
PA09 0.0336627603700739 0.0980337021998758 0.0252507588108958 -0.0568060858667621 -0.00174736110819225 0.201713132801982 0.0947739840343976
PA10 -0.028688830519848 0.0710145501600657 -0.0109167400747841 -0.0352872152133653 -0.0627675011596226 -0.128493040864399 0.0557710190174496
PA11 0.158085988305699 0.0152803275941334 0.0169359147377062 -0.0331320334051776 -0.0272668746685056 -0.10032202826648 -0.00638545139139338
PA12 -0.00170876128922761 0.0108523898177052 -0.0388380424177357 0.083489206721186 -0.0377759082940392 -0.123666302142996 0.0402809809075559
PA13 -0.000216365371819506 0.0151751296715355 0.0145028327876853 0.112233525313003 -0.104481692595295 0.0149539987259467 -0.113638309835654
PA14 -0.0815524126220787 0.00972303849840969 -0.0330273729325056 0.0928732517867128 -0.0864727305421364 0.10038281202478 -0.108741133559863
PA15 0.0163716548299482 -0.063009851422477 -0.0241901541670584 -0.135538681105459 0.0834586760847442 -0.0199820552965515 -0.135826020858415
PA17 -0.00604321990712257 -0.0658312759792303 -0.0336582156892622 -0.00712240820976773 -0.0773860823181742 -0.0163872064431835 0.0499643771085364
PA18 0.0640739576570131 0.00138370766027158 0.0490644470871301 -0.0812469867166844 0.128219826129314 0.0790279208979003 -0.015831282964002
PA19 0.119979371116059 0.079301823096544 -0.165907878890094 0.0194503496168391 0.0596098432241312 -0.0713643713083933 -0.0614993619014154
PA20 -0.0513432963574229 0.0346520375327234 -0.0719222964970846 0.0612536660109928 -0.019253381164367 -0.031497429163332 0.0944891356724853
PA21 -0.0148160289889413 -0.070626192160488 -0.0979433060586905 0.0535373195789505 -0.0663781817612675 0.0713060725551048 -0.00799284764560036
PA22 -0.0518629111104987 0.0678843585029083 -0.0753300593163675 3.61392764264115e-05 -0.0564256549519105 0.114526942168844 -0.0205726755906246
PA23 -0.00169359548868552 -0.0618325145549932 -0.00994461533278232 -0.0738734982949937 -0.0210167141235155 -0.00951584601545359 0.0581337350442407
PA24 0.0405665016898137 0.0247251825393067 -0.140290525476381 0.0113538007294954 0.0973012832366012 -0.127888189909358 -0.137874549295491
PA25 0.0217533035487585 -0.0190237622289416 0.0115867146904628 0.0477115801650057 -0.0959083529786681 -0.0172000851931678 -0.0939530946539094
PA26 -0.0061170929579203 0.0293006450543223 -0.0121992129058654 0.034800448228112 -0.0488726823556206 0.109818798306305 -0.00830012915378485
PA27 0.106730937739506 0.00982081084509149 -0.0369953829521212 0.00927981455790433 -0.0538449090396879 0.0833801626896436 -0.108612934350112
RB01 -0.0306657275787369 -0.0547389977704528 0.124187813558689 0.0826446045217308 -0.0152851486086374 -0.120354669252349 -0.0579698683911323
RB02 0.0971215535438298 -0.0148885512034492 -0.0207598700282352 0.0319898059533939 -0.0711545624053186 0.131638303463102 -0.149603008916757
RB03 -0.044209665186206 0.027855992309312 0.0665110903570757 -0.0136904704214804 -0.109339791635299 -0.0104309038399337 -0.144838277813983
RB04 -0.0283236160500842 0.00292725679407503 0.104139291624664 0.0285841408389661 -0.0156881442680315 -0.0214802385646226 -0.0647483027010795
RB05 -0.0328722055607191 0.0205497975422127 0.0542797594904837 -0.00672234377198274 -0.0493723857245826 0.080406444969161 -0.0642274894482187
RB06 -0.0252055602156309 0.0319231345351267 0.136694053015378 0.0805246562592115 0.0852959718509267 0.0853395572725247 0.0625768978714462
RB07 -0.0124634540879844 -0.0478769594734685 -0.0526186215637487 -0.0566120344585191 0.0902562061990918 0.0090730710037032 0.00506714914051024
RB08 -0.0826150751972197 0.02033323249976 0.0404980253949326 -0.13423141676885 0.0250321447623429 0.025779084276333 0.0294012015109147
RB09 -0.0853805833087505 0.09464394686635 -0.00950076795134329 -0.00671055373754546 -0.0178610774338598 0.128400388790747 -0.0175103664118829
RB10 0.00251140399523725 -0.0397143404218911 0.0391342061919444 0.121265732077167 0.0982252370196611 0.128033813234825 -0.0571725749340043
RB12 -0.0317662979212748 -0.138686316255954 0.0583586595427816 -0.0267078211426551 0.0894332486884001 0.0491643017078401 -0.0756281594934476
RB13 -0.0647201292041793 -0.0163656485382269 0.0792575769284947 -0.0133604220885482 -0.0134638428102269 0.106968600609878 0.0595290097004249
RB14 -0.0124716696779577 -0.0200609557803717 -0.0368929412835373 -0.00647971698257666 -0.00525658392402742 -0.0296547816675596 0.00516313156785316
RB15 0.0212030491832039 0.00861895897336033 0.00960137447975095 -0.0461963072711744 0.0519863541201248 0.121521617882402 0.133068600579393
RB16 -0.0458985678968765 -0.0192838841457045 0.0928643888742034 0.109524589199747 0.0744809622261405 -0.0156661200042577 0.0178606954893677
RB19 -0.0578587332025998 -0.0465645749633397 0.171851456671313 -0.00985314719142915 0.0337641209010821 -0.0595277684400707 0.16064274183337
RB20 0.036036275649122 0.0096833476072278 0.0413203310910459 0.0030299538079355 0.0270864105777598 -0.107544855415503 0.0385546163130485
RL02 -0.0295138958156268 -0.0168808676375727 0.0690298862825819 -0.0241324947986525 0.0917889023999573 -0.0280615140785834 -0.084202020134703
RL03 -0.0911662951432194 0.0169147247541222 0.0500378899003927 0.0139603077451914 0.113669430412359 -0.0413552289664927 0.0431612152006552
RL04 -0.0537553987594704 0.021832566308975 0.0696945935593595 0.0384736978401667 -0.124278202849668 -0.0266514741562565 -0.0148925157312088
RL06 -0.069048453398612 -0.0336329895853208 0.0720088172667269 0.0367453646284173 -0.0732176405805401 -0.0280297298945438 -0.0816864987829499
RL07 -0.0286829370703271 0.0837458883833743 0.039200286299166 0.00964695628941656 -0.0286202801149752 -0.010449781823974 0.014676897758652
RL09 -0.0586182145329149 -0.0234611875942033 0.000197958340906957 -0.0267782516758521 -0.072997956402334 0.0383504511691569 -0.0947273697281734
RL10 -0.0208405053926927 -0.00539876624599069 0.154941176654277 0.0748218944297609 -0.0847004757235834 -0.0979671111333508 0.0358191633933932
RL11 -0.0942972305011287 0.0343247790564934 0.132395337166154 -0.0796724809750379 0.023409227502562 0.023331392131978 -0.151517124201256
RL12 -0.00301473257446959 0.117788462674884 0.0675503294061529 0.0386293297686615 0.00942785937734488 0.069954848399545 -0.0864918613284507
RL13 0.0534874387473118 0.14730017958575 0.125201921277529 0.0188111048423231 -0.0490120864307097 -0.112297553815665 -0.0279728376463704
RL15 -0.131862976270052 0.0222250868138352 0.10697791240351 -0.0442701244361877 0.0776264498679065 -0.0109920402917224 -0.0842265025784379
RL17 0.0258702023478288 -0.0340669084879288 0.0278087402119576 0.0154579530801725 -0.0458959239021534 0.0273362833316577 -0.108824137919677
RL18 0.228670310063582 0.0434124073572586 -0.0297903467519253 -0.000238610103992036 0.00268495692605297 -0.0378359662858285 -0.0239514683815452
RL20 -0.00158005895349212 0.0109389380552092 0.0740141229219766 0.0744101675742928 -0.0217704285309298 0.116408904576283 -2.63001051827466e-05
RL21 -0.0617649438824265 -0.025430228856806 -0.000418421373462801 -0.0340803111318165 -0.098899761233525 -0.0200804055699915 -0.0047841127800641
RL22 0.0600885519889949 0.148420401674524 0.104062089615073 0.080707260887457 0.227105205616541 -0.10495662065613 0.0500432110983964
RL23 -0.0256758848989821 0.0143971889651861 0.164487536384563 -0.0644538254736782 -0.0751411269669092 -0.0629035473339695 -0.00947470000718009
TR01 -0.0355692091329748 -0.0736242706566076 0.0410896674401345 0.0604733112674301 0.0701854122324937 0.0899753405566296 0.0800677569585645
TR02 -0.0652604904683751 -0.0390824065269952 -0.0150646531475702 0.0351556066293155 -0.0139602302824237 -0.0248587536614661 0.0483012858148894
TR03 -0.0811257743908667 -0.0129571403202394 -0.0227513228281753 -0.0546745500805409 -0.136806575327117 0.0200180928751321 0.0620898188162944
TR04 -0.120086113108402 -0.0563092269021499 0.0417970998983235 -0.148827795268616 0.0320093977439884 0.0105130545066282 0.00491876898742022
TR05 -0.0203922969451234 0.0105835133007655 -0.113938115096783 0.00323465021205369 -0.0830778016673321 0.168289372987157 -1.78566701775028e-05
TR06 -0.0565542770419529 -0.0736833172826766 -0.189737108976848 0.00842586632067277 -0.0251722058335926 -0.022527700471892 -0.0485769304989326
TR07 0.0038213514273075 0.016985808082485 -0.00647077934174008 0.130378922938507 -0.0153840493466185 0.087348703558852 -0.0142028497942588
TR08 0.0200917573789274 -0.0702560449355094 0.0459029918050273 0.012948838469888 -0.0917289347279565 0.0649160785533309 0.0316420344098819
TR09 -0.126548033517665 0.00737648332038166 0.0422873024062948 -0.0244524251194666 -0.0497267648514578 0.0351483541931597 -0.015350741765195
TR10 -0.0719765643870391 -0.0480057251033771 -0.0448209585150583 0.107407761635609 -0.10132045967155 0.055099182081787 -0.0540777314829271
TR11 -0.0711012372295834 -0.0225345667976222 -0.0312272599313425 0.0417470714547715 -0.0347354958482616 0.0342715847590441 0.0513933425357064
TR12 -0.0178285292092297 -0.0227259961762851 0.0389110752602663 -0.0595506041990868 -0.0593469878244871 -0.0755834740662647 -0.0901353798427281
TR13 0.0175129497630845 -0.0451957708457842 -0.099738605450707 -0.166887078129438 -0.00656132500902886 -0.156101153410979 -0.0226914076625879
TR14 0.248789741831151 0.0513417889286859 0.0697017946017746 -0.0531444579969844 -0.00994568994561712 -0.128271047166867 0.028500393423059
TR15 0.0594277910949942 -0.0494715542373778 0.0312884010763692 0.110311658649002 0.0641752309901543 0.0401491440669769 -0.120361822794999
TR16 0.027328846262274 -0.0726590303430753 0.144221817221429 -0.0523994977054225 0.0684073069762036 0.0604433489930519 -0.00228029322524838
