sample MDS1 MDS2 MDS3 MDS4 MDS5 MDS6 MDS7
AN03 -0.0228438858899425 0.0402842569924066 -0.0433409694242348 -0.00243952095045922 -0.0491607628678197 -0.0160346172798491 -0.017950454970921
AN04 -0.0377294683273479 -0.0258695109674874 0.0581203582849286 0.0100196335725234 -0.0223668659358884 -0.0133304719190407 -0.00835946223854285
CS01 -0.0632540473359462 -0.00328310574412294 0.0339452323379446 -0.166250166076645 -0.000610842764900393 -0.0127667063159406 -0.0708496467572108
CS02 -0.0573769754638401 -0.03862822698729 -0.0418661898140929 0.103994182216272 -0.0556135028144848 -0.0772478414684317 0.109577380368821
CS03 -0.0599945422048598 0.0220063332310989 -0.0173253269387134 0.0748030550483653 0.0358111061646753 -0.0340232589202029 0.0361503973020572
CS04 -0.0425352575136329 0.0126522018822418 -0.0408309070485348 -0.00294119330023666 -0.0407943574587141 -0.0882635003746968 -0.106509622126072
CS05 -0.0189265601497148 0.104315763649437 -0.0950263127403936 -0.108763989495779 0.0347312337982825 -0.00302754447419967 -0.102637325280897
CS07 0.0302107574057122 0.0250549572610974 -0.143939780196623 0.0300837211423558 0.0517256068339978 0.104169908680278 -0.0898147279838528
CS08 -0.235884433471486 0.30717728034079 -0.0482429662517592 0.0797189633726947 0.00997003112680722 -0.106715355320267 0.0869115467523688
CS09 -0.0626718526958071 -0.0129224235827034 0.0959715161553494 -0.0932894124495213 -0.0567842686318476 0.0253428600863671 -0.034017563859119
CS10 0.0268686814323282 -0.0728111461672991 -0.0309271039190571 0.0800534296309048 0.0295889431788752 0.00238086598011411 0.0483407205634166
CS11 -0.0608881702752795 -0.0972554601860878 -0.000790324773263684 0.0586466090479789 -0.0587811741061254 0.0836327037288533 0.0207157456803937
CS12 0.0333807905135644 0.0541538762869252 -0.0214446092150928 0.0596906499609428 -0.0588050398610137 0.0601918792784191 0.000393891903075344
CS13 0.06493832935398 -0.0877824093095585 -0.00556499965832186 0.157272689400738 -0.0410118020521955 -0.0629043375657296 -0.0031031712241299
CS14 -0.0161056487234328 -0.0402847488738415 -0.0114486160457973 -0.0865621851419488 -0.0186205383798033 0.0675796656381688 0.0195309934832516
CS15 -0.0535436990720755 0.00246910145814784 -0.0621606722310244 0.0193510740486734 -0.0634801578836578 -0.0642250443978409 -0.0409353168403347
CS17 -0.137528903134462 -0.00768954710674849 0.0195973841680914 -0.110521877302984 0.0183758664633311 -0.0518037514175321 0.0499933187115354
CS18 -0.0239522898243715 -0.0183151405016742 -0.0820770157505499 -0.0876163462828498 -0.105878653655573 0.022659295797257 0.0252260742706547
DK01 -0.0028978805644685 -0.0720284358500561 0.0116104009640356 -0.00669635583978551 -0.0857251225403779 0.0157607800978015 -0.0365021051283674
DK02 0.0591209052245091 0.00265746825134299 -0.0560134690612199 -0.0850614967104156 0.0382862340499386 -0.0297019742916965 -0.0394280508097351
DK03 0.0628402866895115 0.0292063233111994 -0.135337264598138 -0.0114647385018212 0.0446866231631941 -0.0030611434510967 -0.0187002048589076
DK04 -0.0913550288846635 0.0369442836002258 -0.110686274067457 -0.0646564688917436 -0.118438704858203 -0.135853181949718 0.0325039444227696
DK05 -0.266535948312597 0.464995851747356 -0.0861108590250556 0.0695110644121925 -0.0549705153835562 -0.0755365917554117 0.182881360200338
DK06 -0.0285981301348775 0.0513185523932097 0.080552676810812 -0.0521722801673118 0.0178714536768425 -0.0193654132785599 0.113465443663729
DK07 0.0853679801140145 -0.024458430395634 0.00986277565016968 0.0342872983485395 -0.0446074785753626 -0.0193924605435443 0.145746335307682
DK08 0.0911874443929738 0.0410311601776438 -0.0448649089849631 0.0653764051910246 0.0110133466807935 -0.0927675678371361 -0.0658146579104183
DK09 -0.00579107624390297 -0.0468550961811174 -0.0263081804388911 0.0608225365260887 -0.0349869660395311 -0.0116023587467822 0.0394026547282969
DK10 0.212591113437213 0.0574914385944289 0.00123102275655651 0.0169609790525411 0.0339141074745178 -0.0897743183762693 0.0199558987036555
DK11 -0.0753202659969367 -0.0247277063393135 -0.0183172245068738 -0.0197120518299707 -0.174957583649026 0.0285647714517096 0.0340097784222209
DK12 -0.0739238672600118 0.00930460267022652 0.0242806372123707 -0.00891397415089496 -0.0485127264507435 0.00980035579735133 -0.0139641976580347
DK13 -0.00150044389524352 -0.0417972152294702 -0.0138279601324787 -0.0482586926773755 0.000686162669519902 0.0877100398309105 0.0238146248479801
DK14 0.092339820060805 0.0328024217150048 0.0332793600780926 -0.0611342813298922 -0.0309999388357405 0.141337329104444 -0.0172222052282569
DK15 -0.12085700914915 -0.0399110289355058 -0.0725389487778094 0.0454476818497966 -0.044604658970369 -0.0527515185177659 0.0148385058305686
DK16 0.00745590481912592 -0.00521716777885815 -0.0679379771616654 -0.0762950209399934 -0.0135622980293567 0.0574208474952229 0.00670826166433567
DK17 0.0818110401676666 -0.0841508247763189 -0.0367809994963414 -0.00524508381430236 -0.0592856784803341 0.018840636342072 -0.0761370568976828
DK19 -0.0407929622078245 -0.040943052168263 -0.0617964799920145 -0.0571626430161887 -0.0020914413822547 0.0528792106905905 -0.0791193672989686
DK20 -0.0462045942611214 -0.00280750076371518 0.0423958382381758 -0.0443285965942433 -0.105654524864811 0.0606987145205251 0.0736048854121543
DK21 0.0587547843907034 -0.0834629159527831 -0.112580551671146 0.0827775041064719 0.0453192694261888 -0.091438617447887 0.0425504962700027
DK22 0.0946532069972401 -0.0214021220758465 0.0398535586891771 0.142709421239955 -0.0918412055757931 -0.0337511000445737 0.0992379130564141
DK23 0.0720373460300629 -0.024901535067137 -0.0988958147058168 0.0773132321077665 -0.0547763489495548 0.0106536499326206 -0.0176352359092342
DK24 -0.0165842208396952 0.118689289659658 -0.0468730597083558 -0.128864334965594 -0.0652583998909352 0.0943733286424672 -0.133532255220034
DK25 -0.047570463892777 0.0328310761696462 0.00438584294329593 0.00402214242554955 -0.0930127920566485 -0.0856167086886788 -0.00408111360105104
DK27 0.0604293135735393 0.0207155293533087 -0.16819913756085 -0.0574352404274467 0.0163406193921288 -0.0106414943294808 0.0724035251404281
DK28 0.161048349060279 0.084470441545843 0.0601356520513029 0.108298237462736 -0.0630449887217871 -0.0683245729547962 -0.0037277910744475
DK29 -0.0826940727994624 -0.0277289702207158 0.00381547765648141 -0.116319120412716 -0.0744663201300072 -0.034363389640964 -0.0987536796300939
DK30 0.162466418049411 0.0297790309755564 0.05624653864747 -0.154589889291025 -0.0468000402118956 0.0324462661359568 0.124822277094427
DK31 -0.0564337627378167 0.000756416292573449 -0.14141150498563 -0.000247892901405673 0.0391917936192648 0.0498613556357889 0.0142206370733463
DK32 0.00930493352461133 -0.0816200526249591 -0.00833212592915814 -0.109433828593667 -0.060819021542563 -0.0045367680278896 -0.0824492106164189
DK33 0.0506258847001997 0.0831428177059174 -0.115247638780399 -0.148637668052394 -0.0657713190491623 0.0176209336815448 -0.0416449372840564
DK34 0.0519896038641926 -0.0560248238465035 -0.132866857545848 0.0871685816787436 -0.0472682149640257 -0.00117890906477952 -0.0991798553810521
DK35 -0.0596176803498349 -0.0212646132087 -0.13588168938208 -0.0132373685682327 -0.0535450330242537 -0.00756415323401156 -0.0598511629385846
DK37 0.00393751707714933 -0.000304951155494974 0.0504586660487869 0.0509117873386578 -0.157672972501616 -0.162075122595955 -0.0560164231466479
DK38 0.0176684794029799 0.0210192912873042 -0.0167711858823378 -0.0188009786157802 -0.200733714330397 0.0931632258689703 0.0934894804581782
FR01 0.14619228022799 -0.0692009842581062 0.104487978245698 -0.122980345814768 0.0251790294136227 -0.0979341667889684 0.111814013966922
FR02 -0.0081171265763219 -0.0573552108194384 0.0725997520662815 0.0273490095544111 -0.0169377717154366 0.0471380779688013 0.00617062768931724
FR03 0.0392520428626689 -0.0917426881487249 -0.0736200454092486 -0.0408008774427618 0.0391260860551615 -0.0761066752166722 0.0239645887921936
FR04 0.0345864494246198 0.0980608232499512 -0.0145248276872442 -0.0908776783041724 0.029880765222453 0.0255257069786435 -0.231746930065681
FR05 0.0559047129554816 0.126609807380482 0.0225121922946718 0.164777949571874 0.166377369056348 0.0560112061283641 -0.0292854228050237
FR06 -0.0576352689493435 -0.0150231894412615 -0.00551526313356574 0.0831813741655741 0.112546578785075 -0.080035600702764 -0.143659321053168
FR08 -0.025428662286593 -0.0321935274101297 -0.0112143314752802 -0.0390558088263377 -0.110210474214933 0.160989935076612 -0.0363538913808143
FR10 0.0642950870197887 -0.0153678852763345 0.0146166790812381 0.04267797403233 0.0378390987603694 -0.00767680051957752 0.134906412721205
FR12 -0.039970975208965 0.0229414159957962 0.0671792718774355 -0.0653561491310565 0.0433572103979196 -0.0132535318730231 -0.0225811335865757
FR13 -0.0100659766273756 0.0739416186353838 -0.129604158207166 0.0352918267108014 0.132702192180287 0.124690969783438 0.0175240023814886
FR15 -0.0528773978265948 -0.0710785030226158 -0.0650925798171784 0.0615998257945361 0.0684886190167153 -0.0314907673439869 -0.0144283707986018
FR16 0.116481770031945 0.120055681155906 -0.0494797757175042 -0.0429213197061542 0.0119578784757882 0.0193271228391428 0.00825133067458779
FR17 -0.0052519899930729 -0.0874902550985256 -0.0421178208841166 0.0480473068264662 0.0614669704057575 0.0466795214169737 -0.104820647249716
FR19 0.0734063729269882 0.00543323564591365 0.0427180674181579 0.0523236293988752 -0.124844995806654 -0.00278588397757144 0.100392105411707
FR20 -0.0889859585808751 -0.111261792706396 0.0822682643702204 -0.010952657061525 -0.0450203572796669 0.0265910156631037 -0.0586553608052969
FY01 0.00722281455879921 -0.0568819690129115 -0.0347130982013221 0.0150213926225095 0.0846127972442176 -0.00659402445268462 -0.0763499494955816
FY02 -0.0318368240260698 -0.095820679469468 -0.0461166759572099 -0.0456606362956161 0.0160666915878248 0.0491583415454049 -0.0252098082503681
FY03 0.0674014830038844 -0.00906221955697292 -0.00232218642745214 0.0115836667862259 -0.106012476405158 0.0591742249106763 0.00316546573560504
FY04 -0.021534739556741 0.156392792590087 0.0955761960337808 -0.0939503942155039 0.0649049101398756 -0.102189852645536 0.0178296227284489
FY05 0.0232799317638499 0.0127927618855792 0.0851886263558046 0.0906011049013097 -0.0440083060240008 -0.0983016593053031 0.0172377343989688
FY06 0.0095356476015015 0.0375955077053547 0.0976904274046198 0.0833227523964343 -0.00547816014760709 0.0530500442427494 0.001835965329243
FY07 -0.0212563569345461 0.128364160006353 0.022109152507165 0.000895637068794276 -0.0788639958586648 0.104580371838098 -0.00968847987349706
FY09 0.0230626376898804 -0.0218469458183984 0.0465661905537411 -0.125622837639729 -0.0775832925608917 -0.00464717977327921 0.0598741590200066
FY10 -0.00379086127777927 -0.0386050728705499 0.0827127699149919 0.1031117160885 -0.0376986610475785 0.122359510918996 -0.0844150989426608
FY11 0.0964951058449176 0.0371036331441441 -0.0615699691849508 -0.0947967075679884 0.0499834660718728 0.0211016911841419 0.0329943267478298
FY12 -0.0837704616184927 -0.0144694473879233 -0.0490932175115187 -0.00419795101922058 -0.023910430023766 0.0868804666287729 0.134482648266285
FY13 0.117052525165471 -0.0485382285771246 0.0875528839980471 0.0481175893885058 0.180272984575041 -0.116554432529864 -0.0408584491506224
FY14 -0.0333511905350331 -0.0478570395438742 0.0560013878225758 -0.00363577107268251 -0.0573328675662882 0.0651646302426382 0.0638153795054865
FY15 -0.0546386843452243 -0.0985760280616757 -0.0576248607441328 0.00700765637928111 -0.0180112601204045 -0.089915952339978 -0.0120010911391951
FY16 0.022288220045545 -0.0657877767801951 0.0586985659605574 0.0302486178660295 0.0207069041406776 0.081770298883813 0.0193635424453269
FY17 -0.0149881547448653 -0.0294153001145116 0.0368392081847846 -0.0238725819701978 -0.0212884251378172 -0.0951481095214625 -0.111093692079528
FY18 0.0174874651103005 0.000291325317769365 -0.0356733297494576 0.113244496120806 -0.0288654137896676 -0.104526016617924 -0.0134057600137253
HH01 -0.123649366016089 -0.0105284981757575 0.0635947798402734 -0.0847723757079059 0.191681352090747 0.0181053285145404 0.0494752847062044
HH02 0.160322674708941 0.0794130928003112 -0.0164396840569712 -0.0807909885651406 0.105046287537644 0.00294468269277836 0.0741959052562511
HH03 0.0126650121983956 -0.0251441139225226 -0.0131352221345263 -0.0626664332612098 0.0613003100241287 -0.0186277386230042 0.0467986081820889
HH04 0.056220065321586 -0.0272191568589457 -0.0967774649353707 0.0241856148160595 0.0800315779902637 -0.00111010648334694 -0.0591163237177213
HH05 -0.0357867850151559 -0.013032458884617 -0.00838547480301275 0.0539910307151765 -0.0155398018580522 -0.0584355370876126 -0.0710926833948373
HH07 -0.0222610868815859 0.104231358652529 -0.0178784706981082 0.0760578678332591 0.0556451235775927 0.0526500649055529 -0.0462695211342465
HH08 0.0342425194701338 0.0670669347930142 0.0252064184898414 -0.000757449313733271 -0.00419305071326248 -0.00536359274397932 -0.0194643345129895
HH09 -0.056535773331486 -0.0261163954397591 -0.0171397706167198 0.0128135070564743 0.0142923892453348 -0.0234050046622388 0.0948358832771198
HH10 0.079540942698544 -0.0113147485068489 -0.0314604839909753 -0.137377133872717 -0.0789280621405131 -0.0720986832486498 0.120457913222518
HH11 0.0536627816142561 -0.00381912332936061 0.0104092313976936 -0.0499318752909759 0.080707237750865 0.00564871058792787 -0.106720140956373
HH12 0.00679430446155999 -0.0258665507222163 -0.0323908446028116 0.0201942766825685 -0.0246975334694781 -0.113479649895535 0.0210672661491072
HH13 0.0230082661905263 0.0263762193555419 0.077252068464358 0.0244618399249948 0.0278412036331042 0.026992616907455 -0.0250458382340798
HH16 0.0436249103074312 -0.0612566662697332 0.0571436668308527 0.0349318201582666 -0.0580375199667399 0.0369984181430648 0.043254571469463
HH18 0.0396392605393985 0.0200748585567784 -0.110312732503864 -0.038797682560509 0.019540944283872 0.0706175292200081 -0.104513151853726
JB02 0.0551939757523089 -0.033125737158082 -0.0730338660879752 -0.12101739675423 0.119749819007079 -0.0268128646076968 0.122565131598795
JB03 -0.0100434935814925 0.0765526559524922 0.0966403284995107 0.00698070102909431 -0.00387185556437735 0.0451417936662431 -0.135192553570442
JB04 0.0771854730994141 -0.00667628025413567 0.0835850625189927 0.0736044954522669 -0.0411506958768898 0.0373191593806922 0.00751167143453456
JB05 0.0675608515960241 0.0159785699309385 0.0726442935333309 -0.0957335302811992 -0.00524660539796686 -0.177130539299678 0.113221754010021
JB07 -0.00953043137174915 0.000867672019528292 -0.0541219530355555 0.0347677805351681 -0.0447254538109892 0.0111994407406953 -0.0430475942318204
JB10 0.0767944245865553 0.079415449177707 0.0264553463208725 0.0244522111682451 -0.00383920373821214 0.053922850051454 -0.0219180847065714
JB13 -0.0377651896948191 -0.00983310383797987 -0.0720703847612276 0.0922260208882232 -0.0935158264044383 -0.0218921443637932 -0.00904470587154385
JB16 -0.0858161191039531 -0.00599631346012404 -0.00736555855781748 0.0121835280779762 0.0445065707849568 0.0157774003699607 0.0272379012864969
JB17 0.0590016209824581 0.0591130908525882 0.140982560888878 0.0164604545437378 0.127789017688823 0.0993623626831384 -0.0316290042772634
NB01 -0.00427700702147588 -0.0334775597321744 0.030696547184617 -0.0217099631549569 0.0214048521204509 -0.0824644917843571 -0.0633935663743932
NB02 -0.0335430579177319 -0.0640595823069153 -0.00498988981731785 0.0976720163558709 -0.118207366141743 -0.0959244017346231 -0.0926934376725794
NB03 0.033621733381491 0.00381651477455133 -0.0632630075907311 0.100894522930515 0.035631535862264 0.0763485144161254 -0.077762754969422
NB04 -0.00605307687711063 0.0221804204169029 -0.000282422890562849 0.0024814015948435 0.0637179435026224 0.0390649192342269 -0.0013124268012887
NB05 -0.0383923775488619 -0.09525805907909 -0.0564690024124908 0.138026833487088 -0.0999405953307998 0.0449648417748451 0.0540981258736688
NB06 0.0221662574477604 -0.0741306474057042 -0.0772998740947493 0.0690449205872366 0.0330558147249693 -0.0269448715671998 -0.0787632364496408
NB07 0.0916967700325617 0.0480544002141914 -0.0675692756352239 0.0553198902784667 0.0175958910522189 -0.0156902187832646 -0.0403568042764264
NB10 0.183664324567929 0.0855881364966334 0.0143830224239254 0.000832399216589431 0.0529267487928548 0.136191583350888 0.0371102306215509
NB11 -0.0215579334593139 0.017858190685613 -0.0317838503174598 0.154672136503877 -0.0879445404611972 -0.00672001713429452 0.0700538260198385
NB12 0.0361979818666856 -0.0242297914603794 -0.0850754479549083 -0.0783931321035096 0.0152282836274446 -0.0484812703045688 -0.0253143611210584
NB13 0.00447791983597154 0.0229714946246666 -0.0848039426177329 -0.0250496740461948 -0.0312165452234884 0.046425706183237 -0.164638511407947
NB14 0.0186654062351858 -0.0829062543263648 -0.13928608156918 -0.0563955206257501 -0.106511547851813 -0.0609929068260438 0.0504324954490329
NB15 -0.0262409971104757 -0.0554541826938816 0.000568439305104652 0.0201659808006327 -0.0772738830112978 0.0438318900612319 -0.0352755659803857
NB16 -0.111922109656301 -0.0515254012846205 0.0218844062825736 -0.0705631447179041 -0.0606894852344937 0.0830218852443791 -0.0222403609968114
NB17 0.0151430009826011 -0.00599889410079143 0.0557080888269092 0.0653956451788904 -0.048522917933574 0.013246256694616 -0.00552286395843521
PA01 -0.088308277986236 0.0884329886346547 0.0874000067355528 -0.00394151769274455 -0.0404069184517945 -0.0464135182899697 -0.0846783573922221
PA02 0.0108494777542594 0.0448996810929932 0.123279041384988 -0.0818080223583667 0.0454221043908736 -0.0276413223753268 -0.0326537411659482
PA03 -0.0636190004742294 -0.0146235411524614 -0.0016863095730301 -0.0977519893756422 0.0207816285559605 -0.0602203258756189 -0.0526410721216766
PA04 -0.0250549066833368 -0.0548996892494196 -0.00114081938953027 0.117810564691519 0.0703172600912973 -0.0426609500864108 -0.0156148815706007
PA05 -0.0627682162379311 -0.0834181020723514 -0.034427992774603 -0.111921105946532 0.0882896778956486 -0.0144809876325953 0.0328244996254731
PA07 0.162116267750732 -0.0785624493349062 -0.0375640761026998 0.0510499647766932 -0.0299587538907125 0.0335717610028617 0.010019415832868
PA08 -0.0730633865321671 -0.0614902005774203 0.0109288762108223 0.0558001677091565 0.0784123371569694 -0.0684058256042651 0.0722644929150495
PA09 -0.000501512909673973 0.11658720912455 0.0454162155381252 -0.0027052304787294 0.0196434538514817 0.206658675056749 0.0311110798074198
PA10 -0.0579705746154951 0.0484806648604658 -0.0251896831771663 -0.0114585248540778 0.017763056341957 -0.111931610660252 -0.131807762032276
PA11 0.134206787004806 0.0725269341162012 -0.0177497147413138 -0.041938599453345 0.01836612485736 -0.0799770543458547 -0.0818852099004002
PA12 -0.00821754632099171 0.000112481612983009 -0.0538424205328291 0.0795830723044821 -0.00838165946991542 -0.0678716789040031 -0.115932473377537
PA13 -0.0201898361995826 -0.0164209889640355 -0.00483129019361975 0.09854936196397 0.110267869731842 -0.0137159381346607 0.0419340576390497
PA14 -0.0851167536335109 -0.0370142509806522 -0.0422564293702536 0.0778945633311642 0.0654040090614237 0.0802917591954042 0.0773294000962012
PA15 0.0396010821286321 -0.0269988598569014 -0.0127514225997613 -0.159491593817187 -0.0288887334772732 -0.0678867173399808 0.135375881094343
PA17 0.00761039347550775 -0.0646105784083585 -0.0440197555207264 -0.00365375980608932 0.049993590933233 -0.0211256572053775 -0.0201003747768995
PA18 0.059719493040995 0.0464770499127243 0.0816478601167448 -0.0839711834412784 -0.0527879573228499 0.0237475944450305 0.101389507319233
PA20 -0.0726104763898962 0.00400644247589527 -0.0772588175127264 0.0842314878767135 -0.0110176808487401 0.0202157882678574 -0.0446471221189459
PA21 0.00465479409619289 -0.0647445760057994 -0.0964874235407535 0.0646315699171398 0.0432016648651926 0.0592065676086315 0.0439246248284907
PA22 -0.0812134466475777 0.0512096942204701 -0.082927297959084 -0.000497225499946242 0.0577981827358115 0.123460617854112 0.0158535334704928
PA23 0.0277298303113351 -0.0513151523395493 0.00357585883117326 -0.0536396444720844 0.0277246740687917 -0.0343233363186149 0.0114729758223389
PA24 0.00158095057225051 0.0288384692688544 -0.105463806429925 -0.00634378073333897 -0.0734009809606569 -0.171684549947461 0.0762754117948848
PA26 -0.0198231897987054 0.0253622578781158 -0.0245737206736141 0.0419087257662518 0.06739921362111 0.1160803428891 0.0239343756464579
PA27 0.0850429990216367 0.0556127953224552 -0.0484172026197853 -0.00318081417932346 0.0885828299740035 -0.0036646278069741 0.11201968076062
RB01 -0.00979122291494941 -0.0792655621238667 0.121114338897943 0.0638127672692009 0.0699190248311104 -0.169245908790572 0.00728046276269288
RB02 0.0755932751201452 0.0284189618279453 -0.0534616468060486 0.0265269800176403 0.136560483413481 0.0273889199777433 0.146858978314993
RB03 -0.0589400077771804 -0.00430477726640713 0.0626320750772106 -0.0271136931238451 0.177798455763505 -0.0717780195537607 0.0626723610904957
RB04 -0.0371342178211159 -0.0352634398175541 0.102184331992256 0.0128189315841467 0.0823305417175594 -0.0560991119837649 0.0390759567861138
RB05 -0.0396941851664996 -0.0119940894756044 0.0433265059247966 -0.00697541571435696 0.0723435561194133 0.0852877812842101 0.0537553823016562
RB06 -0.0155084437187609 0.0244981927329055 0.158274923592379 0.0757099513332929 -0.0404192520918617 0.0715099915071334 0.0221402359443702
RB07 0.00244494608879827 -0.0401337315543057 -0.0353258783288437 -0.0609163505715218 -0.0623377274773127 0.00308966429103603 0.0907189550662544
RB08 -0.0752878521982884 0.00442959498373044 0.0750135174585025 -0.130616015373111 -0.0202790305575066 0.0448900078072299 -0.0369335672729357
RB09 -0.0978823787779757 0.0683978103512188 -0.00506467117422447 0.00675971716032637 0.0339503385856416 0.134636648458425 0.0333321401903117
RB10 0.022035699792122 -0.0242395228258226 0.0685834716722674 0.104218426469067 -0.0692910475937943 0.0885843538131584 0.138188635148581
RB12 0.0335191446503862 -0.134294529912744 0.0831836751953216 -0.0548019994317304 -0.061606084728754 0.0165855140492127 0.106385159536661
RB13 -0.0447510873176602 -0.0499713214947791 0.0912280969304547 -0.0172637518490505 0.0159697873260796 0.124375700898461 -0.0376849160882066
RB14 -0.00400112863529306 -0.0203272139315431 -0.0212540692166648 -0.00427684146107839 -0.00299525454230857 -0.0334815091756476 -0.0150114533947351
RB15 0.0198481964655957 0.0403961734729342 0.0260869764821461 -0.0160233447313394 -0.0421117773163604 0.147211069920372 -0.00804888772178007
RB16 -0.0344181261435923 -0.0582376612840307 0.106175884135952 0.0953616707187602 -0.047333986872571 -0.0398511716403849 0.0227966160663715
RB17 -0.00738766815497532 0.149928427115534 -0.0590956423265838 -0.0442960332254499 -0.0280778289018675 0.0816433757242873 -0.0190575129511446
RB19 -0.00505664703964795 -0.0626760514389893 0.17787929969526 -0.0141857740732655 -0.0767352031096836 0.0354577969993696 -0.193723954465573
RB20 0.0315926017200173 0.0203885216814775 0.0327962488931189 0.0149839130851296 -0.046467220912484 -0.0786760348792749 -0.082825659296858
RL01 0.15658097046946 0.0701724876561878 0.028696410168842 -0.0245185172397946 -0.0993388312830436 0.0920963121088753 -0.0187266863527959
RL02 0.0184602824315273 0.00848947177771454 0.0847898663617807 -0.0701208616192904 -0.0555383260452559 -0.0322088615535045 0.0331227520949789
RL03 -0.0899365531642838 -0.0328681364757242 0.0728685610975656 0.00732968069036045 -0.121200628806951 -0.0157006178134613 -0.0375254906523346
RL04 -0.0650383271391657 -0.0121784929521872 0.0548197104352377 0.0517581831691979 0.156824822348932 -0.0597382231886774 -0.0260037535649631
RL06 -0.0499934356161211 -0.0848691877581683 0.0450245791679474 0.0232521952974422 0.113063043813168 -0.0565309114286825 0.0223822069851052
RL07 -0.0505808868384701 0.0656172214249121 0.0384565685691577 0.0209603308895641 0.0307703651801398 0.00302004031381763 -0.0384089317811675
RL09 -0.0495562989431106 -0.0423220029821369 -0.0250074654219032 -0.0351751877901159 0.110538568942503 0.00289440297456402 0.0732476671040264
RL10 -0.0110122519165685 -0.0461743692792096 0.121164129033784 0.0709019100897151 0.063762394576082 -0.0634903312184073 -0.0939590440905214
RL11 -0.105994565124096 -0.0156880560167632 0.136600414700304 -0.0915284469686893 0.0697854238967574 -0.0453145991887608 0.11851810181393
RL12 -0.0518098520770103 0.0954981455808814 0.0688087952129472 0.0373098787203596 0.0690870688095022 0.0334389071219331 0.0577639290026499
RL13 -0.00918687711797387 0.130224706764037 0.116024519576725 0.0359197357781211 0.0569803522319838 -0.121196436613476 -0.0537075318172428
RL15 -0.116339751135892 -0.0247946161029052 0.115703210060131 -0.081903229085508 -0.0241850822872234 -0.0173483652588813 0.0484687403370068
RL17 0.0200789820895959 -0.0344735168049601 0.0233222583533591 0.00535804748108588 0.0858115977654827 -0.00930717342168813 0.0800028065418441
RL18 0.191297974470787 0.136782640497523 -0.0594249185154855 0.0201646913953434 0.00581499459262862 -0.0564309530329998 -0.00569155106335283
RL20 -6.99490383698722e-06 0.0204051564443219 0.0881376053856059 0.0850361991292417 0.0611863550148672 0.0473207250302639 0.0686507066891586
RL21 -0.0497801425194714 -0.0563349158798248 -0.0207980458460232 -0.0324331691678659 0.0957394277205747 -0.0109702213313587 -0.0271778867786493
RL22 0.0130982759713065 0.164312212613598 0.1404692710755 0.0760516997753931 -0.202451972192777 -0.120242897215967 -0.0452429441745602
RL23 -0.01530298341734 0.00240757608430684 0.140846737091814 -0.0474238383289825 0.122636231406724 -0.052178299258062 -0.0870957340939357
TR01 0.00443514824613091 -0.0693306414056987 0.0713048066136381 0.050141830218214 -0.0379246425837619 0.0740034648239639 0.0441122071675739
TR03 -0.0728167941180058 -0.0397625861737752 -0.0295867074322646 -0.0345602548556554 0.119592944305234 0.0335188671929053 -0.0573469241381911
TR04 -0.0697361746964554 -0.0797514096192685 0.043218846387279 -0.15972574099044 -0.0235232773904698 0.052139742670253 -0.0250050418856197
TR05 -0.0213703332596635 0.0212633410956424 -0.108573148423678 0.0154802368764995 0.0444529971240931 0.165392119151333 0.0585247450408864
TR06 -0.0476173246528453 -0.0912064703375994 -0.195229958495581 0.00993079544736247 -0.000779088166140678 -0.0549907155557538 0.091032713253785
TR08 0.0451920443529999 -0.0638966147932007 0.0139360170457344 0.00728001467941124 0.0788263191933764 0.0920309143050181 -0.0248658247709386
TR09 -0.119183424050869 -0.048256667195979 0.0440150591106651 -0.0326886100202322 0.0687365121980636 0.0398124371230354 -0.0360741426055102
TR10 -0.0548290416528651 -0.0861232383212603 -0.049901248111464 0.083819697109531 0.0777896993233252 0.0201893840526173 0.0560726791249758
TR11 -0.0579067667292841 -0.0510319106392185 -0.0148931725839914 0.0461039949368451 -0.0022455476608105 0.0628336806693519 -0.0384650973717464
TR12 -0.0131118931279605 -0.0391230825226642 0.00344944630666696 -0.0718469005188009 0.0614906247982838 -0.0637616405133951 -0.0110449383060597
TR13 0.0187588493717675 -0.0373592379804042 -0.125810041645242 -0.176437335678914 -0.0333327440070075 -0.139575678612568 -0.0447011649534917
TR14 0.20566805142562 0.135835960592367 0.035912299236877 -0.0255973610609712 0.0197723312219009 -0.101566381371251 -0.103567630455009
TR15 0.0643702277243525 -0.0419435777934193 0.0347134949444784 0.0980588599771597 -0.0375774902618728 0.0255145132624935 0.103444713640085
TR16 0.0660300687633864 -0.0408011836482964 0.14178406368722 -0.0543260693334 -0.0265307422488407 0.0619024147145176 0.015382209214795
TR17 0.0180286088811687 0.0376637695456163 0.0631888612552283 0.0867773296325704 -0.039015968189176 0.067003078060679 -0.135419284038679
