sample MDS1 MDS2 MDS3 MDS4 MDS5 MDS6 MDS7
AN03 -0.00795189238837457 -0.0437013804131059 -0.0346841086634262 -0.0284553246972482 0.0182586087461391 -0.0423938834652241 -0.107578767136664
AN04 0.0408845239690225 0.0140033680759973 0.0556123474268823 0.0397413127011242 -0.00282897340255999 -0.00182632273507315 -0.04441358166286
CS01 0.0745377405004034 -0.00522933132306591 0.064094455995237 0.1629499652198 -0.0289187056010087 -0.0350430339700841 -0.0490762912137357
CS02 0.064737475439692 0.0132448867296138 -0.047850702639966 -0.107629788774339 -0.0371642996561764 -0.0604196639260221 0.0277287736412786
CS03 0.0435829755217907 -0.038629579440751 -0.0450963577600162 -0.0283171246705749 0.0234165712299995 -0.00372429239627409 -0.0126195268915866
CS04 0.0080905339080026 -0.0367962987888858 -0.00632393992885594 0.0275949434539773 -0.108888683647328 -0.0956118014785862 -0.0237523227214757
CS05 -0.0425475589108001 -0.116637675943811 -0.0655235926269207 0.11305591211308 -0.0185971386083554 0.00144942245875609 -0.0641130491835336
CS07 -0.107323245076363 -0.0497569205093408 -0.119747433689301 0.0385743781138537 -0.0634958992374106 0.131346313192121 -0.0360952509921965
CS08 0.121953130782487 -0.382048575454576 0.00393621189459348 -0.11795350486814 0.0333866536237565 -0.0862522476549807 -0.00588501274485301
CS09 0.0694844801802097 0.0183535925223972 0.077860926803935 0.102967818660625 0.0212805736676581 -0.113440938633118 -0.0461169225181666
CS10 -0.0184301373864507 0.0638044597823426 -0.0524037908943252 -0.0616575445497811 -0.0287519669954499 0.0292639326125805 0.0935253874210522
CS11 0.0726908200830755 0.0716972689437645 -0.0129022515811539 -0.0664270803925799 -0.0191103343015175 0.0880054287411791 -0.0321857672787012
CS12 -0.0633420376032571 -0.0342772939327427 -0.00804723204443586 -0.103658739500014 0.00436237063333557 0.0680427324007521 -0.0747892833862464
CS13 -0.0443610088916023 0.0993261277540376 -0.00469768927749753 -0.0858012333560547 -0.142213535538722 -0.0473465908990978 0.0573884251233561
CS14 0.0126843938217017 0.0201320145256292 -0.0158824234245466 0.0599484881575287 0.0467434987157153 0.0561663535428001 -0.0327778215054817
CS15 0.0177480042163746 -0.029488098678892 -0.0643569886674652 -0.0195544364024624 -0.0426285141511692 -0.00311127648801677 -0.0970681077167234
CS16 0.0230209096435514 0.0419391983231365 -0.120099567684105 -0.0463557367623424 0.057807961733026 0.0192334805311427 -0.18551308291597
CS17 0.136552701682869 -0.0415223536969023 -0.0123553308371782 0.0748494922619765 0.0353351004562941 -0.0799134101194745 0.0472432677273967
CS18 0.00688592067354005 -0.00513058026748944 -0.0890656520482776 0.0380240100076079 0.00489893277931068 -0.0271962999894832 -0.05279648742297
DK01 0.0175309686986721 0.0663211089329767 -0.00398776508566536 -0.0422321005542505 -0.0230240099413023 -0.0173067945158644 -0.108180641787595
DK03 -0.108428243239164 -0.0310222035113685 -0.10388834666417 0.0773878819659875 -0.0195670386783492 0.0413356328051839 0.0271017241862602
DK04 0.0404691241022531 -0.0973530432160558 -0.115396599442992 -0.0168254974008816 0.0378842554594059 -0.198778515920791 -0.0750253984038863
DK05 0.0798368548345603 -0.545054957119387 -0.000209003124177041 -0.130126012887582 0.130064627151682 -0.103967724348782 -0.00856875896047043
DK06 0.0339881755148191 -0.0392147862508346 0.0574504662434089 -0.050212362092494 0.154424093547275 -0.0305333840280441 0.0409965770967333
DK07 -0.0642470874435474 0.0628741973514455 0.0364998702328658 -0.0862338524793048 0.100286789665841 -0.0450091813405293 0.0303550377606892
DK08 -0.104281072850485 -0.00591448408482555 -0.0270422059886507 -0.074032047828234 -0.129853372466282 -0.0862170128085925 0.0727444231228593
DK09 0.0155592450859175 0.0338513530415381 -0.0108459401727262 -0.0393767218448078 -0.0628533466672499 0.0249229962056049 0.0452212478873409
DK10 -0.225379819276056 0.0262661168159213 0.0517734058729067 -0.0170736049221146 0.0317584080813169 -0.0427979139633801 0.0826895437326958
DK11 0.0563676181199441 0.0118329647530394 -0.0283830372206302 0.0113439598242094 0.0225393693848299 -0.0927949489067793 -0.163448424927459
DK12 0.0676330864642118 -0.0195366204927448 0.0203451486021169 0.0238471609188784 -0.01425498784712 -0.027651405143786 -0.0524118099495552
DK13 0.00899205317651781 0.0514388542893644 -0.0044434375810035 0.0875481057129655 0.0366947494270541 0.0214296034163873 0.00501062989386769
DK14 -0.11024695090791 0.0354802784133117 0.0806504772622166 0.102250045137572 0.0693182341306195 0.093659604880484 -0.121917096843797
DK15 0.0996426534303677 -0.0212411089032608 -0.0922094462649275 -0.0289879380981818 -0.0843643036480863 -0.0343933259691652 -0.0232400822896104
DK17 -0.0820014594712206 0.10634223813487 -0.0215577351729974 0.0153232861540677 -0.0615618568968577 -0.0353119829088733 -0.0345743474417984
DK20 0.0775764856005585 0.0258822488134654 0.0691916471099312 0.00366966555370123 0.117054102391846 -0.04626276616396 -0.130298840370299
DK21 -0.0515831491934289 0.0686221079112897 -0.135297957735319 -0.115983932142587 -0.0181745248989251 -0.0385593481757357 0.0913409998480642
DK22 -0.0590736601287251 0.0728434329303144 0.0553757571671929 -0.197535725405896 0.0287778287763898 -0.0251935113927337 -0.0320587983233071
DK23 -0.0826016166905561 0.0462641666317913 -0.0793189764116622 -0.0707331206888307 -0.00559890057240501 0.0139151501535248 -0.0843188355339161
DK24 -0.0527403554844531 -0.112090895740712 0.0295942902382379 0.15127154000914 -0.0884608186568914 0.0251759072313271 -0.130794906961076
DK25 0.0449783767626806 -0.034764763951305 0.00491493838086426 -0.0902580664975153 -0.057192227779926 -0.096949784912146 -0.048575038116212
DK26 -0.12945218098384 -0.0516132562761255 0.0531961363663452 0.0150373640218048 -0.0557550606248837 0.043418218915368 -0.0786499954983349
DK27 -0.0997815266097178 -0.0357157147367632 -0.137741960586593 0.0330714382548724 0.0217243830005395 0.0123422673681082 0.0807139783520095
DK28 -0.134583582036361 0.0176268005915111 0.141947914380196 -0.145510357210361 -0.0173888306957749 -0.0417438042620872 -0.069151842329704
DK29 0.0884307802468596 0.00353869960647562 -0.0172425691528764 0.121324155788854 -0.035275200217487 -0.105100644230176 -0.108336048448143
DK31 0.0224595787247757 -0.0423038644100705 -0.144492364167599 0.00781853033395237 0.0337151138029756 0.0993383841154285 -0.030874689870586
DK32 0.00154112178867077 0.0735309187536697 0.00710245486613494 0.0845344699097079 -0.0362987035362111 -0.0532072707634802 -0.0677397946569883
DK33 -0.107466621182792 -0.0604718013965806 -0.0771927100370353 0.176447230135433 0.0295050329904313 -0.1414452213071 -0.112335005622232
DK34 -0.0892774555627542 0.0440132574444538 -0.116023633332738 -0.0358185962655018 -0.152935269491784 -0.0172842317727552 0.0127183511509697
DK35 -0.00194081549944866 -0.0264020669513249 -0.132096966519906 0.0138127344623984 -0.0458196739774791 -0.0332602387111383 -0.102446868084839
DK36 0.0366575202897049 0.0370379185638566 -0.0775270243554975 0.0909725757946704 -0.0317119006326726 0.0438581572184321 -0.0590019270083563
DK38 -0.0240640573368621 0.00782291019645676 -0.00897615946339988 -0.0521862638896823 0.0697310709669966 -0.0168454217399338 -0.159396339832867
DK39 -0.041903653591462 -0.00119987729304754 -0.130348211176088 0.0679117567658481 0.000276643519603106 -0.0294646127467216 -0.0483309085868028
FR01 -0.0765217187376524 0.142508943095588 0.119480352155257 0.0507901166802092 0.110700649946711 -0.158399574966219 0.0887660921117527
FR02 0.0384260130935937 0.0667374348238316 0.0418766377480951 -0.00964728762526971 -0.00698793785815653 0.112080832183102 -0.0312489487477948
FR03 -0.0252217986904086 0.0852599910755609 -0.0820212397932748 0.00452558641916026 0.000109571621864231 -0.0558177765722578 0.0665336410701163
FR04 -0.0848080635911475 -0.0588423843936239 0.0628067069656231 0.193257129615875 -0.141913067703662 0.0403544686746365 -0.0568804673180044
FR06 0.0246372105606756 -0.0106384102192541 -0.0277730387968674 -0.0119250006657052 -0.163360741696163 0.0134126642526475 0.0562381240225527
FR07 -0.130421632188882 -0.151188081444423 0.0125136519115104 0.0633773766559711 -0.14311023452538 0.0840246037727566 0.128020898708029
FR10 -0.0299518043283056 0.0409699698190693 0.0316389233307525 -0.0376065492699891 0.0781191856536578 0.0615711873601771 0.100282927278248
FR13 -0.0633992292347477 -0.0829204927151351 -0.119488898841081 0.0196066502532515 0.0680987893906329 0.222290394954869 0.0116358601093078
FR15 0.0577820781619587 0.0186043120399938 -0.104411819189696 -0.00513878941965148 -0.0699661154941981 0.0173894979261461 0.0626352014130544
FR16 -0.175878926682841 -0.0660495833984915 0.00204623534199231 0.0283718501978243 0.0583504390127805 0.000124112376822033 0.00146553414933133
FR17 0.00510857332654697 0.0645644629713843 -0.0720023338065402 -0.0069559756210108 -0.10099505968852 0.0944003031224001 0.0385744554040988
FR19 -0.0572584242289185 0.0287692503660478 0.0375621211132443 -0.117375243285006 0.0868687072296898 -0.0942051394918145 -0.0855585783220528
FR20 0.122702417661928 0.0830574560791185 0.0460343324236894 0.0192545043255145 -0.0856098609020805 0.00703493961741573 -0.0732167080624071
FY02 0.049687185599931 0.0745402020284235 -0.0783621369648953 0.0358934951968828 0.0330079432938262 0.0480557933438482 -0.0392415384814808
FY03 -0.0727688187633125 0.033719256206729 0.0441052595363796 -0.0244679562603597 0.0161064854814966 0.0455213905652339 -0.0783726022003716
FY04 0.0086874002127016 -0.121728287928359 0.127220706385909 0.0834247029373595 0.0817345675930822 -0.100527809179353 0.0296260554217085
FY05 -0.00162147228114449 0.0147533206435035 0.112832990893126 -0.154274628343634 0.00926067486447967 -0.0297750337395651 0.0456299323003946
FY06 -0.00312834913987313 -0.0142793112261258 0.118124295383639 -0.0853243882389776 0.0455693221781912 0.0412117453589839 0.000545338954160754
FY07 -0.0242023292527468 -0.118135650762908 0.0722907676120994 0.0452667293725973 -0.0174429665387295 0.0144250039755932 -0.100653439250894
FY09 -0.00676045935540334 0.0439554787584359 0.0578244834896691 0.0686501018597112 0.0905676172092005 -0.087086600225613 -0.0367563683211875
FY11 -0.10905328137209 -0.000896801962920675 -0.0155406584339916 0.0862424260876149 0.105881208240995 0.0152729655756311 0.0054080426920644
FY12 0.0674780174429256 -0.0367155290750395 -0.0678605869967896 0.0215188082424188 0.0708122749640562 0.0969382360794153 -0.0253734398437319
FY14 0.0593993858868322 0.0506207225034094 0.0287439104098761 0.0266949200468847 0.020261483926159 0.060890976755576 -0.0606435800793082
FY15 0.0756969438003115 0.0435983486255364 -0.100310755517621 -0.00918668557647489 -0.0710652511503233 -0.0819619062168005 0.0328779157622794
FY16 0.000369193943243259 0.0882487918106968 0.0365405910377358 -0.0238110504273893 0.0474466624777604 0.0992503858319428 -0.0141409605187037
FY17 0.0306024180487776 0.0213299753060979 0.0142512243101448 0.0211292756159315 -0.112872893461801 -0.0807682988621078 -0.0352546109945703
FY18 -0.0459595386834947 -0.0157102735496938 -0.0220536452719286 -0.127342582745033 -0.0303430920340715 -0.0615728870800843 0.0117249482740702
HH01 0.137620949030842 -0.0388807968199534 0.0301443504475764 0.130096022689739 0.0448022098848308 0.0682783321741094 0.141979549266835
HH02 -0.158824338327887 0.00267054361931084 0.0174885067958642 0.0920984148419227 0.1107134370766 -0.061399918339649 0.0946236429185479
HH03 0.00786630819865314 0.015171083109268 -0.0320514730184941 0.0451662456336454 0.0687439350075677 0.0218292262978342 0.0672896924102974
HH04 -0.0803120377684685 0.0269862271045096 -0.0790219883995777 0.0687010125742332 -0.114513843852986 0.049203252193742 0.111168753259138
HH05 0.0251019375081011 -0.0259892228139661 -0.0040823156979868 -0.0363953995794012 -0.0769054889853034 -0.0297166606637495 0.00971490707360938
HH07 -0.0116059172837501 -0.0893928482770527 0.0147231965492436 -0.0751016197613807 0.0341057014384789 0.0761912944784657 -0.0380488887663548
HH08 -0.05396791232567 -0.0459253920151421 0.0401637446335217 0.0265236070309713 -0.0563584775993718 0.0497812377447818 -0.0269022478608694
HH09 0.0600480048231846 0.000707416697562335 -0.0260766010404692 -0.0712124579898081 0.0448422476632493 0.0172444495024482 0.0424757395485754
HH10 -0.0678935084995722 0.0322333924794929 -0.0308021550818883 -0.00225054009518444 0.146110302545849 -0.160996336376543 0.0100104819845402
HH12 -0.0165305510346107 0.0139414533737336 0.00790634508528629 -0.0426060410107278 -0.0302856815658099 -0.0671178845367199 0.0722837632297761
HH13 -0.0172384461805237 0.00865690118705588 0.0864574251347356 -0.0433323821498595 -0.0213200595363934 -0.0678415993544093 0.0288064601860063
HH16 -0.00853468466734441 0.0918709634473539 0.0431084731205693 -0.0977605890276545 0.0596562780801806 0.0180088476330062 -0.0570229677862844
HH18 -0.0670457797959995 -0.0176968402684439 -0.0666232604284731 0.0817954512641215 -0.0900160495553165 0.0480978811422684 -0.0342815408460327
JB02 -0.0488294611963646 0.045331717640088 -0.0984136919096811 0.118853245388562 0.154424222378728 -0.0397786898293768 0.136761956489014
JB03 -0.00894317046986907 -0.0652353308000443 0.10245878629798 0.0412885796229806 -0.125128701959488 0.108994727869039 -0.0344295168773966
JB04 -0.0643968024224706 0.0492618143252134 0.102498255926317 -0.0844266679638579 0.0289430841536555 0.0834730331134749 -0.0414784768300678
JB05 -0.0252669206917087 0.0326306260156681 0.0972093144019659 0.0347053504183575 0.124086437772763 -0.187831379735264 0.0663481837927873
JB10 -0.100985544556742 -0.0445162237786997 0.0648013863577229 0.00285334895000698 -0.0198070705953454 0.0459161877265253 0.0391317705739385
JB13 0.0205283726373094 -0.00203214375777919 -0.0498068748723184 -0.153544750652569 -0.0170952118029783 0.00336757609634356 -0.0854362086223367
JB15 0.107238474436052 -0.0114475066216143 0.132940256197875 0.0181438940049856 -0.0862165871163038 0.00131886273066981 0.0517427208345667
JB16 0.0874724082764019 -0.0257375165680492 -0.0324871073883775 -0.00905110766710918 0.0405585912445802 0.0792500212850702 -0.0192776074859839
JB17 -0.0601308596045425 -0.0175592201403447 0.155280038569958 0.0574498842020778 -0.0105281979279348 0.169709937983002 0.13091258148224
NB01 0.0188465435703458 0.0310879788714859 0.0360376771387351 0.00533877101742804 -0.0406538617780709 -0.0714122197910713 0.0101047597511
NB02 0.0313410970827523 0.0296900260596046 -0.00722368594123427 -0.0904645754468939 -0.168626984492341 -0.0555060898469115 -0.0409147246145209
NB04 0.000176029935371297 -0.0240403106051828 0.00586873676272561 0.0292372066350406 0.0208159465582614 0.039787503078836 0.0290105936614676
NB05 0.0464579937147023 0.0632582273404061 -0.0765622938435508 -0.134876549552749 -0.0383845830981217 0.00842455842381514 -0.0776778441341175
NB06 -0.0349598139303162 0.0520573072197026 -0.0577105485739337 -0.00995330749756627 -0.124019094785128 0.0298946476757671 0.0258379788665044
NB07 -0.125242653959608 -0.0208673868435903 -0.00739662534581338 -0.0190474600480371 -0.0837737163979501 0.00876597024514913 0.0611572057089898
NB10 -0.189199795133591 0.0156058094952811 0.078022611311282 0.000556900882408914 0.110909923497986 0.13585357204062 -0.0179856008723907
NB11 0.00624105254221672 -0.0293739648077486 -0.0233006686023979 -0.144992361443062 -0.0119550119320222 -0.0066865204694401 -0.0824520577629074
NB12 -0.0400049555766025 0.0336371980667939 -0.0787863405488947 0.075339002424553 0.037799918777771 -0.129822885393625 -0.0321230332210459
NB13 -0.0416233859525335 -0.0356093996420754 -0.0625419463286697 0.0785746685912706 -0.133630012075884 0.0461600833163561 -0.0968887619824503
NB16 0.108592893346848 0.0204649740679606 0.017388960974574 0.030918744428524 0.0474056258422074 0.0206973229334754 -0.0965635006446717
NB17 0.00535260178126574 0.020242047843433 0.0659991161563726 -0.0862748572651447 -0.0466097003346247 0.0347023525118968 -0.00802765207177824
PA01 0.0579545946228005 -0.103174742129325 0.10731013122281 0.0290424787822409 -0.119489100437344 -0.0622169891055394 -0.0147124231685271
PA02 0.0144773084723536 -0.0223440906305087 0.109447115019997 0.103161090763768 -0.00386424665131352 -0.0322961467455178 0.0557695973183912
PA03 0.0413468451000248 -0.0131604621078984 -0.0143341977226849 0.0367709456759354 0.0194738671274965 -0.0570096843033368 0.0261935160132561
PA04 0.0370175841932401 0.0276584968717322 -0.0177553833558058 -0.0077778435140215 -0.10512930396252 -0.0054732580140996 0.126382722721835
PA05 0.0667750220591448 0.0474787096527797 -0.0529221727691289 0.103599667344227 0.0565919397146372 0.0543860792361302 0.0730415337433663
PA07 -0.120340734916337 0.135991625666702 -0.0128288307420946 -0.0265667029556007 0.0152769906262037 0.0429105409646876 -0.0127385411047749
PA08 0.108731254533262 0.0173944814444106 -0.0581678367771878 -0.0847484119755648 0.0330589286709188 -0.00785707001394046 0.0837684574024609
PA09 -0.0557284080078746 -0.105669351775826 0.0736719294019429 0.0919278150827938 0.10494847031726 0.107770038810387 -0.0399968248162189
PA11 -0.161290860214837 -0.0340680637411061 0.0437716323254108 0.0307221383313893 -0.0828334192643269 -0.0486215977255393 0.0598300750894439
PA12 -0.0305383376493344 -0.012957955681862 -0.0304329746814666 -0.104558407287819 -0.138183927834225 -0.0416719000952967 0.0312880694530107
PA13 0.0251207186037325 -0.00668527034213893 -0.00281000110470862 -0.117428542054521 -0.000755217709296146 0.0599381194349327 0.13301379946931
PA14 0.120933295690727 -0.00806784657038982 -0.0542701054744723 -0.070762333589039 0.00620110237368075 0.145789485491498 0.0511353054945947
PA15 -0.0177776423999654 0.0502898753390354 -0.0382443145283111 0.0792898010277362 0.117297374389832 -0.161433499915024 0.0461239391217938
PA17 0.00595466136826829 0.071361926084278 -0.0404582285491626 0.00349409394543389 0.0221187697810029 -0.0888668840283991 -0.0148420420293433
PA19 -0.141671119296237 -0.123947867982486 -0.115470284277074 -0.0771692431379389 -0.0244627674065546 -0.0597420270047108 0.0359230338228584
PA20 0.0362014871273943 -0.0460103279108874 -0.0631119196143304 0.00350043500107838 -0.122770727758456 -0.0023655526175438 0.0224400899224997
PA21 0.0129500932896118 0.0562338200757172 -0.121796824460832 -0.0544482456343087 0.0584044148589872 0.047131667212627 -0.0101896311113513
PA22 0.0334218985760179 -0.0877567525630206 -0.088340987176712 0.0404728491630338 0.0500064401143861 0.113209644949787 -0.00878650630489012
PA23 -0.0229208186034501 0.0644506150441618 -0.0068992873828637 0.0261386342328895 0.094811644349692 -0.0810337093316572 -0.0238556002522665
PA24 -0.0390559827753041 -0.0508188524952256 -0.146241089788584 -0.13780613228809 0.0300094313906251 -0.184570952386344 0.0501175363944051
PA25 -0.0080725487810365 0.0078729502116719 -0.00501683881953096 -0.0184077455990821 -0.01538434222846 0.0349622669396053 0.108146069947611
PA26 0.00130497350237412 -0.0431944458382648 -0.0149370555138628 0.0268376341971594 0.0329499165804625 0.147052651236915 0.0526773102868955
PA27 -0.0873058687584296 -0.0178209209138958 -0.037854547501666 -0.0779791838616282 0.145354407649602 0.0442387026837018 0.0597068208711195
RB01 0.0699592993393525 0.0871565655929604 0.0889362634945326 -0.0825768765466613 -0.0621728448208819 -0.108287606472612 0.1161691395496
RB02 -0.0569629745452407 0.00593557163426056 -0.0548491834290581 -0.056764959215446 0.158162011637978 0.0506136812989537 0.143207005525549
RB03 0.0748550540597777 -0.0201765036388993 -0.00492940827646044 0.00326519110781985 0.0873217259264301 -0.0579950766333178 0.19785342918802
RB04 0.0717426297391859 0.0123529554884426 0.0436485068628691 0.0121301277862455 -0.0232869547050288 -0.0232319383153003 0.172448950503211
RB05 0.0461310668311614 -0.019831574292453 0.0280266799074966 0.0625229174921476 0.0279378864757853 0.0823002480557963 0.093017113722785
RB07 0.00523511141046675 0.0321447276032038 -0.0588833451856283 0.0794710789949747 0.0244889430617606 -0.100560109564675 -0.0280637307568114
RB09 0.0710817444490181 -0.0924249231569394 -0.0225434422725099 0.0350956875757529 0.0671192478296646 0.137881859823545 -0.0377659539692417
RB10 0.0219954204105344 0.0517831783748729 0.0842453488345283 -0.130946885714577 0.109826683791966 0.0104709079107558 -0.046171018567512
RB12 0.0501458896509696 0.15576150217809 0.0683070694743927 0.00828685848376912 0.121185356859304 -0.0272240787509102 -0.0372908569464141
RB13 0.0791617130812896 0.0457908821961116 0.0662040799575509 0.0143747579218 0.0528586342580106 0.0998634842328624 -0.0867832815553901
RB14 0.00686959445850553 0.023721060488645 -0.0259542405923834 -0.0464953202284018 0.00345537771092758 0.0177174973876154 -0.0596562973026228
RB15 -0.0431104957348537 -0.0108472112549388 0.0452385707902205 0.0477245466945647 0.0435281224774004 0.0115413545207541 -0.104099671650722
RB16 0.0695019742051206 0.0392230881010876 0.0879748735128954 -0.0931643368381934 -0.0312798602199019 -0.0087746921618443 -0.022553612249326
RB19 0.0482441060813029 0.0918749496400835 0.191843270805562 0.0239289422168813 -0.118117561850397 0.00938488509443539 -0.107402469088556
RL01 -0.169986920338161 0.0143732430475982 0.0830625224376148 -0.0292083980442972 0.0953748769204797 0.0316964395394947 -0.140870178813867
RL02 0.024147638617982 0.0311547392734423 0.0811743719438333 -0.0232706996545933 0.0363061586331572 -0.0406758862299785 -0.0437396626659421
RL03 0.116847251997742 0.00374405387382732 0.0658602528188261 -0.013831767630207 -0.0929660234220849 -0.0707111273917413 -0.0985595371798981
RL04 0.0951106908544244 -0.00450641990728348 0.024719875740778 0.00410521451877889 -0.0293448990857053 0.03278012955725 0.126419168601413
RL06 0.103142248457583 0.04123832336494 0.00546433500301402 0.0136202988426629 -0.0150879577651546 0.0402719083986427 0.130675746951729
RL07 0.0320843393290909 -0.0631361901988539 0.0501254007021535 -0.0100509119482228 -0.018562106253129 0.0356773513971555 0.0132684415390834
RL09 0.0689060014431135 0.0171267402134627 -0.0689553008743821 0.0838895698019337 0.0715293918544148 0.0213070550123828 0.101621335619662
RL10 0.0541791593439512 0.0425298760787381 0.130813136352168 -0.00452923777744829 -0.151824691845059 -0.00993218138423371 0.0819009163533614
RL11 0.152833303124111 -0.00903867295816508 0.096737285904105 0.0721968538566567 0.102170286439829 -0.0359129920153489 0.0949597603602403
RL12 0.0293962113993382 -0.107785855217221 0.073091982477298 -0.0172807248671094 0.0194796841113811 0.10461230859567 0.0997686672446259
RL13 0.011534988065592 -0.123235460335422 0.151919584167431 -0.0185438292716391 -0.110207067084407 -0.054094826689216 0.106641838170251
RL15 0.148674245515953 -0.0042554338911134 0.0849588538122707 0.053043915462192 0.0212456216468267 -0.0257218757689381 0.00355247470891781
RL17 0.00587124575511848 0.0356411739183306 0.00348513778198614 -0.0090717589398829 0.0672662131163214 -0.0154827017763741 0.156796334888611
RL20 0.0415921062174038 0.01794965883971 0.059248425798747 -0.0443483132041357 0.104527371330887 0.0812793001005241 -0.00766855669359079
RL21 0.064920212166301 0.0282981955407744 -0.0401985934103621 0.0520407099520531 -0.0395490053449183 0.0466161850637549 0.0463395148286891
RL22 -0.0568907923648496 -0.132719533101256 0.168064395559984 -0.0433266625790538 0.00531266856410535 -0.0328781876096126 -0.0253051403699217
TR01 0.0299021451112371 0.0979154310262177 0.0465721388113458 -0.0462574955205059 0.00937722325263371 0.0164409975738947 -0.0612777323079014
TR02 0.053441237708503 0.0430031748800469 -0.0121807321109834 -0.0312986481764496 -0.0755748116093974 0.0115919728730203 -0.0606571343058993
TR03 0.0666409105875488 0.0214598827089716 -0.0564561450696841 0.121331646373798 0.0152795959027859 0.0400758187163458 0.0236868401583579
TR04 0.0890922211424547 0.0617137576033687 0.0159903801522687 0.195788310397323 0.000149925745449881 -0.0225598794288069 -0.0467285383083355
TR05 -0.0263121584163519 -0.0232313950173334 -0.101830729458247 -0.00757209561882223 0.117921699326065 0.135634536036603 -0.0604901812199437
TR06 0.0389666827590672 0.036265448456314 -0.230055342327293 0.019958572478254 0.042699586712239 -0.0732490101303217 -0.0167652662785662
TR07 0.021269036066872 -0.00704874476605408 -0.0199792622994861 -0.142700247742711 0.0235174634075813 0.103441486191454 -0.0243939038630883
TR08 -0.0237315163486048 0.0786021232688707 0.0107431571345281 0.0238258076476232 -0.00965847325267333 0.0461561672553923 0.0802726049764124
TR09 0.143893173655877 -0.00541404160105292 -0.0018049368003818 0.0249432665175478 -0.0136882963067753 0.0756298127001428 -0.00682823354091343
TR10 0.0859053202540381 0.0528579717072019 -0.087273973860341 -0.0766283355864928 0.00535571308716251 0.0926802845543954 0.0404090801181338
TR11 0.0487829577249972 0.0263985466548417 -0.0353359148369821 -0.0385794165561291 0.00255985347314311 0.0554598466883114 -0.009471554944832
TR12 0.0282611637215917 0.0167998357129576 -0.00737754331058002 0.11362189019488 -0.0404194813452463 -0.00754166950297032 0.108845723351764
TR13 -0.0437195652291087 0.0217584939893549 -0.0886081622309643 0.154952643328137 -0.0715315777215833 -0.164874967553563 -0.0147648956912421
TR14 -0.226248026221133 -0.0373327245856528 0.118125939406771 0.0326436681319608 -0.121381182836254 -0.0708987091479385 0.0949699106353681
TR16 -0.00515169866937654 0.0800136940845546 0.130172782694428 0.0494538345559406 0.0723151432068924 -0.000261303871354479 -0.0459534111231793
TR17 -0.00216854683696994 0.00103261794331249 0.112188687580901 -0.00671290705319495 -0.111125100059766 0.127993428892072 -0.112794013882509
