sample MDS1 MDS2 MDS3 MDS4 MDS5 MDS6 MDS7
AN03 -0.00558479464703376 0.0622463443153127 0.0121009170902695 0.0289990887611386 0.0101689586878622 0.0326409815950576 -0.0491295108022143
AN04 0.0495761938117785 -0.0215370241338942 -0.0312812678909816 0.0236313581865946 -0.0313379425562686 -0.0494916971227808 -0.101263872327692
CS01 0.0631814584055823 0.00585297890371866 -0.0657378177017806 -0.108309669972541 0.0776108932114396 -0.0274037900161293 -0.130657488679018
CS02 0.0663445615356236 0.0237052965633036 0.0649766516058415 0.0992230058429306 -0.0176575862174394 -0.076880807911554 0.0954256617930449
CS03 0.0583964486738399 0.0437451763484629 0.00656295377297748 0.0240411051581239 -0.065440482929418 -0.0605425987457263 -0.0439076409929798
CS04 0.0239994939956305 0.0403004033769299 -0.0130550806570283 0.0083155297862631 -0.0313778674668409 -0.0226676015657702 -0.0824634032998844
CS05 -0.0456016759921301 0.123588680615853 -0.00727958713930212 -0.133588601049323 0.0301266832978725 0.0432448674335037 -0.0321545625773645
CS07 -0.0622819871937235 0.0541574839236403 0.109508067913644 -0.0969266024798218 -0.0792887638167422 0.117297218300394 -0.00702088361733125
CS08 0.0858307410746871 0.36625447637497 -0.125826738706941 0.0609806046018803 -0.0904716724118789 -0.0647582642812345 0.143008368935261
CS09 0.066033777398873 -0.0256270699459042 -0.0776530493013267 -0.00350838448373753 0.126243565604383 0.00349244255770504 -0.0323824364326508
CS10 -0.00239341266103949 -0.0563128367994588 0.0917015530883024 0.0286708206700057 -0.0381558872159509 -0.00599074541274256 0.0629159777051536
CS11 0.0908480570751209 -0.0485587587259067 0.0505010223270219 0.0607719210583992 -0.00571227220703837 0.0731343426986928 0.0312167313663901
CS12 -0.0509024174657805 0.0497554153905412 0.00213284134606828 0.0490958773961394 -0.00716852329665619 0.15083067394125 0.0242110163739662
CS13 -0.00835874320287837 -0.0907877394858249 0.0490729242037639 0.104458019256526 -0.105185716351014 -0.0411652526516534 -0.0176167724189085
CS14 0.0149938894006038 -0.0165280433973426 0.0256973438112232 -0.0393306726036419 0.0876004855286234 0.0102575378704356 0.0254737545776615
CS15 0.0296287366071506 0.0645429841806638 0.0350770851642928 0.0481970827381432 -0.080351175070172 -0.00874193203479867 -0.114695457132216
CS17 0.122321210307944 0.0501846848222565 -0.0372952209525511 -0.0563769576090123 0.0843136203127579 -0.077663328660045 0.100210844750773
CS18 -0.0164907737873597 0.0342687591967373 0.0799449648792333 0.054856734104964 0.13560471529738 0.00212393089153042 -0.0400534857935789
DK01 0.0348404427975679 -0.0500747336844369 0.0247778480543522 0.0468077177814113 0.0596074176683089 0.0720545124254641 -0.0108822379920184
DK02 -0.0669243709074211 -0.0104174475568185 0.0332058035658852 -0.0630915931449195 0.0078945483885377 0.0406527157027779 0.0147396461602405
DK03 -0.10258675888546 0.0541362368287303 0.100910283163133 -0.0850609410949827 -0.0861275975410456 -0.0416551484765911 -0.0458433432276078
DK04 0.024459192814495 0.140050414913595 0.0584231967862145 0.0956677373360997 0.0842349946759152 -0.138708055787591 -0.0943142225171355
DK05 0.0299076472115865 0.528343948860756 -0.119318636515458 0.119424409529426 -0.0598110175447686 -0.0585129560397013 0.199876093294035
DK07 -0.0678469001945244 -0.0581469005540631 0.0272095442894412 0.0889835059600452 0.0134285101556986 -0.0646670513100171 0.0894837048679676
DK08 -0.0948364912108519 0.00429236816543803 -0.00491226556736037 0.00118042419834509 -0.0557027761161799 0.00531883188475672 0.00177554973436939
DK09 0.0269710286453127 -0.0186587640682879 0.0295622643203151 0.028819261166119 -0.0288148975219272 0.00752894531429616 0.0391385639752285
DK10 -0.222316364208279 -0.0529096918376748 -0.0414661353360147 0.0168703917960893 -0.106116908439335 -0.0533745068525 0.0321697277915143
DK11 0.067591958203241 0.0309767794903524 0.0224282260508725 0.134897512804852 0.160644403973208 0.0219127111930722 -0.0270881207234246
DK12 0.0612502654280745 0.0409730816351254 -0.0262363846124084 0.0270751181942905 0.0321656632909433 -0.000182548974681535 -0.0919221206723757
DK13 0.0232783123087349 -0.0374267014853366 0.0352731039322414 -0.0271576471232552 0.0700207398819735 0.00348970878732496 -0.00388207910658524
DK14 -0.0895689500116268 -0.0410100944382874 -0.0511604431467344 -0.0572923575129278 0.0723846354353968 0.113774081591108 0.0275907993737458
DK15 0.105123916244961 0.0524444423764091 0.0666715592622969 0.053129049781152 -0.0222113008942883 -0.0483947330319568 -0.0438544539163221
DK16 -0.0224372565933149 0.0224858384481005 0.0331993943978046 -0.0243477784904492 0.109109052282371 -0.0233283798690286 0.033540384044783
DK17 -0.0501241493469501 -0.0865473382576332 0.0499047823980027 0.0389829579426814 0.00248340657230999 0.0286082229186939 -0.0132563440961242
DK21 -0.0357782587712245 -0.0331800225586986 0.143290299588241 0.0470179733206835 -0.0931225542165124 -0.0673265827825894 0.0337019093217154
DK23 -0.0780805658847598 -0.0137401781731582 0.119378019013967 0.062175192513612 -0.026638936989087 0.0704296379891616 -0.0712607526690542
DK24 -0.0438838486305456 0.128237439969472 -0.0630585293027525 -0.122342143255983 0.116917278618691 0.110247675367414 -0.0661390227642228
DK25 0.0241576592441924 0.0586324614382966 -0.0714437067086411 0.0852203884979999 0.0399530599869923 0.00536156293753161 0.0533088019210789
DK27 -0.104106551567098 0.0614037212631377 0.124037968870834 -0.0260806856780099 0.00263179499835187 -0.0785652283409609 0.0473427203238739
DK28 -0.151434639189399 -0.0547811374404211 -0.0949312636923956 0.114217773595004 -0.0882379407808955 0.0753964235456213 0.0564593934571307
DK29 0.0741071747304432 0.0260027213516161 -0.0323227385617822 -0.0111038550370489 0.0972246967308824 -0.0114708871070208 -0.104083934136292
DK30 -0.17279988373255 -0.0739229316776618 -0.0318799400339171 0.0130421580076074 0.174129663679017 -0.0586054065808866 0.0611199971488525
DK31 0.0268698372110455 0.0850145443528898 0.132046561727331 -0.0541569619040649 -0.0293523663304363 0.0137779412987836 -0.0394497659096076
DK33 -0.101627456543352 0.0968918360492178 0.00548785692366055 -0.0681871564093433 0.143435522393713 -0.0687442061585761 -0.11776396372587
DK35 0.0174260204591511 0.0832368397787815 0.122745940489992 -0.00285509425947704 -0.0132891220423092 0.0165805328300638 -0.137437070877011
DK36 0.0556476107555128 -0.0122785020248523 0.0956109179471457 -0.106541000138171 0.0191937934045748 0.0565139941949312 -0.118604828757715
DK37 -0.0153863248325197 -0.00331771558038107 -0.071762238562427 0.222311032096958 -0.0876815891101063 -0.114940995299461 -0.345870211407101
DK38 -0.0403791381528869 0.027989745600937 0.0424276236821022 0.126238761873192 0.206924143505489 0.0693283568026456 -0.0485632779765971
DK39 -0.028322880297146 0.0384394186308386 0.118259754600515 -0.0809327161101795 0.0467425063325798 -0.0272085417136097 -0.00579999793054239
FR01 -0.0927769922109507 -0.167563887596582 -0.0501300699097892 -0.0289104066221179 0.0627489709444864 -0.171722558275846 0.0540462554164134
FR02 0.0395278189375141 -0.0712472068553225 -0.00417589892165704 0.00239948204313133 0.00961830263930712 0.0511471202586097 -0.030597948702082
FR04 -0.066681752900687 0.0439780100158486 -0.0829665567059837 -0.158981717390658 -0.0069384545994428 0.0881371168279203 -0.148548858146227
FR06 0.071808111432396 0.00704554240972215 -0.0222233693155996 -0.0830242178568943 -0.147785746977717 0.0231956009016387 -0.0453838821733705
FR07 -0.118050148249619 0.109928900763215 -0.0524696728347077 -0.125530567701839 -0.13551285883977 0.0302083183189662 0.0396642075230714
FR08 0.0285965970750875 -0.00305448414206774 0.0381687137913832 0.00772822658536559 0.144282845589566 0.128202477266653 -0.0721353685220906
FR10 -0.0428495471777945 -0.055478118557288 0.0204284062424087 0.013557752097345 -0.0398229553581287 -0.0402861751746062 0.107334105467608
FR12 0.0320903561831712 0.0169260966663016 -0.0988918650348533 -0.0671839900889441 -0.0262988614457158 -0.0342562624686853 -0.0982744814935321
FR13 -0.0372438526438998 0.105397068470105 0.119729199636265 -0.138131354683295 -0.0558144271472772 0.0864545893391706 0.0100035613893305
FR15 0.0560662156133432 -0.00733833947704078 0.106673606240919 -0.0271756898016674 -0.0825740060500162 -0.0352035370547849 -0.000605729808687496
FR16 -0.170053260821668 0.0603271782337573 -0.0193055389428596 -0.0296731721571123 0.0208980323868786 0.00684747999564649 0.0340159005641794
FR17 0.0325067516365534 -0.064395308582891 0.0826517730285144 -0.0684489954198588 -0.0625671357550279 0.0764656445190955 -0.028315438666749
FR19 -0.0540342888097774 -0.0406538152434541 -0.00400536137911485 0.168454963174423 0.0811026214294469 0.0243118813417243 0.0820516310029106
FR20 0.12877656793761 -0.0767025855758919 -0.0298091591048035 0.0200551823581529 0.0394424135854157 0.0837705174297277 0.00817344618925491
FY01 0.020241639557923 -0.0477268653340947 0.0498450207630135 -0.0736678402273389 -0.0856007179161731 0.0407679144421686 -0.0621543027557172
FY02 0.0569613161154929 -0.0428553903559392 0.087844888374379 -0.0319327582211407 0.0519245102113553 0.014877351280718 -0.0549972766107667
FY03 -0.0690538283958536 -0.0327554924796207 0.0170103563926988 0.0887745655134142 0.000821922827901963 0.0651111745279745 -0.0910640160572674
FY04 -0.0177066078882544 0.0824945588943166 -0.190065230372589 -0.0682483232362927 0.0204106037648302 -0.135359458291579 0.00353704994307466
FY05 -0.00820644947565566 -0.0369336568876234 -0.0911669638181157 0.134607818635506 -0.0720930020949962 0.0225898745911897 0.0825220655172868
FY06 -0.00338057558023264 -0.0231145771172265 -0.0878868500448597 0.0676516230774155 -0.0312675825185777 0.0778364091783723 0.0709134843687391
FY07 -0.0248385973081507 0.104976377946219 -0.0957313482719277 0.000982414739341429 0.0778134558314296 0.06021955514175 0.0207228671848973
FY09 -0.0123010507224046 -0.0381072991435504 -0.0695165911891205 0.0290516065165007 0.109577383164627 -0.083856130008141 0.0134756685278662
FY10 0.0432067741091362 -0.0583191703573752 -0.0520216792120861 0.0552784911791119 -0.00937148279856899 0.178814028895196 0.0699670958723434
FY11 -0.107597177094971 -0.00497090618043907 0.0372581235992551 -0.0645043675778444 0.0455676636807475 -0.00280718207183188 0.0134098426931821
FY12 0.0561959762381915 0.0619531150383409 0.0721887842959767 0.0011367355484858 0.0703782729390297 -0.00985305774195563 0.0155072799271052
FY13 -0.0413766335069109 -0.126200564374639 -0.0533828464060558 -0.0984834447423387 -0.202325119839897 -0.11015882077258 -0.0281536820270997
FY15 0.0653331063414907 -0.00928139999043216 0.0734870788488674 0.0416438862907687 -0.0150092651855221 -0.0699475481340552 -0.0587313901098937
FY16 0.0151632715211917 -0.0948068599026439 -0.00915161195008605 -0.00451126072033315 0.0114930608484221 0.041042594867199 -0.0227336306852109
FY17 0.0224108612186776 -0.0378086048008273 -0.0230985419952625 -0.0137993471723194 -0.0023168944726099 -0.0209690208039016 -0.091052333834419
FY18 -0.0314458006565769 0.018584833654543 0.027085922189331 0.134977299400795 -0.108734242312437 -0.0466486221856956 -0.0664524992936148
HH01 0.127870468487899 0.00795486363365934 -0.0349321470004573 -0.179297450357994 0.0084666086985294 -0.0969048362925011 0.0491455119423332
HH02 -0.179584466647366 -0.0217689427394837 -0.00212473900376584 -0.110728339247541 0.0396982971482832 -0.118828684777213 0.0408495857189046
HH04 -0.0583809824881758 -0.0194951449090481 0.0866607528113288 -0.0874980470546808 -0.0706608157578865 -0.0145521682221301 0.00498948521381215
HH05 0.035655607894957 0.0228077455440045 -0.00121409010498254 0.0484260186829939 -0.0868958295265965 0.0145224842749611 0.00877215270214009
HH07 -0.0118825405306716 0.086537532057757 -0.0326519771740997 -0.0297245546153259 -0.0765853919673012 0.111893490816716 -0.000660610409331486
HH08 -0.0595328711099226 0.0305105948719095 -0.0586104546544428 -0.0154428327660132 -0.0314855729130642 0.0146866897332784 0.00145021301869866
HH09 0.0578820401175698 0.0221139587026162 0.0429181099686582 0.00556482723609234 -0.0179372361245468 -0.0333775656829519 0.126523159573264
HH10 -0.102311076265391 -0.0146950734510877 0.0349360756182866 0.0739625317228343 0.137226461310599 -0.0967717903810529 0.0261628638223437
HH11 -0.0360339361062429 -0.0497369174236667 -0.0305096316007446 -0.0667380220362705 -0.0196099324479676 0.0472695454675339 0.00809599096985613
HH12 -0.0072990927030928 -0.00486071709578372 0.0276382880450563 0.080137247234636 -0.0581175671636763 -0.0637122974116511 -0.00432451114246991
HH13 -0.000875320484884569 -0.0449282223979033 -0.0928469386299945 0.0179342424206922 0.0490428683101922 0.00997666563110982 0.0978009102152826
HH16 -0.0129252004832585 -0.0840081904735063 0.0156742744387567 0.0828129674237712 0.0502676932682711 0.0691994313518308 -0.0193831149555685
JB02 -0.0648807172964893 -0.0286759053680659 0.0926567057109707 -0.10166216860401 0.0542022581604776 -0.21087160922186 -0.0144764196339422
JB03 -0.00228949260473024 0.0212318537618086 -0.138802324682268 -0.0591409531243523 -0.0447232933422802 0.121900465741284 -0.00987359413246958
JB05 -0.0588378570034841 -0.0417027247760708 -0.0835049498916169 0.0233512664153528 0.00451065429296308 -0.217186696137286 -0.0203240113944332
JB07 0.0069052037383794 0.0270601159637612 0.046530939363201 0.0117960052932344 0.0126237358814232 0.0336715011408341 -0.0685048332709616
JB10 -0.0937980485515258 -0.00242031964725018 -0.0645121106889652 -0.00580429491609196 -0.0027513090025584 0.0454045814194213 0.00513526157988396
JB13 0.0293582435550146 0.0423626172082895 0.0823470640268187 0.117068048694459 -0.0216494785009162 0.0914604366002093 -0.000513492563560864
JB15 0.0952918572605698 -0.0462999472689728 -0.142612270131687 -0.0313049159699226 -0.102237128313259 -0.0149824000950323 -0.00956412189690882
JB16 0.0751697953461756 0.0282594643054497 0.00555271941949335 -0.0357725794669619 -0.0382689152859171 0.00363423697489213 0.0205834668739513
JB17 -0.0504192110520313 -0.0680817581529943 -0.126174975305457 -0.125406714889308 -0.0705559525287198 0.0722767204514439 0.0529222455268068
NB02 0.0457054665308579 -0.0152949511129256 0.009328055408644 0.139684966383174 -0.0723769160925771 0.0146578712699693 -0.0711442620600288
NB03 -0.0223506973388077 -0.00498303359633047 0.0637418093149282 0.00392490593999729 -0.0898403413384301 0.0632119501888853 -0.167770706396669
NB05 0.0606803925789428 -0.0233881959929129 0.11689662294577 0.155093378816493 0.0208649839641836 0.0548503505196441 0.0588446682087624
NB06 0.00873818839678812 -0.0434616869302823 0.092712428449271 -0.0216717681792827 -0.108748702724994 0.0352453999155131 -0.0321692641566428
NB07 -0.109560537111922 0.0181156735501596 0.0438974255507131 -0.00729365274761977 -0.0644007953873041 0.0120216317304911 0.0240695148006589
NB10 -0.190386424117622 -0.04654304035327 -0.0264981613256412 -0.0733688565125717 0.00426767604313397 0.0951327581168634 0.102262892675786
NB11 0.0136808015124258 0.0542806624289255 0.0303381411168098 0.123852287836596 -0.0538945986367891 0.0368228988149581 0.037044266152757
NB12 -0.0304835853781068 -0.0122002480089116 0.0627765163893183 -0.0402769864703789 0.0655105335817806 -0.0555303832475885 -0.0244226419063864
NB13 -0.0196239982803716 0.0485205322615455 0.0218749163990808 -0.0636200637041277 0.01155433097956 0.100740202834023 -0.112573005415953
NB14 -0.0290730514252302 0.00232437049225474 0.154226195901005 0.0676110771310571 0.0769982196902292 -0.0573113908861171 -0.0615567086380424
NB15 0.0455595971327691 -0.0297440542976616 0.020349522505652 0.0495011231410135 0.0392620460205153 0.0293933258233765 -0.0127109884997336
NB16 0.110049870144857 0.00101491972861138 -0.000205737403282693 0.000807008666723429 0.11699080250548 0.0787091523689384 -0.0242615704129301
NB17 0.000925186319639474 -0.0331491780105889 -0.0276183542325246 0.0860289339844121 -0.0222033148493927 0.0664637136616577 0.0552404362212481
PA01 0.058034062661776 0.0775312843724478 -0.14554179986485 -0.0247239857709021 0.0124049112729871 -0.00173320914495511 -0.026943864022361
PA02 -0.00897890733684045 -0.0354081582008947 -0.143856838183354 -0.0621527138222774 0.0447464792649045 -0.0920804293016281 -0.0638009894346554
PA04 0.0576951812980359 -0.0484627322355687 0.0241985348126467 -0.00328338079423924 -0.130416114560823 -0.0402356985164783 0.016265169073596
PA05 0.0762681229528213 -0.0189202132511235 0.0534597994083147 -0.111030880416869 0.0121583178007456 -0.0617355713166837 0.00274107286247852
PA07 -0.114640409102833 -0.12324806984032 0.0854232540406223 0.055415835539582 -0.022431883456487 0.0382948120190699 -0.0501611504471342
PA08 0.0809041572403284 -0.0106473225800838 0.0522083526095302 0.0250894523682397 -0.0588630129428616 -0.0673109678574968 0.0588252900546067
PA10 0.0263233649095417 0.0754947889162744 -0.0523366940358164 -0.0363638722622612 -0.0822459736142566 0.00205230243055793 -0.101421911403195
PA11 -0.161667156679856 -0.00786103796259942 -0.0348291450265541 -0.0493782377219473 -0.0554057040383574 -0.00701613182901242 -0.00786610537645595
PA13 0.0416062594275097 -0.00444792060639237 0.0316017362171818 -0.0200892951293955 -0.101747163614351 0.00900092385503877 0.129714014200879
PA14 0.103788682072818 0.0150563318343793 0.0907825644695702 -0.00307737974106517 -0.0337354560844708 0.0900323563168551 0.140594758875048
PA15 -0.048169187847273 -0.0260858524588708 0.0295822185003463 -0.0177951774125751 0.168112075095821 -0.17411982257326 0.0468655586786275
PA18 -0.0606363577002946 -0.0116604935672387 -0.08106186188472 0.0211557117695814 0.168533419865997 -0.015094707927272 0.0521056215156092
PA19 -0.138122997011348 0.126373760091673 0.104901093526913 0.0886316350946864 -0.0324235685878472 -0.0356080140490271 -0.00740388414397281
PA20 0.0557535196219364 0.0643358685412061 0.0653770137983312 0.0247472899705079 -0.0492356031967105 0.0127480059820852 -0.0643483327026082
PA21 0.0102959309915004 -0.0153194802756694 0.137151756787124 0.00876260355202349 0.00795977456532087 0.0143200587321412 0.00127211281082862
PA22 0.035269863057145 0.0935741454012784 0.0675457602968631 -0.0576750680582725 0.0289746752736027 0.0712586248945426 0.0308196834103784
PA23 -0.0208177893320743 -0.0518365277254203 0.0265881333083837 -0.0207928898842344 0.00770282465324864 -0.0483353765810054 -0.0774087946616586
PA24 -0.0530726996765924 0.0862147946256273 0.0637638097388134 0.154831849810535 0.0224863938892112 -0.148701067552215 0.0445820967418217
PA25 0.00374683304162431 -0.0302084147525267 0.0435234717095 -0.0186883404552705 -0.106384171984233 0.00498855259790811 0.0890394632710075
PA26 0.0092064153099125 0.0268055878159899 0.038229203919959 -0.063462012770186 -0.0321395952594715 0.0323797733128811 -0.0164530264375135
PA27 -0.0988572716674981 0.0197139976685939 0.0519143029427318 -0.017735761923014 0.00248473885793964 -0.02723772422092 0.111332048033142
RB01 0.0708067974088303 -0.113883066214508 -0.0623747469798475 0.03817815955861 -0.113016695931133 -0.100927738035516 0.0579035342871976
RB03 0.0666816925080942 -0.0110882002957526 -0.0385952409098206 -0.0967304637373353 -0.0217364570977915 -0.138457409497746 0.137507455575677
RB04 0.0623522166552962 -0.0525661805478853 -0.062313483981591 -0.0202317092038547 -0.0371061848433152 -0.113092964172339 -0.00183694451320597
RB05 0.040266425978732 -0.00640130220043295 -0.0148120965598967 -0.0598812985322957 1.88581252075154e-05 -0.0122321401290732 0.0738466259477367
RB06 0.0465458742310937 -0.0518184452823736 -0.12698599776723 0.0585829439237844 0.0322042921295244 0.0710021346146883 0.0422593576773761
RB07 -0.00440852622327969 -0.0102990609244878 0.0574547549714686 0.0139987080249989 0.115514864681938 -0.114448148798422 -0.0113846586892216
RB08 0.0594095926833925 0.0187403207950559 -0.0774653177228218 -0.0766356460899222 0.141725232332465 0.0248680600593078 0.0265997650489086
RB09 0.0762349529401991 0.0846697256912058 -0.00261671685821596 -0.0856958366734631 0.0672848180843068 0.112570716370165 0.0296079199663119
RB10 0.016094124302575 -0.0555530897135431 -0.00621121006017817 0.116526056348161 0.0445276450838607 0.0720519784754128 0.198927640301808
RB12 0.0307520173983169 -0.14385990382731 0.00414909494698786 0.069772540240864 0.0922230329711664 -0.0769588518619648 0.0213419467736953
RB13 0.0777941859417433 -0.0537236305712888 -0.0634828030215118 -0.00932715468462825 0.0341490627063545 0.11926549226696 -0.0272128524888918
RB14 0.00459527792879525 -0.00428383199347177 0.0367817935785638 -0.000409293109514954 -0.0239959267312487 0.0254293075943019 -0.0551015728883931
RB15 -0.0310476111865276 -0.0112678027328725 -0.000674861833962523 0.000746332795485189 0.121309944569222 0.0736986384055341 -0.020881772801478
RB16 0.0738925639768713 -0.0644919772394079 -0.057845245372523 0.112008222498681 -0.0677459935067313 -0.00214901378828002 0.0734923627381494
RB17 -0.0661246460749379 0.134189338441528 -0.0451889168235249 -0.0558164431620337 0.105639413644674 0.0534003857729499 0.0091039249765278
RB19 0.060578149058103 -0.133896196505673 -0.168980643615471 0.0428817532764185 0.00639497102467737 0.134114807613336 -0.0686859324877248
RB20 -0.0262716360005218 -0.0125434159487422 -0.0837546363982226 0.0612851341458342 -0.0482790935919722 0.00308925541481629 -0.0492592376493337
RL01 -0.167146562719989 -0.0354577443431467 -0.0529545788000759 0.0276630061167657 0.0825085703275747 0.11683552755732 0.00098818655885561
RL02 -0.00823048683530502 -0.0314036803689947 -0.091651458161282 -0.000519546363051842 0.123262671406688 0.00712154296153205 0.0537475691090629
RL03 0.10374093983487 0.00342322414467744 -0.0787040899351299 0.0967923338507722 0.0489003143169511 0.0260906431838441 0.0139109111401545
RL04 0.0866896834410658 -0.0181110991061347 -0.0377805076409186 -0.0758170073728109 -0.119381817807381 -0.0813696045595946 0.0157049844254255
RL06 0.090311617044275 -0.0797845523700622 0.0117034912686228 -0.0304885882068468 -0.0796835339665594 -0.105563374891804 0.00375518837173829
RL07 0.0292017444822148 0.0551956437118424 -0.0783278180506418 -0.0424041459101271 -0.0213012786632304 0.0399657475793066 0.0109467648647914
RL09 0.0547400579654027 -0.0120258967653653 0.0490843684711058 -0.0947196719273935 0.00604464914902962 -0.106546441224314 0.0195223420427409
RL10 0.0692422753070987 -0.0991939739420995 -0.0956889930339643 -0.0147570505755087 -0.112414119297087 -0.0123258258296068 0.0120298689483728
RL11 0.111931255678628 -0.0255395115513786 -0.114145589371986 -0.0277725383976151 0.0437933084809998 -0.141659423674131 0.0770864089957882
RL15 0.124602248233235 -0.0164590469204445 -0.0999644734058062 -0.00107398930476802 0.073703931938325 -0.0573778820786368 0.0135292418385299
RL17 -0.000350363861692839 -0.0530884979956164 0.0216328330191027 -0.0151577287345409 0.00383151332420194 -0.075923307236586 0.116643117924238
RL18 -0.235157199424513 0.0315278406058398 -0.0206771964290361 -0.00199112128400193 -0.0842769021463457 -0.000749133179173784 0.045865823874837
RL20 0.0227948747967201 -0.0303140165781549 -0.0547485602991926 0.0106176096623204 -0.0404968024346299 0.0136749790886876 0.0320067553516206
RL21 0.062280164558461 -0.0265809926797229 0.0325377085304423 -0.10576857405926 -0.0153357530014695 0.00429303260010892 -0.0233237213424887
RL22 -0.0576034967061297 0.073314785772258 -0.20659851926525 0.241539593193356 -0.0572928047505915 -0.107735976192099 -0.30794615630962
RL23 0.0451348729498124 -0.0801856243405037 -0.141103271378212 -0.106498613175674 -0.0219432555489761 -0.0554046845782186 -0.0218980516224796
TR01 0.0414576449286503 -0.0856319185331293 0.00491518894376376 0.0362357466328935 0.0651547959690504 0.0560666031643663 0.0180132422779189
TR02 0.0538829495750362 -0.0137767250796192 0.0200701827899478 -0.0241850666755736 -0.00654587963458652 0.0633651893903906 0.0560408460111857
TR03 0.0831147348943279 -0.00322862156156308 0.0540761584292455 -0.12480676233631 -0.0207280870404557 -0.0342881744766138 -0.0711843065310359
TR04 0.0897548089628647 -0.0496064338043703 -0.0217982042798955 -0.0836789392850767 0.155174613583072 -0.0326577579820712 -0.0628364232247426
TR05 0.00552829410666922 0.0640298870712205 0.109424816808806 -0.0732377527489145 0.0635774480716145 0.103373410455863 0.0479490264967438
TR06 0.042106133687549 0.0404558805576879 0.204373235167762 0.0101631005924247 0.00589390056155495 -0.108001506784363 -0.0284831140986541
TR07 0.0185223807913176 0.0134420791672327 -0.0108588128457517 0.0382841711994079 -0.0551525948864204 0.124079819073965 0.112011439550472
TR08 -0.000834390141148618 -0.110109461152413 0.0146625085074301 -0.0521414903763937 0.0205958261112927 0.0544652632618851 0.0774894264456076
TR09 0.130761974542518 -0.0167962543909522 -0.00253425668526712 -0.0615651861392378 -0.00455186487209642 0.0300093336774345 0.00654782883635123
TR10 0.0887773717728592 -0.0261310908379804 0.107872329798291 -0.00483248080162922 -0.0796357318045545 0.0118943714207099 0.0946849888675379
TR11 0.060339406989674 -0.00672190562090593 0.0524639275119254 0.0293877801746785 -0.0136609020364684 0.0577228606024812 -0.0432597832745401
TR12 0.0170668040124224 -0.0184240445887168 -0.00815823643361782 -0.0958584741249701 -0.0439701398696677 -0.0985818103623469 0.00955362497019371
TR14 -0.238411009672121 -0.010437837776419 -0.131484448848704 -0.0415278513049795 -0.0724908959138364 -0.00876924503285627 -0.0367350036011547
TR15 -0.0367550572258072 -0.0693916533286729 0.0171067455874992 0.123621315345041 -0.029654867216986 0.0175174666823142 0.177630193222782
TR17 -0.0065381926692721 -0.0182510671166871 -0.078569522077508 0.0198516092739599 -0.0957027005320977 0.178333595829829 -0.0917183882621716
