sample MDS1 MDS2 MDS3 MDS4 MDS5 MDS6 MDS7
AN03 -0.0178737364595529 -0.039307446829452 -0.0417039182712093 -0.00480006465961027 -0.0204359403321873 0.0621171979262643 -0.0146486320212098
AN04 0.0562603208796337 0.00264510311572104 0.0363368631316025 -0.0114625454853353 -0.0132150000688863 -0.0255427177772917 -0.0749379620453381
CS01 0.074432939810021 -0.0358697589672167 0.0225969511268015 0.165666067609902 -0.0106099281511236 -0.00337378369636751 -0.122502821476313
CS02 0.0492389853334534 0.00709444642524532 -0.057309456904761 -0.112909030853182 0.0866941818767679 -0.0193668560062767 0.0148296069239156
CS03 0.040528543874664 -0.0368721570220326 -0.0320009997967344 -0.0477843666482134 0.034075614184265 -0.0469443489628891 0.0187202054152722
CS04 0.0162363677298353 -0.0366605540782646 -0.0243269228634972 -0.00962476505078091 0.0473288737802844 -0.026290865221504 -0.135416663439476
CS05 -0.0489010223568039 -0.0985324580535232 -0.0710635803050171 0.11349536617881 -0.0206643463853394 -0.0391285163855586 -0.0596798238484784
CS07 -0.0893645047324178 -0.0116471895321786 -0.113874459602177 -0.014224070575383 -0.11617353284056 -0.0963738793912581 0.0216813363408132
CS08 0.0528740365297423 -0.380904818332157 -0.0496753726195768 -0.0900666272418995 0.101554084598321 0.0248188024594352 0.0608644934031347
CS09 0.0816532402778395 -0.0138911905838354 0.0526465673978628 0.0769358763674104 -0.0551939944945146 0.113666923943076 -0.0464571135185278
CS10 -0.0101662426681523 0.069109610504669 -0.0373799951506344 -0.0615379157041452 0.0242013144389684 -0.0453146370467346 0.0695006861449191
CS11 0.09299472782206 0.0573147063319635 -0.0300037131091946 -0.0978517248770117 -0.0788970716201072 0.0129833876308504 0.0358438848722609
CS12 -0.0589880965159542 -0.0348133958724409 -0.00178123134954916 -0.0736387235711602 -0.0725972362139777 0.0241568209468158 0.0332809929621108
CS13 -0.0243424143826665 0.107522943410588 0.00884285244072491 -0.1533665315026 0.0457313382126452 -0.0803826654217299 -0.0655588113762216
CS14 0.0168634274667577 0.0259105628426168 -0.0237757191380567 0.0555812908634973 -0.0521797326065222 0.012172513454196 0.017122362084972
CS15 0.0216392340296782 -0.037142684959805 -0.0743418696021797 -0.0541830513309585 0.00764794232104743 -0.0441858700025279 -0.115817799362092
CS17 0.120590569137941 -0.0626974232891502 -0.0299427131206262 0.0944079859100652 0.0609253796993581 0.0251010797500415 0.0264340798559962
CS18 -0.00870324738213691 -0.00117119403437268 -0.0868143340812186 0.031707183751709 -0.00209903195338329 0.0869460047599714 -0.0520248682012621
DK01 0.0404687753337217 0.0568949933511773 -0.00700982973819426 -0.0273319660007061 -0.038497251497132 0.087545423966311 -0.0420021318401884
DK02 -0.0587434759731437 0.0250670104209125 -0.0312691206288008 0.0877411803733527 0.0303496569792897 0.0136558935465772 0.00148516057850866
DK03 -0.112919186597175 -0.000403372514219017 -0.0977464849160694 0.0385492104405423 0.00669386221877399 -0.108667803286387 -0.0406683524773356
DK04 0.0177842396034575 -0.0825877696801764 -0.129607379094327 -0.0150086047340404 0.117461606401922 0.156637055332231 -0.0889276354914775
DK05 -0.0142808054508872 -0.53768556141875 -0.0768525120695442 -0.112756648566688 0.0934428073367707 0.120563133504931 0.111207076504793
DK06 0.0259689877001282 -0.0590301008009675 0.0489810442250578 0.0311603352332283 0.0458509544602399 0.139170989452099 0.105833475048677
DK07 -0.0559584433137162 0.0671088013146854 0.0302310608751616 -0.0477371236801801 0.0512857525391022 0.0769317697357128 0.0678229634601713
DK08 -0.10430496911565 0.00956341057242498 -0.00218883297581364 -0.0484092571272688 0.0622379183559542 -0.0763146740836259 -0.0310131733507685
DK09 0.0182690562584892 0.0357378123686359 -0.0115636198927153 -0.0649649417373593 0.0176789749644743 -0.0456746174522928 -0.00519689485672505
DK10 -0.203257095824735 0.0480167804032671 0.07710965909346 0.00320216077452818 0.0831168982351578 -0.00940320373694565 0.00598545875428991
DK11 0.0619454813372745 -0.00980183022011596 -0.0503803118938087 -0.045691188126062 -0.0491356322778925 0.169975418460046 -0.0642498473426474
DK12 0.0631804850689174 -0.0377056919176728 -0.00460366005266976 -0.000650074326333004 -0.0263171682708665 0.0362616047337898 -0.0417310315959541
DK13 0.024753782508855 0.0358669067809961 -0.0282587256863911 0.0446299251210844 -0.0694420054238754 0.0142641009622572 0.0297209434012395
DK14 -0.0751421190303945 0.0322174981135568 0.0659039669744825 0.0629812461505241 -0.159982833899 0.0546759863825911 0.0112466932710101
DK15 0.0896609917263728 -0.0301991144833269 -0.0937710064136037 -0.0605140688558744 0.040167496589255 -0.0116503419370113 -0.0701853461143194
DK16 -0.020213401861653 0.00988032702741733 -0.0618412196901444 0.0600256242133984 -0.0475244815932621 0.0498342460014148 0.0193723179454711
DK17 -0.0460508000407403 0.11316608950895 -0.0226097431736324 -0.0217651603438485 -0.0553588294810554 0.00715998694460504 -0.0676643943091361
DK19 0.0308451330690736 0.020590102290074 -0.0858063463489331 0.0528596347255018 -0.0857999517117861 0.0316766047666083 -0.00939960802904808
DK20 0.0713818794567342 -0.00800565421183407 0.023071976059285 0.00490325672328462 -0.0583656853605264 0.170207136605218 0.0196933943287027
DK21 -0.050071948948427 0.0961125236957706 -0.0958730017335231 -0.0701976922092734 0.125256952731532 -0.052385830049621 0.0458074682324983
DK22 -0.0470358894229345 0.0758117771432631 0.0678319037808025 -0.163584250152281 0.0439701754575866 0.0548827769171473 0.0555222951600315
DK23 -0.0758512202008827 0.0610492445696441 -0.0717653652142416 -0.0794525604952034 -0.0165533738083533 0.0163362168217239 -0.0159038361278575
DK24 -0.0564931403046869 -0.113958458752679 -0.0284822545888754 0.108316087075443 -0.161136826483136 -0.0282531501957407 -0.102795523921986
DK26 -0.109726753266936 -0.0361145670082494 0.0246309536834099 -0.0181804993551904 -0.130824990803191 -0.0173713963735608 -0.0320685458108471
DK27 -0.117139302056013 -0.00217049692885876 -0.12434877345878 0.0258583654387772 0.0588590832291026 -0.0286096496907243 0.0390122020855101
DK28 -0.140963546224432 0.0192310430140907 0.1317385477766 -0.103617131183887 0.0158682457496621 0.0232618895506309 -0.0321111390504005
DK29 0.0786055441762622 -0.0104767276587878 -0.0285320148782237 0.0749574787441098 -0.0260508871411147 0.0799863730288407 -0.133872719289347
DK30 -0.138775613181105 0.0516888339550548 0.088341856712969 0.111362630663256 0.00701216780421278 0.136268390127109 0.0814949626193264
DK31 0.0121493810402823 -0.0294113083353938 -0.144221205173624 0.0101971420955506 -0.0310842572531943 -0.0535901904607455 0.0432810841840571
DK32 0.0227287465054112 0.070184259304239 -0.0127237441296203 0.0604835645608867 -0.0445735804643476 0.0397566415014269 -0.105295081027243
DK33 -0.101990562120259 -0.038495644872414 -0.0774687371066637 0.114269161930069 -0.0507094130747301 0.0759508552715268 -0.089551758446189
DK34 -0.0701969640977718 0.0708013482862856 -0.108277640719191 -0.103657042291106 -0.032351046125906 -0.0468570550531419 -0.0621282779126393
DK35 0.00602308938236559 -0.0188068097900282 -0.148051894445618 -0.00854660546558199 -0.0219354670078942 0.0135329476241871 -0.093339643390105
DK36 0.0515615194982198 0.0434343503884853 -0.0734954206399625 0.0649408255114962 -0.0750990045939533 -0.0203197714265942 -0.0266785658357829
DK37 0.00350067573956343 -0.00325010347728338 0.0598738647494299 -0.114849535811794 0.108222362555119 0.0864948409704499 -0.227453125296067
DK38 -0.0276445884976511 -0.00217439986851888 -0.0160792677933285 -0.0550202011054051 -0.0794560020252716 0.174305805233911 0.00138249709805499
DK39 -0.0407253312427548 0.016874805254322 -0.124279785238202 0.0768128712112433 -0.0104660418784573 -0.0118195407553536 0.000577011991856217
FR01 -0.0565604707320176 0.13212893846242 0.130586126716037 0.118549561853873 0.110469317291922 0.078230164631552 0.0373884314791703
FR02 0.0503590786347063 0.0539013361743582 0.0505827637856239 -0.011831750752322 -0.0440129659961844 -0.023533707037291 -0.0130712067922955
FR03 -0.017361657978247 0.0938727828056935 -0.0768326989980654 0.0355076703771083 0.0692131785081517 -0.0213658029866466 0.0119256740758375
FR04 -0.0644326857842094 -0.0681455506990979 0.0208856573896674 0.136396505137625 -0.101704786126248 -0.122439169004287 -0.182058623078028
FR07 -0.138556297730107 -0.127703464368097 0.0195881680231389 0.0329793692330879 0.00525187221876001 -0.187769334396604 -0.0226717782892599
FR08 0.0301685353658522 0.0206709882394369 -0.0358905950396806 -0.00294288927399439 -0.174678806921865 0.0631350138762451 -0.0116360706678657
FR12 0.0439931295236445 -0.0410170386943344 0.060100748866575 0.080060243573465 0.0081006283485701 -0.0025338621021386 -0.0253894867316939
FR13 -0.0626067044063408 -0.0705887316602953 -0.109349465918038 0.0301960569419299 -0.0795170930251592 -0.11675383165376 0.110039518564807
FR15 0.0483598083845811 0.0293029261614556 -0.0857310706875683 -0.0206970880941265 0.0461398070986146 -0.0955350057608418 -0.0023068223119917
FR16 -0.164611194279415 -0.0484966704076636 0.00703368046430698 0.0431400375574635 -0.0197646081857207 0.0487360747817116 0.0295250547401411
FR17 0.0342527781410012 0.0697599338776158 -0.0573295171618463 -0.0109606145452328 -0.0594153186843765 -0.11792642900896 -0.00765604624700002
FR19 -0.0528773192824826 0.0437380076299353 0.0542641206191562 -0.109222611206797 0.00513014714709597 0.153532940821032 0.0459756075937589
FR20 0.133900875090038 0.053089861419078 0.0258772795995188 0.00837111847701863 -0.0649324089700095 0.00133363532874677 -0.0631133154068401
FY01 0.0223708312221814 0.0567435602438299 -0.0374689630966899 0.0248916914346082 0.00116093518916622 -0.0837933933164956 0.0130610099095136
FY02 0.0597453305979159 0.0694271278676537 -0.0714710805007138 0.0399363774563611 -0.0338672109935948 0.020485011456478 0.0115840400057679
FY03 -0.061899351689678 0.0333254305943303 0.0239530851344947 -0.0514448013397633 -0.0712885626297901 0.0725380208048022 -0.0511246162797854
FY04 -0.0071963750603191 -0.131636256405577 0.119958728268093 0.11241447101044 0.0999207792886823 0.027903387171039 -0.00364765210587587
FY05 0.00754488263038285 0.00488427597962583 0.0909666685525457 -0.124804827166025 0.0760659488779298 0.0316543536627258 0.0150470314427068
FY06 0.0089592507620217 -0.0223099461974361 0.0949302574168482 -0.0824899338486322 -0.041734912208942 0.0100683654433935 0.0686444861260101
FY07 -0.0287671287520085 -0.116933758800141 0.0431016636774661 -0.0122372945578059 -0.11483625731163 0.0400849916782753 -0.00110164948195457
FY10 0.0483100111255648 0.0319299595161082 0.0642717693166482 -0.118623327862795 -0.132095590153004 -0.0210303020104111 0.0412218580380518
FY11 -0.0992377310035518 0.0124838079093635 -0.0220628172872507 0.103492163857497 0.0144786649668971 0.0192675897674238 0.0339459271677339
FY13 -0.0348623853022365 0.0957629568289831 0.128967048335938 0.0250664304297653 0.131004399893525 -0.195272577533474 0.0147149582764119
FY14 0.0575993370895653 0.0304693832085246 0.0262568165742779 -0.00498221766367444 -0.0639170059446691 -0.00351743536526979 0.0102672200694381
FY15 0.0629860736176942 0.0516675380284131 -0.0772364397971701 -0.0263640550013304 0.100570143323578 -0.0210452312008277 -0.0701448184012017
FY16 0.0202042384586722 0.0667589472911642 0.0554132732675216 -0.0119718993531488 -0.0593863117041542 -0.0095584219665491 0.0454423658136874
FY17 0.0327951382567728 0.020105895695399 0.0239822321333595 0.022146577672923 0.0551088376722648 -0.0339063026351618 -0.131124867055616
FY18 -0.0439767825587831 -0.00252059865493753 -0.0199378269280552 -0.118605063717577 0.0869573275878206 -0.00235812411602434 -0.0520971066097032
HH01 0.127948620766352 -0.0555166142226304 0.020435241054926 0.15635348836339 0.0436750216319373 -0.0886390058893611 0.0937278703685768
HH02 -0.162152305117115 0.0145962809425928 0.0335100422235189 0.133027144775185 0.0401276898683826 -0.0165550490278896 0.0766291524314487
HH03 -7.64945860074957e-05 0.021439060581587 -0.0089629660625796 0.0615805643283401 0.0496765670448482 -0.0095027949290921 0.0389202006960631
HH04 -0.0743636208819832 0.0446110982249196 -0.0680273823913857 0.0249259470374982 0.0118829846325589 -0.155293502893151 -0.0239784762543963
HH05 0.0277811263348106 -0.00928020256548543 -0.0184626883538585 -0.0675430558017044 0.0201679060123491 -0.0196601707729839 -0.0498142954365776
HH07 -0.015743022593519 -0.0948432781007358 -0.00083154531709868 -0.0348528542038404 -0.0458690764087486 -0.0323817892581513 0.0569764881865462
HH08 -0.0597036303190867 -0.0423402401408598 0.0442723911478411 0.0105782042342144 -0.0165857626789842 -0.0437394873414902 -0.0450410068391058
HH09 0.0566801927697718 -0.00858823874025733 -0.0405633050677427 -0.0259648508329493 0.0417722778531796 0.0153266466262736 0.0825337183283557
HH10 -0.0774867729710426 0.0373990374149696 -0.0186136616596411 0.0619496701702681 0.101304011101756 0.201596808279019 0.0272251302448752
HH12 -0.013080219627331 0.0160021741537982 -0.0148210740372537 -0.0446925476872567 0.107660652817645 0.0208987380180592 -0.0500027474937333
HH13 -0.00256719388878887 0.00980085861475997 0.0807761894730181 -0.0159136749133733 -0.0392858791381804 0.0317635113932039 0.0577319039700729
HH18 -0.0693994523743189 0.00260847395388707 -0.0791773738081271 0.0479423116988375 -0.0808624916611286 -0.0686159544044136 -0.0371733332483241
JB02 -0.0468857801924462 0.0579765723691643 -0.0627796248757687 0.151622365316836 0.108642345428904 0.0109327570904987 0.0850215780131575
JB03 -0.00406271309395028 -0.0735121934602613 0.104478653853318 -0.00391183238387291 -0.10139531402042 -0.0997892960502666 -0.0659543144878882
JB04 -0.0373171023636101 0.0453391976761256 0.0942500834817808 -0.0705921683176858 -0.0594075011679087 0.0181527337496878 0.0202093085839732
JB05 -0.0288969787417853 0.0227781455584289 0.0919138759580429 0.0846285150918051 0.182757016075106 0.112415370019637 -0.0464100937935709
JB07 0.00292109142057764 -0.00292810666908181 -0.0512966393191599 -0.0485959656479302 -0.0292757924016309 0.00400507256306006 -0.0296100265374849
JB10 -0.0943574601698528 -0.0323333454677837 0.0671021008483075 -0.0203796789169751 -0.0469455391791493 -0.0480888254595716 0.0138536370828883
JB13 0.0146562085432445 -0.00815115588969377 -0.0765749334983507 -0.12989065841734 0.00366665998458986 0.0338206135795672 -0.0278389422730317
JB15 0.102717261414692 -0.027016433599257 0.131704083304858 -0.00625383380386786 0.0605730821492988 -0.098418072142923 -0.0513046329393229
JB16 0.0747417089522859 -0.036736131454315 -0.0258203534363789 0.00376796413179678 0.00614094979337036 -0.0420155737113864 0.0316617953446279
JB17 -0.037516210332951 -0.0247004788239835 0.161052382718747 0.0492186904132876 -0.0578502628008255 -0.150911575404367 0.0785089518181409
NB01 0.0297716161764601 0.0291711123242257 0.0219871689327654 0.0348759115893303 0.0567981600967517 0.0242111390343729 -0.0619307570128674
NB02 0.0373456394364383 0.0327060768183072 -0.0131445442962274 -0.141084039173555 0.0352139140351198 -0.0152342381456941 -0.152412190977891
NB03 -0.037448479935932 0.0257311449191175 -0.0420773464765343 -0.0494961611585569 -0.0892728801873876 -0.0742281555731172 -0.024026705515327
NB04 0.00651647812315056 -0.0180328915053466 0.00813255771101595 0.020096322620848 -0.0181705160832611 0.000684174435239795 0.0519722248281621
NB05 0.0546168329254129 0.0635669207868258 -0.083927755040737 -0.158176753415496 -0.0423387145774364 0.0555780119978496 0.0193822154005868
NB06 -0.00530825270037094 0.0726297924422203 -0.0672610252687933 -0.040440367654241 -0.0108200716896895 -0.109601111624209 -0.0515479010628773
NB07 -0.120662676155847 0.00234793301399356 -0.021410855536268 -0.0333194943731362 0.0097519303624402 -0.0635107250201134 -0.0241276568167016
NB10 -0.173040075200741 0.026375656206002 0.0720958226571753 0.04090720221907 -0.107335752915476 -0.0134383632452729 0.129483070639261
NB11 -0.000498544618701074 -0.0185586430306583 -0.0209918257686828 -0.173270100057232 0.00309006892789846 0.0215616758238177 0.0133410098367159
NB12 -0.0295953606829576 0.0515696688024909 -0.0781992462140192 0.0865976748872253 0.0225215597964457 0.0763114673492206 -0.0219814409577482
NB13 -0.0370676206952009 -0.014459569001793 -0.0617954449375531 0.0242245021222365 -0.101816016513301 -0.0448294591219749 -0.111380385807538
NB14 -0.0254977066602159 0.0771868421806217 -0.130665011368193 -0.00178405029802556 0.0621002832259337 0.104985148172331 -0.0656714143050883
NB15 0.0423068759258925 0.0372559957895415 -0.020598878366334 -0.0498040965611272 -0.075510028476968 0.0135646412810996 -0.0609790900777849
NB16 0.123659754197704 -0.00889986598106673 -0.023163409514846 0.0413302824667201 -0.0861416022035287 0.10644083961059 -0.0274908807649777
NB17 0.00569599028340153 0.0162941033956073 0.0558513728675032 -0.0878966219193945 -0.0151753108878173 0.0307559078709181 0.00389743402428165
PA01 0.0553548239539701 -0.120686522285927 0.0807156371391507 0.000727292947196311 0.00448050736921206 -0.0227280879870282 -0.107669760885815
PA02 0.00825547911188707 -0.0291752043355677 0.129682268333241 0.101667347827687 0.0336688526910503 -0.0140531105911972 -0.0320112083234452
PA03 0.0531085030921531 -0.0249780448350013 -0.0260961031282815 0.0809440491786751 0.0318868560245734 0.0850069456263427 -0.0159476087596515
PA04 0.0502242058193577 0.0350887272106312 0.000565328469248727 -0.0619430543083406 0.0574319898731297 -0.149236777440497 -0.0063798369861112
PA05 0.0800326684896851 0.031656341126254 -0.0576789015300472 0.12145958387518 0.0474170825875513 -0.0298653745750492 0.0103784066085166
PA07 -0.111065673049392 0.152815128220507 0.0082087623669985 -0.0478858228093741 -0.0174303434613726 -0.0239302057111834 -0.00134804263865517
PA08 0.0841929513406306 0.0158278050595722 -0.0291032350055469 -0.0283238367642259 0.109704622650111 -0.0107685457580015 0.0881152654077618
PA09 -0.0395019361315814 -0.0967805939651318 0.0511793232702739 0.0262814511458736 -0.171205399649137 0.00366655154690437 0.110059586723925
PA10 0.0309090334273259 -0.0694232679966974 -0.0203736909792873 0.0186441861960178 0.0563345783078667 -0.0246703224037936 -0.104350438296141
PA11 -0.156945564860517 -0.00796958431475834 0.044038731459606 0.0325845162901066 0.0511239429082021 -0.0309632211490021 -0.0585989540243752
PA12 -0.01644093821949 -0.00391153485616742 -0.0446519788093521 -0.0786286717642092 0.0183164749285001 -0.0419750538921276 -0.0396714288098608
PA13 0.0286091495658454 0.00247434425497565 -0.00593223741384026 -0.0683995296042904 0.0615379368518667 -0.0569274749402461 0.127576340689858
PA14 0.0938142943894616 -0.00979252935953038 -0.0646464013306116 -0.0552706306444477 -0.0260138146777281 -0.0484595859841141 0.134870616914401
PA15 -0.0217428595873604 0.0512986595020744 -0.0212357470892808 0.115460906780742 0.100755491457447 0.132525032919065 0.0314710549906939
PA17 0.0191169044693998 0.0702304429092411 -0.0533599382835074 0.0276768571607616 0.0164360909115855 0.0339556275331086 0.0229208447107813
PA18 -0.047121215102227 0.000848636855663252 0.0878523436141723 0.0504983639962808 -0.00515998475837936 0.147581794943264 0.0762901042925416
PA19 -0.155742179634944 -0.0723523557702368 -0.102653455442297 -0.0819419616828496 0.0859366207233113 0.038324122775006 -0.0143419394760111
PA20 0.0382716532374197 -0.0408024970564298 -0.0845821381172173 -0.0667047803891195 -0.0235759887227367 -0.0944097490724837 -0.0636728887172659
PA21 0.0052383603310365 0.0698105993891736 -0.095794204464984 -0.0275002944944493 -0.010904308450931 0.017743376124567 0.0924919771632901
PA22 0.0193354027903377 -0.0781057159124926 -0.0972231272602065 0.0129731052781782 -0.075210769307029 -0.0130688343905703 0.094709692259916
PA23 -0.000372003117650301 0.0657199946591345 -0.00207394036896009 0.0716709942074359 0.0303345611795025 0.0902606153019897 0.00406066132241021
PA24 -0.050632647855656 -0.0323680538442614 -0.107632068740248 -0.0780796080479756 0.17780760033631 0.129522420165466 -0.0156275797797431
PA26 0.00236747274920233 -0.02966333845388 -0.0109093766639049 -0.0109931927626967 -0.047794022211316 -0.096568677871263 0.0820374335642388
PA27 -0.09386784718512 0.00239125280611023 -0.0197270453878163 0.0211664835293088 0.0623844463283346 0.0537940695858818 0.154341951519211
RB01 0.0790595915004947 0.0704527839405333 0.0950431015804686 -0.0331907686210555 0.162126960961379 -0.0343354322259645 -0.0138488601569365
RB02 -0.0664641399390068 0.0260329459078989 -0.0155089061751221 0.0151359053106457 0.0707494917943588 0.0111374851118237 0.211178487626132
RB03 0.0739263139376411 -0.017358361340364 0.0244630797597784 0.0631499630457069 0.130943706307199 -0.0281834971913293 0.150303924682804
RB04 0.062987332102232 0.00466972430912668 0.0798116783822761 0.00768030400286624 0.0925918339516986 -0.0702099328948752 0.054072718374758
RB05 0.0419051927904368 -0.0197132642565233 0.0250157187968772 0.0283922434675233 -0.0327403978585635 -0.0762563710657942 0.0864913673932057
RB06 0.050738696872102 -0.021670547146737 0.144110659009588 -0.071717363775652 -0.0746843798838022 0.0211061330385363 0.0481320551081516
RB07 -0.00574848963349342 0.0346888516582976 -0.0388049733848237 0.0331718902331375 0.0229362566451654 0.0269871559949694 -0.0178126144828424
RB08 0.0759801679674496 -0.0382941530578854 0.0311315114811705 0.11455832731968 -0.0717775601631355 0.0657331494289135 0.0028911168528399
RB09 0.0676167706581694 -0.0973498633057813 -0.0232968720894462 0.0119953562375304 -0.0947612808970875 -0.0390277454418261 0.0976368057456125
RB10 0.0226871605761834 0.045962648613424 0.0609432615831692 -0.127917443618698 -0.0515768487904959 0.0613835353295875 0.134386548734571
RB12 0.053206046358368 0.135054411656287 0.0635020397906969 0.0252275924825593 0.0171219180099522 0.122410999295075 0.0277731038689246
RB13 0.0845203186347673 0.0231523083627234 0.0669213343841397 0.0146187581754456 -0.108045653460839 0.0354291115924852 0.0465630421371377
RB14 0.00715251239209284 0.0170035149146766 -0.0215558222412825 0.00593443795741406 0.0279968633373111 0.0123490025098369 -0.0235041941883302
RB15 -0.0240170794586835 -0.0160000672565029 0.0171297606396413 0.0244800040162195 -0.145169283898199 0.0823397479213674 0.0190897728985499
RB16 0.080690011374775 0.0309417975495456 0.0785876282322236 -0.119464410936683 0.0153994231413601 -0.0067866226216796 -0.0128379133768535
RB17 -0.0716502310330407 -0.123614062105817 -0.0265562450802521 0.0477782141337809 -0.085778577355855 0.0196213183941487 0.0163211026513557
RB19 0.0842222364710608 0.0545603980497551 0.152381889224397 -0.00665984410489428 -0.119647279601727 0.0205296148314458 -0.143421661310064
RB20 -0.0156630661071241 -0.00260022681688012 0.0510632226059547 -0.038287931425939 0.0304209711940843 0.0486624555838396 -0.0999489366267741
RL01 -0.14061279897831 0.0224170419719533 0.0740021352048302 -0.021989839319759 -0.109890913617122 0.0866120015097465 0.00745604906800161
RL02 0.0143595752612234 0.0134471030120031 0.0847767497908156 0.0230192873248228 0.0273374544694406 0.0625660197061831 0.0134138638100462
RL03 0.103444478295244 -0.0165225370357323 0.0419540911741185 -0.0570553541793189 -0.0288467177471215 0.0534827991025629 -0.0884114895042983
RL04 0.0861230746244702 -0.0119934389809099 0.0330031938824194 0.0220836529937985 0.0801193920783533 -0.122009798240269 0.0443402745715186
RL06 0.0946862156205529 0.0463348927732502 0.0268636546535509 0.018630917958651 0.0936268747964592 -0.10001689540636 0.0298832849354038
RL07 0.0317323210360051 -0.079006373768476 0.0355303075235405 -0.00263415567712217 -0.004005450996861 -0.0378889975490476 0.00229927470620842
RL09 0.0591200088851811 0.0178198025664324 -0.0426168977425505 0.0765115017822161 0.060759816413463 -0.0547328965576958 0.0808763001651525
RL10 0.0719189154303338 0.0311150504416955 0.120694794477147 -0.028933890068362 0.0533126528230879 -0.128714421648873 -0.0624857380327619
RL11 0.13497011788633 -0.0413285143001682 0.0968189053304475 0.0941994120243143 0.09976267792513 0.0389117758296629 0.0620844403801181
RL12 0.0123523743816104 -0.113288943169779 0.0737438444915678 -0.019374227197076 0.0210631554101103 -0.0495322350370489 0.0839622251584458
RL13 -0.00904894843425906 -0.129070801449562 0.13505315858544 0.00238175493596846 0.10546150495383 -0.0987063049742834 -0.0434860582117978
RL15 0.142168934556466 -0.0405395856483792 0.0790072556854663 0.0478364941621364 0.0394349392574864 0.0262596321791035 -0.0199675619064684
RL17 0.0106108493201304 0.0366113194629772 0.013777492962068 0.0139255708039034 0.0773958150918505 -0.0280424711279963 0.111211761204226
RL18 -0.224419448751998 -0.0276077232426884 0.0355766076965216 -0.00977501755358223 0.0462744618454583 -0.0648883720280704 -0.0158591001546144
RL20 0.0352954253863449 0.000701995491808759 0.0779190025824977 -0.0308300298679845 -0.0198531548910827 -0.0265313941935914 0.0912873035073309
RL21 0.0602105967927254 0.0184712954383202 -0.0363610206321444 0.0742429408176262 0.02864180120624 -0.0741580821203588 0.00776372979441533
RL22 -0.0472299591778768 -0.136699774192922 0.160176740367451 -0.160321476144188 0.0561855223501872 0.0711209528390208 -0.21374064536443
RL23 0.0695723447497092 -0.00674675596408699 0.135811620802232 0.101579155679254 0.0582035136125558 -0.0925145175060305 -0.017066491728592
TR01 0.0445083284744294 0.0722440610369833 0.0479441935567112 -0.0473025639611105 -0.0726188031243725 0.0315599131751985 0.0424690157984379
TR02 0.0493277898135193 0.030013746579262 -0.0255571535411861 -0.024194030427216 -0.0424963527948586 -0.0307042857835181 -0.0141728335215122
TR03 0.0781262247630349 0.00292039492374574 -0.0679153057949108 0.0960853177903695 -0.0257326518819317 -0.085680607631672 -0.00928895627217846
TR04 0.0995616868957477 0.0372278828439815 0.00586773181795905 0.149802714808989 -0.0515781424041597 0.0547888683860694 -0.0705546801359367
TR05 -0.0105755804200945 -0.0262554951708687 -0.109905941514499 0.0174356802196428 -0.114240604682911 -0.000438186414104065 0.134826615051974
TR06 0.0290105994544015 0.0573950899993544 -0.206299229070488 -0.0044887055291934 0.0799158252396137 0.0155564211890202 0.00694428128127939
TR07 0.00763801854269276 -0.00494765496866528 -0.00127134860534299 -0.108120305747322 -0.0345093933974961 -0.0485919694940819 0.129671110620653
TR08 0.00744981066606327 0.0771006221100088 0.0160233755066792 0.0230332722254581 -0.0577562186269425 -0.0417220227158955 0.0835849336477707
TR09 0.131763651719698 -0.0166509617142603 -0.00163918495781082 0.0453109273640656 -0.0295656167423189 -0.0125141291758335 0.0423602538739562
TR10 0.0800826009110791 0.0516765055053715 -0.0787263001600528 -0.0553337453607156 0.0117108113832992 -0.0603143136200795 0.101655233577657
TR11 0.0681588884347711 0.0168311031580598 -0.0471885645038773 -0.0386253219565623 -0.0646621042018919 0.0123451891152874 0.0125242534412482
TR12 0.0213939764986819 0.0182194331812661 -0.0034030024512861 0.0823828424347477 0.0637918009763365 -0.0744450444430206 -0.0383081060566395
TR13 -0.044758425238019 0.0305670750674581 -0.107085822117081 0.148311826603045 0.0939743893216997 0.0401071898888405 -0.14925857752025
TR14 -0.22260512779609 -0.0258752859525578 0.127081263040595 0.0414399597003312 0.0677475079063323 -0.0600228106926643 -0.0982041495238014
TR15 -0.0271543728313612 0.0658279227580857 0.0463519471505455 -0.127034509044446 0.022525323312205 0.0421833925777979 0.0984798866662905
TR16 0.0126884749776904 0.0717708858706051 0.141209471568521 0.0297055350244945 -0.0531817029127561 0.0548804144151822 0.0283891201421233
TR17 -0.00596868297308256 -0.0215187137787355 0.08299078934121 -0.0562689408194992 -0.12746441595661 -0.0965106360045957 -0.10032898577372
