sample MDS1 MDS2 MDS3 MDS4 MDS5 MDS6 MDS7
AN03 -0.0082657945530995 0.0578438136681114 0.0396657542026478 0.00125388636500135 0.0250535359953732 -0.0276684710485219 0.0425434489284597
AN04 -0.0424844225506335 -0.0231239954373227 -0.0369641932553798 -0.0124798094550895 0.0169069736054009 -0.0406427447549126 0.0293449424823088
CS01 -0.0742578208896807 0.00414737036011953 -0.0312348972740162 -0.14548311836051 -0.0845410166879237 -0.0704642097083681 0.0325053064023705
CS02 -0.0557406369793739 -0.00858829384681076 0.0462015573875003 0.0765825770432667 0.0740744098859573 -0.0553291677786508 -0.0943447113995755
CS03 -0.0472782642659585 0.0306667511853241 0.0151741521005101 0.0502648562675999 0.035603822932022 -0.00793917161512563 -0.00812531209664451
CS04 -0.0318783373561019 0.0294517963891098 0.0175269069385869 0.0115326215061884 -0.0388709463984465 -0.149142421640727 0.0186105619743009
CS05 0.00906644926641073 0.118397991408343 0.0454868583655359 -0.0569459888898844 -0.112945601579069 -0.0265684977318618 0.0275936608722822
CS07 0.0643287674003301 0.0504934447608226 0.124157745292561 0.0655783781779506 -0.0564287851066431 0.0646213173166063 0.112381482030274
CS08 -0.0958030210662739 0.367326448114194 -0.0691891123962339 0.0869198199795724 0.0510071274147254 -0.0249267034077387 -0.130988269099164
CS09 -0.0736170323107849 -0.00603131039546945 -0.0640787104715501 -0.133194367233053 -0.0226387334628171 -0.0113910614619678 0.0468695727342877
CS10 0.0232136847227225 -0.0703460634523018 0.0610313940624148 0.0720169421689593 0.0264418847730445 0.0316163051284901 -0.0259216114700647
CS11 -0.101360968586737 -0.0547534998746585 0.0171400554384246 0.0489354143808935 0.0672526292814118 0.0358341815410962 0.0320876992952602
CS12 0.0502824851984775 0.0446093276326422 -0.0101384925841648 0.0383699914533289 0.100141541796172 0.0374685367265482 0.0397958880432264
CS13 0.0491136047007488 -0.10411950862948 0.0126501762145647 0.106057516301345 0.0517320472811979 -0.0978464523600684 0.00474896003375003
CS14 -0.0240705096785084 -0.0216010396312642 0.0476486649147457 -0.0756212509846729 -0.00121310879090217 0.0476058762342324 -0.0149869721242066
CS15 -0.0429026178806386 0.0341583280736424 0.058539261038456 0.0257249827704379 0.0223307261572477 -0.102111955268975 0.0343315547727246
CS16 -0.0550211766992734 -0.000520298019166216 0.118648788369633 -0.0267115746833427 0.127418724916244 0.0397561883668266 0.0576421541750552
CS17 -0.128240990364981 0.0438862770559241 -0.00635004605542848 -0.0710195267268488 -0.0806099764625595 0.0082475673879973 -0.0958222080186783
CS18 -0.0191511695202128 0.0240989637371627 0.103520107055385 -0.105843262225125 0.050581713398227 -0.0419613125026317 -0.0236013994373947
DK01 -0.0404804475340244 -0.0662816837070056 0.00863828254800881 -0.01747327985236 0.03988896104925 -0.0340208277357463 0.0555229673537486
DK03 0.0924182109076035 0.0469777697663996 0.119098595374061 0.0132325598708101 -0.0673864615135053 -0.0189185061548395 -0.00757989387789602
DK04 -0.0559909626555766 0.0903362901919218 0.101102714361398 -0.0656982594568554 0.055746950808844 -0.139813247402036 -0.0862561816968738
DK05 -0.0464415305420768 0.541665014037792 -0.07977496057356 0.0485581526271911 0.104565165669999 0.0132219081368585 -0.180788627353895
DK06 -0.0307761495153394 0.0349837191820919 -0.0631147358785821 -0.0672311820108886 0.0588305595320541 0.0626694451397818 -0.106252980749396
DK07 0.0606345845015848 -0.0650226673782722 -0.00207829348879182 -0.0088581939696053 0.110104175629179 0.0101779416345684 -0.109398518227411
DK08 0.104826738694737 0.00146304488738602 0.0050293674835603 0.0490657420258874 -0.019026595894423 -0.0946934626589043 -0.0060637902951711
DK10 0.22350024433668 -0.0280791230480717 -0.0366993611830204 0.025783333722402 -0.0407994678051847 -0.0330595845717939 -0.0533965394186748
DK11 -0.0785918554466409 0.0136580447047744 0.0512941954336726 -0.076223445072388 0.119706800169218 -0.049715271163892 0.0383348233189863
DK12 -0.0735784644596695 0.0334719164220599 -0.00400975731138844 -0.0454795703372871 0.0567414191724786 -0.0407844925378235 0.0462587188212462
DK13 -0.0213150383833391 -0.0426814559143376 0.0382071531742248 -0.0609487986177185 -0.0100903823603462 0.0735646696926526 0.0368342702088811
DK14 0.0798172535984491 -0.0300740955185249 -0.0187678517605758 -0.0950855476815084 0.0301163726254568 0.103088451704993 0.104376908193749
DK15 -0.113828499681884 0.0369944742762473 0.0532396058897207 0.0417631279405918 0.0229578470246045 -0.0832521236817215 -0.0226748941908638
DK16 0.00822223260208066 0.012124870887893 0.0640136121415286 -0.0666847650122708 -0.0265097828276362 0.0469301656063243 0.0247796550564879
DK17 0.0556030002548276 -0.0887302356839563 0.0556213956230175 0.0048493899276105 -0.0066784223859774 -0.0226816731408425 0.074017464897848
DK19 -0.0491019388500897 -0.00205847183202161 0.0827045579964704 -0.0322473047012082 -0.0322655017099857 0.0230294041143391 0.0955377853803021
DK20 -0.0744095117911887 0.00700686142736656 -0.0353139385764324 -0.0834213682595787 0.0944717083233557 0.0233162044978836 -0.0091670337495603
DK21 0.0430648757769152 -0.069007224122342 0.114628943885353 0.120312409268214 0.0144863318797699 -0.0365262124705289 -0.0844951181754373
DK22 0.0579033851565842 -0.0840503038407156 -0.0320862828854378 0.0696059189355766 0.172186077505865 -0.0310441527769191 -0.0561687767792873
DK23 0.0632424049067697 -0.0265379157216287 0.0995697039632858 0.0359744897726317 0.0826175200573462 -0.0432287923676097 0.0199962715888005
DK24 0.0300834337181776 0.133367172050734 0.0192185978071248 -0.131954541188393 -0.0592444090310281 -0.0310430613369517 0.137119121529706
DK25 -0.0306470148936421 0.0439800906852289 -0.0160778747164241 -0.00801148077399677 0.0610915191840515 -0.0814609933456662 -0.033488734054028
DK26 0.123478082538761 0.057327294320457 -0.0142288013089392 0.0294504043121563 -0.000272250058140652 0.0394753703973352 0.144530692141014
DK27 0.0824810710386095 0.042073869449616 0.141418418849237 -0.0295223083368146 -0.038650973695296 -0.0025479730875748 -0.0921251307527081
DK28 0.158862825494871 -0.0194694831071002 -0.103376976927241 0.0706712453385569 0.108874016564371 -0.0601826937470261 0.000859878610581995
DK29 -0.0908995839112837 0.00913959602305659 0.0190367701940418 -0.0976883072207951 -0.0428045798085841 -0.08626254048265 0.0751180317121411
DK30 0.148891714805853 -0.0550330069737058 -0.0221021255925303 -0.205100882944166 0.0442496325168928 0.0770934754215859 -0.0682825042072515
DK31 -0.0393220473430584 0.0487731785158179 0.135496291749978 0.0333000678833324 -0.00509033597964137 0.0537730655155217 -0.00217102876513963
DK33 0.0848144682859845 0.071440771409852 0.105703706630511 -0.152963355299319 -0.0366220294621165 -0.0370704572189506 0.0841108505338209
DK34 0.0665523527082138 -0.0284677034127064 0.124373637370341 0.094408039848889 0.0047739696848393 -0.0548064835274946 0.0770655905931091
DK35 -0.0521083079602312 0.037335301928737 0.133122461562378 -6.65901852028316e-05 0.0334525012739631 -0.0881055450561806 0.0481754624454586
DK36 -0.0769680645705311 -0.0277477643100932 0.0830579368860318 -0.0202556456780648 -0.0560028089738138 -0.00132006085389 0.0959431575805178
DK37 -0.00104505905734496 -0.0134042651131536 -0.0504017240250098 -0.00810591563169788 0.123085271471864 -0.256099033874065 -0.00618700429309351
DK38 0.0053050884972061 0.00586445171840925 0.0540943457642506 -0.138127111923937 0.222201641220759 -0.00468889715064163 0.00519889943749852
DK39 0.0213524168300671 0.0121081365718649 0.144364322782466 -0.0167363752856081 -0.0544705358177914 0.0293329419743964 0.00723253918172249
FR01 0.0791219033569159 -0.166253837438646 -0.0694640559472953 -0.127899331565324 -0.0181549033109282 -0.0244637398796279 -0.130421420072384
FR02 -0.043488818442411 -0.0594601081731321 -0.0500215283016596 -0.0118324867917215 0.0367336006939284 0.0129161188998388 0.0186235894115688
FR03 0.0187184358867408 -0.0794171597326005 0.0848601986608122 0.0351850933989961 -0.0714559721029168 0.00375534772483215 -0.0697146830542933
FR04 0.0647986974905929 0.0624062934788574 -0.0204486712116625 -0.0704699637450106 -0.154939916952078 -0.0766522733006286 0.160509283862773
FR05 0.102371658924592 0.0725420212958641 -0.0863226999877561 0.172995227465409 -0.0438679673305466 0.138866031967863 0.0493103539266748
FR06 -0.0440717860495744 0.0126142969727513 -0.0172769451882413 0.136887534418964 -0.115963308500432 -0.0603576799942871 0.0801916251285956
FR07 0.140325153371411 0.157206034840192 -0.0297373946012156 0.0654829791931322 -0.144944812504861 -0.0151914058359748 0.0136922535707494
FR08 -0.0453456103788564 -0.0120402849962252 0.0428858829134547 -0.0906072385678389 0.0900449407819812 0.0503839035590548 0.148049326001378
FR10 0.0492887850215777 -0.0508401351078339 -0.0389510093359989 0.0211939672584173 0.0268074580493844 0.0524196067789276 -0.148212398209782
FR12 -0.0362864716596272 0.0202101875192121 -0.0700993910343493 -0.0508161353504163 -0.057788890961762 0.000508806475841189 0.0149710148283921
FR13 0.0367352325427546 0.10582801695894 0.0994055457491226 0.0698429194440241 -0.0564325677783996 0.147569110552416 0.0164161082094908
FR15 -0.0509825832153823 -0.00674715013408521 0.0679615318971634 0.088108073096283 -0.0650519658531542 -0.0233358359757415 -0.0274147975951909
FR16 0.154982781427122 0.0746859343971529 0.00989329643671968 -0.0319245221367002 -0.0193437909556775 0.051802310536933 0.0134474123569711
FR17 -0.0388907936371544 -0.0634841427890703 0.0417754446142799 0.0837068828304265 -0.0761224407584368 0.0289935226132921 0.0840176797200365
FR19 0.0546108084039203 -0.0477619168700962 -0.0340618404079843 -0.020252834954047 0.174229176288697 0.00765212050202705 -0.0541256934514354
FR20 -0.123266842647475 -0.0629317392797305 -0.0406245745969238 0.00113654101554063 -0.00834357541603706 -0.0132150845063119 0.0770192824002027
FY01 -0.0241576722184145 -0.0571340491256094 0.0322254632338524 0.0665713952735767 -0.0820693886038798 -0.000744488942690649 0.0273454538787101
FY02 -0.0689210930133871 -0.0580146292373341 0.0772669906046802 -0.0226265398792102 -0.0204810576742547 0.0287906443869397 0.0288972399882232
FY03 0.0597464601328108 -0.026319825205304 0.000200367716109165 -0.0438131761742016 0.107667116664862 -0.0291078897990285 0.0635443804073803
FY05 0.012349398196887 -0.0345426648335398 -0.101487158129112 0.0834215802226673 0.0664236891227293 -0.0422321382543587 -0.0870497879201981
FY06 0.0122005271582013 -0.00354044562430754 -0.105564478636933 0.0527656842753431 0.0676004047138802 0.0524648645590335 0.0137317620479636
FY07 0.0287673496641746 0.111508190215751 -0.0503470237426082 -0.0702331046066666 0.0614058493066294 0.0307343844330237 0.0904293330977815
FY09 -0.00968637700331197 -0.0567299094784084 -0.0284368872446819 -0.146098844785759 0.0214646643897134 -0.0055403988091416 -0.0402065121068853
FY10 -0.0271995361465087 -0.0455271929436005 -0.082816329669558 0.0761252942156622 0.0481118285430661 0.0728696108429874 0.133497973858962
FY11 0.0890994877600389 0.000702237662739921 0.0355730268877846 -0.0635928373367819 -0.0546455401947341 0.0534394891049005 -0.0570395174599007
FY12 -0.0702304793170188 0.0464675854870242 0.0698912499982788 -0.0392367640351043 0.0785993939668373 0.057107403682608 -0.0829076610197927
FY13 0.0818235524037871 -0.132718226862545 -0.104006960182763 0.0972529829643446 -0.145554089420179 -0.0345165178672721 -0.0544329611187381
FY14 -0.0484335263717993 -0.0388123674569944 -0.00993217654299677 -0.0591887877280933 0.070288837554375 0.0346607409098942 0.018132546514911
FY15 -0.0641466452738531 -0.0417087213384868 0.0666304722526948 0.0230562178278139 -0.026599372923207 -0.10343512239049 -0.0686493920836011
FY16 -0.00991639711810486 -0.0796627265207549 -0.0330757344567899 -0.00352419886209026 0.0516105522855828 0.0677048614861122 0.0273368811302255
FY17 -0.0372401329321402 -0.034551763257963 -0.0129433263254011 -0.0142935686397112 -0.0439057696591936 -0.146133232850481 0.0225584993925135
FY18 0.0409869734443455 0.0196859878494132 0.0112244673940622 0.110837534262531 0.0397132536959718 -0.103970544648133 -0.0265733712504143
HH01 -0.111044361667043 0.0268724496049774 -0.0530995873183881 -0.0266685238172404 -0.163897579149178 0.106805331408865 -0.0743673540496312
HH02 0.169782231833448 0.00365534064821862 0.00545585435841997 -0.0967876979084694 -0.065695822684759 0.0662947026684346 -0.0768583607723687
HH03 0.0105280511941512 -0.027664977373129 0.00822905998285921 -0.032705457574888 -0.0644097991762194 0.0433418157271233 -0.0706951278532913
HH04 0.0780851637752156 -0.0109860767248771 0.0820805880855417 0.0473152517138743 -0.113485025241837 -0.0132880515894944 0.00959242526960349
HH05 -0.0228561977375693 0.000179304011542508 -0.00419652349572013 0.081432827341743 -0.0200500414524179 -0.0590318597247825 0.0274205469570092
HH07 0.00873025760136065 0.100048891375418 -0.0273959222631733 0.0876469351274616 0.0184223231366773 0.0569885888532599 0.050828327508551
HH08 0.0654501444353613 0.0362007651465113 -0.0372183687169159 -0.0309177458861815 -0.015093515334341 -0.0177669384216452 0.0093632561358815
HH09 -0.0553446981790491 0.00805460666082418 0.00955537783266753 0.0321411487965905 0.00235723781991415 0.0361615876463786 -0.111614909593077
HH10 0.0710859645734429 -0.0332672867444377 0.0586779659432798 -0.140039967490588 0.0482919512983272 -0.0158761725683244 -0.147630277956163
HH11 0.0380290614501932 -0.0481246383841452 -0.0313853236057998 0.0112537817871921 -0.120673109592505 0.0417324397553951 0.0378007923925557
HH12 0.0197127521164433 -0.00928989373580914 0.00704504974915395 0.0416751197167582 -0.00211697600025603 -0.095580841688322 -0.0935536395927867
HH13 0.0205180020233669 -0.0235780147566997 -0.0674879076020767 0.00762281401148243 0.0355429715027797 0.0605230510114953 0.0554629616827026
HH16 0.00991849928840274 -0.0825875329082129 -0.0338057778851754 -0.0191984042454876 0.116027742785853 0.0161399787260592 0.00609124419113409
HH18 0.0487062312509975 0.0295319754732806 0.094724580146312 -8.19472912183113e-05 -0.067923224002455 0.0160421288310874 0.108323322377863
JB02 0.0417448157215011 -0.0436949174174799 0.0952875454795732 -0.0986164623641138 -0.0858784661939276 0.05617319841769 -0.130253468086171
JB03 0.0201495102025993 0.0496364772261235 -0.11540684167032 -0.00572841399293199 -0.0502235216647696 -0.00822100290916699 0.130861977567416
JB04 0.0542149125112452 -0.0546747624415466 -0.0735554428343731 0.0277661057001758 0.0800280937266343 0.0161982303976808 0.0415898135404467
JB05 0.0472349043486395 -0.0499144701909941 -0.0751207895913036 -0.0968661442461001 -0.0185910708335925 -0.101089927549855 -0.204986831198256
JB07 -0.018782932454419 0.0165762538676129 0.0440810263018225 0.0275681572504881 0.0176198340098952 -0.0509399040116616 0.0504249254297496
JB10 0.103996144703315 0.0213566920604596 -0.0505292874510202 -0.0268529664953675 0.022958316145219 0.0270845274664119 0.0376375288312093
JB13 -0.0384423204498158 0.0208489417460737 0.0607690398953463 0.0910569107170174 0.100744034131696 -0.0761678587892318 -0.0201449257140985
JB15 -0.0656703790547356 -0.0190940641802464 -0.159900966169314 0.0558826774045204 -0.0863925075938659 -0.0602987936239778 -0.0101765163728161
JB16 -0.0874184993898438 0.0221141589918577 0.0107056998105777 0.0262578966357474 -0.00270491121274648 0.0351973838885122 -0.0340821300967815
JB17 0.060994442214542 0.00208600129257009 -0.153414153045343 0.00197481856182719 -0.0755927955007614 0.103941140503366 0.0239186565546836
NB01 -0.0187738444814246 -0.0372885904231598 -0.0270991046383508 0.0148265653721939 -0.0394751725959226 -0.0690620149961378 0.00862335749825517
NB02 -0.041046056448274 -0.029150485041832 -0.000411316285029841 0.0808606333611909 0.0579170263459753 -0.174722132020685 0.030897976217899
NB03 0.0450997890463188 -0.00364746242990714 0.0641571337186814 0.0828838364563945 0.0404933767172791 0.0287301328420632 0.139369961557094
NB04 -0.00424291010506027 0.00190459206267192 -0.0172204844042229 0.00665077413087897 -0.033328151635142 0.069356779207774 0.0211788733220212
NB05 -0.0544790721654142 -0.044259919875427 0.0613165150502672 0.0826775842925333 0.118911625026321 0.000660387948020636 0.0152113138737865
NB06 0.0114781678471108 -0.0668837710730104 0.0676179765286441 0.0923232267732648 -0.0499634001994105 -0.0468709308614776 0.049836152558394
NB07 0.130455722641137 0.0196996721084711 0.0310618017143512 0.0491702674210997 -0.0384702335371371 -0.0186699635250623 0.000460916700288118
NB10 0.187246957845283 -0.0167558656172727 -0.00954750848201758 -0.0217959678419642 0.0230381050308452 0.161405757996328 0.0374327242800371
NB11 -0.0050560378166554 0.0332001352379616 0.0154800900367365 0.105414893211359 0.14797774530822 -0.0343998019279266 -0.0185505248686205
NB12 0.0226600460341281 -0.0351444388772112 0.0968851615556625 -0.0393523268282944 -0.0627012465282232 -0.0140248452917554 0.0146672205712841
NB13 0.0239162754231493 0.0312439219845723 0.0711122538843948 -0.0115094737437956 -0.0471389234304547 -0.0394280266743638 0.155880098227874
NB14 -0.00750625781198663 -0.0392961830666114 0.15525237602857 -0.0498664392388664 0.0522369392795271 -0.105188731175245 -0.0585440680670864
NB15 -0.0434490092900589 -0.0339731922901567 0.0181903328250149 -0.0141381071881783 0.0379611383003446 -0.0218834098895277 0.066894817207967
NB16 -0.137907373121882 0.000883473335202899 -0.0106221150693042 -0.0666598967771292 0.0300547762183579 0.0326603484956098 0.0446274643883328
NB17 0.00890306251265939 -0.0209208862438326 -0.0490607130467402 0.0364806227687754 0.0765010474524026 -0.00146518848101572 0.0110265950652068
PA01 -0.051337728917782 0.0874003509106777 -0.119787778687554 -0.0370276757797346 -0.0246183331583127 -0.100243604746829 0.0356336568268106
PA02 0.0127933848467647 -0.000425675865582532 -0.128218298237263 -0.10461777468498 -0.0731250930834463 -0.0280792902623187 0.00092108600652367
PA03 -0.0682259398361326 0.00711439477741392 -0.0111096573448085 -0.0500218521077238 -0.076830096134304 -0.0160670894293699 0.00206940710594754
PA04 -0.0416401759363079 -0.0426523204882513 -0.0261960604547303 0.104006541554605 -0.0555424462000359 -0.0482871637206856 -0.0289556526869775
PA05 -0.0853412188783474 -0.0402999335287814 0.0520904391886049 -0.0487270916223266 -0.102579985430486 0.0325763307073066 -0.101975946390984
PA07 0.119261835768195 -0.135193669699603 0.0702762183394613 0.0238122269548245 0.0890190082275555 -0.00441749906805621 0.0234635966594182
PA08 -0.082175257612905 -0.0266166013659581 0.00211855075743167 0.0748557369438334 0.000243534309286505 0.0198652664934836 -0.102111469613999
PA09 0.0420224716987016 0.103651293139677 -0.0509655535823228 -0.0654688729114905 0.033271835075278 0.158945299634897 0.0952732026887603
PA10 -0.0419081366200265 0.0537488269076321 -0.0223556101753734 0.038150506960082 -0.0857533183782342 -0.107899316620167 0.0408553091254294
PA11 0.153367904884418 0.00825503709274164 -0.0116105107176738 -0.014611256992545 -0.0754898295587274 -0.0847014186325776 -0.0055921918637601
PA12 0.0021837276842627 0.0196609103590478 0.035470671810763 0.114811998314252 -0.023195167908584 -0.0879762219703285 0.0455334490737612
PA13 -0.0171334785858955 -0.0138543718297117 -0.02814958756233 0.142214768814529 -0.0200946679621911 0.0717213761218354 -0.0783431316223576
PA14 -0.0839184902632151 0.0130590968089378 0.0222537544730582 0.106391924276123 -9.42231543557426e-05 0.131691302522566 -0.0404119445879829
PA15 0.0136568507369767 -0.0426734212861761 0.0426905992814588 -0.173775108339704 -0.0210880569091665 -0.0163952838286138 -0.148298264150267
PA17 -0.0122321500904827 -0.0564708270409919 0.0574358060719428 0.0430256534488905 -0.0358615709338199 0.0166830938093211 0.00347117238002776
PA18 0.0536850134386352 -0.0168013201656943 -0.0533551054780057 -0.144382416215434 0.0942561799464325 0.05777840906785 -0.0231719433580054
PA19 0.113387154441563 0.114748075873211 0.101519134631021 0.0239445528152138 0.0505100897670997 -0.0870256457367956 -0.0694268152498934
PA20 -0.0409728054328644 0.0604696785261104 0.0468163422829003 0.04501920304566 0.0130415234413312 -0.0540899378025253 0.0569504566250623
PA21 -0.0127984130298194 -0.0274515064510299 0.117594316870238 0.0734164620965773 0.031670356617468 0.0717921191563878 0.0253849478618024
PA22 -0.0445152654805849 0.098139939089201 0.0709905820793235 0.00562567793916779 -0.00273636430399895 0.111060545897966 0.00628272836261463
PA25 0.0186792337859752 -0.0318660210903461 -0.000249145754513477 0.0903129678853321 -0.0803190577705414 0.0381035446788432 -0.0478569795040414
PA26 -0.0049175128230395 0.0311904525868518 0.0198848836126031 0.0138659524391789 0.0181863978021047 0.0776845687667164 -0.000962082386094967
PA27 0.0861452500904925 0.00682794486170828 0.0198909940942167 0.024071517683854 0.0162469392786406 0.112561553769859 -0.103218223906473
RB01 -0.0419491880624774 -0.110674722053487 -0.0945054385231889 0.0822853188010823 -0.0204984708841049 -0.0814094675947265 -0.097585822043332
RB02 0.0816811909591365 -0.00655714332007202 0.0192329769500225 0.0452101513636411 0.00725359263738347 0.165612881268031 -0.130181040547529
RB03 -0.0662748648425849 -0.015362081483729 -0.0606651454601558 0.0295656888798391 -0.119652110220191 0.0825815154480497 -0.136880025271174
RB05 -0.0268864435224641 0.0196277383579941 -0.0358420292208434 -0.00740582196517746 -0.0580125865280877 0.0941868776740865 -0.0219975977833327
RB06 -0.0302625300225942 -0.0168731396808162 -0.146774278620387 -0.00338531583489218 0.105761004178017 0.0477498670694454 0.0544915587789712
RB07 -0.00477715369588698 -0.0226194748884626 0.0733304167119883 -0.109955845442597 0.038202700847635 -0.0281009947532337 -0.0428634871382778
RB08 -0.0827280116553702 0.0104012792700594 -0.0476736760915307 -0.136460565954122 -0.0463668606165836 0.0488814984648106 0.0724292672148013
RB09 -0.0944103230939368 0.0837590210558553 -0.0216027055974104 -0.027487020574005 0.0224949911381234 0.11761547264775 0.0121399052693867
RB10 -0.00395295897929836 -0.0535256339032519 -0.0532825456987091 0.0435523648563908 0.164231547672579 0.0986385391193419 -0.0483388202179943
RB13 -0.0690232362980362 -0.0316955421656606 -0.0686520048691064 -0.00310771431170885 0.0351873413342733 0.0938760221103327 0.0997075285116246
RB14 -0.020818305145325 -0.00803391341555088 0.0283024722085234 0.0101403924621678 0.0151281242886996 -0.0506922532858378 -0.00942269784999884
RB15 0.0311424977412406 0.0199183954798782 -0.00578840853645033 -0.0851498631920159 0.0635150121049391 0.0818336871997527 0.103898781386734
RB16 -0.0532088173497848 -0.0704214939678709 -0.0932492269866874 0.0771262695493617 0.0853047287472545 -0.0141173221556739 -0.00433400914206541
RB17 0.0484593344430525 0.143114818080451 0.0208502190336245 -0.0979037540951909 0.0156106086025183 0.0278912528724403 0.0618786072992667
RB19 -0.052909210476723 -0.0906062621907692 -0.163727447287044 -0.0276834312012898 -0.00366024393829431 -0.0648766640310151 0.186250734929094
RB20 0.0317981253576075 -0.00811174531705549 -0.0640317868385407 0.00787189172506938 -0.0159729451816387 -0.0894583482105043 0.0532685424596039
RL02 -0.0346804568811251 -0.0318794804199918 -0.0542250961188625 -0.0851298550867341 0.024207568034191 -0.0360645087821644 -0.0640517244531801
RL04 -0.067950505897204 -0.00132121086590811 -0.056290197129492 0.0996317412810751 -0.109518857032389 0.0159139461510454 -0.0296196662921556
RL06 -0.0765660054399332 -0.0683838917486674 -0.0406350903274845 0.0517324889008027 -0.0727877430310412 -0.00594655192717144 -0.0755991673325607
RL07 -0.0350835406959375 0.0614707650092397 -0.0703641385201951 0.0275065926497408 -0.0262463634679974 0.00557921568270373 0.0134920738041503
RL09 -0.0592581651608678 -0.0147413625144711 0.0454763472597613 -0.0103464531597315 -0.0783650340829615 0.057130000804247 -0.0805796218293675
RL10 -0.0273322060524447 -0.0760869109323281 -0.135228086622558 0.0908483639275994 -0.0837039829867605 -0.0675174061610096 0.0231497984439414
RL11 -0.103095048398715 -0.00196263051383575 -0.120151897020816 -0.0815654540293841 -0.0521274579558206 0.045744687280435 -0.143320739268003
RL12 -0.00908097684893495 0.091184775278177 -0.0910358829132529 0.0098205734663261 0.0123241101131527 0.0575453425746292 -0.0637759631967033
RL13 0.0382464883697912 0.0838576900036843 -0.168269622337339 0.0446661361456225 -0.0891934694209263 -0.0840059651295771 -0.0611464829570943
RL15 -0.132471481076485 -0.00827325201818744 -0.0973368110439284 -0.104692181189531 0.00994947163190409 -0.0191244632213076 -0.0724586975735265
RL17 0.00992728458390121 -0.0534179091142587 -0.0184539888026451 0.0197779115077096 -0.0351825339718703 0.0747824837294324 -0.0993493574533978
RL18 0.232006600697947 0.0560913166489234 -0.0028115067390997 0.0213816893053041 -0.0247219801452005 -0.0402293022628952 -0.0403708906426938
RL20 -0.00805311121060637 -0.0085011263396054 -0.0759505563846661 0.0577556040937197 0.0410952715094865 0.0993261123491823 -0.0171928696225821
RL21 -0.0685799270581834 -0.0281882362084581 0.0227042645171501 0.00980533199258162 -0.0862100434597961 0.0098224880256611 -0.0068912756215058
RL22 0.0601276055592947 0.0923165971148153 -0.159133276887127 -0.0475715920225891 0.151519957254952 -0.241372592281759 0.0269154551991669
RL23 -0.0452646245711994 -0.0449499378667855 -0.149088405392535 -0.0307465497208469 -0.135705649676539 -0.0187658547808012 0.0105096815005271
TR01 -0.0314552618166288 -0.0849480482914788 -0.0101135085992243 -0.0101544307080754 0.114192425762497 0.0496604165476949 0.0501769070901266
TR02 -0.0590207930071658 -0.0289392464850728 0.0220106595350815 0.0289945458047497 0.00115505065814288 -0.00706015228523041 0.0409956363290288
TR03 -0.0757767557077471 -3.95841591601498e-05 0.0491079504326384 0.015717924406046 -0.118454234048256 0.0414336304457272 0.0303321613308797
TR04 -0.105364061290955 -0.0443858253144595 0.0111036653054439 -0.155387404863178 -0.0552622500796713 0.00318685492519436 0.0347550972100204
TR05 -0.0206176945312284 0.0518229683145215 0.100476725889634 0.0172718115231595 0.0290002746248048 0.159393444773356 0.0241956441874908
TR06 -0.0565560764064749 -0.0224737346281242 0.205929576908903 0.0273896908337074 -0.00065328623867763 -0.0378716705457134 -0.0879453431305518
TR07 -0.00934751491041256 0.00182768355689311 -0.0149433970121061 0.114102569106627 0.0798756868762112 0.0978577936191679 0.00198443596213993
TR08 0.0189074351580718 -0.0837854713192174 -0.0186306046496327 0.0126439878232895 -0.0456651351581635 0.118034490474773 0.0396566393692441
TR09 -0.131180912644495 -0.00910250391194299 -0.0245751195755274 -0.00625069837820767 -0.0472246113203484 0.0506017863850344 0.0381739189261445
TR10 -0.0736411574297164 -0.0429309767667507 0.0579008451021981 0.131681698662108 -0.0192736130702627 0.0851731134310411 -0.0423472367951683
TR11 -0.0701640807925473 -0.00374481185511948 0.0192924000521225 0.0389241472175435 0.0259566446002942 0.0289907005658194 0.0697509611642672
TR12 -0.00968474649732695 -0.029039711030145 -0.00201763460299442 -0.0394353133311923 -0.134501134751715 -0.0371303741846984 -0.0584056346940492
TR13 0.0243995043773397 -0.00726831926270737 0.125060759289054 -0.116162432509151 -0.108845561062733 -0.15743527243328 -0.0563075483534776
TR14 0.24532958388426 0.0305790721912574 -0.10017838528769 -0.0300714653377916 -0.0953777767144355 -0.108802834792717 0.00894296561526168
TR15 0.0554562279955315 -0.0680563003998994 -0.0339636902058831 0.0586385330914088 0.0819418597823068 0.0592229313815305 -0.0733821333294322
TR16 0.0282275762137657 -0.107529475973384 -0.0992636671677916 -0.0953446119123958 0.0252961976382475 0.0446198175553287 0.036767608685369
TR17 0.0218847014351766 0.0195016726608745 -0.0891799583789816 0.0561754954085402 0.0110170126052004 -0.0368942135144901 0.164849574302101
