sample MDS1 MDS2 MDS3 MDS4 MDS5 MDS6 MDS7
AN03 -0.00279112199466591 -0.041220934401827 -0.0372924191061216 0.00924843240479563 -0.00828915587304204 0.046281324726238 0.0451316010780156
CS01 0.0824563839014802 -0.0208052721481231 0.0667226805364383 -0.0473000739161161 -0.108383162513269 0.0190972509244881 -0.0534236522284256
CS02 0.069099152718903 -0.00628264559855315 -0.074572475438797 -0.00774199506992901 0.114170494263396 -0.0425462310819698 -0.0538928481859754
CS03 0.0483584084050914 -0.0381908911031557 -0.0215699614956005 0.0163479700246618 0.0224587026351643 -0.0342044206306065 0.0912919663231009
CS04 0.0381116222485313 -0.0420285759183115 -0.0217246163806021 0.0205628627045001 -0.00233513909781102 -0.00188307399636412 -0.181866494754208
CS05 -0.0349094778221279 -0.122823775361777 -0.0467550231863543 -0.0294313815690113 -0.116563390858538 0.000182361149287144 -0.0740835907836472
CS07 -0.080086398911823 -0.0402975890324943 -0.12866460712051 0.107839053089215 -0.0940242479513527 0.00164032171392928 0.00416717342037123
CS08 0.0773434150187564 -0.39574045238999 0.0285178702348518 -0.0355010623721225 0.181214918593998 -0.0416607909295115 0.0268570825807927
CS09 0.0888883469043813 -0.00590195516826109 0.0906051188714089 -0.0655005585548679 -0.0616671583084126 0.0935252270579562 -0.0555795545805365
CS10 -0.00931419471518187 0.0733679997340732 -0.0541406063764543 0.0356617274415422 0.0503606895758561 -0.0492042094408909 0.0236583373194943
CS11 0.102327367157439 0.0719348129696455 -0.0856481900356155 0.0335607713759226 0.0382276142907875 0.045461039961708 0.0302243936968653
CS12 -0.0553820556283343 -0.0402933702552298 -0.0393062504976526 0.0534462549661303 0.0850666331852832 0.0657711367076492 0.105791103873173
CS13 -0.0175245409491465 0.0911803011699604 -0.0330508525506628 0.083183734499274 0.113111511668228 -0.0374108729814625 -0.107665234773501
CS14 0.0137317338295702 0.0285620309686141 -0.037854358554085 -0.0712615262725834 -0.0689931328092422 0.030979999672767 -0.0260037974533707
CS15 0.0414412474164235 -0.027254493934735 -0.0998399589607149 0.017772235176777 -0.0024431569589801 0.00361502226250862 0.00811344045623746
CS16 0.0377084206255862 0.0202294961594702 -0.128759508171832 -0.0499287684986829 0.00991905594490182 0.113522841813175 0.0790973925348603
CS17 0.14306235499781 -0.0595460520268243 0.0229813683789377 -0.0946745363994022 -0.0658695113562075 -0.0590662228672767 -0.0634338193773743
CS18 0.0133972852371021 0.000648309045143156 -0.107191557785081 -0.116924131154497 -0.0269902691773036 0.05673443393696 -0.088441761907174
DK01 0.0494456546747185 0.0614618012434921 -0.0164544472273107 0.019856115207161 0.0346619088387994 0.07451789216067 -0.0551162921666055
DK03 -0.105862478141543 -0.0399897629466015 -0.0983489185154452 -0.00682652842312188 -0.0719761845926475 -0.0656622630857025 -0.030507348873592
DK04 0.0380093169324494 -0.0756498459115513 -0.11263298735855 -0.142920717825966 0.0555003505518 -0.0104295147963083 -0.0932373168437067
DK05 0.0254816166892391 -0.560376358001199 0.0040281729539972 -0.119828046766134 0.202547811349133 -0.0153135406640871 0.0859005827018458
DK06 0.0193860242092572 -0.0186082074075427 0.0479139433686264 -0.113145911025592 0.0781592224214583 -0.00478803787800028 0.125752872268564
DK07 -0.0607574500045966 0.0709300077639058 0.0056364676483731 -0.0775035787563255 0.11671320135995 -0.000500294679513735 0.0449300841067724
DK09 0.0247770426137136 0.0297353791082317 -0.0319230574725333 0.0131146147227662 0.0576479043388886 -0.0297594897613076 -0.0551956168615569
DK10 -0.223021971385188 0.0458763774177774 0.0729658187400499 0.00741415994397727 0.0466407664999006 -0.0691696163958347 -0.0233251282261997
DK11 0.066552033764843 -0.00382511646391169 -0.0460714509341367 -0.0664268331137815 0.0583676119285829 0.170748244181252 -0.0500682493264218
DK13 0.0276304439234375 0.0475773816170564 -0.0240787233647255 -0.0260739952329952 -0.0782439700841663 0.0214531993112014 0.0429022283915752
DK14 -0.0969641153141832 0.0268434848868628 0.0517698876551604 -0.00621335370967276 -0.0749408289980272 0.147361150600182 0.0237628235480619
DK15 0.103143921550076 -0.0303350032284461 -0.0977462222481939 0.00178284765005821 0.0621938286523364 -0.0287804458485293 -0.0480405922428782
DK19 0.0295476264747194 0.0149352354544256 -0.0770837798728085 0.0250548094815444 -0.109579532129779 0.0367197667114716 0.0302097628995427
DK20 0.06553073840258 0.00230830313971659 0.041471376512771 -0.0736920199554098 0.0487911405103337 0.127963057733891 0.0621293149039146
DK21 -0.0483093275487409 0.0643893326416396 -0.114649051847472 0.0155315046398082 0.0911741112947715 -0.119835174870452 0.000729739894218249
DK22 -0.0463173614576823 0.0830939312745796 0.000622947401624356 0.015209654763084 0.181862138795939 0.0386160449481062 0.0100407846618026
DK23 -0.0778665980611832 0.0583458118579506 -0.111076945512235 0.0320337029092749 0.0517789777384212 0.0412334905650679 -0.0214335200277917
DK24 -0.0265604433432972 -0.126723709769094 0.00552841169469535 0.00692471272567005 -0.168620765275423 0.124330486554315 -0.097394787891916
DK25 0.0424883169968293 -0.049507994425679 0.00496902720127606 -0.0301606271830492 0.0867978964616419 0.0411603447424032 -0.0614493367682024
DK26 -0.1165558151531 -0.0562110798638592 0.0207092363103725 0.134634782490732 -0.0378865059551203 0.0747924314306428 0.0619592062261519
DK27 -0.110331227487345 -0.0276851162531911 -0.142712181066315 -0.108611266238134 -0.0372277256639448 -0.0750782987594508 -0.0675105515472917
DK28 -0.148725697341991 0.0182433771568911 0.113805438445489 0.0762525598497881 0.162689129811344 0.0732901548715997 -0.00636892268525851
DK29 0.0986171627449278 -0.0110658253374796 0.00607264904319034 -0.0441701629840643 -0.0846544626233315 0.0647484832061586 -0.102807371442852
DK30 -0.141297389065442 0.0807196179756309 0.0746823259438631 -0.20546195340832 -0.0155346945441662 0.0856484891383537 0.0353969083856205
DK31 0.0111391433198307 -0.0435541068059331 -0.148709216118565 0.00806189891176302 -0.0637831249836302 -0.0508096532687293 0.0922979439356684
DK33 -0.0846054278780551 -0.0608116721771343 -0.0117236450140037 -0.0864627832651508 -0.14604211314356 0.0793102782116433 -0.0325508457271876
DK34 -0.057150454211813 0.045867384743641 -0.132256634940085 0.116801403393472 0.0226106477406098 -0.0115514931970208 -0.109881627294119
DK35 0.0277573316077444 -0.0289822822516266 -0.151623463763922 0.00451331512996879 -0.00746560792833739 0.0432410156720498 -0.00573765195213308
DK36 0.0590787754463141 0.0330180115423724 -0.080623093185038 0.0174352167900236 -0.128272992494318 0.0373981856468419 0.0126105502565516
DK37 0.0127293242867979 0.0651701085684031 -0.0209388803101111 -0.0142422451724688 0.0862179003092086 -0.0230781780571556 -0.0119045155120051
DK38 -0.0136679634534198 0.0272626891378652 -0.0865829068712398 -0.120648219844055 0.0534427081917654 0.185755111318611 0.00287028832030909
DK39 -0.0282782062023339 -0.0142970795774705 -0.0985736444132809 -0.0172410055505071 -0.110910358521835 -0.0389845469326668 0.0078935369114574
FR01 -0.0668295876333639 0.14352103388159 0.159468588708163 -0.133299850836102 0.0260974176632494 -0.0455551355178059 -0.0144182934958813
FR03 -0.0200883490709746 0.0637788626911369 -0.0534526880113124 -0.015204890163712 -0.0312233652720641 -0.120339958318974 -5.33606638192386e-05
FR04 -0.0627351043578041 -0.0728199980645806 0.0524739215132703 0.0867801132137018 -0.193635350065661 0.0520378743577364 -0.110601893118688
FR05 -0.0996195997184565 -0.0838403109422673 0.0975875863013522 0.182362722383917 0.00426792486772533 -0.0788696588512426 0.149598536278446
FR06 0.0550850306741563 -0.0235778520259375 0.0159431859635726 0.171263808290711 -0.0225773097258323 -0.0731811618218311 -0.0383679956583254
FR07 -0.130078693238876 -0.152621513804059 0.0429817475425735 0.0940161113031358 -0.0537949522850975 -0.0749135563821104 -0.0997284525896218
FR08 0.0394718525030995 0.0290422960451475 -0.0772614479447443 -0.0113989595735025 -0.0543329245674866 0.160501936535781 0.0212737012837887
FR10 -0.047185805008103 0.0492923457932738 0.0428236454403109 -0.0285820447221616 0.0681167471779399 -0.0817726144160115 0.0681327474293737
FR12 0.0411532795341407 -0.0205605493935236 0.0728852768132639 -0.0187541759146259 -0.0542264728299691 -0.0348871410940227 0.0559333999952518
FR13 -0.0684059340178586 -0.0923617984033388 -0.118100285725833 0.0636547995705478 -0.1075095407584 -0.077636371194699 0.162419763961777
FR15 0.0494834291695538 0.0127496551154088 -0.0625184509262036 0.0555704002282494 -0.00223791568081093 -0.100764840146724 -0.0320437850128648
FR16 -0.168946660532752 -0.0670532121955588 0.0245181989183966 -0.0245894992531576 -0.0105949978417493 0.00192413215276605 0.0295713590228727
FR17 0.0311259776344908 0.0574276529659247 -0.070099954618441 0.12024420095677 -0.0716225282391863 -0.0490213933407061 -0.00522491390474649
FR19 -0.0500947891332398 0.0440135826864782 0.0147903728305282 -0.0670707144747407 0.172592208303215 0.109417968686418 0.0152954096032717
FR20 0.1311040874587 0.0510904175735535 0.0264727333686377 0.0547590527917576 0.00457047052271493 0.0876736808734215 -0.0162415267834072
FY01 0.0205938128634902 0.0544852810996876 -0.0333230282719165 0.0767237746267737 -0.0906479506188034 -0.0658808791809183 0.0519747089818027
FY02 0.0565137126169341 0.0756391422623049 -0.0794613362535129 -0.0110550870373486 -0.0726367654922312 0.00349124492511639 0.0319672440054814
FY03 -0.0726719287284756 0.0484539126349754 -0.0319110027153554 -0.00198257230359399 0.0512910720846809 0.111399062091756 0.0369838255447537
FY04 -0.00531583057470665 -0.110731412885118 0.170687681260583 -0.0784837873228832 -0.0304075023194205 -0.0475954730092562 -0.00824076596048967
FY06 -0.00869578393750178 0.000609270038753127 0.084840012800274 0.0578358584434154 0.0574605905672426 0.0395822641244761 0.0616653552424626
FY07 -0.016813342762373 -0.113644959331369 0.0589480314827259 0.00835796351888342 -0.0208229201819491 0.150325742348831 0.013618447095908
FY09 0.0209054190034099 0.0543492277552296 0.0411789000864416 -0.13690123124445 -0.040933837726028 0.053083293465469 0.00643570195532144
FY10 0.0403510418701518 0.0240544315219952 0.037631610619674 0.132632882431262 0.034811484411112 0.105569797617896 0.0157130413617829
FY11 -0.110047139628114 0.0128739537602644 -0.00296601394678253 -0.0625939486539403 -0.0543678164031041 -0.0378197420700781 0.0642000773421588
FY12 0.0495516951269261 -0.0290309826506296 -0.0950149012648567 -0.103379854353743 0.00839901446635217 0.00270011012532155 0.0193920138791622
FY13 -0.0486277897949302 0.0904674339713688 0.135378150093244 0.0977788780048745 -0.0276356646592986 -0.197394709230787 -0.0254054044293791
FY14 0.0557827740719379 0.0418320164906206 0.00061925591684636 -0.0191268809370437 -0.0347320640968004 0.0573053727959957 0.0640990149617685
FY15 0.0768786257785469 0.0508755465108461 -0.0778816890744508 -0.0236445919855424 0.0308058059365256 -0.0804322971685596 -0.0999280671117257
FY16 0.00778987542660137 0.0892262551731463 0.0231841211874541 0.021472734124703 0.0228577603105365 0.0299080797108061 0.0988708141988894
FY17 0.0563335541441446 0.0295907806172696 0.0170933437907985 0.0178927663709529 -0.0168654946986188 -0.00778917939493297 -0.162500034644741
FY18 -0.0431156045959247 -0.005002943269905 -0.0377905438245233 0.0571451172555416 0.11309931738309 -0.0668077826211334 -0.0275869445889795
HH01 0.118370583074213 -0.0420930971984623 0.0938537428187081 -0.0311742956458436 -0.129078284716475 -0.143231510600401 0.0729953212786182
HH02 -0.172576189000938 0.00157812688890061 0.0690386305280936 -0.100726923937868 -0.0819176796420378 -0.0606371935664188 0.0406667102654624
HH03 -0.0037838592291289 0.0336560712757753 0.0107442307238026 -0.0496111333522085 -0.048840285346073 -0.0818234222126589 0.0378179510783399
HH04 -0.0711690590937401 0.0125866527255523 -0.0821861389047723 0.0540875860074767 -0.0893101968375305 -0.0787614137333856 -0.110730319376563
HH05 0.0301309401751838 -0.0211372455275291 -0.0184731537990874 0.0768120929629388 0.0416777305644632 -0.0272919641633914 -0.0641573952501804
HH07 -0.0131485488096308 -0.100368560440515 0.00205957529228669 0.088803071865228 -0.00198894419323727 0.0102867669297883 0.128991008993561
HH08 -0.065812101975315 -0.0425446633793305 0.0415812470130865 0.00308652862563217 0.000983430435210476 0.0402621320752499 -0.0560085794236642
HH09 0.0617893710947671 -0.0125842090570652 -0.0340856884873614 -0.0268208767118625 0.0424238153516475 -0.0621666149864287 0.0733115932910684
HH10 -0.072127352555229 0.0489890927093332 -0.00872430476499567 -0.206512565005765 0.0666722031199596 0.000498349821050299 -0.0093185213639246
HH11 -0.0387885370924848 0.038912204221715 0.0578778594738734 0.0547837832503742 -0.0731094784244113 -0.0584319083226115 -0.0342844801524594
HH12 -0.0134417842446291 0.0151880673925973 -0.0303815852594912 -0.00938703290783561 0.0768098543378337 -0.0750336385198126 -0.0822375833349019
HH13 0.00459739723759066 -0.00368262617864379 0.09717759002649 0.0328613568975905 0.0362039327597144 0.0331934719792328 -0.00398633275426345
HH16 -0.00807394177174609 0.0949064362295814 0.00764759789430036 -0.00901889929325989 0.0773949484886237 0.0658332141359175 0.0910076775645666
HH18 -0.0619002797963394 -0.0214529357770346 -0.0782232587467327 0.0593763045565785 -0.107168145601091 0.0302052477323392 -0.0565610859010017
JB02 -0.0537040734659077 0.0608969939888059 -0.0222287064605097 -0.171044937967539 -0.105571864125893 -0.135582466094487 0.0554515996648532
JB03 0.00256464762413545 -0.0565752735419566 0.0857223169365499 0.113230356632542 -0.0735398643596289 0.064070178158364 -0.0517993324703946
JB04 -0.0462349324047486 0.0627853648176261 0.0435696118841082 0.0644247879037415 0.0525050236317269 0.0553842678098979 0.103024545269519
JB05 -0.0318507248299989 0.0393143566353982 0.13073368320281 -0.157767953359757 0.0684615505757796 -0.107938780542371 -0.0150115336289801
JB07 0.0139424893266839 8.0623282881147e-05 -0.061952259076608 0.0425178348485481 -0.00827516183183371 0.0228237716372111 -0.0345381679291781
JB10 -0.0916734529211755 -0.00852366048723062 0.0422642973883055 0.0145654127599341 -0.02099898238119 0.0445010113058947 -0.0187784543947672
JB13 0.0327281622715322 -0.00913221945253437 -0.112610659498566 0.0351397545468508 0.0990486422112781 0.0237737415703997 -0.0252931693709078
JB15 0.09795342931028 -0.00823624164921224 0.159289131450356 0.0893470619624678 0.0202958064448997 -0.0628135891014288 -0.0459522760042487
JB16 0.0856342666881145 -0.0326627855118559 -0.0291044399994129 -0.0120581789353317 -0.0177255667164311 -0.0300440143935653 0.0562572337470712
NB02 0.0508383685161019 0.0366108902350423 -0.0757694859602452 0.070168629955924 0.107190729196965 0.0192077815987582 -0.154032308967916
NB03 -0.054573286514659 0.0229674695884819 -0.0556525824518422 0.122942303127782 -0.0658221473104634 0.0154249130458039 0.118722183006151
NB04 -0.0133613664016711 -0.0198548836128402 0.0196449816894934 0.017500388264718 -0.0179192426778668 -0.0126640595685055 0.028369617260786
NB05 0.0504924284267136 0.0437908957072342 -0.0884495147322666 0.0568563667881689 0.119378335689446 0.0532758380265582 0.0169218548710823
NB06 -0.0107695777991216 0.0495998538831684 -0.0742835156979527 0.118246759756625 -0.0178358272485131 -0.0537179400718111 -0.0456402642295405
NB07 -0.126140958563378 -0.0231600222675038 -0.0522412149866095 0.043378965818908 -0.0236205841590635 -0.041708896462615 -0.0879518884416801
NB10 -0.19030462050697 0.0328718854668161 0.0484437514833851 0.0213947390513792 -0.0698652457609635 0.0448647606871314 0.107977194686595
NB11 0.0109967709498049 -0.0367383022826959 -0.0524360108618631 0.0551128581835341 0.14173463036769 0.0215624028015184 0.0242869005457093
NB12 -0.0450240269935598 0.0277083588758699 -0.0175138852739888 -0.0202135202058258 -0.0754412623674674 -0.0111478163878256 -0.0285990176424745
NB13 -0.0206404967032651 -0.0340352593588334 -0.0679847574402394 0.0727554559512597 -0.115832221976849 0.0699598263109903 -0.0874827519660637
NB14 -0.0204003548301231 0.0620305315391154 -0.148774642212371 -0.0990081236983128 0.0349292244222948 -0.00167070095150598 -0.107770480879471
NB15 0.0438471569327114 0.024787878669664 -0.0375165367110162 0.00979002186322531 -0.0203850783775038 0.0826125920769155 -0.0618041704786639
NB17 0.00130406250623642 0.028329169998422 0.00646315736337993 0.0453915256433033 0.118014328536575 0.0403732536168664 -0.02957062307902
PA01 0.0594337701056294 -0.105966847554665 0.0913544281091347 0.0219892353661743 0.0127313711077724 0.0491330154571692 -0.145541635702
PA02 0.0133426312585537 0.0015701635926499 0.164956113206545 -0.0484547319688556 -0.0733893100453354 -0.00984616335304337 -0.0469381220623265
PA05 0.0756781200469257 0.0373858791820755 -0.0509691329557287 -0.0798636896203674 -0.0937517812070948 -0.114898557668799 0.0247481073744504
PA07 -0.117988439661938 0.148116889420874 -0.0481271005127247 0.0275095103673556 0.00567815669601454 0.0297919559864695 0.0263540529987089
PA08 0.074349273040668 0.0197083526533364 -0.0257061025884463 -0.00663505653529489 0.0912440910243747 -0.111241636513504 0.0588366710404635
PA09 -0.048688516433511 -0.0951739508936389 0.0476511592846024 -0.00608958350134551 -0.0921983571936667 0.118098917134636 0.139032077310604
PA11 -0.143181768660206 0.000681359674589088 0.0367634288185093 0.00949587613298516 -0.0110446490657988 -0.0420874433397325 -0.155352315855225
PA12 -0.00723565904460125 -0.0229895005561937 -0.0714006417338743 0.105519879711347 0.050764913578667 -0.0243376775011877 -0.122790635708147
PA13 0.0184824340414261 -0.0033240960888343 -0.00722319370166436 0.0657979080242515 0.0706920142406453 -0.114743699770661 0.0746930588151113
PA14 0.0931193099515033 -0.0160011959832666 -0.0643707643747601 0.0459060590894435 0.0243244917579266 -0.0428727685706794 0.120262137319949
PA15 -0.0145667566772014 0.0649541702825698 0.00783644535228465 -0.233687454116018 -0.0326859866452965 -0.0266081117077632 -0.0459371546871292
PA17 0.0113727922369131 0.0481158358803164 -0.00404087692296617 0.0239274002549594 -0.0254317025109747 -0.0356198285000193 0.0152809672481909
PA18 -0.038412456285324 0.0107066686225648 0.0960176329762775 -0.116668178768483 0.0427885885531882 0.096031725549203 0.0428902341526526
PA19 -0.130538719018591 -0.0812290376415341 -0.142948518682887 -0.0631460070525995 0.104141912077852 -0.0433056912149825 -0.0921096175296512
PA20 0.0530437689708243 -0.0664182615981384 -0.0849367212844607 0.0517867902743099 0.0203690476202964 0.00119557540540966 -0.0290014537853646
PA23 -0.0247461953541441 0.0611371927896318 0.0249309988235946 -0.0343421017589788 0.00233157452287089 -0.00824042956834397 0.0792347018772601
PA24 -0.0419311880259577 -0.034631101944783 -0.108215670354142 -0.136601723595731 0.156116020021443 -0.0712405379992935 -0.0793960603947005
PA26 0.00295276116888679 -0.0256736806806751 -0.0240614958960063 0.0114147102577354 -0.0381165377555665 -0.0216928594616406 0.0653428611311002
PA27 -0.110973002600181 -0.0024275495900072 0.00379714924508128 -0.0537829264017929 0.0463957356040672 -0.094319677553139 0.121069724999125
RB01 0.0729505368929774 0.0785010500800167 0.106204499324258 0.0244266979898616 0.127195881139421 -0.106026687053642 -0.0474335642981115
RB02 -0.0755176667787075 0.0205385323102252 0.00205143607536283 -0.0421203623120181 0.0387872503613168 -0.121898597723114 0.190374543372338
RB03 0.0695510494365714 -0.011068957526696 0.0643213499950559 -0.0661633027445227 -0.0139462826995056 -0.175784739334211 0.0403219485865072
RB04 0.0733996865146911 0.0329480265463418 0.0790203080298384 -0.0167725635440264 0.0039575157832317 -0.104076544400877 -0.0100070281835878
RB05 0.0439676385518386 -0.0233034702011921 0.0436119514445912 -0.00238240827436752 -0.072484893561001 -0.0576388632809881 0.0296153127404766
RB06 0.0393432896478405 0.0102205937781535 0.111782567175523 0.0442283015209455 0.0669154808427903 0.117911872284279 0.0566032399692963
RB07 0.0109535299681768 0.0290376510032529 -0.0382692142598461 -0.135874253607489 -0.0191849154962281 0.0444176753973429 -0.0814162948736055
RB08 0.0824344294149163 -0.0303101814954236 0.0501460488008893 -0.0661680697047242 -0.106653756166998 0.0981557746975994 0.000618909031186217
RB09 0.0714342403382407 -0.0879584769261282 -0.0261694828787653 -0.0136864309849791 -0.0609622605088546 0.0405805689250008 0.106865819315894
RB12 0.0468198006837449 0.147529492269152 0.0454086929357757 -0.0869161854961873 0.0286835892238008 0.0302419278658262 0.0266708894769843
RB13 0.0741893612189533 0.044412365569076 0.075679709608319 0.0636388772377694 -0.0111477228182128 0.0876401105593261 0.137052463178454
RB14 0.0144207027640857 0.0235150027804977 -0.0269083744511963 -0.00486075680900278 0.0209723926455051 0.00442479974963005 0.0217532501915525
RB15 -0.0326956695715569 -0.00744393674510441 0.0301342729899634 -0.00762409513194174 -0.0554905880954906 0.156395670974378 0.0469205216623915
RB16 0.0660475711259476 0.0347572499215846 0.0621150413994167 0.0501306203365062 0.130910192591858 0.0158320255275723 -0.0111674333843445
RB17 -0.0466174990843981 -0.126929904436897 -0.00707727693915323 -0.0334584048338299 -0.0686288220736208 0.0826251568186103 -0.0449922283950851
RB19 0.087386554080158 0.0869874325368092 0.138396496868941 0.129206343776973 -0.00124075252518202 0.151795970827266 -0.0618211335380415
RB20 -0.014053760121135 0.000746208958867116 0.0834683527381504 0.046470544929862 0.0582815356137852 0.0173240023809792 -0.0792986477481276
RL01 -0.145142074764146 0.0336257627594945 0.0305341154735674 -0.0221088427093245 0.00740417055749833 0.145532819397919 0.0379845256493075
RL02 0.0255929946783938 0.038032335714624 0.0651684487028473 -0.0955960762707655 0.0281616809308961 0.0565405289484913 -0.0847465281769673
RL03 0.122721503585056 -0.0175129682766921 0.0426160583928433 0.0236778791543183 0.0526918324815813 0.0841060362545875 -0.0780806524271702
RL04 0.0820250038142273 -0.00937344368004565 0.057722821896668 0.0642097032857732 -0.0216552046799764 -0.141853559270685 0.0123520082433762
RL07 0.0278975770078393 -0.0667109250184111 0.0461273969799404 0.0415975391718831 -0.00885828769462259 -0.00933106481437103 0.00497201778188232
RL09 0.0546235891592423 0.0195450423541598 -0.0104863730450842 -0.0617274748666275 -0.0868065678980279 -0.109638845593208 0.0356003706052932
RL10 0.061768755183137 0.0448771175544976 0.129456201984437 0.129482107424831 0.0331872376754822 -0.0492437669276272 -0.111060207951007
RL11 0.115498602616278 -0.00538052396523815 0.143961642976333 -0.117356017796694 -0.0102002262208525 -0.0764374834748102 0.0447302666273392
RL13 -0.00508320053280975 -0.120003870666359 0.170738392821155 0.0515088690437668 0.0467015374969111 -0.0663905405648079 -0.122187553555085
RL15 0.154943012518144 0.00299313357263182 0.0781642092858299 -0.0937440455802688 -0.00552405216496723 0.0118263419083918 -0.0283733976987786
RL17 0.00634149394827182 0.0432959475790037 0.0342443942181977 -0.04142891193985 0.00487414558297072 -0.107503422805668 0.0323975835049326
RL18 -0.231121768070595 -0.0503919831254049 0.0319111014060836 0.0125308520235462 0.0193255599777091 -0.0288958047123155 -0.0728111055087486
RL20 0.0224582420572097 0.00688235193281174 0.0929073561993412 0.0389709214015776 0.0111080439085137 -0.023915848696839 0.171960187757411
RL21 0.0607611048027185 0.0232950973244753 -0.000937662420415165 0.0200355029628838 -0.056311286486569 -0.0503593369336079 0.000790624785169509
RL23 0.0659079738513219 0.0252414714068766 0.174090922481347 0.020204727815422 -0.067542659468323 -0.0671622693644193 -0.0593722065588962
TR01 0.0406919426251624 0.0917420504826654 0.023252126607816 0.020860173594517 0.0469780935441137 0.11115888481653 0.0634729324867689
TR02 0.0636161213197274 0.0158786675586795 -0.037818209479875 0.0421041089040987 0.00110142785146729 0.038920897269384 -0.0641264701763389
TR03 0.0630298728411931 -0.00656974068749313 -0.0262114806516383 0.0295607292228974 -0.128034275234481 -0.0676652398861724 0.0561644860111491
TR04 0.108291667789788 0.0440918980685628 0.0249514968839029 -0.0944050590657791 -0.119243832555237 0.0636626914229739 -0.0589119634796383
TR05 -0.0073709346286966 -0.0409123093088317 -0.104933534938715 -0.00581496650741747 -0.0726971804637241 0.0411998934314488 0.191835077111601
TR07 0.0161315006843784 -0.00402537993820508 -0.0277030040073079 0.082261599511932 0.0639190425551541 -0.0156706326604854 0.149410940593312
TR08 -0.0034336754788325 0.0823722085548039 0.0441198250060346 0.0495266765091827 -0.040657361584787 -0.00184987767620008 0.0367272337076398
TR09 0.128978193787359 -0.00304141658586416 -0.00219057878605956 0.018731571281128 -0.0399311391167503 0.011012222775234 0.0218426833007746
TR10 0.0724421274596578 0.0398411635756509 -0.0807669570818241 0.0677304229581682 0.0128063400848286 -0.0957231335674886 0.0953730232338407
TR11 0.0659562750432748 0.0164513199230968 -0.0578461421640447 0.0555221677529993 -0.0122141064975002 0.0108271170360161 0.0710790421910858
TR12 0.0364822097646825 0.0197004526939098 0.0189294354396644 -0.0367022917858197 -0.0859698819173578 -0.116877589990238 -0.0982135795940956
TR14 -0.222740210366992 -0.0189354680177165 0.130288899719493 0.0307284779303358 0.00565263119793782 -0.019005226747783 -0.163249973132322
TR15 -0.0349170965948451 0.064826353670984 0.0159082275474887 0.00911012544169125 0.13585841572126 -0.00711537126189366 -0.0130943897622389
TR17 -0.0173800280426646 -0.0211828352948433 0.0725101617381336 0.168375403651748 -0.00571978164266463 0.111646676161615 0.00830179085739677
