sample MDS1 MDS2 MDS3 MDS4 MDS5 MDS6 MDS7
AN03 -0.00566931562799922 0.0412624681897095 -0.0635004199178922 -0.0123950562870276 0.0175498074710653 -0.0014190716324809 -0.0298589095200084
AN04 0.0415571813415982 0.0131402370932066 0.0593874727191352 0.00278181456263359 0.0179847330970321 0.000573813582231908 -0.0209692387344903
CS01 0.0511576288909249 0.0509975618258788 0.0545939231619079 -0.155599168814761 -0.0144546469240365 -0.0153943816112881 -0.076232676393049
CS02 0.0540940120561082 0.0100464921955769 -0.035059915973988 0.0983217752855895 0.0401319851946888 0.114027759517875 0.0600645473666045
CS03 0.0214453793226358 0.0457569691312907 -0.00752513010051031 0.0533645242140103 0.00327366641528466 0.0304654926089356 0.0778821019342278
CS04 0.0188608106769328 0.0483690272329846 -0.0234566891464694 -0.0102493800163333 -0.0387703173480287 0.117421867932325 -0.104767050121173
CS05 -0.0504290684724652 0.0838490369609716 -0.0831989217461067 -0.100676162645468 -0.0853767530460211 -0.00914532538552026 -0.0528635444183483
CS07 -0.0586701458444416 -0.00811000437427148 -0.139469176610466 0.0564153448347161 -0.133680282756168 -0.0807669837345081 -0.037208881060872
CS08 -0.0705557647866963 0.37463963568657 -0.0452620935781459 0.0522136658264051 0.0585647164397943 0.125856054724086 0.0894327120759038
CS09 0.0658516546037239 0.0445075372688675 0.0530711073065145 -0.100798307522338 0.0467077269168827 -0.0352771420527778 -0.0713939018417502
CS10 0.0138233134398487 -0.0700363772046007 -0.0321288114046757 0.0727172185417771 -0.0138554801616271 0.0298233640552968 0.0465030608022093
CS11 0.118057346088896 -0.0138413605546586 -0.00535237299481325 0.0996370152829131 0.0157597538566713 -0.0472021541459549 -0.00434750340352653
CS12 -0.0654867119957393 0.00760146409184435 -0.0291947195481138 0.0803621033511549 0.0482666235091436 -0.0570050736874731 -0.0394685195853251
CS13 0.00602066400096425 -0.103328455498728 0.020472027011388 0.13655933941884 -0.0066279508908734 0.127128809845407 -0.034411825708149
CS14 0.0407776150531889 -0.0203590963628218 -0.0319990118280151 -0.0547102624609394 0.00534775965834972 -0.0760405720141917 0.0095830912667584
CS16 0.0657431071515465 -0.0146449883557166 -0.120643393851198 0.024181878475455 0.0881435164101693 -0.085106834703603 0.00270696264632089
CS17 0.0920369977391251 0.0980988085120065 0.000859726446345441 -0.110582367922742 -0.0194356313743805 0.0216824138482656 0.0424551539078443
CS18 0.0286189515487859 -0.000609803539179238 -0.109762709690864 -0.0590035637000799 0.0796868770552957 -0.00011759495602745 -0.0251045676311995
DK01 0.0688898325123469 -0.0375258633342379 0.00521976757372367 0.00486708398657826 0.0564662774535837 -0.0012473407413626 -0.102660903516206
DK03 -0.0827483712277725 -0.0403388573078503 -0.114508012903405 -0.0195613773550493 -0.085007836217319 0.00710920105936622 0.018264026589899
DK04 0.029613244887313 0.0786944539146601 -0.145499076599384 -0.101761879453323 0.10558357351003 0.14268344526662 -0.0343612613846487
DK05 -0.182592653265796 0.493813141713928 -0.103496783261301 0.0431022271595063 0.151028231892587 0.104080507326286 0.115399059911893
DK06 -0.00341919503846589 0.0500493259243332 0.0335243322982359 -0.0635785499602965 0.112255585634382 -0.0143244883627593 0.09113158746269
DK07 -0.0293789735866066 -0.0925580788341895 0.0103626663962981 0.0342765100559328 0.123289089013697 0.0334251905463466 0.0809072173932938
DK08 -0.100260097162614 -0.0497949142499362 -0.015698684632288 0.038072089411522 -0.0479288805327661 0.106867169032074 -0.0549279551182562
DK09 0.029914405089281 -0.0265023426034541 0.0007874800592534 0.0721201779463108 -0.00518056160044669 0.0517179607654153 0.0119080366068152
DK10 -0.194096736622516 -0.129650157343858 0.0272138830868465 -0.0346430732050754 -0.0172023797525085 0.0497950421244074 0.0259222914173689
DK11 0.0803324111575684 0.038176876091245 -0.0603108271714832 0.00229516315281039 0.140306341942753 0.0034047708660114 -0.0765381622523162
DK12 0.056968749790921 0.0625075934020438 0.0012691232903523 -0.00608055905850358 0.054851723893131 -0.008806301422424 -0.0299433727559578
DK13 0.0434585444530626 -0.0245079114910349 -0.0191607571463619 -0.0353052392976339 0.00216736154191843 -0.0819547014341654 0.0126942528795864
DK14 -0.0588293930390785 -0.0504839241686892 0.0170808067742605 -0.0335493970263222 0.0375423397225502 -0.183117863766606 -0.0482128047138306
DK15 0.0902486780300358 0.0617321230572535 -0.056000234550781 0.0586098165791622 0.00233093527456898 0.0951851163154526 -0.016052511533428
DK16 0.00611160008144784 -0.00695084746092786 -0.0634591161444458 -0.0643332587809518 0.0121791272701785 -0.0427157672998179 -0.00531032823247427
DK17 0.00881350683904978 -0.121091881338311 -0.0322735407100542 0.0077870460382879 -0.0180391986976716 -0.0175031161900288 -0.0897259513904209
DK19 0.0561580887950054 -0.0043349517411558 -0.0809552299615815 -0.0518808556379489 -0.0433406941326422 -0.0780555851935465 -0.0522747722391875
DK20 0.0652366079988796 0.0344861152536129 0.0159283273422594 -0.0319786508640832 0.144833508793339 -0.053974988631599 -0.0270039671254147
DK21 0.00463370778565858 -0.101830298027686 -0.0876155682922172 0.0672151662517312 -0.0335942358345658 0.119220548015598 0.0760213369636998
DK22 -0.0272890378947978 -0.0900534154076048 0.0306679965440007 0.126059940773286 0.130499849119825 0.0638844268756836 0.00562843502549591
DK23 -0.0274490709010242 -0.0767239187571252 -0.11021219282315 0.0728311590010791 0.0197535169503203 0.019482118489051 -0.0194369482416187
DK24 -0.0730776370232082 0.0909731473344053 -0.050977786654432 -0.0907967218028548 -0.0417546891724324 -0.109175129296086 -0.150958014998727
DK26 -0.128768371937494 -0.00757169703100816 -0.0069662162229892 0.0263224568731217 -0.0298287836554526 -0.114923152068553 -0.0947454030961019
DK28 -0.154762362807235 -0.0820745529899896 0.0842050891701076 0.100967016709037 0.0808547278524652 0.0220587251642827 -0.0414196330776245
DK29 0.0888746682614517 0.0478129880286748 -0.00834189868330046 -0.107935441637496 0.0109880135168694 0.0150533982514707 -0.124724157474541
DK30 -0.115451586262679 -0.119476443870378 0.0246418568442925 -0.14040791760224 0.149389279935789 -0.0897396713395175 0.0439605041118264
DK31 0.0305222594923807 0.0345184665662797 -0.139798482761752 0.0174202932850448 -0.056729183055482 -0.0429115714334055 0.0741713476989932
DK32 0.0622786780967806 -0.0577874037683954 -0.0102081759578963 -0.0931415321801496 -0.00820097262381126 -0.0294395032669967 -0.109159690508784
DK33 -0.0858211320754582 0.00527825056037552 -0.107914238771589 -0.142183965984925 0.0187349321396646 -0.0305430511438442 -0.0663390926558328
DK34 -0.0204330175124137 -0.0793093670921764 -0.128589916788966 0.0839367772775522 -0.0716801311477128 0.0505264211143247 -0.106611321600422
DK35 0.0436230593589509 0.0253265537059419 -0.143581972589308 0.00261477595317575 0.00144681658020276 0.0381896247864031 -0.0676601712955719
DK36 0.0923231866407984 -0.00279101626953714 -0.0539271524803706 -0.0344425022164699 -0.0762831449866281 -0.0500555917515454 -0.0396305366775164
DK37 -0.00573138339718297 -0.0138971535832653 0.0415630022456847 -0.00145232680236733 0.134700510490921 0.165300679009339 -0.0979508551599163
DK38 -0.00146012217453162 -0.0120913585774902 -0.087034579446475 0.0152408395658325 0.214980846205962 -0.0577036160114325 -0.0494539467085987
DK39 -0.00580546366944117 -0.0214530764282707 -0.134734381954336 -0.053887954844403 -0.0663166155620197 -0.0261460848728548 0.0335789069923124
FR01 -0.0345344324821239 -0.158215772515973 0.123237647417127 -0.139547798559868 0.0685198864720237 0.0481967925114636 0.0789299982861999
FR02 0.0558718380903112 -0.0288674367457815 0.0637183493621636 0.0433816098169779 0.017262195759613 -0.0476076511170271 0.00248331269868344
FR03 0.0251529039506818 -0.098745053225299 -0.0561236551204508 -0.0535665941880055 -0.0698856064646826 0.0313299579012425 0.0515005391285782
FR04 -0.092208670693631 0.0421880508731842 0.0156721572366635 -0.0935178538910917 -0.14454660982894 -0.0580743501400889 -0.166591688093731
FR05 -0.13655304462924 0.0405663387652403 0.0551136653911842 0.133099304107158 -0.110457683818206 -0.0676865732570964 0.0908342672489033
FR06 0.0308386473596703 0.0415266945793237 0.0300840069990737 0.0519440453903409 -0.165670378250878 0.0652802767513115 -0.0528015473758249
FR07 -0.183518113530294 0.0745101005763966 -0.000439663616448091 0.0226812768397276 -0.163303325003537 0.0234504813103337 -0.0134658475628003
FR08 0.0586992475383127 -0.00228897311429351 -0.0492027650168685 0.016234028010389 0.0681648541434296 -0.140510759131739 -0.0910494810685524
FR10 -0.0368034867092639 -0.062823840153885 0.0447396197563674 0.0410229710179943 0.0248559744109193 0.0177519507748617 0.127388100551526
FR12 0.0103805729217902 0.0505583800361332 0.077325465231113 -0.0774090494583838 -0.0134429898912981 -0.0190872682960365 0.0197394913497844
FR13 -0.0629235220112025 0.0506000219589934 -0.11487914983468 0.0504650248877794 -0.108332793677415 -0.122298955981932 0.105462239799779
FR15 0.0673881194180584 -0.00130118873126439 -0.0419684506694159 0.0406515010674543 -0.0896019489817762 0.0728173594445095 0.0379255980903629
FR16 -0.168995968753958 -0.0156847724254753 -0.0524139021298262 -0.0401871827992444 0.00340316725134513 -0.0375998139839236 0.00937678933181671
FR17 0.0645652617522527 -0.047675246932439 -0.0250630497456781 0.0529938892484519 -0.135766182600148 -0.0327521530768711 -0.0240827231777053
FR19 -0.0314339226088508 -0.0622415425168343 0.00677300160490378 0.0663380041877074 0.169943705629734 0.0207866758464736 0.0170092937030161
FR20 0.137151260873252 0.00433516230935766 0.0711822603868971 0.0130644871173208 -0.00551853328792477 -0.0388901148008627 -0.0789473359168928
FY01 0.0431720598636919 -0.0409036384289316 -0.01272670281232 -0.00762477882088995 -0.115222636220371 -0.00500300680856254 0.00636317403691762
FY02 0.100452845205114 -0.0388956286917238 -0.0544226327339276 -0.0350965731966208 -0.0222023969772291 -0.0486583479126387 -0.00476613107456443
FY03 -0.0402550665217135 -0.0583532185210486 -0.0144702935556077 0.0281658122474607 0.094486659728039 -0.0473450039584656 -0.0681453006474092
FY04 -0.0795083209708472 0.115577876093608 0.0979005016193258 -0.135384774303771 0.0322201491198126 0.0363528654826195 0.0500562171058488
FY06 -0.0267659925938051 0.0182220984756882 0.0820733634704408 0.0755951747791302 0.0334010010626075 -0.0491637073186787 0.0130942339418294
FY07 -0.0822662888227526 0.0975092688823193 8.51865014965927e-05 0.0266867787417549 0.0651866963453152 -0.085031858721135 -0.066999180025853
FY09 0.0200323414933154 -0.0402634181008973 0.0476892616466514 -0.101928770558613 0.0861259638588195 -0.0333634489006322 0.0167569364226811
FY10 0.0401866159039839 -0.0050987722132939 0.0691474694928619 0.13424429670625 -0.00796168723692314 -0.0713577971802772 -0.0874684914933643
FY11 -0.084228041300933 -0.0577102250224479 -0.0471236057771147 -0.0926356748436097 -0.0134211224057579 -0.0486012561967951 0.0531669632219097
FY12 0.053733811348628 0.0521572324690106 -0.0760613831687842 0.0350143879465213 0.0632206133033159 -0.0309164144800681 0.100478271830138
FY13 -0.0532649508820175 -0.101446323409401 0.146985655660571 0.014566480696021 -0.160136412727061 0.112789397231473 0.0887174370618434
FY14 0.0553918011862562 -0.00986286798650036 0.0297895638010911 0.0205778170498475 0.0602068857527869 -0.0762803261736103 0.024390555902901
FY15 0.0889527931059196 -0.0234235118739104 -0.0368265285971821 0.00364886245304446 -0.0243988350426797 0.128066903042191 -0.00679022149144262
FY16 0.0347530906887952 -0.0612290818197484 0.0592764475749225 0.0315921662105369 0.038964419479988 -0.08165776876746 0.0235967260887982
FY17 0.0369002071135501 -0.00403448015307844 0.0280774112133517 -0.0302293715006333 -0.0392409042038017 0.100928824975768 -0.0869939742718806
FY18 -0.0332108333251111 -0.0112899993931515 -0.0233179085969193 0.0792708165355874 0.0117915425412432 0.133280485720538 -0.00512071248095533
HH01 0.073686744550247 0.097361331452056 0.0869387886687252 -0.102248556390682 -0.105390322451958 -0.0439109942859264 0.14045861320399
HH02 -0.150898988954367 -0.0747701921882177 0.00508521955902963 -0.107798738971188 -0.0032566320468105 -0.0305884696983998 0.107926908351497
HH03 0.00271336332520982 -0.0257063011371577 0.00776723217206894 -0.0655584533815022 -0.029815285012105 0.00240232197854168 0.0832612935329884
HH04 -0.0445761713189933 -0.0568625497654691 -0.0543974617253308 0.0190381129159846 -0.141795262141945 0.0211972143049376 -0.00887789399184026
HH05 0.0194705457874206 0.0196222109622163 -0.00535682381401195 0.0396152584191542 -0.0456326872589451 0.0697032650243116 -0.0637418483235472
HH07 -0.048053876165753 0.0884104936886124 -0.00335404092472727 0.0710583614846193 -0.0213757249368642 -0.0557100431869094 0.0124994148884331
HH08 -0.0849996426752865 0.0100005177877337 0.0205560801503213 -0.00270713436183133 -0.0100120694235257 -0.0248896435607034 -0.0288896862595275
HH10 -0.0423990008512764 -0.0798178672158945 -0.072971035974459 -0.145886099134534 0.136577076149089 0.050405916127224 0.0440318082834266
HH11 -0.0248964222556236 -0.0376251195581416 0.0262176141227427 -0.0635554530912256 -0.113632213847897 -0.0269874166784395 -0.0247585773855218
HH12 -0.00928944538934115 -0.0262161273501356 -0.00982027025815136 0.000688909782155673 0.0134305322382906 0.115973685310148 -0.0161675106300388
HH13 -0.0196382340192636 -0.00198932546666191 0.0587754493259726 0.0223072913334258 0.0217041478421513 -0.0367430038697667 -0.012249776374166
HH16 0.015866066719965 -0.0796149090113459 0.0388713574784785 0.0469618409346442 0.11083428065771 -0.0391909191347206 0.00535142857422253
HH18 -0.0394792754104606 -0.0136787449323588 -0.0862409500096364 -0.00809197289082137 -0.0914693232448868 -0.0611973818274457 -0.0729543350055587
JB02 -0.0121267657571672 -0.0708132656261087 -0.0514090024927337 -0.145484164516493 -0.00904738783924511 0.0185702422395443 0.180430014650573
JB03 -0.0605150694894117 0.0556398961861265 0.0926954803802984 0.0253091366575725 -0.0669647703306168 -0.082800432020114 -0.116941892230857
JB04 -0.0394612552366769 -0.0611657606770469 0.0728379365401486 0.0718221878807943 0.0580080328910971 -0.0488748070143817 -0.0255525836173576
JB05 -0.0450351478092726 -0.0485685222445429 0.0883775584214437 -0.147668712017794 0.0901483403934361 0.131633505685458 0.0800237754834349
JB07 0.0242683424969727 0.0177404193367943 -0.0504213269291647 0.0430836743377788 -0.0114864980026041 0.0383991602979655 -0.054696121982062
JB10 -0.11552796759383 -0.0128821049219236 0.0301633399582746 0.03030475074371 0.00603033680392729 -0.0547795984648049 -0.0262249392675833
JB13 0.0374542197759565 0.0131735296888056 -0.0780352320146461 0.0962526239847354 0.0428267242045989 0.0558783899794672 -0.0387102331717754
JB15 0.0353711842539638 0.0549193864730072 0.176223545416276 0.0133868352774878 -0.0702567828302026 0.0720847189170533 -0.0276013911844449
JB16 0.0625560082179399 0.0596087762144688 -0.00817785944695562 0.0188463790338514 -0.0168847177876501 -0.0175594052804288 0.0761519564055981
JB17 -0.0810187769637536 0.00897961328842401 0.155188649046706 0.0272085618407781 -0.081524477553959 -0.106026062770742 0.0474827537654791
NB01 0.0255882188157843 -0.0205949259065648 0.0505706996026845 -0.0598062430836445 -0.0113967658212531 0.0504373066426619 -0.0493781690804915
NB02 0.0548640659818292 -0.0201937150366398 -0.00286783296439424 0.0878018044052453 0.0161824922396018 0.124963750600323 -0.143036130596471
NB03 -0.0225879553277675 -0.0300134329161248 -0.0484053587269455 0.0872157833514648 -0.0404825222483423 -0.0692819449705646 -0.006140905717234
NB04 -0.00390637141969976 0.0276710865116241 0.00124529621337904 -0.00746143235849338 -0.0277531399856236 -0.0270706242215052 0.023765041002437
NB05 0.0878145489683829 -0.0361082381529227 -0.0591136216082841 0.141372238846329 0.0701809739179042 0.0209150290922761 -0.0251784680867867
NB06 0.0228046381024253 -0.0707291368726131 -0.0398178662588191 0.0575753637656343 -0.105617590481744 0.0339336425245308 -0.0557249769348274
NB07 -0.114304811746599 -0.0439871845920195 -0.0485915759159222 0.0206187320147537 -0.0562076393228025 0.0181793401591473 -0.052091463184192
NB10 -0.169584377004603 -0.0915654544143204 -0.000120806708057909 0.0105283166812133 -0.00610732861519129 -0.184341007327301 0.0660866057458786
NB11 -0.00918576731173409 0.022772487261031 -0.0443651718936067 0.158569269574748 0.0746487418498179 0.0609730748127889 0.00378029482163965
NB12 0.0118642582852315 -0.0475048828937529 -0.0815039703765603 -0.107100422770829 -0.0329706338563454 0.019912850756215 -0.0040218166455308
NB13 -0.0192789650293095 0.0114015717785359 -0.0804155429766334 -0.0124891097962028 -0.0790627398632922 -0.0483101266948025 -0.14935600693847
NB14 0.0557590919785359 -0.0745545702161759 -0.138750055801827 -0.053662311673437 0.0751296101994263 0.0867610753420571 -0.0223778302168887
NB15 0.066107954264041 -0.0163057958774438 -0.00818477643857709 0.0335584291784015 0.0234926630594965 -0.0239820473802696 -0.0771129620566596
NB16 0.125071553323628 0.0563416572990708 -0.00799953690929993 -0.0404130040885545 0.0523958530342649 -0.0736436497735264 -0.0520188903628642
NB17 0.000348029866283401 -0.00833286923081766 0.0362503497231673 0.073518232416257 0.052835253152325 0.00666856308982663 -0.048860040749723
PA01 -0.0104768074055739 0.129628693704187 0.0863188625428924 -0.0219069048591623 0.0107229793179304 0.0536544951612873 -0.124194271785079
PA02 -0.0397491032769188 0.0248072221400567 0.13443238777238 -0.0913823560028923 -0.00101697240094298 0.00719643732543923 0.00167293918935015
PA03 0.0530022434038432 0.038840395046545 -0.00598698626517371 -0.130907436473874 -0.0153031340824251 0.0141158121642484 -0.0456720726375945
PA04 0.0489030196982781 -0.00692200995285701 0.059305362172437 0.0962425114714822 -0.093443854245649 0.0968231549354991 0.0295068893485476
PA05 0.0941568942174646 -0.0073274138932007 -0.0266463099659423 -0.113563737574533 -0.0628211092957128 -0.0115663521955639 0.0598470490739274
PA07 -0.0435401986459742 -0.174251984267252 -0.0298744671483852 0.0683528629464452 0.0263111764534964 -0.0213320705752554 0.0013171818832874
PA08 0.0835671043800481 0.0164466020090116 0.00703647232045662 0.0330690924886024 -0.00534293049730857 0.0771615132225283 0.106744149394185
PA09 -0.0705033985229379 0.0903652954907539 0.024640877981723 0.0181121311289624 0.037711442356292 -0.181796083018777 0.0193901711871523
PA10 0.00928437515331432 0.0801443801133027 0.00346764510101642 -0.0510536840569131 -0.0724833096297259 0.0858291995549478 -0.0756580690125632
PA11 -0.147710641840253 -0.0513226408077226 0.00257963331115176 -0.0580023920517595 -0.0519537869578369 0.0653381163109935 -0.073865452326903
PA12 0.000450677386142549 0.0142045980283161 -0.0482916347480527 0.0581329147658086 -0.0777621357828991 0.0874341759123476 -0.101325438288063
PA14 0.0749443516280599 0.0394937140335026 -0.0223069657112693 0.093745056265828 -0.0409317346532138 -0.0573108654493984 0.0828721472911118
PA15 0.0139798703737778 -0.0588657454493937 -0.0153560240941438 -0.169554422006896 0.0945388910525603 0.044688059380894 0.079131223949609
PA17 0.0443164084267556 -0.0454195852784631 -0.0356769415220488 -0.0214224699093146 -0.0466811083650319 0.0129020474557941 0.0184054231332829
PA18 -0.0513947598080961 -0.0118143195154727 0.0454886104278554 -0.0686033453015491 0.154575874477858 -0.0511116575544782 0.0288030760437445
PA19 -0.127073360219114 0.0141952200289184 -0.149062922313247 0.0215445350263389 0.0520634556740566 0.119993222696229 -0.014092457070631
PA20 0.0285744228556392 0.0558440613529959 -0.0519013108231226 0.087701327401877 -0.0304840249230501 0.0474173019420123 -0.0363917974123378
PA21 0.050642914715608 -0.0430696407678332 -0.0974979764434414 0.0535611080269264 -0.012300498510622 -0.0277585983249789 0.0709282150459634
PA22 0.0122873404420276 0.0938771494314729 -0.101990557526109 0.0223987181211636 -0.0399597470559412 -0.0940673146444379 0.0628155754904944
PA23 0.0298555303083256 -0.0561123620814323 -0.00588224685646319 -0.078876674813216 0.0244833100996614 0.00469157015432483 0.0236034802089265
PA24 -0.0253861513416765 -0.00148431018158583 -0.113756628720058 -0.0394464186714117 0.104859604108612 0.180077739487661 0.0210765889227198
PA25 -0.0071699399084563 -0.033124413412871 0.00886947686099454 0.0216855828912508 -0.093353145955409 0.0195137272237987 0.0507299422521836
PA26 -1.49923690705953e-05 0.0396442344969062 -0.00306936524568776 0.0651702404720729 -0.0166124983861992 -0.0531551680920081 0.0761336830502619
PA27 -0.0890644355358983 -0.0368635462668258 -0.0413961727699854 -0.00686332787800602 0.0212361286195258 -0.016493365117872 0.152015358255167
RB01 0.0552744672845027 -0.0504026026677906 0.135604573769532 0.00946827995401713 -0.00983096500625611 0.137654924671685 0.0296878520583926
RB02 -0.0648646318865522 -0.044640446882578 -0.0231154411428817 0.0212912851466743 0.00597100935203827 -0.0331332483673023 0.200880780460844
RB03 0.0398671837930838 0.0425504867614402 0.0693227075367729 -0.0578103574567506 -0.0740141310212718 0.0574520993083478 0.160080260759945
RB04 0.0288561333507613 0.0125023076020856 0.110430245245964 -0.00361012220331907 -0.0187196510472023 0.0630407416105397 0.0769441515161763
RB05 0.0235396280685837 0.0424078663091475 0.05279767632634 0.00596354185763794 -0.0477386105485766 -0.0587899001599903 0.0781738811742874
RB06 0.00550416259426671 0.0331870496699737 0.126472654979647 0.0940425778269806 0.0815436347552388 -0.0641301465505368 -0.00770902223856705
RB07 0.029420927687814 -0.0324345463216654 -0.0417929989121984 -0.0439682494547751 0.0680546118024935 0.0273480444402322 0.0365983343462295
RB08 0.0611376095032695 0.0647744528368512 0.0349722491590723 -0.124313814242461 0.0177105560094124 -0.100910616219595 -0.05650910286759
RB09 0.0392193500571299 0.120952980563756 -0.00834808904598315 0.0414488727390943 -0.00789416726691745 -0.108332822698111 0.0654389205157825
RB10 0.0219244978846841 -0.0326816289048397 0.0547945156553991 0.14026629589078 0.127976645867845 -0.0559592613897022 0.0603913595183739
RB12 0.0925273448758053 -0.105841715670749 0.067150174061167 -0.0422763860871997 0.120366229346229 -0.0183879620517815 0.0369404425089052
RB13 0.0759789071556499 0.0221634864628342 0.0857185946524548 0.020834619181733 0.0241175103896366 -0.128633065511701 -0.0161148957278526
RB14 0.0273028145919029 -0.0113978371634091 -0.0141886660132706 -0.0114769448994289 0.0191929622469647 0.027268884128432 -0.00504356042450052
RB15 -0.0326879048395559 0.00734008756602368 -0.0146928293390392 -0.00562386171704614 0.0691684802337599 -0.137748601498599 -0.0517093417287972
RB16 0.056253935025916 -0.0158134607331643 0.0999044531294606 0.101141588304274 0.0549537957853029 0.0389477120994399 -0.00440566444356952
RB17 -0.0998578749668266 0.0926508860817886 -0.0783371066683766 -0.030184170248223 0.0215021036870797 -0.0837976127137888 -0.0392523083877135
RB19 0.0659167333732099 -0.0252245366813237 0.175069226687574 -0.00213593364180076 0.0115338090029802 -0.0680180188550188 -0.209483848785238
RB20 -0.0312985886781073 -0.00816420216058521 0.0544497191419748 -0.00892254178776181 0.015590815389681 0.0780365024450043 -0.0858009850356925
RL02 0.0321084518410885 0.00317149080505153 0.0634375844967133 -0.0575500254304704 0.0660540092061395 0.0276509590400704 0.00834449227875383
RL03 0.074676736857872 0.0475347018687747 0.0464202406414495 0.0157570420618111 0.0617441508065602 0.0127427417772762 -0.111444179323823
RL04 0.0508394742213711 0.0451959443159217 0.0841867622620315 0.0142581656050454 -0.112226733174816 0.0479804768304025 0.0835344677154248
RL06 0.0865059708198308 -0.00926791714482295 0.0849573933714745 0.00680184244544119 -0.0625430116526099 0.0634526943367151 0.0797812100070757
RL07 -0.0103409487793624 0.0838516864825707 0.0521770260761899 0.018627494722537 -0.0277864326697053 1.20393403319004e-05 -0.00446716093429341
RL09 0.0624095607678216 0.0103357523228459 -0.00676115970702381 -0.0383530309083919 -0.0600440229275005 0.00807363353923355 0.147479810334199
RL10 0.0225849974147597 -0.00903191642199004 0.162090847495583 0.0470327735838295 -0.0912173111422519 0.0738180530532363 -0.0560429269865949
RL11 0.0730685427559466 0.0721064727444075 0.139518089980836 -0.113762294564991 0.0471604134871824 0.00750342422887741 0.114119855875072
RL12 -0.0492419282916802 0.104136160417707 0.0611788331935279 0.0415228928446234 0.0111825087053069 -0.0222256215391115 0.0758764208897991
RL13 -0.105994001022624 0.0985785413320852 0.13401710640825 -0.00623466847833294 -0.0612386843676228 0.11505590075935 -0.0241743850063338
RL17 -0.00196436198313889 -0.0417613375922678 0.0294898094002752 -0.00725993671297924 -0.0203822034590029 0.0187122818570508 0.111736578019767
RL18 -0.223047143870556 -0.0590559487413998 -0.0140471109668834 0.00552663247253765 -0.0231796132312336 0.0378303662060414 -0.00171474972911146
RL20 -0.00199701340916414 0.00635382902240839 0.0891732962701056 0.075894258509943 0.0154740821745889 -0.0666140012056926 0.120558400309748
RL21 0.0665631003199249 0.0068972819109886 -0.00539429756440662 -0.0362683399934873 -0.0855130166166396 0.00570368104801477 0.0299315954737887
RL22 -0.128704138190225 0.0858993986153901 0.105231647360823 0.0423575809698821 0.165164401378591 0.125619905723012 -0.113729034988292
RL23 0.0278553642518254 0.027277215757449 0.178775790705527 -0.0746905759167746 -0.0731539471183621 0.0305073100727028 0.00156680743221596
TR01 0.0523859007919638 -0.0539289352424934 0.0359989305482528 0.0749354145710304 0.0698415186196064 -0.0676534699886607 0.0128293572598117
TR02 0.0677464950632259 -0.00698277166893103 -0.0126189124123771 0.0426411277021376 -0.0347776535106063 -0.0113753790321186 -0.0432335626554253
TR03 0.0779274443574811 0.0303987797205525 -0.0118620005399536 -0.0451783677141685 -0.115145594963546 -0.03806519615802 0.041958093805762
TR04 0.117204545062302 0.0109081256464604 0.0216589271323991 -0.132305299969756 0.0105425720964961 -0.0618708740387376 -0.042904767135348
TR05 0.0106676064576487 0.0290936564420225 -0.114888479023308 0.0364104119120949 -0.0130067912875819 -0.14525446938023 0.0780384432083444
TR06 0.0845825489440975 -0.0394841991261886 -0.179750054842412 -0.00113251450758123 -0.0215572551705752 0.0929869390896153 0.0930939168411894
TR07 -0.00110454112247087 0.00935225345566135 0.000554976308942151 0.141825028036386 -0.0108450174246037 -0.052132313410015 0.0718668001561796
TR08 0.0159459682370752 -0.0711340074855031 0.0354216635128012 0.0213593480065076 -0.0623326744756932 -0.0774107222779406 0.0346413584822876
TR09 0.110483995106395 0.0606031746801866 0.0273679146213961 -0.0174756787846988 -0.036768584294578 -0.0467507623324501 -0.00303298894523698
TR10 0.092842645843914 -0.0150072276571047 -0.0342818068133142 0.0932566515011903 -0.0682991865715611 -0.00946699086405901 0.103766834284806
TR11 0.0794901407688016 0.0149933918912219 -0.0182061676220516 0.0560339025280907 -0.00271279359459422 -0.0371199281321041 -0.016036122012619
TR12 0.0153306191836902 -0.0175660171809863 0.0272029717035087 -0.0886827469785613 -0.0918231624070266 0.0558127612421226 0.0227850935225466
TR13 -0.00105084031529126 -0.0484307976999716 -0.0944930839878794 -0.186424874743853 -0.0329851679632738 0.101749188286542 -0.0748048780229895
TR14 -0.246574886901971 -0.0607567534541113 0.0807645013680205 -0.0544470110598214 -0.0461980484592144 0.0771565827584969 -0.0934393942413743
TR15 -0.0178004511683654 -0.07233214750719 0.0275068753104864 0.102218623389784 0.0661018833887431 0.0205375163164188 0.049620461065716
TR17 -0.0291535008240592 0.0218629278793033 0.0912111927761959 0.09086023832742 -0.03230374103329 -0.0685216102739562 -0.128525858101378
