sample MDS1 MDS2 MDS3 MDS4 MDS5 MDS6 MDS7
AN03 -0.0054104818027747 0.0331463486992325 0.0459163467878566 0.0233244287603008 -0.00569806827717476 0.0731692428487709 0.0337033359687823
CS01 0.073080856434308 -0.00874805603487744 -0.0489879967320642 -0.150254098509723 0.0501886674956392 0.0657794631973347 0.0295401492784288
CS02 0.0682191750334409 0.0113280433892906 0.02546051550933 0.071684400233502 -0.0637811155151136 -0.162232888502155 0.00164733152854404
CS03 0.050414370829158 0.0507407418528505 0.0177732738726751 0.0707376450425531 0.0308037352260728 -0.0358813725405165 -0.0515806270744861
CS04 0.0480511088966815 0.0308326381032314 0.00416152194560784 0.0134558760094563 0.0437213340536035 -0.0346727390117999 0.155352647050642
CS05 -0.00419101923966659 0.0888201520067003 0.0912829948541829 -0.127912883587991 0.0755060534527799 0.0568724342293553 0.071603229819982
CS07 -0.0473778637330846 0.0177393323168686 0.149501217684495 0.0853078870435013 0.10100375393166 0.103916105231902 -0.0501457924451259
CS08 0.0995696135781049 0.390629267942525 0.0351100517888687 0.0283498165520903 -0.0236547659594846 -0.0834026584518373 -0.00980587895530017
CS09 0.0702932443382025 -0.0110989046575584 -0.0595137791282973 -0.108037107237558 -0.0600229065416321 0.0710946293425705 0.108830187265251
CS10 -0.00234040289437397 -0.0579404486526094 0.0370604459740972 0.0898051191670454 -0.00953342022009945 -0.0746998036586368 -0.0511666245749949
CS11 0.0923704558919202 -0.0543586576114673 0.0266623075228703 0.113054335558949 -0.055807224842636 0.0260919846387457 -0.0338403676023062
CS12 -0.0630148065202227 0.0335831236130823 0.0323062258959348 0.063873178098359 -0.0704388136334521 0.0858971576803497 -0.0743481101082684
CS13 -0.0197466982725906 -0.0813987113722789 -0.0119412998651629 0.174463856776595 0.00884439661243105 -0.128711101554999 0.0321338601970237
CS14 0.025456479890079 -0.0488614887043512 0.0459696662091207 -0.0557745058935156 -0.0049259750509255 0.018700583788884 -0.031918990871219
CS17 0.129622386202936 0.0474284204885888 0.00748652945150741 -0.117064892363794 0.0282518747670679 -0.0732281746005811 0.0361937428105027
CS18 0.0191186164801535 6.57890185966536e-05 0.0933054547094033 -0.0869865023721076 -0.0881972706189294 -0.0212208899108715 0.0829565155407648
DK01 0.0402681235590731 -0.0786395332284107 -0.0232061128226093 -0.00447863017733517 -0.0671831369294726 0.0737260891738336 0.0768552455169061
DK02 -0.050276246776638 -0.0225617604868465 0.0505327559326511 -0.0835578802786408 0.0555888847046727 0.00466669574163409 0.00264230794820353
DK03 -0.0819419090849124 0.000394864904906734 0.134071577563505 0.000751002666344321 0.0932072681508557 -0.0551412198759098 -0.00220164517834087
DK05 0.0538683276775693 0.537349293883947 0.100447419629416 -0.00607453551088379 -0.115919754623337 -0.130737673800361 -0.00270578007205827
DK06 0.00271279064662945 0.0442563163584957 -0.0666739536699405 -0.0830604028766087 -0.10356566782592 -0.0055189673743276 -0.0389845016548999
DK07 -0.0680515173723745 -0.0565038031528632 -0.00235569467724561 0.0318955687988103 -0.114059001905354 -0.114928352300265 -0.0525307394827376
DK09 0.0312212934490228 -0.022191304791698 0.00799589245372517 0.046531017156569 -0.0301281802515254 -0.105654737945205 -0.00702661428064666
DK10 -0.236100932325816 -0.016997054700419 -0.0250712463976452 0.00768387464534137 0.0718480020707919 -0.0551418158681908 0.0253428382418458
DK11 0.0778007622254124 0.0110280933236384 0.0458363387191025 -0.0091390307724156 -0.139366376898922 0.0212752099272096 0.107875621265294
DK12 0.0739930232165124 0.0214690503404385 -0.00929820679574648 -0.017542676951848 -0.0275378851415609 0.0214111424807345 -0.00140864293558747
DK14 -0.0905938437881335 -0.0318155991339871 -0.00362732192461594 -0.0387301887197564 -0.0149202033300889 0.116756076527795 -0.0701588190521467
DK15 0.118662883408551 0.0359718773874763 0.0524353674268188 0.0432762704522694 -0.0302104592742936 -0.0696273140017215 0.0485610957774746
DK16 -0.013324837636283 -0.00704268592936371 0.075389376150785 -0.0674802184532773 -0.0503011367996773 0.0387113975934283 0.0197666832403159
DK17 -0.0538022503971829 -0.108718083608965 0.0498695479893602 0.0543133727771915 0.0180774623908926 0.0376287596367121 0.11607788831997
DK19 0.0512694466093771 -0.0410017628298361 0.0737653734859475 -0.0159486871768746 0.0243468545334762 0.155273817799455 0.0109161413403349
DK20 0.050896032286728 -0.0114573008438865 -0.0270199878698733 -0.0659936313261376 -0.147926372615868 0.0549793599114259 0.00412505557805556
DK22 -0.0588696717833962 -0.0607705570839717 -0.0627170534426954 0.103040338267743 -0.139015329740847 -0.0498015188640205 -0.0270634002867963
DK24 -0.0161217910632563 0.101401357833021 0.0661414929803516 -0.105558260842999 0.0133772271541242 0.168643358008945 0.0449408865136164
DK26 -0.120703452782598 0.0439924521568824 0.011702159058998 0.0845622006149308 0.0442234174505203 0.129298032959873 0.0025099578729204
DK27 -0.0761197473527061 0.00114943974230238 0.174215148797351 -0.0531830911011168 0.00580471983360199 -0.123249913768482 0.0119726767421681
DK28 -0.178947995825308 0.0235086725275836 -0.0856480861684049 0.107847169566021 -0.0411116180070292 -0.0150669201166357 -0.0120635172201125
DK29 0.0845812386159317 -0.0121836710007074 0.0229816671260462 -0.0819297260031773 0.0189723626839337 0.0785954408201631 0.126539087940851
DK30 -0.168654748279959 -0.0580923991277074 -0.0205934705952474 -0.17519283222161 -0.103922717749788 -0.0013694803126719 -0.0527127721910891
DK31 0.0480959253655815 0.0121534231862425 0.128711636051414 0.0261911888687733 0.0337243217129703 0.0214962821333202 -0.0877461432084164
DK32 0.00976936593105474 -0.0796004371922332 0.0230594026227209 -0.0635194783560206 0.0270724937995824 0.0585954700361176 0.0922827982156108
DK33 -0.0791491096726525 0.0315868159786248 0.121495507889691 -0.123671638816629 0.0101019303812919 0.0748277399123637 0.081910740743738
DK34 -0.0349257485954034 -0.0457128463736592 0.123476227027121 0.140793021105489 0.0426450331787291 0.0176194075015083 0.0728056445910433
DK35 0.0504899225915273 0.00366919587322175 0.146139084529935 0.0243829892971856 0.0087732099302626 0.045980447160583 0.0766498988208143
DK36 0.0770724230617128 -0.0656651373353161 0.0743920061092499 -0.0177541917131658 0.071914989803457 0.0864732796185438 0.00412639566040458
DK37 -0.0140141013747104 -0.0122870886318494 -0.0961369608422158 0.0909179278784882 -0.0662528551813578 -0.042236489323249 0.209075342534636
DK38 -0.00092337502347057 -0.0122441069634222 0.0279694025083803 -0.0361688250578428 -0.257668646068714 0.0400236081283696 -0.000932912908083373
FR01 -0.109851899002826 -0.129280799701205 -0.11690606719779 -0.131023604973162 0.00146100412940935 -0.0817265609862521 -0.0103939539627924
FR02 0.0386098601941512 -0.0599668450952337 -0.0615514154998922 0.0131825750761212 -0.0337839470931605 0.00124547400014346 -0.054895069691522
FR03 -0.0243418182671733 -0.0989609847979522 0.0700062287089256 0.00259037017802638 0.0755578513246348 -0.0661739044180372 0.00849231258777852
FR05 -0.0933992027706018 0.115475077179091 -0.0462943817318616 0.123550522208254 0.0961881627573412 0.0653422320771802 -0.154237804628417
FR06 0.0602900614283573 0.0283576791425388 -0.0208392972534001 0.103645904808405 0.183764147835226 0.0543131375242357 0.0410948416715063
FR07 -0.116164346518932 0.166096057306502 0.0180971596049012 0.0156018767188446 0.166136489941871 -0.0156585794187879 -0.0131455191190924
FR08 0.0382305535623632 -0.0314882158571502 0.0592769600841873 -0.00759676527282199 -0.108614479233244 0.187266994262458 0.00415005507854014
FR10 -0.0473192350218005 -0.0340496759484975 -0.0346350904812485 0.0177058365138441 -0.0512722299649594 -0.159515262324687 -0.122592118204832
FR12 0.033627525284532 0.0226082922295474 -0.0668316393337377 -0.065021562601891 0.0661506407191045 0.0324720043804777 -0.0343433429529878
FR16 -0.16948754346994 0.0694900014939791 0.0625619579381016 -0.0264195015150833 0.00617655260562195 0.0340783241001626 0.0130047163446431
FR17 0.0303299764451704 -0.0700992103755347 0.0372499771434903 0.0801530792135664 0.0851038573207802 0.0770638654604753 -0.00080425946265008
FR19 -0.0709182307299644 -0.0276188652056164 -0.0150299791209594 0.0492690633170939 -0.151976622131293 -0.0540859042415021 0.00753530283446676
FY01 0.028151148572308 -0.0676612490110621 0.0149963228964251 0.034344820780036 0.106237119527336 0.046283629946078 -0.0274481313298497
FY02 0.075722989521579 -0.0975431480855789 0.0467119243133856 -0.0290320199702598 0.020255903492119 0.054278484850292 -0.00323306275634077
FY03 -0.0649964473344394 -0.0299078292796705 0.0151061235626829 0.0442497300872369 -0.0776722678824932 0.0425215906926483 0.0171084929094912
FY04 -0.0261244776927967 0.132022587775825 -0.117405832663203 -0.126949098127404 0.0470008566788073 -0.0288360756019098 0.0105638504336565
FY05 -0.0197666548743115 0.0048548239156786 -0.114786436283196 0.101479196150628 -0.0502747664157492 -0.0597311310257677 0.0145515335622693
FY06 -0.0182141357375689 0.0352255868448952 -0.0985659989717437 0.0833325283088907 -0.0516410243368809 0.0488300314409522 -0.0586429831861666
FY07 -0.0173509170161803 0.127692388638018 -0.00776718593463353 -0.0118966654201649 -0.0826361916489947 0.0869210893785079 0.00628751994275219
FY11 -0.107542777648827 -0.0165469255948864 0.0480960159895912 -0.083477931494364 0.0202393771823654 -0.0162790097974061 -0.0569592445430957
FY12 0.0811710609902432 0.0184556742076054 0.0746238148332226 -0.0310762940872058 -0.083538698569928 -0.0845742403053151 -0.0950856114813545
FY13 -0.073205031788996 -0.0844490815714594 -0.143211369684377 0.0294171383886331 0.204123305562788 -0.078810672003516 -0.0518612564709938
FY14 0.0462250351772652 -0.0393016921852064 -0.023664982409883 -0.00631330087094983 -0.0597410389069586 0.000947678304842026 -0.0701252661154858
FY15 0.0769234754507422 -0.0508109186803386 0.0353180050659703 -0.00733601794907344 0.0334628994504705 -0.0971492351680869 0.061747427568186
FY16 -0.00277529592894447 -0.0740507980843828 -0.0484860033013924 0.0168997599211038 -0.0441276459876035 0.0430699585015782 -0.0726455597606819
FY17 0.0455753735350595 -0.0198138908720824 -0.0561513360676467 -0.0116759937126438 0.0416976894979091 0.0100273474561891 0.143581406475173
FY18 -0.0382740445846615 0.0175015413288892 0.00838662434494941 0.118358488049533 0.00992403051260394 -0.0621530768070425 0.100618783470196
HH01 0.115111097366552 0.0377511877131028 -0.0633867997502511 -0.110791214761295 0.130214598565214 -0.0272751864687586 -0.137753560153622
HH02 -0.171734325799733 0.00157024288138296 0.018383907135129 -0.136393684120437 0.0311926394776881 -0.0611102034271505 -0.074911041348478
HH03 -0.00667745609011279 -0.0241394635491236 0.013631192714632 -0.0626047179278379 0.0538824424091738 -0.0537384533284166 -0.0419740521637275
HH04 -0.0452533085093237 -0.0276689816368962 0.0804323582652759 0.0267574371649046 0.115318187278809 -0.0594354529766902 -0.0119240806175183
HH05 0.0282474329268999 0.00237798565616942 0.0126759853185439 0.0885825388808992 0.055186735685459 -0.00762291861467843 0.0774641299094251
HH07 -0.00352052952337524 0.0954052832709722 0.00537189539353226 0.0509066705129327 0.0184245049252693 0.101852744253207 -0.0772874768470237
HH08 -0.0590754232371128 0.0549171740037201 -0.0273439479882905 -0.00731904863190926 0.0349122482765041 -0.00852247813396996 -0.0101931631229463
HH09 0.0690615855774468 -0.00959210380419681 0.0235522879318682 0.00673189823331536 -0.0484954775471104 -0.0725686474901936 -0.0605461002788818
HH10 -0.0873181156637275 -0.0445291216152394 0.0514059066520586 -0.132916481544097 -0.102017219219194 -0.0704621392305136 0.0722035044206572
HH11 -0.0518082358930582 -0.026696086458251 -0.0193098798264757 -0.0138835375139262 0.127583502471173 0.0816518362402948 0.0163489118862013
HH12 -0.00972922887897023 -0.0241127284638462 0.0142672829699349 0.036491872660763 0.0109346592788369 -0.125684279286716 0.10026215243687
HH13 -0.0228865323017322 0.0124629915002449 -0.0464184247189864 0.0479084189261409 -0.013870541299516 0.0828208772354962 -0.00305951665728796
HH16 -0.0180624854242068 -0.0805557599377532 -0.0561586369869266 0.0112578302106929 -0.125438877747923 0.0272040339365129 -0.0562723362720903
HH18 -0.0507196691401409 0.0133702843518428 0.108045026506351 0.00305003798581731 0.0681818853459536 0.105462719342637 0.0177173825544493
JB02 -0.0444202796495548 -0.0667764794581132 0.0829914898302282 -0.150538693298494 0.0494530208726376 -0.119852780203728 -0.0584571548761885
JB03 -0.0189686700476065 0.0776530740190875 -0.0855899034758122 0.0186984646561213 0.0657043358771815 0.114522518187206 0.0326802928333915
JB04 -0.0653711695996169 -0.0494153958554249 -0.0883007622560546 0.0761377187306305 -0.0698798987998971 0.0676921479178055 -0.0197066714319963
JB05 -0.0622091503569568 -0.0316805619700288 -0.104593005132201 -0.113359517177844 -0.0170683581372577 -0.162707222783236 0.0563829553632305
JB07 0.016416444485284 0.00104951425953877 0.0526104906206182 0.0397598191699938 -0.0185498649347073 0.0401046132255645 0.0687147756109822
JB10 -0.08896783173742 0.050307044409758 -0.0246533569958563 0.0188433456529081 -0.0117489796542933 0.0330440255201549 -0.0330336792520152
JB13 0.0433087604724423 0.000189341236978637 0.0690074352714144 0.107311361795828 -0.0843429859150398 -0.007352268481755 0.0611263429260273
JB15 0.0724648887438195 0.0302301220301073 -0.162145334771544 0.0269152178315872 0.106363698874666 -0.0278335386495567 0.021688659496241
JB16 0.0886040456778623 0.0264721272457462 0.00122429313097243 0.00885280419229501 0.0105162138473888 -0.033311922803067 -0.0689265004234413
JB17 -0.0578576355926399 0.0395174600132558 -0.127396151419956 -0.0128900017132782 0.0724551536215207 0.0161591370629022 -0.129006976547415
NB01 0.0242600747914311 -0.0418228216339497 -0.0537595886655138 -0.00854150127371652 0.0601297693729909 0.0309806154801272 0.0562312937609923
NB02 0.0425704419475829 -0.0334833178642082 -0.0109646584001087 0.124621729728431 -0.0293314680988303 -0.0375161400808785 0.185054643167168
NB03 -0.0170253699512672 -0.0280837479599672 0.0496511287828941 0.11741161974387 0.074708321475254 0.0919686738253469 -0.0477349231871151
NB05 0.0670470396102235 -0.0624557618363784 0.0686053762053707 0.137897579222124 -0.120956739801067 -0.0259668316150117 0.0195064410964249
NB06 0.0107438182644996 -0.0797511193190916 0.0590119532586551 0.107609902677279 0.0757818046378474 -0.0265277029465334 0.0257882052496229
NB10 -0.195443528539267 -0.00214185461428303 -0.0128193241944582 -0.00423055824524279 -0.00160462523049971 0.0912118088425246 -0.182843465336993
NB11 0.00863098753266808 0.0493945612420962 0.0250409318378485 0.144963708660845 -0.0908353099856534 -0.0315916043493305 -0.0337854046363065
NB12 -0.0369743777280896 -0.0483024849946466 0.0938722786888811 -0.0451480425246293 0.0633951259641028 0.0225258712965367 0.0369224267769054
NB13 0.0058300188172095 0.00417204315716697 0.0803307829370151 0.0177074030621752 0.0791725822800234 0.121940337714695 0.0753610407149434
NB14 0.00176745948336004 -0.0912242487249867 0.130743042689887 -0.04252746247673 -0.0692491415373108 -0.0698559874818146 0.073008757457096
NB15 0.0420873286151856 -0.0457344941992603 0.0266179890858347 0.0458947540942711 -0.0474101040691716 0.0295837663980686 0.0733412389566753
NB16 0.118720381668122 -0.0218825248527187 0.00949730404959395 -0.0538682355137286 -0.0899629124082427 0.100058265200217 0.0139272861600083
NB17 -0.0108474857078102 -0.0031877254398389 -0.0568013412092999 0.0565968561171685 -0.0661774249886754 -0.00907240185269251 0.00932570535971594
PA01 0.0647379557101858 0.11362918539367 -0.104863349953921 -0.0433011831444669 -0.00693638895963659 0.0228394986890128 0.102830641124684
PA02 -0.0146638659558647 0.0264144071967729 -0.112810830523566 -0.113022544117508 0.0457823719343836 0.0141370392126152 0.0409952348266217
PA04 0.0565148790032061 -0.0106256309887627 -0.0170098124874264 0.0767043547189603 0.0654292843527686 -0.13280242274401 0.00884110654035495
PA05 0.09321241336316 -0.0711323992201368 0.0291922641983749 -0.0972903425923309 0.040500109747536 -0.0816242136689416 -0.0466505269679933
PA07 -0.111045255939293 -0.131738577898771 0.036646462087417 0.0702734710330182 -0.0108821479826549 -0.010262683077027 -0.0527404894955889
PA08 0.0759963907731759 -0.016061616176355 -0.00642623033713211 0.0161453893766309 0.00483594369417641 -0.0890856745404989 -0.0654554743544837
PA10 0.0507080264853865 0.0556041479743508 -0.00229853679236984 0.0103501698762789 0.112668821784384 0.0398746017624405 0.0951865578652442
PA11 -0.155623318391889 0.0181217727521202 -0.0102960151549163 0.000729589370035303 0.0791374055502709 0.0019827907052727 0.109885582645943
PA12 0.00282918646889838 0.0136879790546117 0.0427638006441881 0.105223774319647 0.0419928233577544 0.0538203262728119 0.107417400658463
PA14 0.101543024551521 -0.00281416471817214 0.0516690186729332 0.0595982822532884 -0.0100767712722026 -0.0062590190675357 -0.161233226126759
PA15 -0.0255031744496916 -0.0689868506463684 0.035686828628334 -0.181668952362838 -0.071599694527885 -0.109852965705429 0.0272303602747378
PA17 0.0127313228621643 -0.0603594729064479 0.05217407621189 0.00834602984336891 0.0712334964636206 0.0426433531909667 0.00230129605273118
PA18 -0.0666949496929429 0.00888729244439003 -0.0599085710231513 -0.126832956229211 -0.125965866053702 0.0218180345703543 -0.050314869871233
PA19 -0.112293542841091 0.083605529415009 0.155351474014952 0.0362178825941534 -0.0444965538373613 -0.082785027291937 0.10092883338404
PA20 0.0752696282810869 0.0567071602235861 0.0710684865343164 0.06644994123016 0.00941645504155587 -0.0433275492182093 0.0241509084966851
PA21 0.0254689725152226 -0.0622313836689124 0.108272717669183 0.0470994762840338 0.0148295981757912 0.0434749098524804 -0.0825199835773092
PA22 0.0586833834929236 0.0796138477402247 0.0974850219503301 -0.00560180976891322 0.00712604703622142 0.049691592712243 -0.111537035178375
PA23 -0.0205954476721343 -0.0737788091436735 0.0118880538520118 -0.0583484436454244 0.0216494786424112 0.0554686652696932 0.00131110851188832
PA24 -0.0451721997390824 0.0387057098096165 0.113169110353623 0.0169719657054087 -0.079729430470584 -0.137580535509883 0.13829484094667
PA25 -0.012320124368249 -0.0252762985616408 0.0227753848511721 0.0749582836545112 0.10115970863069 -0.0530756297266593 -0.0326236049833766
PA26 0.0411434741289215 0.0230325259217344 0.0233936504810026 0.00582310459548848 0.00191253385685442 -0.0230803511662096 -0.101874023250763
PA27 -0.0961538648260553 0.00567641985200552 0.0334247122333801 -0.026148469908398 -0.00742064102812858 -0.0461974765578029 -0.124206901850439
RB01 0.0468167814701168 -0.0612628393353518 -0.141340848494865 0.0649353739905489 0.0558645982650057 -0.114834135430089 -0.00939136091679996
RB02 -0.0671555857591641 -0.00184429533430642 0.0393159061673704 -0.018617126480823 0.0127834284766973 -0.0853524038024805 -0.198721501773084
RB04 0.0487762975454241 -9.09689724531684e-05 -0.10170256074646 -0.0190635727147642 0.0539572146376503 -0.0675348377853233 -0.0375512887214081
RB05 0.036949549633784 0.0150800232346393 -0.0174987453598733 -0.030121571769002 0.0279920351480611 -0.0241204948717777 -0.101999635639237
RB06 0.014830465279303 0.0224473581849779 -0.139532641746868 0.0573133121024444 -0.10074436848968 0.0492129095394343 -0.0473098824250952
RB07 0.0141923062719135 -0.0375117038738413 0.0479070091543638 -0.0851238393340229 -0.0486364153326153 -0.0900516090771664 0.030661510888554
RB08 0.0613728848753433 0.0103483954763776 -0.033810786396188 -0.128645263916825 -0.0183980810014722 0.113386208889594 0.0209825061403971
RB09 0.0964112458013689 0.0810732124792311 0.00932407725869945 -0.0494894128346421 -0.0553615306407418 0.0418549961708277 -0.160927139471391
RB10 0.00792922304334038 -0.0295500666087638 -0.0366994093864447 0.0609275430943574 -0.167836160152519 -0.0356597145805321 -0.10087301174799
RB12 0.0108121849217572 -0.147616223915748 -0.0614176204884725 -0.0641615834359223 -0.0874537548551932 -0.0470038819995406 0.015537601954654
RB13 0.0538984843877048 -0.0329103318203493 -0.0623845834102173 -0.0031905824112466 -0.00449623432328269 0.15761394736755 -0.113806630744573
RB14 0.0167530142026191 -0.0205087662365511 -0.00275194586545855 -0.0375186909322824 -0.0034760666745802 0.00332539899927944 0.011541412614059
RB15 -0.0280852678032291 0.00759288736978596 0.00970177121688628 -0.0161955747928066 -0.0877130411903258 0.130063238858547 -0.0231788840167806
RB16 0.0403393300310958 -0.0273659458649874 -0.0938936800655903 0.129722509457471 -0.0109895575925368 -0.0463386148573581 -0.0202240264106211
RB17 -0.0335091946411352 0.129533911992483 0.0641231154065962 -0.0824113472701495 -0.0576304246042056 0.0964506697752657 0.00651952130400332
RB19 0.031876920625337 -0.0664264910229815 -0.172052351028964 0.0434477360773709 -0.00512619659241442 0.186640975831631 0.116707654399787
RB20 -0.0379438829637887 0.0139028586556219 -0.0490043702656093 0.0275515669285384 0.0286175884538392 0.00571314402938641 0.130143519221535
RL01 -0.171796461311931 -0.0106336086685129 -0.00722690901502298 -0.0174879585204706 -0.120816597880715 0.119665998481897 0.0181738225846177
RL02 -0.0047629950703234 -0.0115520190039472 -0.0792601405165534 -0.0887821522126969 -0.102397968666476 3.16646898818019e-05 -0.000712683403347261
RL03 0.09386108907388 0.00859428377928139 -0.0675095599749234 0.0196595119156182 -0.058988114646816 0.00807985853620735 0.103023567519236
RL04 0.0680940513486494 0.0194272564398616 -0.068275546117688 0.0263467507615592 0.146164786462208 -0.0338689986719082 -0.0298963178757555
RL06 0.0782523247388497 -0.0512129211606707 -0.0658115741386237 0.00875870186831258 0.0805932045882541 -0.0938001799803116 -0.0476412046872083
RL07 0.0358450691629642 0.0822971411472105 -0.0462810781822985 -0.0187747456091416 0.0075575324269599 0.0363304886498224 -0.020873282509781
RL09 0.0660100361551669 -0.0116907204782805 0.0281784863299745 -0.0664283708832077 0.0750112006832959 -0.080858672856001 -0.0757776163331463
RL10 0.0403974479193165 -0.0107166246445711 -0.157017187111418 0.0799622418701952 0.114353458585225 -0.0215453945766296 0.0589048780925045
RL11 0.094903723100682 0.0250908241093439 -0.130242790349473 -0.132309033735349 0.0102851531023187 -0.100231212026143 -0.0733539045174676
RL12 0.0143320754025962 0.120736894558477 -0.0711849224114162 0.00194724165028908 -0.00514875758184503 -0.0465602477299034 -0.0822931729016038
RL13 -0.0256477795305975 0.142733360556091 -0.157825646619261 -0.00683223147409892 0.0826872734052432 -0.052611475626689 0.0445205860548407
RL15 0.130336570765383 0.0172008635924301 -0.105463986048535 -0.0962527578510504 -0.0551470187615834 -0.0455237350712691 0.0185058147429691
RL18 -0.228335716536559 0.0612567231933275 0.0222811797898916 0.00664764042846565 0.0344836617173476 -0.0458945321956999 -0.00547720011653856
RL21 0.0733078474237928 -0.015592253611753 0.0144909650575901 -0.0440631326342092 0.0933572650073594 0.000858844505104529 -0.0455984900765079
RL22 -0.0690378729346942 0.126783077453773 -0.174331047025558 0.108945950495285 -0.119393718504956 -0.0329508664418625 0.225126541548408
RL23 0.0349764265092476 0.00261559678853885 -0.171162879465724 -0.0934595877127719 0.101282354423486 0.00521703602128679 0.0283928273067398
TR01 0.0307575635650443 -0.0632263730906706 -0.0584014663619519 0.0388637252341153 -0.0888062711760457 0.0553802567293342 -0.0894307699987436
TR02 0.0550257986318813 -0.0314301948379752 0.0158605049190427 0.0309252145043994 0.00049275977294062 0.0425905345876428 0.00645328715976104
TR03 0.0805259097572599 -0.0191282673410221 0.0246251987374029 -0.0364249772825301 0.0980349583501094 0.042937323191143 -0.0161343996523145
TR04 0.0988923291140388 -0.0630290782715237 -0.0132658889567124 -0.142000373298096 -0.00274345758653226 0.0253915458527619 0.0465799124044204
TR05 0.0193650087859692 0.0250668222576365 0.124014519594355 -0.0111808398062245 -0.0344673331027319 0.0878993728041916 -0.139988072676796
TR06 0.0844681247646075 -0.0637505666269857 0.18872014220553 -0.00450667190757951 0.0269290027150213 -0.149229811860664 -0.00360164667738422
TR07 0.00240474998753285 0.0253111322157435 0.00132697797634362 0.113956652441341 -0.030338638414492 0.0436991778385107 -0.142550662615254
TR09 0.132313616698537 -0.0160188797821616 -0.0232327405371242 -0.0177970823507734 0.0426381581892793 0.060302888007787 -0.0415757338465523
TR10 0.0777727396274412 -0.040094543662737 0.0559858017499412 0.0969228080638647 0.0407751533898248 -0.0321052778673805 -0.11555218759869
TR11 0.0687160805821007 -0.0248067525861738 0.0261801533725417 0.0490984943579252 -0.0180093650907106 0.0705823006206768 0.0112876526249653
TR12 0.0253656248815318 -0.0276697805399393 0.00740217550193177 -0.0540919549286035 0.110789947942355 -0.084941518742943 0.0410631513937699
TR13 -0.0182943662454069 -0.0378976455413168 0.103405163902079 -0.14005673678533 0.0737713254707038 -0.0762855615251837 0.139592057170897
TR14 -0.247932516481109 0.0653273173186456 -0.0706600168828845 -0.0406908897951808 0.0884310621055062 -0.0241389653810785 0.0978033158696567
TR15 -0.0507290094306297 -0.0473346058132077 -0.0171924880985922 0.0995438596007792 -0.0787704742725929 -0.102861543152656 -0.0259322514490613
TR16 -0.0253967062260065 -0.0848785515329049 -0.130599478469275 -0.0608945974491065 -0.0471112347642389 0.0433683521831215 -0.0156615371674702
TR17 -0.0244497679153962 0.0264637615282178 -0.0626220622755485 0.0753318162706303 0.0309595065986989 0.112166083985954 0.00773709088519554
