sample MDS1 MDS2 MDS3 MDS4 MDS5 MDS6 MDS7
AN03 -0.0161781373287948 0.0280841580103847 -0.0435215158072845 0.0450545289237044 0.00850999218138731 -0.0257105076202556 -0.00177458106261192
AN04 0.0445469696008185 0.0313572424106687 0.0418522393870076 0.0214980233985895 0.0344807833196585 0.0059697282101017 -0.113783694832211
CS01 0.0453663928462968 0.051543807252783 -0.000790441559944677 -0.0387887069015776 0.189166206217422 0.008960435296618 -0.0319295882306652
CS02 0.051859503932573 0.0293388404264215 -0.0405741694306659 0.01670336186456 -0.0942061368266378 0.0986976649129438 -0.108794256499513
CS03 0.0218772948818413 0.0565853327450814 -0.0270135152309141 0.00933366891728244 -0.0607514772118855 0.0253155121612168 -0.0942746370732546
CS04 -0.0139996546293279 0.0206835111099074 -0.0362805831020516 -0.0293767078178911 0.0337007553290663 0.0072572485587328 -0.111624045563813
CS05 -0.0813995758554979 0.0504678473962477 -0.126647436570182 -0.0412838635977648 0.112243710160176 -0.0226763884476289 0.0379224388419583
CS07 -0.0696904001776842 -0.0427083386409448 -0.126554594614549 -0.0218898442354534 -0.032124447993776 -0.153544844726139 0.0351656431768402
CS08 -0.120936361196366 0.354954168658375 -0.0722413597634254 -0.00795242015012151 -0.0895727289171516 0.127965762171372 -0.00538626624832957
CS09 0.0572548768529123 0.0515262490593028 0.0621574180005182 0.029902594684867 0.143556543183786 0.0169683711593454 0.0417944585557704
CS10 0.0332278250054955 -0.0572091703031291 -0.0140696176154608 -0.0245320782996568 -0.0952077864382571 -0.000891370343475056 -0.0206343394709404
CS11 0.115686700287746 0.00492721032344497 -0.00189126990167326 0.0588934859372756 -0.0715038885759435 -0.0437022665708055 0.00279782216912519
CS12 -0.0632725471492027 0.00612832974326372 -0.00576148670126847 0.0958156862662695 -0.0613733769821936 -0.0747616773115379 0.0722816733058018
CS13 0.0177655786872649 -0.092107289777116 0.0534593957225546 -0.00188735234881802 -0.10323784726392 -0.00505703158484283 -0.19343434005547
CS14 0.0446405958849254 -0.0161634141356486 -0.0354666028838443 0.00098161612632117 0.0547466731236551 0.00308528639468256 0.0511098254649625
CS15 0.020701171256872 0.0324764217591516 -0.0747592012135823 0.0356305721286458 0.00647717743272488 -0.00463087045941883 -0.135509064508409
CS16 0.0634868517829422 -0.00852760977464182 -0.111168360702124 0.153913332098727 -0.018671538704349 -0.0152071861926338 0.0281701863095977
CS17 0.0805850512576146 0.10841574026842 -0.0421766401439346 -0.0821885004262609 0.0663537852881745 0.0944532768764025 0.0519356518258022
CS18 0.0208127678089161 -0.0145216173481911 -0.107629967212074 0.0747862737847509 0.0555102934720801 0.0740742694425662 -0.0356874231712996
DK01 0.0660032952014079 -0.0339878377189461 0.0117127297569979 0.0616692538285201 0.00257049175131932 -0.0251456338220792 0.032548779347908
DK02 -0.0329410125805848 -0.0624701237440038 -0.0325994388962682 -0.0608289965049732 0.0690104077624339 0.0344597075187895 0.0824331382647906
DK03 -0.0805533169032498 -0.0610919441741408 -0.128003453604759 -0.0501891795781284 0.00589655858632386 -0.0111277729643889 -0.0729888062911834
DK05 -0.242459497398922 0.461735672391034 -0.124068118920144 0.050381230679352 -0.118889814089766 0.197801176506365 0.0479409386128359
DK06 0.00628657522059455 0.0629220236832784 0.0476677917689685 0.0388391547760263 0.0250654866302013 0.108858148320129 0.142127030282192
DK07 -0.0112670713044105 -0.0811460569711376 0.0320166295111679 0.0655399053372605 -0.0607432109576331 0.126637884285195 0.00756761586049898
DK08 -0.101957327656838 -0.0640639130983264 -0.00195567510190943 -0.0354046913089726 -0.0463038254828103 -0.0282901318481153 -0.0726487752645222
DK09 0.0293233477258829 -0.0174196202596502 -0.00474206239871363 -0.00577992207363986 -0.0532398124390075 0.0234595081389693 -0.084331810502044
DK10 -0.169955167675482 -0.142075333997452 0.0576953369771712 -0.0469587133054698 -0.010109644668426 0.0432649301499849 0.0201540342187788
DK11 0.0705384201552142 0.0444528916661642 -0.0340518602350946 0.143867633056271 0.0593446543751794 0.0640676619560768 -0.070630425125183
DK12 0.0493228516175175 0.0686345300151282 0.00202368370552828 0.0550480446189581 0.052279021680548 0.00130589136830312 -0.0711743297006248
DK13 0.0528709875904794 -0.015531255380824 -0.0101311265958866 0.0113570249129231 0.0667891150654703 -0.00852887148650058 0.0195874190739002
DK15 0.0710358018932121 0.0667216301583728 -0.0828678773107808 0.0162828100416079 -0.0449919115363835 0.0247039075842493 -0.141313028648373
DK16 -0.000887980214753832 -0.0185989093780592 -0.0719381614946613 0.0458910227598848 0.0798703293798262 0.014550889850757 0.0658429900052434
DK17 0.0148290579581734 -0.119606317152252 -0.0133339160761493 0.0238616883063586 0.0301998418498232 -0.0632208256402708 -0.018947356281647
DK19 0.0559918513123348 -0.0073368746416139 -0.0909083151372589 0.0251601480483855 0.0529620432350643 -0.090152820414278 0.0588228046896624
DK20 0.0632874193460347 0.0445286237487008 0.0396662755140731 0.1217666873187 0.0541623705246494 0.053557452658558 0.0749248069549395
DK21 0.00872501961961051 -0.113046237225715 -0.0676493806854578 -0.0423687079490743 -0.125825996169984 0.0371047024481259 -0.0232632945489527
DK22 -0.012122585043493 -0.0772626981423739 0.0979417257988973 0.104209517969689 -0.133465894728167 0.0497940701120718 -0.0108821254439269
DK23 -0.0254897441591564 -0.10421127938892 -0.0593768426851618 0.0843383247429698 -0.0618011404685457 -0.0230256150521972 -0.0438262804039058
DK24 -0.090206489359426 0.0729129797678512 -0.0784729570973503 0.034040734009268 0.189121102596081 -0.0967447784906962 -0.0287581876170536
DK26 -0.114554303488601 -0.00569891869596689 0.0174384269058455 0.0266492180885482 0.0360467592679534 -0.134491701377752 0.0111834395888981
DK27 -0.0735912252979344 -0.066697819491124 -0.15800802436201 -0.0216593349277443 -0.0268528631843463 0.0940846747745065 -0.0149730443705231
DK28 -0.137205644687433 -0.072171679065399 0.112785546708649 0.0666072311142809 -0.0723224061240173 0.0119442416505837 -0.0320505289026545
DK31 0.0249887164497998 0.0186886059703601 -0.145908922953872 0.00469191251726109 -0.0393865278426637 -0.0378237535116001 0.0251423511623964
DK32 0.0554253712227846 -0.0580035575571207 -0.0117256122876972 0.000689924788302158 0.129810012388892 -0.0261708801586229 0.02410049281431
DK33 -0.0972683382809377 -0.034216019286941 -0.100739620479863 0.056806790852967 0.162969100710573 0.00937234954970897 -0.0391016814565734
DK34 -0.0214077965936033 -0.104024609553087 -0.0672302953999453 -0.000690702853968463 -0.0611747495453828 -0.0995026975285736 -0.0731817127243018
DK35 0.0262960645214667 0.00548815760815952 -0.149614177112514 0.0485794629822334 0.0300659686018669 -0.0237254020801118 -0.0845236660637378
DK36 0.0847247789720753 0.000110578404389538 -0.0802501643923605 -0.020195607083596 0.0527751112774973 -0.0922998852570193 -0.0051006424755812
DK37 -0.0120684547367878 -0.0147390412495762 0.0865698873473764 0.0981806448196959 -0.0163869621078711 0.0606488528876146 -0.223205390412944
DK38 3.22135198053061e-05 -0.0126448242279425 -0.0224755538977503 0.231732808895807 0.0320243985538536 0.0511077597907775 0.00758222208434796
DK39 -0.0075292465656753 -0.0403078809077663 -0.12906607838558 -0.0310864410191191 0.0431043966256266 -0.0151680713958636 0.0168284971508106
FR01 0.00192097551137331 -0.141010526671366 0.123424053915069 -0.0412663389227424 0.115190219789233 0.157816807671031 0.0369491402920181
FR02 0.0673007867204847 -0.0087140137574277 0.0507344005657103 0.0345586469531853 -0.0049069616932918 -0.0189561606328201 -0.0493477820794938
FR03 0.0366159012558165 -0.0996989762583805 -0.0463487635185788 -0.100193220164341 -0.00208808132805717 0.0292530744115166 0.0413591808086139
FR04 -0.10700645697863 0.0161121320810631 -0.018410152355625 -0.0635935553028545 0.183059839573738 -0.135444873938057 -0.0789922878692105
FR05 -0.129983857375345 0.0388127825472685 0.0682299586209079 -0.0581050429077078 -0.130466918483946 -0.127617465768973 0.0917150367887581
FR06 0.0181926736131819 0.0417137169191401 -0.00371395550869598 -0.132344311579229 -0.0371968253024758 -0.121629066927428 -0.058158531474937
FR07 -0.195405703649328 0.050674654532616 -0.0340214943344999 -0.132735006650184 -0.0133907924464307 -0.0830866782638639 -0.0478561429693646
FR08 0.0598644099237651 0.00494024134260392 -0.0337761300792528 0.146733481064457 0.0779466729958863 -0.0990303565048572 0.0178826429933659
FR10 -0.0170361358647518 -0.0496657036143938 0.0518558303543486 -0.0203424741468621 -0.0836288817363856 0.0995474683261874 0.0228539058009754
FR13 -0.0699685834421604 0.0298280730289629 -0.148066532467542 -0.00115990361597423 -0.0669479412675911 -0.0803629469212353 0.106465299508958
FR15 0.057466768321551 -0.0015037248811036 -0.0692132381832141 -0.0687301993531495 -0.0631079929187311 -0.0148107561018281 -0.052429407692302
FR16 -0.166576470043407 -0.0398196545543346 -0.0408840590013922 0.0259042061237684 0.029089752103524 0.00654203494998291 0.0938457163638495
FR17 0.06038280684649 -0.0438387327498871 -0.0430620159136812 -0.0537141351375054 -0.0295657060304834 -0.145943094180471 0.0282669442296112
FR19 -0.0189925246008012 -0.0515049920412023 0.0668116375258317 0.12224835188398 -0.0543192855197947 0.0816716478682019 0.0356688921819529
FR20 0.133951723234129 0.035598415823739 0.0411824478288995 0.0129639418301523 0.0500648519855319 -0.0581466490473412 -0.0262740746268229
FY01 0.0470597432836641 -0.0435661339040067 -0.0184463384662873 -0.0791319301976496 -0.0128137478640616 -0.084587703197736 0.0296242962165994
FY02 0.102047100875771 -0.038858315240131 -0.0566667993865201 0.00582855463622843 0.0124078360233406 -0.0421230941702827 0.0417888038830712
FY03 -0.0249985693970913 -0.0559651695851722 0.020414175894881 0.114635851688006 0.0203339865424602 -0.00213081800435176 -0.0718139667001334
FY04 -0.0831415065557339 0.113742377618821 0.0709993618614416 -0.0646283719792616 0.10096286144325 0.114406465924816 0.00637945756258616
FY05 -0.011377674821958 -0.00448605700960984 0.134663303431962 -0.0033830705995006 -0.0770479728859599 0.0408895924853456 0.0344946260337962
FY06 -0.0227238482427213 0.030131777574631 0.112404013899064 0.0437509742970711 -0.0536627314376052 -0.0292873698993909 0.0659548066783958
FY07 -0.0806539075153618 0.105664500880649 0.0124392863057524 0.0944144084883698 0.0390845649949173 -0.0537678478460406 -0.0271194843130902
FY09 0.0301869608199988 -0.0343995209596801 0.0486246180831831 0.0488390552599462 0.108114508828757 0.0946592917824504 -0.0307317779540079
FY10 0.0379979283454259 0.0147204580064046 0.0856028051880629 0.0724200192817864 -0.0584450540274429 -0.151210983044486 0.0554211641344174
FY11 -0.0797064536625188 -0.0800856404880602 -0.0446815047006228 -0.0168613957253833 0.0584728236711742 0.0420572574657563 0.115654133731488
FY12 0.0441195079185874 0.0527040445762274 -0.0800511631905529 0.0527848254004022 -0.0462797673571131 0.0776978359808361 -0.0189354878440977
FY13 -0.0281432895369679 -0.103841219361305 0.143756965228614 -0.19143847259462 -0.046640796106615 -0.0186848431321832 -0.0589275382101387
FY14 0.0741674097027869 0.0243056336633935 0.0269038352376918 0.0653046944901604 0.0153333171325363 0.00840671143623491 -0.0762319040830666
FY15 0.081590617900134 -0.0297473353140368 -0.0423526045338999 -0.0563301196422836 -0.0369433712323813 0.0439996374030718 -0.111263895860517
FY16 0.0509977950531803 -0.0416128136440029 0.0534753212616989 0.0672930122298922 -0.00623852043578141 -0.0385979024470214 0.0526146835509084
FY17 0.0273978925881691 -0.00363589690244419 0.0130996570574364 -0.0351554846946191 0.0710012790453686 -0.00541728796230365 -0.0994443718498348
FY18 -0.0414612235446545 -0.0202769795044041 -0.00646836622046758 0.0205562347872331 -0.093377064852053 0.020888882795216 -0.0735700173386751
HH01 0.0825294342520572 0.12290088497388 0.0200122710141423 -0.174414552356946 0.0503754679967462 0.0208612012727785 0.0628689269429133
HH02 -0.135132674783475 -0.0880463875035148 -0.00211845432693353 -0.0390294838875634 0.0819165803928237 0.0829439863570226 0.0633368907666775
HH03 0.0120197515913367 -0.0230560490260801 -0.0214825211011749 -0.0535986952874619 0.00264983899454222 0.0478578232488228 0.0442063128003496
HH04 -0.0439862183845287 -0.0756347120652743 -0.0728842025024173 -0.102049588705088 -0.0123685748749325 -0.0484617321268209 -0.0748539842872306
HH05 0.0149618498127562 0.0215965652987517 0.00604050640384457 -0.0519817201637578 -0.0460923737639192 -0.0335385619968263 -0.038703518919648
HH07 -0.0576081467434731 0.0842958070917053 -0.0113475763453834 0.020127823770848 -0.0554054868409183 -0.0815226870914789 0.0811424374695029
HH08 -0.0722290768135318 0.0194389488571577 0.0161069001598219 -0.021020692855328 0.0212596351042728 -0.0155186930539961 -0.0784663872576172
HH09 0.0541794327550482 0.0343896818795707 -0.0201562121932604 -0.0205981238262551 -0.0651971281372279 0.0617073760557384 0.051771904357086
HH10 -0.029393198880673 -0.0894597056388406 -0.0270368764118408 0.0390818343782936 0.0528786806078881 0.167348585969396 0.116395740756433
HH11 -0.0251702736228685 -0.0552823800938924 0.0493328629772913 -0.108431086045326 0.0448844959215926 -0.0855054945654192 0.10878565692257
HH12 -0.0110749388944214 -0.0299750843440055 -0.00351734661822325 -0.050576613383136 -0.0449323881500718 0.0783557107620298 -0.0356386179851401
HH13 -0.0104778548559575 0.0119679641731438 0.0801912213859969 0.0162544861501664 0.0158669906335648 -0.0325042572666988 0.0754460357800736
HH16 0.0378651696942766 -0.0556081514175834 0.0595469789308497 0.105074973438914 -0.0222481050729363 -0.0036897757326895 0.0436629546652616
HH18 -0.0527384415298231 -0.0365459920612482 -0.100815914703729 -0.0151005962124374 0.0471779631610409 -0.111881619498016 0.00691281321110715
JB02 0.0029662494492371 -0.0817163485735628 -0.0777956785882023 -0.0727512850309615 0.0371479977405598 0.143074217892301 0.0371457366768866
JB03 -0.0562779859416519 0.0738323979862782 0.0647473911650854 -0.0136804832089352 0.044047464037293 -0.13863276223255 -0.0549398561821392
JB04 -0.0226772281482206 -0.0427521164662478 0.0973904209517102 0.0824642804526431 -0.033687428680564 -0.0541871140983714 0.0318553229417963
JB05 -0.0284607874720608 -0.0418434299644326 0.0931316798044132 -0.0645265507087892 0.0723727642462267 0.226611080295023 -0.0128681744705353
JB07 0.00240618365597628 -0.00168367621964891 -0.0365509270219861 0.0457794180816964 -0.016170154349086 -0.0472352888985373 -0.0231066961093634
JB10 -0.106841862419378 -0.0108907472326442 0.0430934046942488 0.0180014530904003 -0.00250805369811869 -0.0423679606652313 -0.0126670765488778
JB13 0.0217229958792502 0.00591337709814369 -0.0517883123717382 0.0802807217314859 -0.0805862589978688 0.00979545007976815 -0.0179111017216148
JB15 0.0326688834192118 0.0786013069363609 0.138761954364987 -0.109537899105995 0.0118392469677246 -0.0272750222244413 -0.0613862750804033
JB16 0.0573412115612597 0.0666256068264663 -0.0396738439056503 -0.00879895640472426 -0.0381888923367821 0.0224301138613128 0.000326745740092534
JB17 -0.0694357896212779 0.0242776488879906 0.116211068196024 -0.063628648352073 0.0210007487759181 -0.0679607339538413 0.0542391177970951
NB01 0.0338515269305432 -0.0106342311833659 0.044037690269398 -0.0602273875757891 0.0379524093597482 -0.0150668381259995 -0.0183195402303905
NB03 -0.0166554051053164 -0.0356341281389981 -0.0296974030437715 0.045852944499618 -0.0490206774319025 -0.13357527156327 -0.0490494827348243
NB04 -0.00387774043596698 0.0260758432636798 0.0110508210783245 -0.0391843238924811 -0.00238102544087451 -0.032566748333873 0.0696128266636064
NB05 0.0920748058730193 -0.0130203645098393 -0.0375294202777446 0.106850664752625 -0.128760425595403 -0.0171084965433524 -0.0331230784087331
NB06 0.0330389351147253 -0.0647317660817021 -0.0479938196771289 -0.0691252512239918 -0.0458501527872856 -0.0835218868410592 -0.0927777461925014
NB07 -0.105778514379173 -0.0548279973240606 -0.0288124539088019 -0.0502294595036168 -0.0360678708153996 -0.0313398310565899 -0.0325613670592713
NB10 -0.135181588646771 -0.0980685448149714 0.044291121639031 0.0351082193466713 -0.000538518491759873 -0.0580723695755924 0.145618584377274
NB11 -0.0142715590513541 0.0189424433809503 0.000875745838377438 0.102909188670773 -0.148099558929609 0.0139343352983505 -0.0812810755131197
NB12 0.0136228416984236 -0.059800964305524 -0.0670747648980049 -0.0468116237875072 0.0688154901051344 0.0159483695553331 0.0474214272306765
NB13 -0.0278779190470253 -0.00703958486010849 -0.0770355423848146 -0.0110543777542703 0.0509017962337606 -0.145255394457292 -0.0540568808874565
NB14 0.0498805867009445 -0.0937597069401803 -0.123092779686445 0.0534789855722794 0.017665809992758 0.106835777951372 -0.063184137850682
NB15 0.0567069228417995 -0.0124908056214511 -0.0115453021558349 0.0692372839573442 0.0185776752448999 -0.0258000709586814 -0.0611634919549677
NB16 0.111034270144388 0.0666435352969887 -0.0172262816479568 0.0637603512579038 0.0704163936689165 -0.00840510590779901 0.0836291540082948
NB17 0.00500463804689757 -0.00409982583459293 0.0764394260536382 0.0487035696139597 -0.0357040148132204 -0.00183567818601747 -0.0100242001580169
PA01 -0.0259904036192405 0.138520784667242 0.0623301063940808 -0.0190642306922277 0.0726997470899197 -0.0157350728576942 -0.102726800580323
PA02 -0.0290294937050118 0.038990589260371 0.101832405700947 -0.0522657138368393 0.107535275650104 0.0245949783545627 -0.0406801692009363
PA03 0.0404181378513585 0.0359906187794493 -0.0203202745578087 -0.0523941607868551 0.0858519840910907 0.00158207529183162 0.118500604775605
PA04 0.0390702059932714 0.00308501281690008 0.0224962514230311 -0.0888457409986884 -0.0756697602886106 -0.0058536572519275 -0.133769931954168
PA05 0.0929707607099144 -0.00461371794162463 -0.0627275559868129 -0.102736664704796 0.0526401546930094 0.0654890325092901 0.0598421454082054
PA07 -0.0228999716783603 -0.182077388707662 0.0222727175629664 0.0525010154816477 -0.0464606627277711 -0.0172108590137937 -0.0467071146479431
PA08 0.0859433665851184 0.0325640650521062 -0.0115932239458588 -0.0487392466659585 -0.111907614786437 0.0497141098279279 0.0387027767698971
PA09 -0.0694517308748911 0.0903924718041392 0.0348990636628111 0.0750624741813559 0.0658612381146405 -0.0714524133643866 0.0906334947106506
PA10 -0.00828819514666825 0.0734032609931298 -0.0185150515808721 -0.0899027983174618 0.0340154606837707 -0.0342560058429387 -0.0476019110070341
PA11 -0.148471581689836 -0.0755352324054106 0.0183738448934046 -0.0866414961298036 0.048401433430144 -0.00319809266253394 -0.00736657969462467
PA12 -0.0181277744020597 0.000494651377343984 -0.0336599801490547 -0.027708630759043 -0.0277999861542573 -0.0792469513630121 -0.00599132605762816
PA13 0.0157846770697272 0.0154234107682424 0.0374510582594848 -0.0897907371209906 -0.139002536667698 -0.0230372456500457 0.10138110658791
PA14 0.0810102989054988 0.0624963737809272 -0.0347647013873635 -0.0386258003951454 -0.136751540806247 -0.0486736306702869 0.109686543885078
PA15 0.0209906592074035 -0.0664052512930487 -0.0232098268778838 -0.00473245288501506 0.0955303132721236 0.200200171976326 0.0198072318674134
PA17 0.0479689100479417 -0.047001009990512 -0.0151473948840961 -0.0553898301091995 -0.000964229981085428 -0.0173863716913264 0.0574604564852619
PA18 -0.0336763907320254 -0.00427313190763766 0.0679233635030597 0.0982198963738241 0.0819663458272712 0.10009872347644 0.0672130235679117
PA19 -0.14574044991072 -0.0256898140651527 -0.117064716834664 0.0327290624993755 -0.0680486397808733 0.0728878326070979 -0.0398681295011114
PA20 0.0190273090744528 0.0566694123325663 -0.0770191319454394 0.0194798276142427 -0.0348641288490169 -0.0437159499161691 -0.167107079116628
PA21 0.0516231964223116 -0.0476198746001892 -0.0795794427221973 0.034089879805846 -0.0992391456019207 -0.0377331794766785 0.0788079840642431
PA23 0.0350712638153668 -0.0579261157860571 -0.00785160720294519 0.0114115671818199 0.0493647203205001 0.0304740637073187 0.0529077360937511
PA24 -0.0369429367934088 -0.0170240020408612 -0.103094266767331 0.0313295516949339 -0.0911483323098827 0.157688840805807 -0.0107030584528217
PA25 0.0105046695278992 -0.0235743185132967 0.0145594755168888 -0.130475881835823 -0.0760220996275564 -0.0186570385377636 0.0341493555130519
PA26 -0.00278370672963342 0.0352293577957438 -0.0192311031242337 0.0103822514785381 -0.0369617790505804 -0.0120104413118602 -0.0156159345318647
PA27 -0.0746907560663517 -0.0514415689732201 -0.0163314753446417 -0.0299486528776638 -0.0752893324963847 0.0819036023475391 0.148807397911481
RB01 0.073575613189367 -0.0202420247608027 0.1317130930853 -0.115179118387011 -0.0508956498559219 0.0695788879368552 -0.0512683504572817
RB02 -0.0446305720410332 -0.0531398830123592 -0.00926704398510588 -0.0477240393225499 -0.127438347967174 0.0706602095743707 0.168502124280516
RB03 0.0391044433458636 0.0506101423012744 0.0393947560336546 -0.15842581580579 -0.0432820850866607 0.06395117586259 0.132714814519344
RB04 0.0395059353347428 0.0322358339744877 0.0930938915833115 -0.077555518493989 -0.0284751683973184 0.0314490696402328 -0.036944023677294
RB05 0.0226213097142652 0.0443209729409797 0.0287279153607229 -0.040066541685783 -0.00731209017715483 0.00711555499864939 0.0248774936721376
RB06 0.0160520710225047 0.0639912915926747 0.144768340730747 0.0984954303168566 -0.0233105447293745 -0.0379528730197431 0.013822737456967
RB07 0.0297439133288563 -0.0328047930163001 -0.0460176758180688 0.0456460062016749 0.0688124357907559 0.0995398280818972 -0.0907110300874588
RB08 0.0639810887465016 0.0913284967053322 0.00481974335943354 0.00765722498417033 0.146542277417481 -0.0243027922196032 0.07394518412167
RB09 0.0180460344687916 0.116238212201874 -0.0361767503660761 0.0463340180356854 -0.0205711469695103 -0.0488909595631676 0.0784441468086437
RB10 0.0334158463713694 -0.0129524050813387 0.0942471809638973 0.119929857220851 -0.102021758181924 0.0564669630227991 0.0703389379390747
RB12 0.115357872085143 -0.077279382686976 0.076318061360795 0.0705924180711726 0.0311176589122014 0.104519838030865 0.0334934417912522
RB13 0.0800279439488298 0.0344618240085619 0.091062552782668 0.0525693586502526 0.0210650021795941 -0.0914196482815545 0.105516378292186
RB14 0.0300963360553761 -0.00791021723777354 -0.0250459296927964 0.0141232647131134 0.0160632988857503 0.00928044141727727 -0.0201801470434389
RB15 -0.0250059215898602 0.011293950609382 0.0164747472444415 0.103452965148925 0.0782658175137548 -0.0592877663068203 0.059953327008768
RB16 0.0729883483213181 0.0249493199114501 0.114570490305613 0.00666207692804757 -0.0898416501876724 -0.000792503988448325 -0.0743881828471542
RB17 -0.112868341052285 0.0707530269475545 -0.0827667734448001 0.0812354948071943 0.076634127255234 -0.0122588426884411 0.0356304047660707
RB19 0.0667333901266099 0.0021430256934379 0.17166418854616 0.0458984844488515 0.125659874789759 -0.130125170623625 -0.0122530704812011
RB20 -0.0338257490444552 -0.00968300329723317 0.0613936569326931 0.000187940895539979 0.015747783562663 0.00479779130266595 -0.0593480342592598
RL01 -0.112850495559535 -0.0858205854655454 0.0548760353989883 0.1629510054006 0.0736236130383732 -0.0219471915576028 0.103315587013166
RL02 0.0200873045362371 0.00272141163093655 0.0701031396046405 0.0501570548480269 0.0730014880777476 0.087240012030881 0.021620261307441
RL03 0.0769591995691051 0.0755888293154229 0.0624197213259726 0.0416692829977111 0.0336964824852113 -0.0128942742386883 -0.0728112584903259
RL04 0.0517340532693509 0.0633507688638023 0.0376523982513256 -0.138253292761574 -0.0487215102338615 -0.0195110055192341 0.00356548175567925
RL06 0.0940764215699025 0.0134951378445829 0.0442312078172422 -0.114188146897933 -0.0479698171425343 0.0246881646276965 -0.0413581361930325
RL07 -0.023678441147565 0.0886526103481598 0.0166169223742258 -0.0109331597814677 -0.00188059242996666 -0.0232467997359005 0.00323138313504641
RL09 0.0611746987141276 0.0113313518788738 -0.0490623306648971 -0.0818437512700985 -0.0185189856380317 0.0645310028397931 0.00779854123989789
RL10 0.0361314186651014 0.0216193183135898 0.141619940493262 -0.12927556424851 -0.00288549030372259 -0.0580477089654761 -0.103895528545033
RL11 0.0858727989068563 0.108117963999127 0.0938832273693175 -0.0830739092147681 0.0346639577684868 0.135546710046046 0.0369336743139308
RL12 -0.0518228696579335 0.107644344271145 0.0505773389874224 -0.0191108754502 -0.0499702867519359 0.0258101990969641 0.0220094363668407
RL13 -0.107614013026021 0.109877074329925 0.11239029972975 -0.125989821656431 -0.00358779493581058 0.00474426436291118 -0.0512049132395545
RL17 0.0143565032106765 -0.0306711314889466 0.0305274984476312 -0.0715819696633588 -0.057282436461259 0.0510788750387744 0.0815861694051201
RL18 -0.219314255137536 -0.0852180373246119 -0.00277126663600564 -0.0119008853058384 -0.0292315405186296 0.0141355283819856 -0.0192514729496855
RL20 0.0116696493776612 0.0340191596724356 0.0801848975182961 0.0279733959071697 -0.0756872884683134 -0.010968475703388 0.057701782695334
RL21 0.0632242457275392 0.00804701173483621 -0.0395416906654603 -0.0865440361923868 0.0243919504038529 -0.0213884390210487 0.00085144564506788
RL22 -0.14269462224903 0.0792251741903193 0.154669224403821 0.158539126037792 -0.00598099758548976 0.0566093527253845 -0.248769728028407
TR01 0.0736810910109311 -0.0212295330017868 0.066164323511814 0.0861351442314697 -0.00838610660374185 -0.0308307528371517 -0.00410744889083306
TR02 0.0633697518379109 0.00671189617003462 -0.0312890255789952 0.00196156889480268 0.0056269768433069 -0.0409661087145511 -0.013436778934725
TR03 0.0639625394247899 0.0236323313204582 -0.0589485362589032 -0.0714917041663481 0.0626875053580375 -0.0534512763345336 0.0242368668990446
TR04 0.110214023395825 0.0193228037639125 -0.0107251051619762 -0.00757009675742993 0.172052315201829 0.0295069451229099 -0.00803179576109589
TR05 0.00410679209308388 0.0217783913446588 -0.114554707429616 0.0594393906121056 -0.0311735239953983 -0.0512577012457071 0.150400798237114
TR06 0.0847067718445866 -0.0491957791426902 -0.189022334065649 -0.014685235074259 -0.0695292819117197 0.09345624968156 -0.087772374799972
TR07 -0.00114916860740487 0.0139083525270228 0.0235879508213058 0.0381210734931367 -0.143069120815128 -0.0697868779451971 0.0914940033977942
TR08 0.0315322940306327 -0.0618322825616588 0.038444512052649 -0.0387937062509845 0.00663521520384138 -0.0639480994941861 0.0901354162775067
TR09 0.114332429833657 0.0854163008167541 -0.00750530357108266 -0.0454471889907653 0.0110343615668492 -0.0572733007661926 0.0649873287288517
TR10 0.102963486263376 0.00424084516166819 -0.0479452169411788 -0.0492776609398565 -0.137917624631 -0.0359910956674027 0.0384155388722742
TR11 0.071084197577493 0.0185310933316483 -0.027129772453469 0.0525739273226502 -0.0287379215066535 -0.0662654374163921 0.0347272295789111
TR12 0.0198251941303495 -0.0150551435657978 -0.00134638786272983 -0.138809386879879 0.0542159448105547 0.0462365012706397 -0.0498070661236198
TR13 -0.00652445618958168 -0.0750320708907551 -0.116022223482351 -0.0855761471903792 0.162590602602632 0.104339343042079 -0.0974508132637374
TR14 -0.241925121101413 -0.0892032108375883 0.0913587637625809 -0.0725363509980951 0.0664527526707525 -0.00147048635238472 -0.0718472786228397
TR15 -0.00340787873579423 -0.0585485207815937 0.0660935373505348 0.0302470870593318 -0.132656566973778 0.0582119282216589 0.0661306552554649
TR16 0.0329901860387726 -0.0474521371770767 0.153285787667257 0.040695348171355 0.0859510504316182 0.0163470149416546 0.031944884853766
TR17 -0.0296481112658456 0.0429222152382723 0.0703071205997627 0.0532679168831312 0.0174623881519055 -0.151778608991143 -0.0816187620942654
