sample MDS1 MDS2 MDS3 MDS4 MDS5 MDS6 MDS7
AN03 -0.00013164541016919 -0.0569501383577681 -0.0335215262109008 0.0666993453265943 -0.0396919258381924 -0.0698531529443837 0.057066386348893
AN04 -0.0720102960670782 0.022922075518849 -0.00120235002638146 0.0903865868774573 -0.0138579376711273 -0.0271922547872692 0.00164477903523461
CS01 -0.060871647813549 0.0151954598309487 0.0100103836167361 0.175584940332848 0.114483983173901 0.0898171351401136 -0.00850537880925173
CS02 -0.0868150767098607 -0.0539823038793449 0.050231282837274 -0.0413659369737165 -0.044394746031412 0.0216838816064228 -0.00515615108367309
CS03 -0.0703230650704125 -0.00680348514840406 -0.0172467083669534 0.0393070129908138 0.00768906207015931 -0.0373173764398583 -0.0321167846317354
CS04 -0.0188834628586663 -0.042240483387986 -0.0391414495876792 0.068379457299278 -0.0906193365491775 0.119691847469835 0.0323077945457621
CS05 0.0534522476676451 -0.0697726662808142 -0.0898372364876808 0.109007225965424 0.0397825652198055 0.0277526194029883 0.0170771734658054
CS07 0.0846184482752968 -0.0973662374180687 -0.184026655731436 -0.0229575812066282 -0.068498146518906 -0.0778641468769841 0.0436468546813223
CS08 -0.074328109537937 0.00720747661284038 -0.107076608355143 0.0626069054556571 -0.00536844061020029 0.027857180647588 -0.0296725568393503
CS09 -0.0525780459415674 0.0606857804337192 0.0693270263320107 0.0394558600903817 0.0859181440161384 0.0342658909967148 0.12215194548499
CS11 -0.121346224040578 0.00842276446787618 0.025169374121672 -0.0649795881366219 -0.0554385056694325 -0.066679269270773 0.0103254787415138
CS12 0.0519954615717297 0.0330111288059099 -0.00594119702783197 -0.00511318908100129 -0.0685807538034164 -0.115620626229114 -0.0254072860360198
CS13 -0.00192572201194024 -0.00390219630514236 0.0240825435323083 -0.0861331642707938 -0.111386234344302 0.0784035633954862 0.0357567665302584
CS14 -0.00759637360521796 -0.050490497578421 0.0215396237823463 0.0218380188165824 0.0564661816925232 -0.0614531507376775 -0.012067458121928
CS15 -0.0673300365349387 -0.0606318736125302 0.0186446884831454 0.117970791854883 -0.084692191211821 -0.0102827937764713 -0.00470158481689906
CS16 -0.0336101566492371 -0.0760448703152278 0.063411637253512 0.0534092876201698 -0.0222888250279893 -0.171264666952818 0.037164028268
CS18 0.0111671584494968 -0.110949868228269 0.0780224194766639 0.0630788612272912 0.00835620164541358 -0.0172746065751833 -0.0482252706838596
DK01 -0.0287894975859851 -0.00767232604819299 0.0806575766086408 -0.004923449434449 -0.036177972607473 0.00817604008691444 0.0847871239280406
DK02 0.0815383388460101 -0.0505608569949806 0.0183622806073475 -0.0384820547060294 0.0453666940652552 0.0659019533006339 0.0786793264321456
DK04 -0.0273545447616897 -0.165913580488242 0.0829994513525517 0.106744947390896 -0.0414782749753869 0.0301088520394589 -0.030143101584886
DK06 -0.000847949034377349 0.0455746214452618 0.112955168202774 -0.0189447322901288 0.0909730677356923 -0.0262773630448618 -0.0352334728887121
DK08 0.0903430398027313 0.000468070967666142 -0.0153795763763724 -0.0341824189470507 -0.0533470168648712 0.0925693429579941 0.027281570980319
DK09 -0.0392859170938283 -0.0171654136215112 0.0124771046930508 -0.0623394457844553 -0.0412774821805117 0.0128855712440722 -0.0157170601574389
DK11 -0.0775085885440651 -0.0484677377719483 0.0886014291061974 0.0804680255142137 -0.0199006386273777 -0.0413293346625229 0.105834066327697
DK12 -0.0844710817432053 0.00212053638337266 0.0026561846448446 0.0884611199698297 0.0242696559750674 -0.0339745366892129 0.012973555448309
DK13 -0.016820761550515 -0.0024049306838254 0.00338910670938502 -0.00564860518146652 0.0926134990327872 -0.00335798189476474 0.0323639715442207
DK14 0.104474545874569 0.0503604548162098 -0.0126563193087052 0.0210740904786816 0.0567859162552553 -0.0753310413540397 0.124421529091051
DK15 -0.13306353699537 -0.0682946050104826 -0.0108151917306388 0.0448267421646258 -0.0516815315612983 0.0268218898207768 -0.0380456184270131
DK16 0.0297969716991776 -0.0389126204407995 0.0179225655569642 0.0262379605591817 0.0997444922404899 0.00549285239833439 0.0771181912404473
DK17 0.044922764378354 -0.0261431589480111 0.0448270307548839 -0.0401452474092318 -0.0235879566049106 0.0350077226289301 0.130437408485167
DK19 -0.0170995198938721 -0.0795768255428862 -0.0398288923963159 0.0735529052354428 0.0169277431843609 -0.057328529508893 0.0265150816730205
DK20 -0.0593480555312525 0.0336039722330272 0.100759744561884 0.0188589029347654 0.0460755732247887 -0.0746594642157625 0.0943559014092928
DK22 0.0243248777859696 0.0469058943172639 0.130056760444552 -0.0903512276652873 -0.107566105573365 -0.0528005755517121 -0.0185233437870644
DK23 0.0606092502085051 -0.0980055536847305 0.0105701492232859 -0.036150655950808 -0.107385375614669 -0.0801995023191016 0.0294435114459362
DK24 0.0684052175461957 0.00162779069115117 -0.108543686534784 0.191962936938123 0.0472184178496301 -0.00567538004117262 0.077297094728774
DK26 0.123770249590223 0.0601977156886744 -0.102300793320739 0.0399715153215371 -0.0520795303831608 -0.0413464929973824 0.125584609063418
DK27 0.0993286482460691 -0.147837494420655 -0.0115344439921399 -0.0352130647398429 -0.00105600078212221 0.0475881590248032 -0.109899974841209
DK28 0.153036630074031 0.110366376847642 0.0765109828416219 -0.0579907377310291 -0.117380854479486 0.00714941773707989 0.100375318310453
DK30 0.192101082060577 0.0127549873935972 0.157618594124528 0.0130773089913571 0.135747389007162 -0.0475080908208856 -0.0665864641577899
DK31 -0.0303452301443402 -0.122294126262023 -0.088561057440443 0.0291077780689696 -0.00187451653130413 -0.112292622722825 -0.0809399210988972
DK32 -0.0166989505328443 -0.0326887716524166 0.0597162090812606 0.0327993162548587 0.0155612797642428 0.0436657882589627 0.137485892565903
DK33 0.117130980436033 -0.0899411766902811 -0.0424770510834659 0.161459916498628 0.083294340668439 -0.0166310493152101 0.0466899674865464
DK34 0.0485565027626706 -0.105206693357972 -0.0864869771921232 -0.0554672093886801 -0.157885176377111 0.0100506689246065 0.0542977941228374
DK35 -0.0319202241635869 -0.138051609834287 -0.0258180027598723 0.127692082345424 -0.0548189769062752 -0.0244089359012648 0.0455329754433416
DK36 -0.0772327175669869 -0.0693905677999975 -0.0593919326958013 0.0484678386070769 0.031404722564818 -0.0524897618544563 0.05056734638206
DK37 -0.0330312940109134 0.0470910370142328 0.165345054723765 0.17270393234398 -0.209684968046562 0.0337213349579195 -0.247967087759841
DK38 0.0379997572852502 -0.0494233792708827 0.128122925269713 0.079724898866376 -0.0316333381806933 -0.193545309101273 -0.0523450254598916
DK39 0.0448054750731847 -0.133731014173991 -0.0623114877837411 0.0181288243008884 0.0465389474240023 -0.0420673722997653 0.0673415263728584
FR01 0.074117397549918 0.0516549922708249 0.173749943128966 -0.0148683875825765 0.185029808357296 0.114913794286675 0.0556869385298524
FR02 -0.0399662720015894 0.0498565799187432 0.00892555402976792 0.0247319228755793 -0.00480654074555957 -0.0529829613142149 -0.0670964314381607
FR03 0.0118904440055908 -0.0972189883875903 0.0143496174732634 -0.07344276575592 0.0208399025041422 0.0548708766005787 0.0513116564316901
FR04 0.0881415293976313 0.0536176154048281 -0.153307238923067 0.162455014619145 0.00490940200886305 0.0963051079487743 0.0442238926516419
FR05 0.0768109411694153 0.14051475868221 -0.188099491598188 -0.130094190206939 -0.0106028860181862 -0.0308567861277068 -0.014534710733027
FR06 -0.0763289918317341 0.0147926885391679 -0.176388648392373 -0.0160306754473268 -0.0686922243623429 0.122714891178854 0.0585775500060487
FR07 0.121165409231821 0.0328362193652416 -0.205915567288547 0.011191557216443 -0.0452742623651039 0.0854764959098521 -0.0569195885791628
FR08 -0.0419587825042917 0.00469675964484019 0.0305442606658813 0.0954019913481486 0.0271933808501812 -0.147610101637643 0.0493651203201626
FR10 0.0427471724018459 0.0221067862071297 0.0468863941706557 -0.121596730461395 0.0208712984362815 0.0139139640040395 -0.118808646870646
FR12 -0.0265822187192752 0.0583187002561296 -0.018375269088471 0.0869433176292538 0.050997538121392 0.0295926943465885 -0.0519105946929941
FR13 0.043222501822671 -0.0616987017056909 -0.200484400630344 0.00540745158963558 0.0133659087499873 -0.127703050366741 -0.139694171981402
FR15 -0.0799169450726116 -0.0769518779749446 -0.0559780815229782 -0.0604718614458997 -0.008265321431081 0.0263327242990697 0.00694295592429679
FR16 0.179539490886727 0.00385158095217733 -0.0416633188969017 0.0336238219946283 0.0381582073325781 -0.00740146506618751 -0.0178327722975538
FR19 0.0625507099316583 0.00728460882383619 0.157447550437519 -0.074658338976121 -0.0412339969684661 -0.0636523582386621 0.0950142254896132
FR20 -0.121562495764616 0.0546718323629348 0.0130399264947276 0.00645915419288254 -0.00644523330002916 0.0015807662714735 0.120459259120266
FY02 -0.0701022429923187 -0.0714690179122583 0.00746786351509039 -0.0112371351528976 0.0201570700033908 -0.0486539740889132 -0.0201158374745313
FY03 0.0477256168851359 0.0258358225913072 0.092238020970482 0.0594776581888315 -0.0637616960939125 -0.0474104697728036 0.00857642096601817
FY04 0.0247884201864993 0.0813784361480067 -0.0202901498120707 0.123701141916618 0.0973070822232461 0.0916035924129483 -0.0464878445877654
FY05 0.00131225647568593 0.0795767945332798 0.0861153667628032 -0.103336384170555 -0.138081301984012 0.0371887550361166 -0.0219663830512066
FY06 0.00118842373870049 0.128232770171233 0.0145970953671621 -0.0599118045858479 -0.036269940084339 -0.0418399648577875 0.0166299327707283
FY07 0.0410933615235949 0.0914697481598881 -0.044784153213187 0.112901536115199 0.026203334564932 -0.0566128050423741 -0.0134254019066437
FY09 0.0106349888687327 0.00693727088697865 0.110019651764156 0.0696752609794144 0.0909504354154807 0.0222848026485927 -0.0140211597635392
FY10 -0.0441243573313756 0.118969372183782 -0.0125606635031309 -0.0840758201444879 -0.0617555496023236 -0.0822917129727891 0.110957302025952
FY11 0.111589247682592 -0.0468598822936562 0.0352950376608204 -0.0286343084603281 0.0683959188017974 0.00575813143128011 -0.0491868431528499
FY12 -0.0631901977013039 -0.0788999519063204 -0.0197815184666026 -0.00835523290980055 0.0151507506744039 -0.116842505095141 -0.136934672007162
FY14 -0.0568898853296092 0.0318109030928051 0.0110296524339231 0.0594324524542888 0.0423056018103307 -0.12233534166334 -0.0609424073883085
FY15 -0.0891311073881553 -0.100878326796562 0.0320284722258127 -0.032734125431762 -0.0550314630499974 0.0753185416600577 -0.0327517651556654
FY16 -0.0229269256033989 0.0687177055954965 0.0295674694618923 -0.0273811906282212 0.00946070188427641 -0.0826646179399742 -0.016298939305667
FY17 -0.0387464621082408 -0.00350462093539697 0.039104451143324 0.0815836383542562 -0.0427812227420825 0.0839052875160878 0.0364837211458093
FY18 0.0205297062001773 -0.0235867567639213 0.0280382954305353 -0.0255351046434069 -0.146989355042314 0.048095620606433 -0.0147130955607103
HH01 -0.109976793998839 0.0281892006407107 -0.111731328428386 -0.0123536123920852 0.189065219501633 0.0667564756063987 -0.0895131035824005
HH02 0.178308228559957 0.00279948330845579 0.00454285436318263 -0.0210205945595678 0.157803972189451 0.0393478187301232 -0.00463831479643994
HH03 0.00983164968594549 -0.0383502261976825 -0.000262070791440266 -0.0356985451085027 0.0575272501484212 0.0224511371219642 -0.0660284560962844
HH04 0.0588263438427479 -0.0736034308561263 -0.125114104416922 -0.0646160005177269 -0.0360945513581198 0.0793513162228228 -0.039450986365099
HH05 -0.041371116335458 -0.0296023229848519 -0.0303479881022835 -0.0336017350383098 -0.0844643516459037 0.0683101673031828 0.060363600518637
HH07 0.0191843579676973 0.0492959885618718 -0.0827052155295865 -0.00559878516412167 -0.0474309358612277 -0.0754450798814011 0.015558963802787
HH08 0.0560524669054106 0.0287035186146077 -0.0431495431472076 0.0444274735206455 -0.0193904159563938 0.039292839943147 -0.0129080320523046
HH09 -0.0558012565074117 -0.033585109596168 0.0291420087114531 -0.0803318934839981 0.00658598724264373 0.00619067599768144 -0.0620085814712662
HH10 0.105690874538024 -0.0899069019632618 0.181979060238199 -0.0229535602345339 0.0553503923123895 0.0206858619662347 -0.0324571734030558
HH11 0.0450225375134654 0.00631216993765357 -0.0569973164255221 -0.074040737421911 0.0265740656874076 0.072453562553578 0.0569894213482395
HH12 -0.00613287734351546 -0.0558265544748341 0.0491221282296833 -0.0657984035802067 -0.0936743185569437 0.112086407475684 -0.0341307993296439
HH13 0.0206301707136564 0.0941848983628944 0.0041345858956453 -0.0473682094657618 0.0566440610805448 0.0123183122676029 0.126538810022667
HH16 -0.00903884636922099 0.0475033703457315 0.104406047570166 -0.00202932928247786 0.0101296099036744 -0.0805129761285912 -0.00591836259392711
JB02 0.0466629427099642 -0.0988612333385269 0.0274959929380959 -0.0123975476855801 0.180004587091336 0.0473545680239339 -0.128149744711183
JB03 0.0129926986703974 0.131247666193719 -0.111675618070209 0.104330855306773 -0.0524386061354899 -0.0120951807328051 -0.0405872412385362
JB04 0.0320700664770428 0.103269923452856 0.0489450163609302 -0.00584906806831997 -0.0508959974272854 -0.0745195965558525 -0.0270337595805564
JB05 0.038367420307687 0.0252513865635265 0.180619880310893 0.0047793308179917 0.0939081963090244 0.163852839706046 -0.0325691469157687
JB07 -0.0140937886836082 -0.0339838561176551 -0.0274709850929255 0.0317027682154025 -0.0617255668774489 -0.0444031016664847 -0.0306227058029566
JB13 -0.0504527037985031 -0.074567721490596 0.04143247030402 -0.030096595606934 -0.152316463038972 -0.0475197453779084 0.012414689417958
JB15 -0.102996812906067 0.132579488806894 -0.0184209711316712 0.00308477831830347 -0.015469246180478 0.114362850071804 -0.0121843661205131
JB17 0.0440446931140678 0.183418786939882 -0.0834737374167145 -0.0551156962332558 0.0555079882949879 0.0187247079439282 -0.0918162431991753
NB01 -0.0319151405807266 0.00673348238658 0.00267546624579425 0.0166835017037699 0.00762386854356408 0.0840342167733969 0.046087233141043
NB02 -0.0737959353785263 -0.0115294551450092 0.0526141991824022 0.0152692761930246 -0.196583024115098 0.0868776708102057 0.0234298591082595
NB03 0.0190993671288872 -0.0252057616163141 -0.0953436317548825 0.00763215219651367 -0.0583689311611265 -0.128786471231983 0.0313693994945379
NB04 0.00751341506649241 0.0145952215095798 -0.053469118418079 -0.0457177439202966 0.0372683017784437 -0.00383853113858025 0.0199364260366578
NB06 -0.0289684934011155 -0.0673885882875177 -0.0610445409790607 -0.0195764235863585 -0.0546050404726088 0.033989015332721 0.0599236985120198
NB07 0.114016783904782 -0.0376266806452128 -0.0631003757902993 -0.0667820395675199 -0.0879904738997134 0.064898415372851 0.00665712780347004
NB10 0.197530713270103 0.0674919801304086 -0.0462625035242202 -0.0488637922446518 0.0418941088336835 -0.110950887675213 0.00139125202986473
NB11 -0.0265662855605874 -0.00030683695062907 0.00346457791353723 -0.0146617478786238 -0.128874574375878 -0.0755396504291382 -0.00652409083953325
NB12 0.0487007343395256 -0.113690854197921 -0.0030556487071609 0.0198221883397564 0.058848986746176 0.0151714409008508 0.123519374368888
NB13 0.0411791125320807 -0.0534224592269709 -0.0928538033154165 0.0781245491321732 -0.0767270006345085 0.00726844049237943 0.0496098344136312
NB14 0.00407560427988059 -0.194032076995019 0.0995138280634497 0.0369920645779961 -0.036165561264446 -0.00606602822425436 -0.00881905896088682
NB15 -0.0491597568713862 -0.00104672230239534 0.0430356163387109 0.00784476879313118 -0.0363175777720378 -0.00891820467812853 0.129643248274959
NB16 -0.104635532686781 0.00158910671872417 0.034804831833965 0.0464523423211997 0.0249504330744411 -0.0462261875284447 0.0422813628412921
NB17 -0.00369056929074803 0.0602535817714422 0.0432333152452297 -0.06735333215443 -0.0746204218076426 0.0012726798047824 -0.000452837545821398
PA01 -0.0681146672150547 0.0941550158636958 -0.0417548762847529 0.127667107373863 -0.018052150899916 0.0915091048805656 0.0106814103671914
PA02 0.0135810505107744 0.117443675288024 0.000410179334839226 0.0929368867559758 0.0966173016341682 0.0686935890142693 -0.0859334579845374
PA04 -0.0849978415966681 0.0321406226214674 -0.0479658967775652 -0.0868901107370458 -0.0190926459509485 0.112175378677376 -0.00263205293902031
PA05 -0.0887854565120474 -0.0749590605054321 0.00453495836984119 -0.0305373135668009 0.0775035975258092 0.0733664961593994 -0.0806241134990936
PA07 0.109414302299288 -0.0355809662438616 0.0440605749368606 -0.0696782405150168 -0.0679938190888077 -0.0715731083390385 -0.0143566647623733
PA08 -0.108891116008149 -0.0425158336828635 0.00687154223067284 -0.0828400406448656 0.017334452900144 -0.00561385449102425 -0.0707786022063398
PA09 0.0575555377860353 0.100970582182917 -0.0718816854208118 0.0302793476305188 0.0908140761024261 -0.140084889502933 0.0546093470575419
PA10 -0.0474270847558105 -0.0227610773530688 -0.0794159294196296 0.0819423912394656 -0.0516686767739803 0.118556858494204 0.0586403122800094
PA11 0.173215658117555 -0.00160783275869603 -0.00939209858734291 -0.00576111895166928 -0.0538991612230413 0.134112757314359 0.0130383949362212
PA12 -0.000911087379465043 -0.0362307406087666 -0.0471521405690492 -0.0104316091611426 -0.137485219767512 0.0616346933772063 0.0597733623795198
PA13 -0.040054023368964 0.0262677787618423 -0.0404046663818912 -0.170737424413723 -0.0278561725542637 0.0362446252688723 -0.0444565887174668
PA14 -0.0947776724124372 -0.0197032311807373 -0.0594413812008442 -0.163882189446801 -0.000858528061476616 -0.0605107434009718 -0.0476306970799169
PA15 0.0479750221703682 -0.080971621694192 0.12666082681606 0.0123276681219016 0.150002057752315 0.0591083575418448 -0.0553913155966401
PA17 -0.024137191722337 -0.0531097558529093 -0.0277106945224909 -0.0638690006698867 0.0454593428554902 0.0312508687596304 0.146420291051287
PA18 0.082018404321147 0.0429875974737794 0.0770753286267822 0.0427403268049078 0.114139913347583 -0.0582850640230686 0.0023767530108135
PA19 0.129297989178278 -0.124525721185206 0.0116315723950588 0.00958959432580581 -0.116707380503037 0.0165911705180462 -0.102781104682352
PA21 -0.018397160356893 -0.0805366640390161 -0.00930424430693991 -0.0860227759047151 0.00328212822431801 -0.104568869681077 0.0107780819765594
PA22 -0.0211146492443933 -0.062681417941578 -0.130020853436547 -0.0267988740705267 0.0277759953675078 -0.105808866073137 -0.0644233475523629
PA23 -0.0245805303052073 -0.033580269089019 0.0438262046647534 0.0356663365786336 0.071630462993782 -0.0142960010711432 0.0788819181985192
PA24 0.0442951006788193 -0.135975663417108 0.125558211225296 -0.0225441486020702 -0.063253414715365 0.0821804017133185 -0.0761107177899973
PA25 -0.002023660686896 -0.0309602796113213 -0.0342591218873637 -0.144876242581427 -0.0243571609081975 0.0654265111390585 0.00312384753211129
PA26 -0.019620221864212 0.00215270505005387 -0.0672845218008336 -0.0163774061160062 0.0368294078955884 -0.0718980463514813 -0.106455369598256
PA27 0.109509326567905 -0.0431751975591445 0.0131752577284859 -0.103457489675367 0.0715655175838484 -0.0272784960020255 -0.0705462102501998
RB01 -0.0769536068290619 0.0659353395392059 0.08196267572793 -0.122568246672795 -0.0132128767569528 0.165391905327241 0.0419052990060305
RB02 0.0757908644968229 -0.0265348143543209 -0.0110954314994691 -0.195320373138626 0.0766285196956129 -0.0379462508108258 -0.106275691366584
RB03 -0.0682591144011123 0.0307910177229453 -0.0250371616834752 -0.1146159962811 0.134265085170609 0.106308623139956 -0.0627551340721459
RB04 -0.0637628413787323 0.0706384431012966 2.98412997596533e-05 -0.0414160084841935 0.0496079280400088 0.0422945933162493 -0.137838771298631
RB05 -0.0281576240015975 0.0302594423031455 -0.0652560262491809 -0.061842142616385 0.0760500887471579 -0.0308496452177573 -0.0511563817095993
RB06 -0.0374304854126664 0.16024626247785 0.0381309254773082 0.0130172564514302 -0.00942742798749284 -0.0996950822884468 -0.000167434674511254
RB07 -0.0155313926770987 -0.0814932021958724 0.0574574896292949 0.0654264610708725 0.082434015203713 -0.0231896141339493 0.0187732296963724
RB08 -0.0535203537667295 0.0401069961094792 -0.00431306448590232 0.104812452721876 0.101294272350759 0.0054418106310278 0.083144104015215
RB09 -0.0624949314886791 0.0293881739378786 -0.0960255007623646 0.0109894157459385 0.0714068460153966 -0.156734159047309 -0.0935234081710203
RB10 -0.0146118197041458 0.0640155815002378 0.0942469259755073 -0.151735293979211 -0.000187142260728103 -0.119850519921886 0.0881861425853865
RB12 -0.0465777119111368 0.0237494009701578 0.176802061161267 -0.0520873190360296 0.0526378139158275 -0.0214446689356329 0.0186561533017578
RB13 -0.072991830128593 0.0997784368564333 -0.026557107647737 -0.00744748450934155 0.0370655120324788 -0.105670890667665 0.039780234777694
RB14 -0.0241557715626472 -0.024582798028686 0.0177702994128472 0.0464811934964236 -0.0137468737003135 0.00965098691933739 0.0315707847273005
RB15 0.0390391381778283 0.0318090879144056 -0.000954316352639735 0.0499895555042778 0.0606085030614855 -0.095703293199865 0.127965062093021
RB17 0.0816194083933585 -0.00209087511174834 -0.0750168751311565 0.103680566925464 0.0232278840302184 -0.0657208187408961 0.00183284667775811
RB19 -0.0560132035623262 0.199639552786819 0.057529848178772 0.0558354975360759 -0.0583564110222539 0.0625695735595792 0.163056364148391
RB20 0.0355746978463648 0.0525204262155332 0.0380293048802166 0.0189899620269877 -0.0636586099748742 0.0838507601169695 0.0563566155621655
RL01 0.151051352242586 0.0931341607929682 0.0947959980328784 0.0350747731004075 -0.0150378865181353 -0.0991810585903678 0.0328230629593506
RL02 0.00477530124670049 0.0471678262119607 0.0986103564858818 0.032062114593903 0.0303545814053116 -0.00988380002213586 -0.0273132255736407
RL03 -0.088897077202632 0.0383228173280252 0.0423551525415229 0.0393622487861178 -0.0577688906981888 0.018944355026408 0.0962909069522498
RL04 -0.112913714768751 0.0464950379473688 -0.0678110401642704 -0.0489706190179892 0.0490216561519534 0.0723288027823796 -0.053478505716255
RL06 -0.101799779044105 0.0195920853943996 0.00681578909250257 -0.0433978267442831 0.0382376359022023 0.0627129917516443 -0.115382115480249
RL07 -0.036871055016288 0.0552572605000923 -0.0897211976296218 0.0425115416303785 -0.01653663238696 0.00845955773002044 -0.0407048943564323
RL09 -0.0541979760779165 -0.0553225020025513 -0.0445427944049205 -0.0418648670050112 0.101212947104057 0.0039896480139532 -0.0997347687359403
RL10 -0.0868211680676348 0.122099145846338 -0.0418444656291125 -0.0313892750718441 -0.0388403944980948 0.160467177573118 0.0506336511214713
RL12 -0.00785148776615096 0.0764082012335068 -0.0688342250246642 -0.00839049540451223 -0.016679189492145 -0.0119261666794301 -0.196630263634188
RL15 -0.135913624364627 0.0565033736365024 0.0718452742343013 0.0755173220144799 0.0567466695724517 0.0248378674225725 -0.0959916049099648
RL17 -0.0107458863364842 0.0093247267486547 0.0212315233500849 -0.120080903268239 0.0713169759177027 0.0348057233992146 -0.0733464981570713
RL18 0.22934584964464 0.0122434573083771 -0.0115925668091488 -0.0240024143131912 -0.0639271008413939 0.0281996706409158 -0.0266507969234511
RL20 -0.0330439919651778 0.103179039505699 -0.00490476116572229 -0.0606935141942926 0.0438058932620404 -0.114757902721769 -0.046649451731905
RL21 -0.0627003805233138 -0.0346426576700743 -0.0715831653531698 0.011257099309109 0.0530375590095308 0.0391776992269581 -0.0105875752326368
RL22 0.0283394118251119 0.161639490974548 0.123050706440861 0.254157620722842 -0.25461193761662 0.0047531957738516 -0.365996338787126
RL23 -0.0488696107779384 0.124223880317762 -0.0300168254523674 0.0340295403000376 0.089743679708622 0.108682408287442 -0.0318669815031181
TR01 -0.0546550184039795 0.0476572998660073 0.0404337818173404 -0.024063117270229 0.0165210897816974 -0.104068774725874 0.0764108293263783
TR02 -0.0742724241675507 -0.0278863084459835 -0.0110547643198673 -0.00919041645303824 -0.00540945838252243 -0.0124676066770382 0.126695837131754
TR03 -0.0897694318731299 -0.0225539128529475 -0.100944145074582 0.0297541232627136 0.100208772307363 0.0353509286132352 0.0341083956897057
TR06 -0.076367170320622 -0.238640665464057 -0.0204536736389866 -0.00780022861323448 0.0115974687276826 -0.0232726119297333 -0.00867831562174991
TR07 -0.00424099371242639 0.0381082122681403 -0.039583865506049 -0.117086565857242 -0.0490570059897401 -0.136711197642102 -0.0503305611496743
TR08 0.0133553073901171 0.0541560775313483 -0.0217610216211878 -0.110370707960115 0.0956179767060021 0.0271255245197045 0.0905555477041041
TR10 -0.0981399799806144 -0.0505298714279143 -0.042385084258866 -0.127049956172852 -0.00238215481453478 -0.0369644989500025 -0.0201829597428484
TR11 -0.065065647267681 0.0070265203535382 -0.00303896226025021 -0.0189377386243755 -0.023154526211277 -0.0341364572123689 -0.00247718159712229
TR12 -0.0106736488098199 -0.0221380221825005 -0.0249214488274897 -0.0234331507392859 0.0420143735463993 0.13021683263997 -0.0580959059709289
TR13 0.0477847993959555 -0.156274295125351 0.0321019089820026 0.0889730436872937 0.0380064985313698 0.167068179541112 0.063014069341807
TR14 0.25541456200485 0.0893677366219084 -0.0493464305492939 0.0290330049936923 -0.0646791670398096 0.184481197406475 -0.0416656514255727
TR15 0.0307168206286751 0.0210910113296217 0.0803820989973178 -0.19181276532611 -0.0665259195640667 -0.0102762446171648 0.00872314065131675
TR17 -0.00120170987820812 0.128926393959498 -0.0601902399867499 0.0375674116418336 -0.119624999260693 -0.0534056588490388 0.0850342295791177
