sample MDS1 MDS2 MDS3 MDS4 MDS5 MDS6 MDS7
AN03 -0.00287221243972868 -0.0343803301759613 -0.0609019740846458 0.0174490259362892 0.00851803515663193 0.0746115486400383 0.0134973191712539
AN04 -0.0468434398398441 -0.00859028134489037 0.0462591606026528 0.0270051474020353 0.00332746346426438 0.0504288306292511 0.0638472815269379
CS01 -0.0789231435364583 -0.0163209395381622 0.0458093633893381 0.158433268144162 0.0269712102886168 -0.000444789202170975 0.115601405151076
CS02 -0.060819960844926 0.00559129877099063 -0.0464036920674663 -0.0770583898759483 -0.125463902901015 -0.0670209839547919 -0.0119803423975239
CS03 -0.047144672348351 -0.0440634383468134 -0.0340802652911455 -0.02594765908464 -0.00274553044422773 -0.010484723259751 0.00368094138704483
CS04 -0.0264580020384575 -0.0189333292171152 -0.0251403155380862 0.00510361523616634 -0.0827208714552522 -0.00797138002795222 0.113921619791534
CS07 0.0598783657406378 0.00510004224736521 -0.127551955017359 -0.0774434957564147 0.137807977402348 0.024306269556701 0.0632279944098689
CS08 -0.0730946532364496 -0.375004615862466 -0.120535353539622 0.000678559572294402 -0.0766498083180413 -0.0451150153737285 -0.0350575775927672
CS09 -0.0746186986414986 -0.0079660234599806 0.0842459902777442 0.0916701230777938 0.0143264756550458 0.0390754543032273 0.0362352222177431
CS10 0.0125760905841398 0.0632344636064552 -0.0330829550852837 -0.0787554984219982 -0.00487024071152307 -0.0549112927042085 -0.0223565251956524
CS11 -0.0961976860645865 0.0534346539115955 0.0119927918305771 -0.0836764132457839 0.00616844868170052 0.0580189210202869 -0.0603209975510088
CS12 0.0440363130190663 -0.0460734996653369 -0.0171359786678368 -0.0760233080642416 0.00717158536080796 0.087078841395043 -0.0509858281554373
CS13 0.0302369996790635 0.0781999414864427 0.017993926657237 -0.130371862116048 -0.103900343478381 -0.0304258229472656 0.0880583682877129
CS14 -0.0349047912318117 0.0422534720207808 -0.00201658832540173 0.0664206129948577 0.0339878961132775 0.029023537277043 -0.0535379655159397
CS15 -0.0426065104511483 -0.0179450613104468 -0.0703682871962535 0.0153000771062564 -0.0461388729671962 0.0850480838188346 0.0797948692427671
CS16 -0.0574581872020466 0.0481559080176615 -0.0916979243624655 0.0106836877410719 0.00720376959486398 0.161419364638785 -0.086188612380535
CS17 -0.128983788236955 -0.0434522304251668 -0.00703963744715581 0.0956440948073854 -0.0230451969698202 -0.0962077936294098 -0.0160056548901589
CS18 -0.0258901285066028 0.0286359479241036 -0.0941401960177517 0.0896506127390833 -0.0517078871766497 0.0577224897058219 -0.0209662401446166
DK01 -0.037463246758064 0.0624835160330607 0.01583080227387 -0.0174431435500306 -0.0339316879477683 0.0672105145717827 -0.00355408511909296
DK02 0.047135808878411 0.0437463424361661 -0.0293162253347822 0.0503035109558922 0.0140175690696142 -0.0516655794773463 0.0129063894330655
DK03 0.0842574168032254 0.0215004755777584 -0.120223087256354 0.0429525297740763 0.0323589742810097 -0.00729864058687781 0.0654780034169073
DK04 -0.0500126254829048 -0.0513790886574351 -0.148074587261492 0.108593728964949 -0.146002305775721 0.0539131303777846 0.00601807078004934
DK05 -0.0181927392651237 -0.520531612937417 -0.183725261283449 0.0443326495360728 -0.0908180539793397 -0.0159796747195733 -0.124048391501024
DK06 -0.018038910506288 -0.0624776013469906 0.0307739337020278 0.0698446776499425 -0.0144719625054365 -0.00937917060412849 -0.138286784599696
DK07 0.0526441385730761 0.0520955408529803 0.0149347947902326 0.0157433851108614 -0.0780550429273676 -0.0066306043471739 -0.114370879690253
DK08 0.0955638780641254 0.00494646867190241 -0.0331066510335899 -0.0744569907019385 -0.0759347202441381 -0.0538346146665065 0.104613154623386
DK09 -0.0293235151429666 0.0275142217952031 0.00175340867403232 -0.0573546151494987 -0.0581211939418225 -0.0383315938537178 0.017344140764561
DK10 0.231738015881518 0.0330597550508437 0.0282959628073536 0.00527717763064579 -0.033554420367489 -0.0396064395038793 -0.00267549698488975
DK12 -0.0732553234341822 -0.0372407851637283 -0.00563615169885486 0.0380654113419889 0.000225228939313593 0.0732198176877117 0.0410099116784686
DK13 -0.0239673579191239 0.0431106120957345 -0.000851221168053334 0.0504898476035622 0.0835085990916114 0.00319114274303628 5.60140044164048e-05
DK14 0.0796447449189058 0.0312001732276923 0.0614086763570198 0.0535275193321098 0.138370208304538 0.0989495348435667 -0.0340008314301994
DK15 -0.115299256719989 -0.024634896669119 -0.075751080780029 -0.0366595027551746 -0.0811061459992253 -0.00715241753951558 0.0575085417026144
DK16 0.00402851394592703 0.0296870962991761 -0.0581115720429763 0.0527750955574678 0.0399282990595608 0.0306292128219012 -0.00162063923570874
DK17 0.0445933753256742 0.115482978429435 -0.00551567499417845 -0.0151458807734041 0.00315899922788372 0.0725891237669831 0.0559654094171653
DK19 -0.049879061753302 0.0529739160544022 -0.0541559956024806 0.0243556443023854 0.0708250566746071 0.0892791193569897 0.00875798562814296
DK20 -0.066560039882477 -0.00897284034866936 0.0461316427225358 0.0617314417576409 -0.00349319356251959 0.0968242108281592 -0.0920169936525153
DK21 0.0390670226660612 0.0928350000239046 -0.101434753525811 -0.0870797478195271 -0.0886501373384254 -0.0854525830015855 -0.0241974307317137
DK22 0.0562370323113859 0.0440059578476054 0.0477809795951465 -0.110043410160433 -0.127104414909119 0.0357910959097396 -0.0995510297007548
DK23 0.0656460953271814 0.0735353186047688 -0.0869504227306265 -0.073965860340013 -0.0222179736079555 0.0731252247776211 -0.015368212719983
DK24 0.0228978363223743 -0.087984444287554 -0.0338467598126168 0.108093260916423 0.0983355587837941 0.0976075121545568 0.146799245850468
DK25 -0.0340461338375233 -0.0454009258430344 -0.00711396011161345 -0.00436707331910211 -0.116727686837659 0.0378942404216079 0.00711846088825469
DK26 0.114573169905773 -0.054653844580182 0.00867997963255747 -0.042178891757671 0.115637866619183 0.0778431318582325 0.0905291514748902
DK27 0.0790924887499085 0.0282647469154253 -0.155393016925098 0.0630038705588426 -0.0327468617183634 -0.0491428064970407 -0.0289844861009523
DK28 0.167093839523183 -0.0188359772691944 0.0902973141069559 -0.0648237087289761 -0.0872215861045989 0.0567041448801919 -0.0288315299502391
DK29 -0.0940650565643059 0.00947312308660529 0.00453938939670176 0.101382689333572 -0.0169439621283403 0.0656561457089775 0.0933504500979744
DK30 0.137312779696302 0.0512036852166122 0.0531087472216532 0.175228068097344 -0.00161931899196662 0.0312152132566414 -0.130678506760726
DK31 -0.0488278437990639 -0.00450312672787934 -0.144409777378071 -0.00985918792868509 0.064893565310011 0.018247575225439 -0.0292256713108743
DK32 -0.0280055515501879 0.084648819288231 0.0244977910277092 0.0720973395757052 -0.000740660002207034 0.0713037347856989 0.063228354734292
DK33 0.0773365480570266 -0.00849842705237788 -0.0971753080365338 0.14330278303677 0.0559401278138349 0.0756686006246677 0.102652925790842
DK34 0.0444808032218592 0.0743519456369175 -0.0939091420167866 -0.124406113872408 -0.0293652480800299 0.0245496430207503 0.100082847082059
DK35 -0.0497231236288962 0.0132021251841349 -0.13814266332438 0.018063717919759 -0.00918401686364827 0.0779210020690473 0.0803938037052163
DK36 -0.0695175688511483 0.0605293600284175 -0.0499896863258005 0.0136132156248888 0.0965080079914372 0.0455321513410478 0.0644888600533572
DK37 0.0132835801876484 -0.0239942630051488 0.0440524497544 0.0478901903455889 -0.200560997670252 0.158447981697459 0.0445498874612373
DK38 -0.00998484620860338 0.00737368920940225 -0.0320551122525466 0.0344384463290266 -0.060888576202362 0.161917068751497 -0.102561990423703
DK39 0.0123118733299827 0.0387494192544587 -0.12564371217795 0.0410128440546104 0.0728796230873978 -0.0221018947791301 0.0469451033591023
FR01 0.0824769295039635 0.118704558007579 0.127183888700305 0.135302013484467 -0.0502684116382607 -0.0938316901962049 -0.0305907975915068
FR02 -0.0411139713558606 0.0347676373448764 0.0646354808853002 -0.0213308069642066 0.0172707661941665 0.0302428240022858 -0.0142947796508806
FR03 0.0128534324116672 0.104068954529583 -0.0485082716960114 0.0174524992795031 -0.0162733818493582 -0.0798232984743099 0.0160767415469489
FR04 0.0703356290976111 -0.056348546784999 0.01914539475962 0.0705250321234317 0.111353193294333 0.0274370861487158 0.221802869022218
FR05 0.109781682946806 -0.10948702502929 0.0256429377193481 -0.164467563496317 0.133730853789068 -0.0794578990264551 -0.0209695864405839
FR06 -0.0388567042728728 -0.0233620005278912 -0.00907579617227827 -0.116446205513144 0.0378476586417636 -0.075784081303086 0.156837838102191
FR07 0.137929738738359 -0.136965055268487 -0.0383618447322936 -0.037749767384464 0.0661123351040395 -0.108261121146016 0.134211835507194
FR08 -0.0535857132750369 0.0298066486749265 -0.00479358572227352 0.0223220440534891 0.0686502181316569 0.161095574953394 -0.0153807733080431
FR10 0.0443753442452719 0.0176275787014006 0.0333536251872959 -0.0113937772099241 -0.0324901406987082 -0.08451047860859 -0.100065891436926
FR12 -0.0338750924565288 -0.0456702638755211 0.0558550210473753 0.0863789823924359 0.0467148065463074 0.0121190830367885 0.0217119339156532
FR13 0.0339255368024528 -0.0530693106301945 -0.145913431771238 -0.0471168286828729 0.158886680672693 -0.00177663417647057 -0.058291225925619
FR15 -0.056402198883456 0.0341858760638465 -0.0780201365605513 -0.0653712637546291 -0.00528404349462477 -0.0712406132310871 0.0608350160654768
FR16 0.160615723696444 -0.0433931737099396 -0.047242151557228 0.0428495927084366 0.0441533556349001 0.0383026674345966 -0.0281691243565371
FR17 -0.0352098965654864 0.0767623382985705 -0.0247238463679729 -0.10032006557356 0.0596746096175011 0.00422002834560201 0.0574459881138013
FR19 0.0560853990567314 0.0233215779215943 0.0461941834585748 -0.0238994605264357 -0.0885822944664558 0.0588042712938506 -0.126120556448112
FR20 -0.125676703242298 0.0375818029089816 0.0784217942274711 -0.0237945353583009 0.0127886107721786 0.0347712330434087 0.0565232316355514
FY01 -0.0181076801598118 0.0611281285261216 -0.0148684393422641 -0.0385973392011377 0.0579954788009675 -0.0309516602606419 0.0379032574798626
FY02 -0.0672710178429848 0.091537221559222 -0.0407153646923285 0.0185418657772905 0.0452850035123086 0.0334905898928779 -0.0333287448831746
FY03 0.0532927078014202 0.0286891241803893 0.0266707320453733 0.0201252564452365 -0.00434364441691987 0.119710093738295 -0.00568956392184562
FY04 0.025855583787918 -0.138782888709981 0.0720934313215739 0.143035170696562 -0.00889161693411775 -0.0632788254506582 0.00296879993226345
FY05 0.0201678857610619 -0.0209997399752108 0.0920595004842694 -0.0778422750867958 -0.124817224564071 -0.00745100671743201 -0.0772208440700552
FY06 0.0241174360667351 -0.0517324735931937 0.0875035989460683 -0.07064426965647 0.0111137812308397 0.030124381914829 -0.0783471899589162
FY07 0.0252971632133076 -0.125322820944626 0.0229905984978315 0.0175652916204595 0.0489724491479699 0.0924485806200822 0.00575839936304857
FY09 -0.00821180541470441 0.0356528376516811 0.0603979775258885 0.140615977514193 -0.0246945415154474 0.0381230838981561 -0.0273937421070734
FY10 -0.0251735300234844 0.00880694156584789 0.090819127477371 -0.161750041412332 0.0440793375138163 0.076428243728609 -0.0108177585498825
FY11 0.10066581382908 0.0240817768087229 -0.0377911208204108 0.0954654931426928 0.0512392167905324 -0.0255476740799866 -0.0583402257969018
FY12 -0.0810985562961668 -0.0271230461584561 -0.0722766911814713 0.0357435843421311 0.0107638507388337 0.000231691125793913 -0.0931010285479268
FY13 0.0814100001148928 0.0662944104210328 0.121969938869827 -0.0481646667999649 -0.0047096960292315 -0.174199096632497 0.0711097639046175
FY14 -0.0674041987311423 0.0191323041283206 0.0435636948014998 0.0216015391095241 0.0263473274896808 0.0568130800855381 -0.016328242991106
FY15 -0.0750993881854664 0.0591253442376535 -0.0603801476024721 -0.00385411468647317 -0.0939495031368481 -0.0550925431599046 0.0685210651601074
FY16 -0.0146251535256507 0.0533022239997155 0.0588559485125818 -0.0394983283276232 0.0489705220842125 0.0403156407696089 -0.0553735592205142
FY17 -0.0286971458177326 0.0228912341502421 0.0294257777943544 0.0169375328423629 -0.0769384810210911 -0.0071662410174057 0.115209156909752
FY18 0.0496486834282657 -0.0117997809022932 -0.049721995891085 -0.0743448413923562 -0.103907244197818 0.0237351547592257 0.0235014792079729
HH01 -0.10781172021057 -0.0617108290355022 0.0387495486793822 0.0833789662341176 0.124590390364379 -0.174872331110577 0.001818253835034
HH02 0.168885188570342 0.0160513964890024 -0.00749418602854727 0.11258615998575 0.0609696569053288 -0.0849981538015307 -0.0184037705539368
HH03 0.00555145621268499 0.0308965738668399 -0.00926260074086072 0.0465718537012231 0.025649963430946 -0.067414419122279 -0.0364908063589425
HH04 0.0640430201114737 0.0498618278387215 -0.068224414438771 -0.0387860279436819 0.0324475131652456 -0.0957766448388551 0.101254555870684
HH05 -0.0207918493186363 -0.0123421322827642 -0.00984620988530342 -0.0620094659954416 -0.0438406852481072 0.0016013227143888 0.0587531857994527
HH07 0.0187412509547781 -0.0992380382692116 -0.0253537591353217 -0.0719793073098616 0.0759553794331867 0.0319675073750878 -0.0275631053138051
HH08 0.0619157430956484 -0.0521635319809761 0.0253540411610744 0.028576280581658 0.0169800997762249 -0.000854071676974208 0.0513262620894978
HH09 -0.0622672326327557 -0.00677499243342903 -0.0190006073283954 -0.00837062654615029 -0.0360589468427673 -0.0552475246120304 -0.0798366422188041
HH10 0.06505194891719 0.0618149980763379 -0.0334705410474571 0.149785558662154 -0.101605248987072 0.0118752899301018 -0.122684028130054
HH11 0.0501280648620439 0.0359097120912972 0.0536732028218811 -0.00374218960646636 0.0714797851311343 -0.0536964081209251 0.0231528971619432
HH12 0.0151153552063976 0.016749310633007 -0.0134794545408204 -0.001905560409159 -0.114650198816236 -0.0535593201945599 0.00396070338973986
HH13 0.0158581174918964 -0.016116900598391 0.0704753597197339 -0.0433253690711771 0.0222764257962248 0.00480777042712637 -0.00993026076051365
JB02 0.0384492500142542 0.0791870902973609 -0.0777754447908414 0.154601150808008 0.0344729787401079 -0.104756950639034 -0.0662200718341821
JB03 0.0163322051238367 -0.0880018889001059 0.092914095159259 -0.0286623687366255 0.0504766780137645 0.0650770912975687 0.0931985529701089
JB04 0.0568147603933435 0.0169564841568944 0.0897090885532291 -0.0547756026474397 -0.00134773364952322 0.0931724620882819 -0.0594646845513671
JB05 0.0514727533412571 0.0130069880585003 0.077678139264134 0.168332109250776 -0.126181511058034 -0.0899532266151696 -0.0281709598553487
JB07 -0.0117498849648139 0.00458204887017017 -0.0479862860114059 -0.0518647793183064 -0.0221268223726909 0.0520942420834638 0.0329914540596192
JB10 0.0982755420804573 -0.0440172650375362 0.0390657787589042 -0.0119435081069392 0.0268261480463419 0.013604924002812 -0.000712149198319682
JB13 -0.0351404915772316 0.00129188594275122 -0.0655371633281563 -0.0836107886580857 -0.0989637365233799 0.0577853117039851 -0.0433742472290075
JB15 -0.0631881659205249 -0.0605069866239475 0.149896483453059 -0.031823360263718 -0.0288137554616887 -0.0909992917717245 0.083415101109492
JB16 -0.0858648981905151 -0.0278225595607323 -0.0188688712074894 0.00594628460837794 0.0265069961179299 -0.0240466136294478 -0.0473927092801051
JB17 0.0666887069657972 -0.0553139515952317 0.140096152749967 -0.0289400362685433 0.113283329912666 -0.0669830176278515 -0.0146092484266711
NB01 -0.0128575900388195 0.0184932450610061 0.0346110151505028 0.0216293546055099 -0.0101102399741983 -0.0232166433427969 0.0680704458685257
NB02 -0.0408464690868591 0.0259950508597791 0.00131848576636315 -0.0888829512793939 -0.159298666611221 0.0715440884133241 0.0919693612438342
NB03 0.0309485578794912 0.0199996928883566 -0.0514082907955579 -0.0801138964326497 0.115066489815459 0.0857478244956787 0.0437531524384247
NB04 0.00555601940744174 -0.0227067262247699 0.00427576019888496 -0.0125968483405696 0.0717859071903892 -0.0287726998015317 -0.0147339521524995
NB05 -0.0614196465454051 0.0538324895235686 -0.0588305441784609 -0.125308023954282 -0.0513339245019632 0.0732378614231265 -0.0351988493980225
NB06 0.0036877979137426 0.0755621509267503 -0.0410528926756604 -0.0837063252779331 0.00845260906036766 -0.0289170305477267 0.104154254776195
NB07 0.119576805232218 0.00413228022912958 -0.0395373784778625 -0.0523114885164726 -0.00220964228148543 -0.0421520842240647 0.0531684728991082
NB10 0.185130843659303 0.0137412143443314 0.0391276991069932 0.00878478944442103 0.139460377247156 0.0336019747469761 -0.117021741099786
NB11 -0.0137752351341956 -0.0446370052770898 -0.0386126226630621 -0.113572757790601 -0.0776168585169791 0.0531296654576889 -0.0328507823305181
NB12 0.0299084614584515 0.0728677372800285 -0.0624833275392143 0.0637044229340727 0.0235585157802469 -0.0070228908928596 0.0276666916930764
NB13 0.0115554384449088 0.00237811623497659 -0.0607668620724341 0.00332189983902782 0.0643257530911248 0.0871369095251535 0.124063558974687
NB14 -0.0142523660336238 0.112150603834453 -0.12095705651444 0.0680075624078319 -0.11811311162351 0.0457079975481106 -0.00564321092928085
NB15 -0.0488521617684149 0.0449105094687759 0.0098214154850158 -0.0203687121875072 -0.00307336392532013 0.0754356074772584 0.0359348010450932
NB16 -0.1321994801979 0.00355918000898826 0.0266254495098564 0.0424380619079581 0.0330827297059357 0.0752708802877257 -0.0478803957753011
NB17 0.00170702701935302 -0.00943023276908066 0.0522650645482534 -0.0715540698249103 -0.049888514992601 0.0245346740332203 -0.0182760709015132
PA01 -0.0494106359829035 -0.127823956266952 0.0717429827063493 0.0118645006377992 -0.0546536753128538 0.00324577362655479 0.115705694331793
PA02 0.0166499357791947 -0.0459776575344774 0.118677099537919 0.100007461053705 0.00628780402765904 -0.0447215324276017 0.0514589359423056
PA04 -0.0346274679364088 0.0100375186029795 0.0161307706351649 -0.104742429825123 -0.0266798612031223 -0.120270295686823 0.0877836209167639
PA05 -0.0873059191214081 0.0565152172667619 -0.0237580563342016 0.0977519468279516 0.0300843642447161 -0.0972152508105736 -0.0268356997226154
PA07 0.107269674556264 0.137018327553854 0.00124877922003643 -0.0468305182796589 -0.00190371657100773 0.039779011227653 -0.0273583009019302
PA08 -0.0739159521259283 0.0148088219802296 -0.029102737561742 -0.0470559369939782 -0.0524334898991215 -0.0704505119363223 -0.0796578793209701
PA09 0.0445053014070973 -0.108996232095151 0.0295667463687627 0.0256123921235062 0.195093778861048 0.0676592066831015 -0.0457880401107513
PA11 0.159913553473127 -0.00308159394055707 0.00764380437235909 0.0366031089844792 -0.0359093629513383 -0.0432399762043626 0.0748194809705158
PA12 0.0104999633607419 0.00407720285184913 -0.0434909467689567 -0.112345893964335 -0.0703883502582568 0.0118647001944925 0.0654211816794184
PA13 -0.0124157642449612 -0.017588378202427 0.000758439138955342 -0.120316422653192 -0.00300176494408101 -0.121309667811876 -0.073429215142461
PA14 -0.0930748256690948 -0.0176660214338865 -0.0349403922855036 -0.105280074116827 0.0600797412075372 -0.0761683220453739 -0.0961735257118904
PA15 0.00933541870180802 0.070788936718086 -0.025676702746113 0.177466129804656 -0.0707691438595135 -0.0475273056595364 -0.0605518942667095
PA17 -0.0122996383584987 0.0739648047644105 -0.0194116381558153 -0.0226944668007007 0.0401431217237899 -0.0492309154746667 0.0105320636093538
PA19 0.115390305812638 -0.0603176616152879 -0.168732670720708 0.0054203279354975 -0.112357102420395 0.0216805101526999 0.00105311545107026
PA20 -0.0557379022600607 -0.0392813640319559 -0.0808595217200047 -0.0602546960084997 -0.00421554610499496 0.00756539905263851 0.121528650077563
PA21 -0.0189609377041531 0.0760321355507386 -0.0933909071672206 -0.0644599026950499 0.0453879602510516 0.0255946697873534 -0.0792983797504462
PA22 -0.0375758788165122 -0.0654518466725224 -0.0995972000926727 -0.0109772242840218 0.118175073453383 -0.0139981586914008 -0.0495808010257875
PA23 0.00344677815324313 0.069662423883256 -0.00336880672829197 0.0644737978744949 0.0250949862204587 0.0370907646075121 -0.0154424279136521
PA24 0.0336524227939048 -0.00473311362078824 -0.140304821977383 0.0257122132760499 -0.204853711793354 0.00267416691976921 -0.0708811212122743
PA25 0.0196304668943069 0.0172752264480673 0.00240858222326738 -0.0411821784918896 0.0222729837559075 -0.105890226631176 -0.0116284678811075
PA26 -0.0106346593636871 -0.0340772149171775 -0.0334610956590667 -0.0297040801660391 0.0871581313861099 -0.0258089879964056 -0.0262752750730874
PA27 0.0969355957998516 0.000890255766308959 -0.0484218610542119 0.00559221170451276 0.0254840321563885 -0.0782917313285865 -0.144143581612889
RB01 -0.0453981028096867 0.0364116082163169 0.107476040346558 -0.0442385403941723 -0.115108826503094 -0.131664051065833 0.0307307670932472
RB02 0.0741937797739588 0.0147209192574979 -0.0412175503714271 -0.0251029932085844 0.0530427840277428 -0.12909680057665 -0.179848817527603
RB03 -0.0510286034869126 -0.0249561889971747 0.0305181017365313 0.01251317224516 0.00747638547739816 -0.187196949047333 -0.0831790078188103
RB04 -0.045060070755411 -0.021697902572418 0.0680095503515261 -0.0056950639251007 -0.0323362190143242 -0.106692425874515 0.01811637936217
RB05 -0.0352245659397242 -0.0298948917066355 0.0277616418545136 0.00480634924148144 0.0824301713206159 -0.0679593696384092 -0.0141366710628724
RB06 -0.0245581297047924 -0.0571331542205345 0.145542362966063 -0.0602937435822176 0.00289999529808103 0.0673176853364355 -0.0664618647238961
RB07 -0.0211951290090699 0.0472264432520624 -0.0411213227993853 0.0889051034551876 -0.0370097582645689 -0.00795031783088488 0.0196480225400187
RB08 -0.0818753061787687 -0.0227964225658933 0.0443140360374424 0.0956896868036456 0.0690792111689772 0.0454110428812126 0.0250219691469196
RB09 -0.0801869866754132 -0.0934865361936745 -0.0286434810958932 -0.0331156016805469 0.101476821091897 0.0122120619951303 -0.0714089121031361
RB10 -0.0125566264446197 0.0149644518885736 0.0732749095898638 -0.0916643210767719 -0.0218322247379451 0.0138299452180915 -0.159315494835261
RB12 -0.0360333735813766 0.12320610772915 0.0917614515643711 0.0788641351761319 -0.0428698561114518 0.0383152230413622 -0.114378355132624
RB13 -0.0702684065146722 -0.00130807521164858 0.0878977599739083 -0.0244861820021539 0.116363694320414 0.0692462723308127 -0.040325483209105
RB14 -0.0216855324118802 0.0245519329940583 -0.0241927716672635 -0.00284693329943159 -0.0248466670908542 0.00964195171559138 0.00353756389516488
RB15 0.022323271127343 -0.0169952186991118 0.0186565285915552 0.0322627448968789 0.105593294688517 0.10431539873758 -0.0158319925659955
RB16 -0.059570292133241 0.000344165163413192 0.10325299805168 -0.0788102798044163 -0.0696856964142105 0.00951335418904949 -0.0206984275928012
RB19 -0.0417307511170119 0.0293855590178272 0.19844295458828 -0.0267494021972514 0.0107024545643549 0.127439673958086 0.107083085513653
RB20 0.0394998642491054 -0.00739466972005434 0.0549898313972531 -0.0139341049966579 -0.0641306178187576 0.0283154804023751 0.0688368888897406
RL01 0.148016557713618 0.0147136617055432 0.0530038564944065 0.0146620135530163 0.0167247544614794 0.163181004252145 -0.0853180770783636
RL02 -0.0145424952420177 0.014342690587569 0.0789556161077189 0.0539097531893834 -0.0824554357229095 0.0210999471367712 -0.0606311805925882
RL03 -0.0977006716265473 -0.0292257050584431 0.0721096100948778 -0.00693184308184185 -0.060448400491745 0.057262264976484 0.060574214347853
RL06 -0.0726818375127932 0.027136340107914 0.0452488427261573 -0.0144577410679572 -0.0240529926614369 -0.112868304351282 -0.00157175061489933
RL07 -0.0249649356740762 -0.0849010781128746 0.0285094006669373 -0.0288897139676165 0.0155571025863762 -0.0216524804844749 0.0201106363036776
RL09 -0.0568230570940322 0.0257355760503864 -0.0373515635510379 0.0447015393097998 0.0502311747010796 -0.119787367756302 -0.0352579136980437
RL10 -0.0242230969507988 -0.00625874584654425 0.148855724571505 -0.0767163045996963 -0.0247751380441467 -0.11395963055548 0.112429517324901
RL11 -0.106806648013703 -0.0550048772486531 0.104634323783786 0.119733029985277 -0.00886355016135512 -0.113931615692121 -0.0710138205156186
RL12 -0.00573061632679514 -0.134189233021839 0.0327216202466906 -0.0042559394933701 0.0139613156285436 -0.0509055566258137 -0.0653080879128358
RL13 0.0461770342167006 -0.152000695070984 0.097070734531225 -0.0117309970659171 -0.069106250359502 -0.118676839953055 0.0889544240848457
RL15 -0.139509486683587 -0.0417607759378327 0.103646375964312 0.0936433208771299 -0.0558799575312715 -0.0282842258499888 -0.0280836326078251
RL17 0.010318660565943 0.0260693078713164 0.0204922372526568 -0.00596265606427606 -0.00469155138579099 -0.120455390129119 -0.0864053468271084
RL18 0.228255182915767 -0.0354711905716685 -0.0298540399283707 0.00507941989445195 -0.0470803945279535 -0.00866107306959714 0.0138944832193218
RL20 -0.00376474704500858 -0.0321002633091654 0.0679250191859015 -0.0460941960000011 0.0600209259180048 0.00963068550698917 -0.0957975982127346
RL21 -0.065879653383491 0.0286243472393164 -0.0179757545482155 0.00375478480666119 0.0475833805492446 -0.08567840992604 0.0501046047418309
RL22 0.0768754326725353 -0.167886018008269 0.110097421822332 0.0517361286753236 -0.211203618638849 0.201511086737547 0.0244060436760394
TR01 -0.0424557164428252 0.0518413761333207 0.0689595252523193 -0.0545604744959489 0.0290810603913333 0.0439616497406463 -0.0369380717071337
TR02 -0.0669501698192961 0.041164246818855 -0.000252616921117509 -0.054460353136119 -0.00885942784467604 0.0160489905846998 0.037797731434372
TR03 -0.0703328995058924 0.0152384260977312 -0.0373648870433296 0.0266511628144251 0.120474473150024 -0.052007474468101 0.0619484133756336
TR04 -0.114780992222773 0.0504534148746892 0.0504174551118639 0.136703578386727 0.0558172194205687 0.00104330655716931 0.0544808922430451
TR05 -0.013474253112307 -0.00515496428751178 -0.100288489817273 -0.0169213492631556 0.150811970658425 0.0248444431928208 -0.103800317245822
TR06 -0.0688016556033815 0.0910472913851384 -0.189382233242677 0.00715917202711354 -0.0360313231449676 -0.0575975653977811 0.000735458534165609
TR07 -0.0103422105723968 -0.0292073609996076 -0.00131806331446498 -0.138049225595785 0.0194143518398784 0.00411264352101589 -0.108876754307308
TR08 0.0113971896019016 0.066374829777064 0.0445830904408078 -0.0572357077743566 0.0981628461557733 -0.0630100692624999 -0.0121846358873882
TR09 -0.134297024891732 -0.00775306231682271 0.0313030414536543 0.000943464764385307 0.0559150562776082 -0.0151175732233008 -0.0183074385574553
TR10 -0.0810317861361567 0.0454031995076097 -0.0411810281203337 -0.100534683098077 0.0317752682864025 -0.0649739937612073 -0.0764738292570022
TR11 -0.0660680231227292 0.0208039670064561 -0.0221159806553403 -0.0536409973722143 0.0341396981913299 0.0690031867503085 -0.019169089728528
TR12 -0.0169125392412304 0.0287275869209836 0.0137093401791694 0.0694120857661462 -0.00499924733735604 -0.112339053941902 0.0782432085080195
TR13 0.0174744746945821 0.0664133192809891 -0.0956623073293841 0.161309288110559 -0.0618564059386319 -0.0672248100714979 0.15745150233025
TR14 0.242132175414917 -0.0462709200376049 0.0614726471400654 0.0269672145694219 -0.0495991879343949 -0.0586722653925464 0.144514609323623
TR15 0.0483075867554139 0.0413762746036405 0.0427221323591527 -0.090331671294453 -0.0627401275207973 -0.0210565136285128 -0.128995461133857
TR16 0.0127507406058019 0.0565000600256944 0.161170186993674 0.0540159771288622 0.03117156908739 0.0241408051534342 -0.0337967321833129
TR17 0.0239628955512139 -0.0413073563871563 0.0868976218021548 -0.0928556037181787 0.0578773230438301 0.106050382548999 0.100559426435184
