sample MDS1 MDS2 MDS3 MDS4 MDS5 MDS6 MDS7
AN03 -0.00280260956634359 -0.0392891487519461 0.0436093341522947 -0.0390803553694881 -0.00761055048382017 0.0149348791102587 0.0714241339546486
AN04 -0.0395971388159985 0.00510145544286542 -0.0557523532775882 0.00929813538005625 -0.0165422183981641 0.0117325581683109 0.0539187013029975
CS01 -0.0578955689351584 -0.0501947249359048 -0.0194447748202497 0.0409935685393984 -0.185317035989238 -0.0148255013401992 -0.0178308612547131
CS02 -0.0621623195370174 -0.0356488911052606 0.0294869597467099 -0.0444884957094626 0.133662770199983 -0.0475587421035292 0.000479074541767113
CS03 -0.030588333723697 -0.0642642577183015 0.00201202565280939 0.0152271198892859 0.0737543915638283 0.0246972889959864 0.0097611528358058
CS04 -0.0121105884540157 -0.0494321552570732 0.0234160878162815 0.00358494122697847 -0.0450444570764746 -0.109979971211172 0.0699415325132958
CS05 0.0477502525742514 -0.0917911019978306 0.0918598977792972 0.0491933198726723 -0.118907131358745 -0.0143636117451387 0.0224015055871536
CS07 0.0599260115374523 0.0180850036055168 0.139001986748289 0.0740378131848645 0.0327925657486818 0.0939999857647188 0.121945056892927
CS08 0.0444277106560917 -0.400214400483963 0.0256698147231703 -0.0661505500852808 0.119437510868887 -0.0343792361269824 -0.00197439688671917
CS09 -0.0683435798315578 -0.0331005319835362 -0.0773872595983128 -0.026950029844997 -0.121983174593826 -0.00408284019372671 0.00807430977464013
CS10 -0.0117366196692755 0.0642184257025918 0.0371312423031305 0.0100695371179209 0.100079187966754 0.0026091139792359 -0.0148396051573994
CS11 -0.117375503961393 0.0333797116545979 -0.0107341442757128 -0.0460213464859657 0.0733604865264651 0.0515489227701673 0.0225594534534504
CS12 0.0493325657718506 -0.0101620386140088 -0.00318543444569855 -0.0545654116039872 0.0510872126211515 0.0592216231695099 0.0589624961691254
CS13 0.00849348261597327 0.107983598762862 -0.0185309734679662 0.00570451194600337 0.122290854594549 -0.0858789069949138 0.0859617744846123
CS14 -0.0415368629824731 0.0254847423494198 0.0261298482097908 -0.00503149424122888 -0.0566207320367831 0.0331038512076959 -0.0525605062042759
CS15 -0.0436051429703621 -0.0329932100698973 0.055618147680809 -0.0226829484571546 -0.00145105079747656 -0.0315505100408149 0.101576050401939
CS16 -0.0776696436357679 0.0177024500751073 0.0712281970821399 -0.127670210603407 -0.00336616490327354 0.0946147573776536 0.0273127241092428
CS17 -0.107696494239694 -0.108219574987596 0.0176224529819036 0.0310781984665187 -0.0493655423298896 -0.0438859980322349 -0.0888965815056782
CS18 -0.0313393706182654 -0.00329403036768474 0.102229760250769 -0.114630143460275 -0.0808683426312213 -0.0271390527231076 -0.0648650007467389
DK01 -0.0585221631817874 0.0524163117085481 -0.0119318892458403 -0.0683276598647597 -0.031434312754095 -0.0174815506250035 0.0388373717478867
DK02 0.0342222098141 0.0305162236638071 0.0614882466568059 0.0336001500086158 -0.068231782361741 -0.0323997371682437 -0.0366902635337005
DK03 0.0732384382872075 0.0306082621885629 0.143958941110473 0.0570245019508917 -0.0114205285703231 -0.00301579581057226 0.0117900246888786
DK04 -0.0395246426590173 -0.094901178493839 0.117085934904948 -0.126180515489142 -0.0338708780224043 -0.138220260470428 -0.00888745562025961
DK05 0.140416911291813 -0.515126586215697 0.0645026507253552 -0.153785692225459 0.134852280603288 -0.0197484574700365 -0.0587657958545192
DK06 -0.00242109921846367 -0.064774840702799 -0.0465121497697576 -0.074119275784419 0.00135063526462925 0.00977385324130836 -0.115312524269265
DK07 0.0356599747057404 0.0820918110618356 -0.00673968112239766 -0.0993739332461955 0.0633343985932728 -0.00954590930836088 -0.0990337568891081
DK08 0.0992873834895462 0.0238531542497199 0.00878259800438393 0.0333003040553966 0.0290959997612425 -0.102993330758497 0.0631304829593762
DK09 -0.0292943437579254 0.0246684967988223 -0.00396682668650339 0.00355488042295875 0.0542293724928357 -0.0455292682891782 -0.00649264655699228
DK10 0.196091925647621 0.104052335442799 -0.00834388439821122 0.0243497140053387 0.0246174042213666 -0.0720936126181776 0.0149497995834179
DK11 -0.0829194811319403 -0.0366654534956116 0.0248644259446529 -0.173278218066767 -0.0347335698127622 0.0283636950669949 0.0373181682489339
DK12 -0.0555375410644816 -0.0509593265860904 -0.0168474235097894 -0.0403419866318802 -0.0290969829000747 0.0238673354712461 0.0483183815777261
DK13 -0.0376411321828626 0.0292271254784236 0.0229888691844581 -0.00565451478602512 -0.0512383553547381 0.0877688773158932 -0.0425014721969727
DK14 0.0678272690241924 0.0661297308253183 -0.0175157083643722 -0.0375750746337887 -0.0779525211893788 0.141109477440567 0.0276582905832994
DK15 -0.112259076461834 -0.0742019552202422 0.0656237902072326 -0.0290049196745197 0.046343688685119 -0.0426806363572824 0.0498248984090206
DK16 -0.00685496789102115 5.2404695322971e-05 0.0630448656611087 -0.0312991391525856 -0.0673811822188075 0.0450657226050828 -0.0140970432625602
DK17 -0.01200487147958 0.120158193796849 0.0268342773499113 -0.00906099421910097 -0.0305254613299533 -0.0117365405675069 0.0873341262376921
DK19 -0.0636610065763636 0.0141725239819092 0.072391895879113 0.00644869176360531 -0.0571946944276288 0.0486352445511807 0.0517296498331482
DK20 -0.0626037946762492 -0.018467280314875 -0.040768805028468 -0.125302001534742 -0.0349152728644443 0.0581533877746016 -0.015401759651449
DK22 0.0326606940361716 0.0841610049361644 -0.0753843600316139 -0.114652115668373 0.130329679982705 -0.0282104980582372 -0.0208335114869662
DK23 0.0371681065623009 0.0786328305284077 0.0842355803503059 -0.0618177916877142 0.056097411173603 -0.00197881902486662 0.0593652310416846
DK24 0.0649080170714618 -0.0887693349229338 0.0543040119518231 -0.000385522708477786 -0.180865790664234 0.0829405301294965 0.0994358448545583
DK25 -0.0224155028011161 -0.0622400695370113 -0.0216494382497951 -0.0787867893161767 0.00165942712507474 -0.0766329779850453 0.019705294330825
DK26 0.120993986348064 -0.00188516244763214 0.00524688897043781 0.00590504805805548 0.00069666147774081 0.104864728116581 0.161360595339437
DK27 0.0741801480154936 0.0317776616976157 0.170840104070593 -0.0064014078825733 -0.00306672269917757 -0.0354408719420755 -0.0821118173388626
DK28 0.155165805056259 0.0677660728330234 -0.0920148432340438 -0.0833020072158964 0.0744207049856332 -0.0374548281267073 0.0754932264664507
DK29 -0.0873368568905271 -0.0278546053045097 0.00950728715229741 -0.011319537759161 -0.139392674290569 -0.0504331021896764 0.0582265318042404
DK30 0.128484538195713 0.115133345858623 -0.0133084905948289 -0.110259495674932 -0.114824552789382 0.029310780780464 -0.177991943479318
DK31 -0.034839635882519 -0.034282898032034 0.130704796063348 0.0260859862991275 0.0366450695581624 0.0739839756736469 -0.00972910273462046
DK32 -0.0648506411736375 0.0627421140402186 0.0177878448532138 -0.0118532172787716 -0.122138495264604 -0.0346110770020618 0.0686498672605484
DK33 0.0722017230834117 -0.0221355740850734 0.100740260325068 -0.0316018856989095 -0.146356762335842 0.032075268251399 0.0309269864643951
DK34 0.0187214299450917 0.0796438465905993 0.10014522488692 0.00328398798956688 0.0589250003064727 -0.0554918680423677 0.13942307377767
DK35 -0.0544336778800216 -0.0267560948516447 0.143281887474102 -0.0434318416579338 -0.020949066988377 -0.00315342198414375 0.0989625166445847
DK36 -0.0887897121741018 0.020093280454559 0.0576255108331962 0.0721938353005325 -0.0523399869307988 0.0543514359811852 0.0549635720312792
DK37 -0.00458734430801585 0.0167430030879774 -0.081393329739619 -0.119226396864059 -0.0348711276054666 -0.186757806940034 0.016512471671005
DK38 -0.00716663649318212 0.0188837466748282 0.0218980926072407 -0.222672960322672 -0.0291427644573035 0.0593810686044927 -0.0347659241177613
DK39 -0.00226369724628698 0.0107820886385988 0.145488387636343 0.0353149425239193 -0.0234846275932687 0.0495827284780317 0.00974996192477566
FR02 -0.0531733061503554 0.051527245983783 -0.0672242222116833 -0.000558760302363391 -0.00197255369396903 0.0342821196379245 -0.0125098746831499
FR03 -0.027288700047316 0.0877054654274139 0.0855521595868888 0.0595569504449008 0.0185688019628572 -0.0550649051135483 -0.00537739296656962
FR04 0.091933547466237 -0.0374389986633047 0.00157369336200573 0.10976191511928 -0.188293161411623 0.0133286555722578 0.105773875075994
FR05 0.131793398250957 -0.0488709129963557 -0.0614225623273217 0.118223206710912 0.140036481727511 0.116237141743206 0.0380262203647948
FR06 -0.0442976618564346 -0.0503002710505994 -0.00332912651586692 0.157832666596241 0.0491243809855971 -0.052372676983452 0.151244656156537
FR07 0.177129822112099 -0.0930376592300593 0.0420034940219345 0.140652098546663 0.00720225532598561 -0.0152231254377072 0.0723575675665634
FR08 -0.0567785658831726 0.0164749146247357 0.00562764676481988 -0.0991699400210967 -0.0791568096061744 0.137308594698926 0.0390856625728927
FR10 0.0336568992322722 0.0607403467725885 -0.0321297264840226 0.0159258995466739 0.0925918384551357 -0.0209359661870575 -0.129155052718921
FR12 -0.0140427780944703 -0.0375339306220556 -0.0553680021752187 0.0542748349320464 -0.0710858751850387 -0.0069559378943014 -0.0239305913748521
FR13 0.0533857408668559 -0.045186416725327 0.124334361360063 0.0906858834843659 0.0645542314632529 0.151923239947247 -0.0134038249700878
FR15 -0.0648060045234314 0.00114736032911066 0.0678110892461813 0.0868159393749696 0.0658904231818596 -0.0335872380155167 0.0389760191574748
FR17 -0.0655613068312984 0.0553997189769295 0.0178460033396412 0.102484927950597 0.0266792263400104 0.0159226271675858 0.0702851476567306
FR19 0.0388944114632076 0.0622585481902374 -0.0436114639232292 -0.166119355133215 0.0661411758260888 -0.0129477300569996 -0.0304546422192398
FR20 -0.127724283152671 0.019701687961553 -0.0767509487106494 0.00903922928614489 -0.0336427512939338 0.0223364275747717 0.0836854217651455
FY01 -0.0306522917743348 0.0475668862731051 0.0265816805136738 0.103247741327291 0.0104730448802827 0.00264340115326832 0.0281205423437078
FY02 -0.0948815232617906 0.058473622192847 0.059128446510156 0.009722459222381 -0.0418481217096803 0.0304949357784705 -0.0331939524704248
FY03 0.0434756165911908 0.069304064632987 -0.00271669709578912 -0.110677875443388 -0.0357902458737136 0.0326569657773339 0.0264194336344832
FY04 0.0657037448331977 -0.136992251191233 -0.075502082991996 0.020435263197847 -0.0917917876948855 -0.0272811721015895 -0.0868594475613593
FY05 0.0206415697542426 0.0170793646978183 -0.104878643194864 -0.0493127272369695 0.0869934833562616 -0.109989926355462 -0.0036772019464721
FY06 0.0343277447644261 -0.0129185390827489 -0.112511929226167 -0.0257118153396653 0.0552370714412038 0.0381534158656232 0.00759919621454629
FY07 0.0678102713781803 -0.101638113232482 -0.0457277182920639 -0.079246491185721 -0.0389811681674851 0.102545302760826 0.0241131243903836
FY09 -0.0234587481892191 0.037911286123059 -0.0287225802749209 -0.0647009240837692 -0.0897755646173499 -0.00249508369066486 -0.0716174550663466
FY10 -0.033604596508505 0.0323518389028278 -0.124914322267059 -0.00497152562319771 0.0488524663381211 0.0725413903174431 0.100924620001112
FY11 0.0810290198932012 0.050067716459642 0.074605413462305 0.0173012221387379 -0.0597857485580266 0.0222129051897513 -0.0977559413538788
FY12 -0.0598891616629878 -0.0377052357823897 0.0673458628320766 -0.038494457497768 0.0425677255698543 0.061804380214545 -0.0966017871501735
FY13 0.0673755573508364 0.093759669855835 -0.110185996574581 0.212512326419349 0.0427940146928508 -0.089930087111045 -0.0384011945498752
FY14 -0.0679299143874796 0.0231758263033476 -0.046771687657972 -0.0251740422835235 -0.00454663929572624 0.0877691065097789 -0.0232180098409308
FY15 -0.0859741702622375 0.0219317721949487 0.0556123157941247 0.0233937413572874 0.0114609890223223 -0.118360372697305 -0.00098576916258008
FY16 -0.0293009565894056 0.0754455839656023 -0.062572497848385 -0.00202186270031995 0.0119809803165745 0.0694706201521981 -0.0112452337043286
FY17 -0.0349725944167457 -0.00144399175880983 -0.0223761548382149 0.0159778907992457 -0.0791001146068484 -0.10314249703902 0.0447679432234055
FY18 0.0363613140708839 0.00697727517277712 0.0202493867666258 -0.0293727058251644 0.0899349882242188 -0.101640653744555 0.077460524774774
HH01 -0.0777161977887324 -0.0956846610834944 -0.0250517797764044 0.167567000931846 -0.0289379485311869 0.0599331789227324 -0.135735649724886
HH02 0.165181551210556 0.0539941669829111 0.0306605448094344 0.0497517661989231 -0.059508575759899 0.0384878514869949 -0.120295131340121
HH03 -0.00378363670633725 0.0291500548990847 0.0181827862219476 0.062033369960007 -0.0152492563694696 -0.0281434820783008 -0.0868532906888365
HH04 0.0548047366813375 0.0560558588378652 0.0902198316115542 0.122011960018819 0.0183853344511913 -0.026857667907532 0.0277587490396717
HH05 -0.0236368130787446 -0.0168468911022232 -0.000957002876155696 0.0246051547023547 0.0485400619880373 -0.0778438863887228 0.0862245847410544
HH07 0.0469352609549939 -0.0783515094012911 -0.00807212323896827 0.022531157380116 0.0543227780602069 0.0796066101305204 0.0477407892313558
HH08 0.0794101497027916 -0.0136373891300594 -0.00616692715712405 -0.000192764167506371 -0.0335383914034739 0.00470102988725309 0.0261151619402364
HH09 -0.0574615753321842 -0.0135602844621225 0.0264307216212832 -0.00171852443950811 0.0784749032892622 -0.0193827724364945 -0.0679423191252452
HH10 0.0325769510934488 0.0552192720707623 0.059313711561116 -0.130233450441288 -0.0691224552472567 -0.0934686097356604 -0.144593408584627
HH11 0.0358382266665916 0.0439030548641717 -0.00930716197739952 0.0927885190703701 -0.0499387018484021 -0.0281250609324165 0.00660524968819835
HH12 0.00797360585908433 0.022576375130765 0.0374894072881902 -0.0208761167263514 0.0427960469688499 -0.13932067820524 -0.0154351960106639
HH13 0.0216865262004285 -0.0116380192523604 -0.088177396328071 -0.0098844884838336 0.0214598297439046 0.0396375360417798 0.0280838239963341
HH16 -0.0153285527403639 0.0775272990052517 -0.0669366937278777 -0.0799153933645949 0.0161136371973947 0.032383904220551 -0.0278938320829711
HH18 0.0518845377118663 0.0131642865230784 0.106962027122799 0.0333995298979841 -0.060428960716911 0.0650712268757928 0.073168546949888
JB02 0.0106888962712835 0.055699414795351 0.0951552381592444 0.065005389595411 -0.0469968368399216 -0.00636462983402591 -0.19735730183223
JB03 0.0499464167675247 -0.0489228698416663 -0.108070806888634 0.0588089529378336 -0.0579096095246214 0.0319615405446772 0.101074864721502
JB04 0.0380972546569548 0.0698794174145911 -0.0962847470936251 -0.0357513608956493 0.0407126558681883 0.0488828673300756 0.0314646471834632
JB05 0.0318477144255656 0.0156259740499597 -0.0530996958779994 -0.0204369840023167 -0.052605071351816 -0.143449331851909 -0.145312300620962
JB07 -0.0273383072485445 -0.00834588251225696 0.013189058055929 -0.0060673547412524 0.0239383058997875 -0.0107205233984029 0.063688755979248
JB10 0.120967278409522 0.0102978384162379 -0.0306534007862548 -0.0123247273043534 -0.0165987505093522 0.033979907572117 -0.00871873148909533
JB13 -0.0395090614526795 -0.0108396558969843 0.0598250693793898 -0.0955053385435781 0.0881683579012621 -0.0415316406583076 0.0489720030894463
JB15 -0.0405249519549768 -0.0557392557663702 -0.142559051809581 0.102067306357153 -0.000970976321727562 -0.0677759098247052 0.0148881737750989
JB16 -0.0645296373689214 -0.0492040358760562 0.019590225693129 0.0173155892790405 0.0320917634634219 0.0237259874972062 -0.0424977419777077
JB17 0.0951196405907743 0.0024372319417869 -0.123588267439103 0.12580871014886 -0.0174733429805797 0.0780500640783151 -0.0565818870727036
NB01 -0.0237038668119302 0.0142401701243537 -0.0161644777218315 0.0296698653558483 -0.0430331771234642 -0.0625480462334783 0.0281141238266303
NB02 -0.0590461231708998 0.0221921215218537 -0.0164521756913344 -0.055237175291623 0.0383460384715893 -0.146983283330471 0.135199247538736
NB03 0.0298366952594693 0.0418109941219811 0.0322646328985916 0.0448762483570169 0.0532669491299734 0.0976441227141928 0.110770658506699
NB04 0.00966249569444516 -0.0154071818562596 -0.0100672291273053 0.0451611056049052 0.00859860854472495 0.0326497089380648 -0.0154276347606869
NB05 -0.0991495673386988 0.0472610985443892 0.0243416714351754 -0.090337762237705 0.141855606836259 0.0118186307527541 0.0819595519606501
NB06 -0.0316196995396092 0.0670973538486317 0.0489349136735905 0.0815780453215241 0.0506620455150859 -0.024583398293706 0.0922577031917696
NB07 0.125443008193367 0.0518551589250632 0.0633816781914234 0.0307272872419676 0.0265099876234294 -0.0397759990728826 0.0294824219568337
NB10 0.178733013999417 0.0858191123005175 -0.0064026100793499 -0.00308420111704486 0.00681918263448872 0.163728377631039 -0.0482531429994998
NB11 -0.00178183984757797 -0.0204734498237249 0.00138219189636294 -0.0942103365312698 0.148313276553097 0.00811004946418581 0.0670168830567649
NB13 0.0199065059538403 0.00227776816034728 0.0754160767490728 0.0218388503693408 -0.0847468774903068 0.0104396702795101 0.11453962063924
NB14 -0.0486717793448064 0.0759364569141893 0.140433495866437 -0.102155151917376 -0.0224018722185866 -0.0902943392942453 -0.0170768812047705
NB15 -0.0565675083942545 0.0309220252146966 -0.00329771586218655 -0.0435666398503055 -0.0226504943100839 0.0203862097184836 0.0785223807687107
NB16 -0.128511732101402 -0.0343424163689874 -0.0172868687903539 -0.0547826610044591 -0.0708195504590296 0.0489482545243783 -0.00401601566080704
NB17 0.00375939022103557 0.0241849056920029 -0.0656534781880633 -0.0533312579292181 0.0346669033472136 -0.0175861348492434 0.00870061984841544
PA01 -0.00581859382927961 -0.134637140480596 -0.0961352201327114 0.00421450609461159 -0.0705287256068325 -0.0581073274164228 0.062395368307047
PA02 0.0405274308455261 -0.0284747409652451 -0.115426570622269 0.054669805775756 -0.117484203838243 -0.0233726267745379 -0.074569415985815
PA03 -0.0563263283581391 -0.0366585383018395 0.0105250412034244 0.018146855879836 -0.0846177452099401 -0.0678942595732594 -0.00183193925480477
PA04 -0.0413667506855385 0.00207640706351551 -0.0366590917797424 0.107629056031931 0.0816323337258792 -0.0564651286126438 0.0242805281116396
PA05 -0.0972005220488544 0.0201481124308862 0.0695936812748326 0.0734828464870372 -0.0663488519232332 -0.0223904415398737 -0.133069085592491
PA07 0.0664837958493078 0.184253059141131 0.0254708312726712 -0.0228848564531633 0.0377714586975184 0.0308329830302775 0.00800227367236194
PA08 -0.0873386363468347 -0.0176271170528351 -0.0096455603960332 0.0343449276110643 0.104118670692538 -0.0486259813596906 -0.0659819285006221
PA09 0.0894334310045986 -0.0709463742690317 -0.032549157682161 -0.0119948314362567 -0.0297829794728558 0.213231451224382 0.00255484534269586
PA10 -0.0156164943489551 -0.0822992063201559 0.0165548480916051 0.0616884019655191 -0.0426677756104318 -0.0970281208872602 0.0997390776249143
PA11 0.160818648391992 0.0289314616865996 0.0387662307149913 0.0290890335757491 -0.057219707912563 -0.0954141581122378 0.0256051559778011
PA12 0.00564119161719152 -0.0149076131330474 0.0329635948719755 0.0121077978607537 0.0520602433464881 -0.0810729203930013 0.130395275202106
PA13 -0.00300723982916924 -0.00662303811613961 -0.00730527512323569 0.0630596522276689 0.127155276490386 -0.00703634126567302 -0.0540820914357088
PA14 -0.0712564127032608 -0.0185724549473409 0.0228016274703408 0.0430485637134974 0.126937821044493 0.0659820444367085 -0.0589316769189993
PA15 -0.0129004370353081 0.0444987079398688 0.0470504711578598 -0.0423548294958433 -0.0856060273129559 -0.0703301129829524 -0.162305728709287
PA17 -0.0447823759036251 0.0314939762509491 0.0487136452703962 0.0400017134501862 0.0215942051963668 0.0161929096892362 0.0451987700837994
PA18 0.0500478976828258 0.00644216846732155 -0.0606878876218532 -0.105591625875078 -0.0571155848135345 0.0429337148430108 -0.0853507233210336
PA19 0.12651998938177 -0.0258083790951844 0.144352974811847 -0.089252934548313 0.0476072219268024 -0.101602331978518 -0.00777139935573129
PA21 -0.0413097859296654 0.0563425354160826 0.0722955676243568 0.004873422464186 0.0871727159412336 0.0674528467163517 -0.013243421358586
PA22 -0.0101524209710191 -0.0796692410774029 0.0928417110415128 0.0146473912894791 0.0211580926640389 0.112822646134125 -0.0472877499960387
PA23 -0.0299336152785176 0.0544050596389874 0.0105791182979881 -0.000431259560606838 -0.0421609825426767 0.00114512499333793 0.000914097506127542
PA24 0.011912376571851 -0.0183325626862856 0.0988355386416961 -0.126672333423774 0.0509025201572055 -0.192030532229093 -0.0625379377331358
PA25 0.00798612770635597 0.0305609538021917 0.0238087515401487 0.0926185562644852 0.079389096497366 -0.0373711271559541 -0.0199601662900257
PA26 0.0118571687800198 -0.0202753449214571 0.00780813430738457 0.047358380168013 0.0298180467655419 0.0871599030411849 -0.0714903792786647
PA27 0.0884858904814773 0.0163217618501597 0.0558275893195588 -0.00216141019581149 0.0748730396913672 0.0276616827237264 -0.131572613012226
RB01 -0.0582661980751584 0.032858120271901 -0.0970826208194645 0.0581985276070806 0.0691326511915419 -0.138890489877393 -0.0161782278167327
RB02 0.0698694562510517 0.0407207891988521 0.0316623542240301 0.0389912204267286 0.107666207675446 0.0435362110995949 -0.192656900637883
RB03 -0.0447228625874559 -0.0610213306324426 -0.0397439108624687 0.119188553309478 0.0421151686693958 -0.0411734928487991 -0.157072937233387
RB04 -0.0288874416273915 -0.0187645004968491 -0.106717985865205 0.0880024910843839 0.0274704651009247 -0.0568536916873281 -0.086007305240791
RB05 -0.0154787714137189 -0.0191985550017104 -0.0330934511862587 0.0807298882716117 0.0198894216860123 0.0662400863103515 -0.057600137630605
RB06 -0.00510474753014696 -0.0255327062739409 -0.173757188945513 -0.0550814995288266 0.0434734360742396 0.0721295398977232 0.0178063871025831
RB08 -0.0655147121374373 -0.0550860186994651 -0.0477222023323699 -0.00528421583347699 -0.136530865482835 0.05625836247516 0.00470753838782686
RB09 -0.0423979225568243 -0.110517066094732 -0.0124327007609205 0.0199801683044073 0.00921667885515718 0.124108600647972 -0.0498271000331848
RB10 -0.0187059846861991 0.0385004510059531 -0.0839092610474348 -0.0982171870504715 0.134563590606582 0.0887987345342102 -0.0370713638106571
RB12 -0.079334894556691 0.135429687118837 -0.0688225572784221 -0.0745675511132334 -0.0312825851874766 0.0079656526792217 -0.105150267324302
RB13 -0.0674720523930268 0.0144379098359626 -0.100214634748146 0.0141686375906754 -0.0234687836901102 0.121429352480289 0.0281518653453987
RB14 -0.0198707115334066 0.00944451064970086 0.0237914535299174 -0.0186270156043706 -0.0208924497325877 -0.0214490686465784 0.0132118711213208
RB15 0.0367068261897527 0.00648174837125137 -0.0114538313843786 -0.0696512252591593 -0.0507507282605749 0.137389171245413 0.0367894559455453
RB16 -0.0689751127627352 0.0190684402102084 -0.111550313605446 -0.0257082649491751 0.0983731423730627 -0.0327299747547804 0.0512482436713304
RB17 0.0868123429173854 -0.100310660576109 0.0515548438063025 -0.0521362941524667 -0.070263462088579 0.0845993534281052 0.0107236865065074
RB19 -0.056632323030642 0.053308592960421 -0.180770781856169 -0.00917748014209935 -0.1177133348405 -0.00949454726015216 0.155609430699796
RB20 0.0289162366751772 0.00799239022784776 -0.0615877532216407 -0.0154929916971063 -0.0215074348610165 -0.103451304604684 0.0716249516576688
RL01 0.118199450409113 0.0697627801173695 -0.0482028255426238 -0.10347992129491 -0.0599629154400636 0.0747590958412202 0.0207261302150425
RL02 -0.0157361259136699 0.00447343352295437 -0.0793671554707995 -0.0600445744242941 -0.0610760957129874 -0.0356776708360846 -0.0710015513382196
RL03 -0.0853129782255041 -0.0301548147212244 -0.0818005238568961 -0.0684929003613614 -0.027423379080361 -0.045305861140534 0.0672597988322078
RL04 -0.0533055079796442 -0.0449645658691813 -0.05319175326683 0.143609210073777 0.0566369328911863 -0.0290637117258014 -0.0285427065941059
RL06 -0.0710107290024274 0.0156627039516712 -0.0494841769683082 0.10193637992197 0.0369251826148244 -0.0501747084593092 -0.0855685076086299
RL07 0.00289499999846848 -0.0794826116782606 -0.0510843212807034 0.0399982082711738 0.00224382384276709 0.00981551381798884 0.0222950320390543
RL09 -0.0570108791619451 -0.0101655562625005 0.040847849892401 0.0902874754121945 0.011254123612194 0.0190400729161611 -0.125753190374
RL12 0.0444759607972697 -0.0983415486973467 -0.0474673134068805 0.0145955709510917 0.0497657806984443 0.0228216567420544 -0.0887076609994199
RL13 0.0953578682649051 -0.116584162708799 -0.111352010649537 0.0789419326751495 0.00409347294838315 -0.115766714570768 0.00272640191919084
RL15 -0.114086285626548 -0.0673900160389191 -0.0878423977809243 -0.0272635622556658 -0.0688588096190896 -0.0336683993743504 -0.0972955633702471
RL17 -0.0048358596441654 0.0236214680557714 -0.00912696290761108 0.0476659071802434 0.050723698505731 -0.0102060466351691 -0.120950823364365
RL18 0.237287693443785 0.0411806765932579 0.0327065659644126 0.00449532625989926 0.0151046359122805 -0.0485228184325372 0.0190353223048721
RL20 -0.00748516854844635 -0.00186067757090595 -0.105898209254523 0.0381852288273317 0.0902672429040547 0.0826091722335799 -0.0464504817160383
RL21 -0.0604287556356629 -0.00510451810526435 0.0375641442941832 0.092448035912744 -0.0255662247752518 0.0017394093778282 -0.0108356660368276
RL22 0.110765364000716 -0.0703505140801728 -0.180722043043649 -0.153454455273526 -0.0400556596146824 -0.153153951913109 -0.00683886845413012
RL23 -0.0193822937009174 -0.025884998260907 -0.137907304424204 0.12847587882583 -0.0853739184501887 -0.0491535600051304 -0.0418878216992638
TR01 -0.0543374087944672 0.0493160841602049 -0.0670051118164065 -0.0480081103523795 0.0389660957237676 0.0996546456365283 0.0346043128360925
TR02 -0.0717013498397275 0.00472553694806073 0.00525300142434426 0.0113382528378099 0.0175169283833436 0.0124964509675836 0.085304848473932
TR03 -0.0760087167993946 -0.0256812031896311 0.0358919370993754 0.126468780874098 -0.050652006673273 0.0575097331954877 0.00649788870309769
TR04 -0.11251326960459 0.00835773683686507 0.000982999030793621 0.0109859702578154 -0.162657161408694 0.0299126070104959 -0.0381657304675836
TR05 -0.00699558504844873 -0.0147312748964195 0.107345054194142 -0.0118163724040589 0.0307969531757924 0.178665152123182 -0.0341771083371404
TR06 -0.102191259061074 0.0201752660258931 0.187601836214562 0.004912716656693 0.0780253102734996 -0.0362433296836095 -0.0139766767375674
TR07 -0.00283136566054701 -0.0080410127346195 -0.034344699659859 -0.000769902769002785 0.127150715906962 0.0672755923765509 -0.00282070172856545
TR10 -0.0886340725302545 0.0203567795394018 0.0435233472567237 0.058927963150684 0.13798036278934 0.0486426949836338 -0.02592590855432
TR11 -0.0753416350724945 0.0056293645644931 -0.00205053011593508 -0.00277505799305467 0.0238678823055986 0.041455008293736 0.0311526644865943
TR12 -0.0228598531608841 0.0103869009822125 0.0168501794935768 0.113435294461959 -0.0497314116261321 -0.0922133788515778 -0.0622031191944288
TR13 -0.000177398741879313 0.0268825989607307 0.145799592196972 0.00750860684835238 -0.155628062368184 -0.133491339107374 -0.00506910662954386
TR14 0.25741797550454 0.0480431882825135 -0.0376738985184651 0.0463462901911916 -0.0777727688446056 -0.127946366054836 0.0447027736691443
TR15 0.0288997885289737 0.086143742251056 -0.0456996605458268 -0.0555305324713633 0.133714743006685 -0.0302792023580465 -0.0520737187417839
TR16 0.00240850666376012 0.0874117130842589 -0.142051115570012 -0.0174280629028614 -0.0738985579574613 0.0509382540217698 -0.0650822772247826
TR17 0.0434613455564606 0.0074489335663533 -0.098079764999988 0.029338691163277 -0.00750885278049517 0.0649140672476907 0.178400645527931
