sample MDS1 MDS2 MDS3 MDS4 MDS5 MDS6 MDS7
AN03 -0.0173868257139562 0.0523260055142948 0.0501708099589605 0.0254025900280192 -0.0450327726343648 -0.0342736930421821 0.0525255121599768
AN04 -0.0479531548622606 -0.0325485947384775 -0.0266225980450252 0.00676561077122173 -0.0487309863866908 -0.00867376985868692 0.0758983787751289
CS02 -0.0716293108663719 -0.0219250964519907 0.0523569654706006 0.0620166520435898 0.0137690847153201 0.0548226974471598 -0.0263428798635336
CS03 -0.0698278510230755 0.0323573767752209 0.0137081925599472 -0.0125299682929869 -0.0101148779320205 0.0499868250603046 0.0132998315329363
CS04 -0.0393724348419128 0.0206356224092232 0.0238550976476816 -0.0515733514271333 -0.139451423110711 0.0270893257874631 -0.0224909855656982
CS07 0.0237012536777419 0.0889707906287662 0.118287044340932 -0.121900357283869 0.049853564486845 0.0995973585169265 0.027981975942144
CS08 -0.227703003860976 0.320093256243231 -0.0978512939128823 0.0520507404341765 -0.0235437332938833 -0.0251834585361477 -0.105824916324358
CS11 -0.0862176782683993 -0.0817988246481921 0.00426044185585253 0.0308124283415515 0.0405041775761759 0.105353123178724 0.0105992634321377
CS12 0.0307194121133963 0.0470852132597159 -0.00531611088066672 0.0837764435426592 0.0500548566281202 0.0781602559085817 0.00575137795109891
CS13 0.0326641091372468 -0.0732565880487935 0.0261694996127602 0.00061479631678224 -0.0623805107742113 0.175181630481123 -0.00913162799872697
CS14 -0.0148118367777331 -0.0292016484613596 0.0277398386470531 0.0134929864596728 0.047984569150628 -0.0500745131512147 0.019339744121299
CS15 -0.0699825746121821 0.0207755905116228 0.0639308935838374 0.0127161242358151 -0.0958424306472248 0.0397685007931564 0.060087650499915
CS16 -0.0445213711043144 -0.00818788364812029 0.100390430661468 0.12814932689772 0.0355103978122846 0.0135556308433806 0.104871131070565
CS17 -0.127510521797785 -0.00276096612625368 0.0118044717151903 -0.0342000972084033 0.00162463327737785 -0.142490710846927 -0.0480214224049223
DK01 -0.0178973209212702 -0.083542434201735 0.000449556822330532 0.0578906946091517 -0.0356575787158043 0.00620039300127954 0.00421200960729011
DK02 0.0547060453901768 -0.00686655916707369 0.0580639136995524 -0.0427133906622234 -0.00158883605312407 -0.070503300084016 -0.0568523448903068
DK03 0.0633768806279628 0.0868683288292557 0.155302825510291 -0.0601937707668201 0.00250586344836179 0.0347620083454206 0.0378165091913636
DK04 -0.0841940324756401 0.0906124691524176 0.103068159726004 0.116312848277204 -0.162854751219403 -0.0658976979190498 -0.0124448214237471
DK05 -0.241552766929853 0.484334673231737 -0.103286506281025 0.128091594144493 -0.0015682219881768 -0.0501242772705069 -0.129508973042017
DK06 -0.0150355166704937 0.039444368559381 -0.0703634867094231 0.100824060113734 0.0544788744005583 -0.0902143392626355 -0.0741766179011682
DK07 0.0660488279732976 -0.0289606082394513 0.00832514039775632 0.108613427709704 0.0243849997992021 0.00187178952197851 -0.0383814446337372
DK08 0.0879459269401129 0.0370259546594231 0.0319782406527778 -0.0318884172044674 -0.0601398530567375 0.0728437767873387 0.00653700924674377
DK09 -0.0190275266153066 -0.0327784670122124 0.0273421685948022 0.00899559624322221 0.00804753451050383 0.0844054567285952 -0.0336733622812515
DK10 0.218391483042532 0.0463694914927782 -0.0153289304094222 -0.0185460953879746 -0.0465610311922114 -0.0207182885067457 -0.102216591160894
DK12 -0.0821032983379541 0.0126440911853546 -0.0138239957493741 0.035053994910716 -0.0338285877772952 -0.0340426429362635 0.0957828448503941
DK13 -0.0150367702470118 -0.0281292012370458 0.0234756521345446 -0.0377323904841874 0.0611969155767248 -0.032516046543423 0.0958204797066075
DK15 -0.124684288525541 0.0114672800681398 0.0556674503934493 0.0157467356703595 -0.0456669450489964 0.0759974270112092 0.033301364629325
DK16 0.0116548404423644 0.0232236969781354 0.0451253732251913 0.00656818898298606 0.0338465936260772 -0.0635495322855482 0.0816543844592646
DK17 0.0762057700021791 -0.0633167403453167 0.0851689829892271 -0.0247974523974276 -0.0461646620188963 0.0487173440242898 0.065183091647915
DK20 -0.0504589822999354 -0.0316847876388883 -0.0349380526277619 0.13214689645495 0.0239422816913509 -0.0751193592823924 0.0450319878161211
DK22 0.06340978386901 -0.0627120925934628 -0.0507662172825742 0.17253873148938 0.000845493290330623 0.093199685971156 -0.0382606472336803
DK23 0.0575218437745083 -0.0100655164681083 0.0883400334084187 0.0595949195969996 -0.00781884540666589 0.0911407414780028 -0.0114784964644505
DK24 -0.00137340022488474 0.114727660455636 0.0198515302986613 -0.0800913483450497 -0.00952345122021155 -0.0372493972505192 0.222678361120653
DK26 0.0734896428629604 0.089871932734662 -0.0245141705390216 -0.0750072081972702 -0.00232656740357261 0.0494229756839181 0.0720898655705027
DK27 0.0588708662847045 0.0832351850833792 0.128816277604061 0.0128865921766949 0.0150445844305527 -0.033417679802417 -0.0671446284865419
DK28 0.157523495436125 0.0206884998342234 -0.0436212735968251 0.0670919610510197 -0.0290564796976219 0.10534749477463 -0.074943482738055
DK29 -0.0793359078021722 -0.0221514202606116 0.036597408975075 -0.0184882827849412 -0.123840662767689 -0.0806765587250653 0.0877980005625506
DK30 0.18401566361812 0.00410051068677885 -0.0167191100121257 0.120677002773202 0.0551813155933714 -0.191496049506017 0.045746634169315
DK31 -0.07726259669616 0.0447991149302969 0.111502555803645 -0.0183085501358352 0.0659476117187643 0.0276737149764173 0.00996760291238178
DK32 0.00740670950630505 -0.076617814870731 0.0579719992070651 -0.0139090713961682 -0.0621391246728882 -0.0639025323949093 0.0616464312477426
DK33 0.0770719173014414 0.115920604425394 0.0889469012977765 -0.0344275536762864 -0.0795718500137113 -0.105499729923915 0.158052440841293
DK34 0.0363921862218009 0.000663574486611592 0.11766467634995 -0.0348842649436756 -0.0679034900615484 0.135216588123579 0.0042182116953188
DK35 -0.0664412080884147 0.0368260278037527 0.147041255765088 0.0176485481754545 -0.0778417938790855 0.0288198763298135 0.0818503509981827
DK36 -0.0678166310984042 -0.0527716071201596 0.100507661412919 -0.0499256252651329 0.00728388365969427 -0.0145102845845402 0.090825647429974
DK37 0.00466499276723774 -0.00553810665430052 -0.0787228800930581 0.115269000020669 -0.276233576558135 0.106261066448061 -0.0179901353356508
DK38 0.00999919605665951 0.0089434129036942 0.0140060618846391 0.220376228941876 0.0366055192945568 0.00456548195802488 0.131965329475676
DK39 0.00567605764713069 0.0374167877288901 0.145571959411715 -0.0526207285652895 0.0384515487520794 -0.0254042409583618 0.0729272292151184
FR01 0.155720663804211 -0.103660220906029 -0.0268739321919884 0.0180699408387667 -0.00214115741204499 -0.149182734749247 -0.0112845339135231
FR02 -0.0149475381114054 -0.0802594589209706 -0.0390435776214698 0.0115846038712308 0.0470336655733673 0.0307241945161127 0.0228297040971167
FR03 0.0255698264476917 -0.0625789422028202 0.119316215119155 -0.0492472811562676 -0.000258767774048842 -0.0512268784518363 -0.0528041343288464
FR04 0.047550522510494 0.0722580426796314 -0.0148923825806019 -0.195483515439913 -0.0731900868629509 0.0113333193289226 0.125893760023092
FR05 0.0565180666007303 0.0975885218597386 -0.100477162708635 -0.120695575269856 0.123959464946735 0.126214011229749 -0.0540167994767221
FR06 -0.0624209975825285 -0.00711006959940353 -0.00440004569423421 -0.170989250274937 -0.0794300810577607 0.0812959988982201 -0.0323247404071822
FR07 0.0733576228398415 0.174912101281529 -0.0329017833954138 -0.178949917544005 0.0143574325367272 0.0541154629514033 -0.0401407452630297
FR08 -0.0221309455127019 -0.0227770865246716 0.0162956581961939 0.0534225349112432 0.0542612202408825 0.0304897172713387 0.201634031106906
FR10 0.0503033969150337 -0.0262182923646972 -0.0110282995682091 0.0380713263398055 0.104241917855306 0.0441678363871252 -0.120702466669763
FR12 -0.040834509417317 0.0033212009112391 -0.0737872903441423 -0.0493318690088641 -0.0498493107222751 -0.066350502182071 -0.0252516292500408
FR13 -0.0107907312576184 0.115378858093472 0.0715621530932778 -0.0486788674102649 0.171417654866894 0.0663912058586077 -0.0127879311285389
FR16 0.141576201356389 0.132936285208009 0.0232897104724484 0.00347611638431803 0.0192517901279129 -0.0264177238003792 0.0112290141661708
FR17 -0.0190979918609755 -0.0790977280417461 0.0549741467603976 -0.0832304295648501 0.0385666785175775 0.100256032991595 0.0431900258238124
FR19 0.0622178801044224 -0.0247441891991523 -0.00894142906267185 0.14900224836793 0.00310280013080189 0.0236643895981784 -0.0177522558920233
FR20 -0.0892229539909338 -0.12384599186398 -0.015351633276536 -0.0183800121206032 -0.00816730921819541 -0.0248654783255464 0.0521986164929011
FY01 -0.0124287232527998 -0.0678860693827756 0.0384951435542217 -0.0841943357083274 -0.00940371004427675 0.0140323812201318 -0.0305285194608629
FY03 0.0536694661538378 -0.0017729813444847 -0.00931748619410326 0.0629664787669286 -0.0339473224619026 0.0645620102531734 0.0524874597110355
FY04 -0.0053336002132038 0.103176545375268 -0.129584843510539 -0.0425699739465625 -0.0643152017756697 -0.171259352134468 -0.00914740507559702
FY05 0.00392655176903796 -0.0431591005864932 -0.10190855557348 0.0662506871544992 -0.0535137063591564 0.041807034051623 -0.149116039283909
FY06 0.0172905272727708 -1.71797030111888e-07 -0.121775509633372 0.0225001883912968 0.0290634898848236 0.0606993765030015 -0.0315318672725686
FY07 -0.00749643443326411 0.113716498133991 -0.0837243403298852 0.0172997119314702 0.023280644461227 0.0252761692458661 0.16146368491022
FY09 0.0336745537528756 -0.0390517568692607 -0.0119915026025942 0.0411036384216472 -0.0292564407872354 -0.098516862815605 0.086278049733825
FY10 -0.0117583244928227 -0.0766408653355245 -0.0907064889309038 0.00235440007289562 0.0321215675403447 0.0856900943836548 0.0849671604397428
FY11 0.113018920021477 0.0375740716440434 0.0642868552179979 -0.0139825869107365 0.0646704354993434 -0.0516219058759692 -0.0601990365769301
FY12 -0.0932102189695892 0.0326136881668879 0.0520948239160585 0.0734753345358792 0.101769460712992 0.0205466565388019 -0.0170257353670783
FY13 0.106811678964504 -0.0971728505072167 -0.0766968696367589 -0.1586932152467 -0.0340863028308209 0.0154831356888623 -0.0837750903000753
FY14 -0.046863991668207 -0.0566478727568011 -0.0214516841843889 0.0504876281606686 0.0447542289845995 -0.0181331702357806 0.149775901794426
FY15 -0.0633241114841845 -0.0651212106138134 0.0741181008605497 -0.00533082783828966 -0.0898900618238867 0.0162228233353049 -0.0556163132744938
FY16 0.021551250086792 -0.0745344092791561 -0.0418201377035162 0.0328718357989818 0.0717637334742595 0.0409518650794558 0.0117152177776894
FY17 -0.0119425775893453 -0.0552726376548901 -0.00930735072465568 -0.0457952312420185 -0.105740209695444 0.0226903514450571 0.0369830139491953
FY18 0.0174769411237401 0.0248544086178711 0.0184052830063846 0.0483249323918361 -0.108611232470528 0.088830104290518 -0.0856510267150817
HH01 -0.115525341353827 -0.0137425449664392 -0.0577749665610378 -0.14423421591689 0.103509833956506 -0.153164596114909 -0.0369477081405046
HH02 0.174963582046651 0.0678153075117506 0.0257994854763863 -0.033272050199114 0.0762232010300634 -0.104503040917235 0.0407352441174765
HH03 0.0140505005795707 -0.0196707627109026 0.0153516367945783 -0.0320623756449962 0.0129376099814774 -0.0843781349886705 -0.0966345785284122
HH04 0.0623423607789789 0.00825963395094528 0.0885750197210759 -0.120044569942251 0.0218054825452264 0.060916980649188 -0.029550944938341
HH05 -0.042140197038158 -0.000805333427951956 0.00713330503162768 -0.0256198878371774 -0.0979250711899657 0.0408466907486458 -0.0685723916757071
HH09 -0.0725553998656128 -0.0256850007044871 0.0184292576442595 0.0581362627102649 0.066342288873884 -0.0223196968134201 -0.080686378105472
HH10 0.0929234392306233 0.00584839455391518 0.0718062347225275 0.141452963154568 -0.0361874519939039 -0.145516977534399 -0.0910723303630459
HH11 0.064196136357612 -0.0285448549721108 -0.0192201718407568 -0.127448421571526 -0.018752164899602 -0.0348049108823542 -0.0564140476933667
HH12 0.00815474831211717 -0.011265218058174 0.0311252103134494 0.0260911307730382 -0.0834347818389709 0.012021747532548 -0.177484155735927
HH16 0.0460026001468698 -0.0793244583889212 -0.0333488608188012 0.116390958446399 0.0472963000947043 0.00904113304031934 0.0134425355452776
HH18 0.0486344678649032 0.0580434875389388 0.0900349984063313 -0.0853702288140691 0.0287985379867862 0.0385148017634981 0.0794504749714119
JB02 0.0566531676515931 0.000440847085090135 0.0855369615911117 -0.0132510853158747 0.0417653258124642 -0.148371568226809 -0.0180119711015524
JB03 -0.00178132172775821 0.0304912071395004 -0.119569511740576 -0.0940345444913287 -0.0342559659309432 0.030835187879347 0.0948418941112852
JB04 0.0742756657497134 -0.0378678339584666 -0.0690954785131609 0.0704507715441644 0.0242312128701656 0.0678790313669898 0.0421253754074659
JB07 -0.0149741720902464 0.0170084461793359 0.0298495977548685 0.021293067459296 -0.023372277585519 0.0534201605926374 0.0431851521577669
JB10 0.0837732887410466 0.0621149465430365 -0.0576726842365731 -0.0228654120947318 0.0216703442873901 0.0537278166077613 0.0407919967869792
JB13 -0.0514326395879227 -0.004354509288235 0.0502776412930683 0.0940884518294069 -0.0161525787521992 0.117857050665216 -0.0810099325528108
JB15 -0.058541835032135 -0.0610133374751238 -0.132307427088254 -0.10710905692139 -0.0567192908414434 0.0169100879245138 -0.052194271186233
JB16 -0.0991816459642098 -0.00218285729808875 -0.00826635648670794 -0.023835273124491 0.0455778098749381 0.0317612773187367 -0.0515365343987841
JB17 0.0697643836476278 0.0039046958807496 -0.16597325723808 -0.107773757677265 0.109347662836101 0.051164076171845 -0.0100901395721743
NB01 -0.0032339502817963 -0.0508703933337291 -0.0205074248315479 -0.03920172255491 -0.102975280886635 -0.064494010684258 -0.0515296587245464
NB02 -0.044114539697725 -0.0544511144408834 0.0176018325909404 0.0472628705429765 -0.15631338355999 0.130846135401755 -0.01235774727814
NB03 0.00845495354867105 0.0112523516998901 0.0469907175082229 -0.0500058888483489 0.00370665422275348 0.116410162013285 0.0664444232393959
NB04 -0.0210992314214696 0.0208882994933762 -0.0212215531859071 -0.0458127991476029 0.0252481306352472 -0.0436889943807852 -0.0288444747271094
NB05 -0.0647519232744045 -0.0599802824792003 0.0616615424303273 0.120306272092326 0.0323419630291422 0.121314363623585 -0.00202621270609355
NB06 -0.00259266589448461 -0.0517352191021246 0.0928549483268415 -0.0850054078090106 -0.0280499529603837 0.087264599124093 -0.00607538781543388
NB10 0.178471280748916 0.0513637324176456 -0.0369424726308997 -0.0152907315599219 0.166272744987048 0.017259152830981 0.0213954085264532
NB11 -0.0454862945355376 0.0336645208708798 -0.00359641543772908 0.089217342069721 -0.00638648830516418 0.134991559753203 -0.000967901300717524
NB12 0.0259991062944396 -0.0128085512102956 0.115544585303163 -0.0361739299148206 -0.0454295791012311 -0.112976821744108 0.00770660517826106
NB13 -0.00455741705960978 0.0417448373703359 0.0574787291346719 -0.0880744906950816 -0.0614897385015313 0.0526340665131035 0.0707478278111827
NB14 0.00782231778927804 -0.0309548043486965 0.164499266342727 0.118913597428916 -0.0712901872779236 -0.047715293638706 -0.0370676322656693
NB15 -0.0372624606990683 -0.0470831206450176 0.027521555527729 0.0139808075513814 -0.0337313590817431 0.0648092348035431 0.0869907597199518
NB16 -0.118956469684244 -0.0585208774680695 -0.00983121748683783 0.0507770764882554 0.0172540989739233 -0.0277301925550448 0.0322405498875983
NB17 0.00109283900245934 -0.0266603610138618 -0.0751204597696709 0.0492082735677367 -0.00862969153481727 0.0595975416896858 -0.0331686483533739
PA01 -0.0852155163598938 0.052086246167895 -0.136774095711881 -0.030576119591049 -0.102446271851665 -0.0224450777217907 0.0923095631732758
PA02 0.0430316551277619 0.00102746612366648 -0.128321966673354 -0.0681028968778262 -0.0460066532087431 -0.0902919793731633 0.0679223769518259
PA03 -0.0512174464297657 -0.00615807678982414 -0.00948063594436402 -0.010926353381179 -0.0882945696260709 -0.162402541470623 -0.0455745132732602
PA04 -0.0400724339916512 -0.048736501124827 -0.0113778258750698 -0.100941510890374 -0.0119823263832623 0.110400660600009 -0.0282694752047558
PA05 -0.0744679091894115 -0.0626282730002529 0.0756938694623421 -0.0524531005012037 0.0407724195889744 -0.0844673226286067 -0.0709332179468339
PA07 0.141085801677076 -0.0763448196130043 0.0690670107348985 0.0387149948493604 0.0191365074720782 0.0552485014332284 0.00732333663028516
PA08 -0.0734159515768731 -0.0481405423359621 0.0031119070973201 0.0594808389945619 0.0242758272935504 -0.0461122420937229 -0.115179921816611
PA09 0.00618702862864661 0.106628006435855 -0.100827857232573 -0.0141824447405209 0.123978027675179 -0.027835780154992 0.145344217297275
PA10 -0.0706444945698223 0.0323994905833468 -0.0111016891281124 -0.0897795280904733 -0.147013769304233 -0.0584996273700445 -0.0360631216116574
PA11 0.149970019301627 0.0741989231243502 0.0151724286783894 -0.0666728382195904 -0.0866831017664093 0.0219949182308361 -0.0698686736532304
PA13 -0.0329352455046445 -0.0156325567379576 -0.0414042980591782 -0.0195359607085067 0.0676403423054815 0.0313492316809661 -0.153414592388573
PA14 -0.108820130067152 -0.0330290498445506 0.012597941490094 -0.00178058005935437 0.148180812180939 0.0230551805177302 -0.122977134107491
PA15 0.0423731669004596 -0.0300731604020543 0.050858989556882 0.078902317109982 -0.0293132034232061 -0.198134313615398 0.0167737160697885
PA17 -0.0060670875026237 -0.0527073676048877 0.0706682255297874 -0.0542482972867645 -0.00382166168205147 -0.0308470034055052 0.014099302472825
PA18 0.0659173279112763 0.00597459375568009 -0.0788631703192448 0.104273835896411 0.0343660103983325 -0.142071004334652 0.0564062865121471
PA19 0.0591663893582908 0.156519096639738 0.107254563831592 0.092243683109082 -0.0809921750924107 0.0456741503044437 -0.0704603468853783
PA20 -0.0907152617649846 0.0407762906390935 0.0512580081624791 -0.0431631907170775 -0.0162364240470116 0.123549894876152 0.082754073612827
PA21 -0.0157356768989807 -0.0317061418290008 0.104829885275045 0.0515530552650986 0.0753378287550565 0.0180320176501956 -0.05205489588635
PA22 -0.0747742680170636 0.0938219741330753 0.0267865792854536 -0.0513178082826474 0.10883975302503 0.00713471648063572 -0.0144912361008888
PA23 0.0278672552469565 -0.0513256255207764 0.0427060256781739 0.0372604578426045 -0.0514828324829735 -0.0986964203132244 0.0106755122393369
PA24 0.00386679909872517 0.0701320893017944 0.0942592060441698 0.147644258926055 -0.141799253362101 -0.0556341130523926 -0.129879134661851
PA25 -0.000644530944609138 -0.0216639661742257 0.0308458579467891 -0.0985264385556949 0.0213373053894466 0.0271738872233782 -0.136930292386139
PA26 -0.0292899288803648 0.0343210168483151 -0.0275929191905202 -0.0280677522339966 0.0971396677739298 0.0485047146674385 0.0182817864699192
PA27 0.0812311974612745 0.0495059294878998 0.0265156593728056 0.0324601443522016 0.098506438458431 -0.034412234388173 -0.135779073796595
RB01 -0.0274114759309414 -0.121461235649247 -0.0443158624439517 -0.0250507603875046 -0.0796316347956989 -0.0147490070608569 -0.139138489534602
RB02 0.0700616028738096 0.030981100573258 0.0117797091602787 0.00904888535067912 0.145871610306367 -0.0379847753260456 -0.189661747143216
RB04 -0.0209598715748479 -0.0360653831159443 -0.101578783200241 -0.0359617143267241 -0.0123085383679087 -0.0407539340952094 -0.0391657766768006
RB05 -0.0326751415988703 0.00534943284425657 -0.0554358617260588 -0.0547419519057466 0.104510162245563 -0.0204879641160925 -0.0113627089761725
RB06 0.000686558968600174 -0.0269515364267004 -0.174259434683336 0.0671697900282932 0.0466891990893295 0.0628328383294417 0.0538659735126642
RB07 -0.000557519519894447 -0.0162645482371513 0.0730774886665902 0.044203246240796 0.0059589847591359 -0.0570489314044416 0.121784083211612
RB08 -0.0750803493414987 -0.0310922097789004 -0.0432892556693525 -0.00514694102138816 -0.0026527144422173 -0.183582269534303 0.153367854099976
RB09 -0.0986586912971093 0.0469468358593055 -0.0510810452848495 0.0128814942494924 0.13042961885476 0.0150719102916838 0.061116192183893
RB10 0.0055548035632441 -0.0647344902562571 -0.0622266738326471 0.118458525247226 0.137003168858219 0.0572771458381674 -0.0206128149916659
RB12 0.032943470485313 -0.148709804460036 -0.0319059159833168 0.107972138097825 0.0203035973314952 -0.0978551972244084 -0.00983668286283238
RB13 -0.050642140571897 -0.0713608125739199 -0.100124691367874 -0.00596199973673859 0.0519097402992924 -0.0326775379679251 0.0309207743793747
RB14 -0.0297708093290888 -0.0456755595733977 0.0205307885319173 0.0240227684196751 -0.0241499474423123 -0.0194539677063814 -0.0112888761860459
RB15 0.0301177275521137 0.029816856010249 -0.00520684910754203 0.0391971455338246 0.0663198099808033 -0.00540674692768079 0.151487875583203
RB17 0.022677087189801 0.155997225763669 -0.00356145888506407 0.0189962623659758 0.0565370764594465 -0.00855219910336309 0.0937091662526976
RB19 0.00759553608004516 -0.13436057756121 -0.1442365437996 -0.0311444689536821 -0.106023460108737 0.0354961591634323 0.0862922938311489
RB20 0.0362947741030622 -0.00297040272094082 -0.0516249882916152 -0.0130057754357704 -0.144430389806029 0.0116028127196279 -0.0568374095656693
RL01 0.166742663577422 0.0243965688006503 -0.0512591142006566 0.11387427100969 0.0328397828733254 0.0283859913596142 0.0989323209740953
RL02 0.0248398146064057 -0.0474568597690994 -0.0691992800387266 0.102825938173465 -0.00965147363055773 -0.0724435042897303 0.0287414410218042
RL03 -0.0931866315160051 -0.0559156222070832 -0.0551966067055417 0.0350242741620371 -0.0709675153163394 -0.00919048296417663 0.0471716089999211
RL06 -0.0550174763351336 -0.0907634902455592 -0.0459783764804442 -0.0543368788837758 0.00810431300628786 -0.015220478982771 -0.0758416642001383
RL07 -0.0450725956315956 0.0316673662834676 -0.0828898417896944 -0.0329066093919434 -0.00434488449044631 -0.0056489128643917 0.00717133214745226
RL09 -0.0454746808564177 -0.015011724352326 0.0267134820096292 -0.0770596539907789 0.0658149812896089 -0.0532482234678454 -0.0431259140273167
RL10 -0.01020490860015 -0.0892570776385694 -0.115017951747106 -0.140041972001616 -0.0596110342562642 0.0564787075861466 -0.031759171077456
RL11 -0.0977203956274681 -0.0399900352033652 -0.118054070237719 -0.00170326893425882 0.0180681947301996 -0.198892770468627 -0.0798735473855865
RL12 -0.0325105387867403 0.0817820475089339 -0.123660299552779 -0.00468912285325828 0.0608387879443314 0.000744037688666927 -0.0745735204709773
RL17 0.0327683838456487 -0.0305062892176294 -0.0135118463712391 -0.0173944101485938 0.0617230054662349 -0.0409893621293854 -0.0789110595094739
RL18 0.195001249050222 0.113954355586579 0.0114811832727523 0.00264590366495836 -0.0133559213457809 0.0131611338488088 -0.0379092065228911
RL20 -0.00113653978757081 -0.0206940575605832 -0.0869983577084852 0.0206582816434926 0.0988977473799913 0.034318421040112 -0.0163895633536116
RL21 -0.0564414451749266 -0.0424318113844976 0.0334612573021068 -0.0896574053992929 0.0269152356731243 -0.0473187754095105 -0.0277988115534437
RL22 0.0446784529846886 0.111182387713762 -0.240835399302298 0.125686773364847 -0.272294166889948 0.135408473932258 0.050410373225623
RL23 0.00240329906729271 -0.0640435381602102 -0.148105165354237 -0.103915703825896 -0.039601108185665 -0.0776734929062112 -0.000865670328502419
TR01 -0.00729450265409622 -0.0853398326904418 -0.0152132642802541 0.0642781580698627 0.0694881795262958 0.036447695290028 0.0888123347028532
TR02 -0.0512170363882833 -0.0543393900868983 0.0521682096361343 -0.000959320556804746 0.0155221123220411 0.0342609706172164 0.044560867673228
TR03 -0.0668719002420697 -0.0185435008459314 0.0357597615863898 -0.126816062221441 0.041266368355408 -0.0227928730946775 0.0475873146584137
TR05 -0.0339915580406037 0.0479956947363354 0.0732205081576393 0.0181842581571384 0.177184575862039 0.0302626575182746 0.0404624775648929
TR06 -0.0745091228619907 -0.0123079096868145 0.208001227728603 0.00750613918709238 0.00379722238152875 -0.0123703325330697 -0.055013073790951
TR07 -0.011682492300887 0.00396368682212894 -0.0364038197588524 0.0252023601327989 0.103555779234708 0.0977338270561039 -0.0342214231104091
TR08 0.0416589179000479 -0.0687933782777595 -0.0250979987636693 -0.0981583181345353 0.0920497358163372 0.0428993786269149 0.00566978500295192
TR09 -0.115512245201677 -0.0598144223949314 -0.0246183487154114 -0.0252130452642347 0.0291334430588572 -0.0602726254070396 -0.033201803392571
TR10 -0.0838442905183282 -0.0676057392030229 0.0529947912961911 -0.0242049103492505 0.0947542082267573 0.0410408376518347 -0.0733413796284874
TR11 -0.0624018987548234 -0.0436844078707997 0.00414494280071796 0.01642037521115 0.0121749598124106 0.0549685111021511 0.0254934667375854
TR12 -0.00645002564274531 -0.0273600622708596 0.00974539614629469 -0.114388417435022 -0.0484675281498093 -0.0490687628634558 -0.0559175431273226
TR13 0.0315193774008811 0.00663446216361798 0.152200899961343 -0.0734251447120706 -0.12628023053221 -0.135439553511849 -0.0311125622106272
TR14 0.227069959605871 0.0896279629352389 -0.0706529166943194 -0.0837342460908156 -0.122997436054458 -0.0192319149827306 -0.0292250061773211
TR15 0.0530513391570166 -0.0406576835447628 -0.0241168786693968 0.0829505690140361 0.0480091160890684 0.0786635039562886 -0.14986212735179
TR16 0.063812659859105 -0.0980877847050923 -0.121569343878226 0.0249722692049546 0.0209280667736753 -0.071619879555954 0.0638536308854458
