sample MDS1 MDS2 MDS3 MDS4 MDS5 MDS6 MDS7
AN03 -0.00676016660631751 0.0384381058410238 -0.0217944220757097 0.0484609826563312 0.0210879054405102 0.0144048040167421 -0.0756884170601132
AN04 0.0571745440937304 -0.0428636321649546 -0.0109549293932266 0.0265312699574167 0.0255236665118139 0.00211162647275397 -0.0351491191109315
CS01 0.0737313283008312 -0.0441231957353853 -0.0698213005427675 0.0944272558089445 -0.109915045555812 0.120213968363641 -0.000140371344363094
CS02 0.0611999936210613 0.0485946946657206 0.0564986409914893 -0.0814995899454251 0.0468277946801658 0.0394336395621543 0.0696367630711009
CS03 0.049526161393709 0.0161596558825389 -0.0206268268908256 -0.0244746133824188 0.0141359011032727 -0.0462188235650374 -0.0146580857468971
CS04 0.0236463908293837 0.00800269181904234 -0.0642953473254462 -0.0379369348548098 0.0342862250645856 0.147014436163182 0.022985192575035
CS05 -0.0490146863968442 0.057351748381458 -0.127856335424064 0.0426002384843048 -0.0594348249690916 0.106379801339303 0.0352551824737486
CS07 -0.0854253026468052 0.139953440943854 -0.126362513304361 -0.0248628857961359 0.0279533080255519 -0.0640379555493113 -0.0452254698988725
CS08 0.0672073631994506 -0.0230366725262576 -0.106903828203153 -0.0224004096926765 0.0181572916798498 0.007198234677036 0.0334729905559079
CS09 0.0776457894491213 -0.0534038808969513 0.00750735314466727 0.0936346858279568 -0.0212486205604766 0.0795796845698729 -0.0889423422925792
CS10 -0.00754508705182101 0.0516924275549624 0.0558686489167351 -0.0808574008800705 0.00949141028306822 -0.0467925451628015 -0.00552956404581595
CS11 0.101637843789085 0.0660672304231881 0.0535855351799054 0.00769534314515497 0.0750433497568815 -0.0600181590044763 0.0183402275836573
CS12 -0.0519233891977847 0.0229645569573033 0.00227546136865819 0.0425918375365112 0.0858955200708417 -0.0729508398827352 0.0169039736345266
CS13 -0.0178359759964805 -0.00836871222110819 0.0584116872387254 -0.136301616438708 0.133158542777297 0.0254590634826517 -0.00682152474550313
CS14 0.0190318735709202 0.0464579733689364 0.0176289279336814 0.0525463607982166 -0.0580578224712591 -0.00597236659135572 0.0441376973112233
CS15 0.0393366094321706 0.072053467176964 -0.00874238205017175 0.00893054827187989 0.0576176007264375 0.0654136592455178 0.0160014109364471
CS16 0.0341658183113946 0.127128467099205 0.0558522668046643 0.125404092913435 0.0439013967087609 -0.0446586997627801 0.00719898350494177
CS17 0.116203423663045 0.00693568854994335 -0.0193624049251605 -0.00786302718445835 -0.121511712408074 0.084604776302504 0.0365035000050045
CS18 -0.0020855030659966 0.100077531464434 0.0378614853312966 0.0867217661558471 -0.0323852367844759 0.0938759386540394 0.143881866796019
DK01 0.0437135826496869 0.0248804836722178 0.0664832960411904 0.0393306160451178 0.0447158802703329 0.0455835323494006 -0.052248898591268
DK02 -0.0669362627745579 0.0428618052462983 0.0229279585640357 -0.0257307655886397 -0.0744849960889878 0.0750478867632858 -0.0654033353976139
DK03 -0.103302980090326 0.100402241228152 -0.0463393525211496 -0.0369172643912843 -0.0515960054236195 0.0301477059444238 0.00838474318495044
DK06 0.0221467356948272 -0.0406919334865775 0.0960781431795033 0.0600278853548297 -0.0617427287482082 -0.0607959969188806 0.0204306762063239
DK07 -0.0528103880788201 -0.014459786030639 0.168924284091346 -0.0075949524503668 -0.0122492064293244 -0.0260283202721482 -0.000526979344207743
DK08 -0.0984383626124312 -0.0149566810970856 -0.0310698519820275 -0.0867769059079841 0.0639313684588827 0.086310913881828 0.0246144889248175
DK09 0.022554475579275 0.0208395581854908 0.0350797827524108 -0.0627656567610334 0.0466409049907776 0.0209610312713665 0.0822719461635614
DK10 -0.207626192836808 -0.0837264326958539 0.0575386052740083 -0.0703471934621255 0.00113835088674918 -0.00091418854884201 -0.0664981785740026
DK11 0.0659976845578008 0.0498215817105266 0.0548848488148826 0.123945037196659 0.0697213198247573 0.072596549734893 -0.00972337020096563
DK12 0.070968126391769 -0.00324844677938453 -0.0049665723331656 0.069477215852576 0.041499467936656 0.00455793662390758 -0.0198115166181852
DK13 0.0207529488630847 0.0389001513265308 0.00984166896820902 0.050233940477001 -0.0446903941513269 -0.0222613592320151 -0.0400443533038382
DK14 -0.0758316679226194 -0.0252578674673733 -0.00325237721004464 0.131987395468219 -0.010551541404018 -0.0482996124763951 -0.127462491595328
DK15 0.0992712139391878 0.0819103052281316 -0.0136200794793316 -0.0312438110009277 0.0483124893864412 0.060853466374286 0.0967328404212538
DK16 -0.0199007880590674 0.0691691133314754 0.0178945845039001 0.0691391746621694 -0.0506403740485238 0.036711927251418 -0.0424635777131637
DK17 -0.0449552566017438 0.0642786205811647 0.0645694752404763 -0.0145017073426735 0.0518561176655794 0.0608618887094714 -0.117167067352514
DK19 0.0355358328615647 0.0984385776492209 -0.0379026989999166 0.077303048497158 -0.0192601435352101 0.00135943171039765 -0.0471396271036163
DK20 0.0662522300766181 -0.0211366257486101 0.0860120096973008 0.128774858453285 -0.00439365888069513 -0.00665498124493083 -0.0810562820428927
DK21 -0.0452320749722538 0.0989505786479157 0.0885839079573828 -0.143842592984304 0.0155350480258511 -0.00462198092597809 0.0268029666444217
DK22 -0.0390939379762619 -0.0486780992542017 0.134507119094529 -0.0339651922647404 0.113573342445193 -0.0586219366361357 0.0432225710115652
DK23 -0.0718863739567888 0.0866702197286807 0.035455920072074 -0.00334620242634504 0.0906232451100627 -0.0217421351241072 0.0189211588723789
DK24 -0.0458283702982666 0.0211968204653828 -0.178757848906496 0.153548100070867 -0.0176101236068211 0.122995035570174 -0.00386122999662369
DK25 0.0363920425736101 -0.00191116311033669 0.025807806541994 0.0189042681232531 0.0496263276625132 0.0873235299658362 0.0642405361820872
DK26 -0.108743810350128 -0.00130972887514614 -0.078570974930685 0.0386804080817171 0.0765077643718576 -0.0433780876435739 -0.163141386554552
DK27 -0.10616629909662 0.129361308454725 0.0176396146300133 -0.0375470106524557 -0.0858088039278154 0.039424751522691 0.14134484261034
DK28 -0.13704713065353 -0.104726602137206 0.0817174425329171 -0.0155842425347028 0.119436539388975 0.0203215518518641 -0.0766488323628011
DK29 0.0776276464754328 0.0242277260676878 -0.0310905495383166 0.0682810334848755 -0.0277398067335944 0.142947056316302 -0.0674007639173328
DK30 -0.140028778946061 -0.061391959265662 0.137054546098642 0.128017869059257 -0.108253844155019 -0.0309289693488869 0.051562529568711
DK31 0.0198165587299006 0.143157733716107 -0.0572058355956216 0.00607187723589536 -0.0415419664504213 -0.0755419315250657 0.0490268518299309
DK32 0.0209253239152256 0.0423242989938159 0.0453454914132099 0.046292212809504 -0.00876037382177662 0.114743411638217 -0.0835495387328354
DK33 -0.108036520937803 0.0425986287786779 -0.0811812293008189 0.130078380569588 -0.064192488398836 0.0931970659939942 -0.0570902791955735
DK34 -0.067177822889129 0.113902668586487 -0.0279193587183945 -0.0769192641829981 0.128909452631644 0.0341804628347153 0.0110686418516101
DK35 0.0171023980132942 0.143388444239001 -0.0238408185623305 0.0355141724068355 0.0285022756697683 0.0734136485952284 -0.0239580145764125
DK36 0.0570306289748459 0.088722816215811 -0.0551101694537624 0.0328318644274904 -0.0203845954587352 0.00432781381581556 -0.0768848304692803
DK37 0.0111407161431997 -0.0742471064153322 0.092488567907022 0.0262695428372319 0.1412138538651 0.0576988621726492 0.171474095831425
DK38 -0.0208608295493173 0.0415526192776745 0.0717517316700564 0.183363500413281 0.0677718623402737 -0.0175443476059689 0.162155730621946
DK39 -0.0454395743353388 0.125014296427352 -0.0445437776633653 -0.00446226741503969 -0.0685948864957163 0.0154898713965823 -0.0676273162402459
FR01 -0.0642066479503929 -0.130023550953763 0.159087946012967 -0.00386673143663327 -0.139385325380698 0.0588307650800927 -0.111392469205257
FR02 0.0533010990990424 -0.0265152549809651 0.0183138737820431 0.035018191158656 0.020939397676436 -0.0373199720024901 0.0769280580623789
FR03 -0.0224646834055846 0.0778492990150848 0.0671726869701846 -0.0942114927337392 -0.0705546240601011 0.0370428175648636 -0.075971330190734
FR04 -0.0705085494385753 -0.0304209281163086 -0.204371577646977 0.0526448640631247 -0.00561052837351521 0.125802716932708 -0.0223224917103558
FR05 -0.0828824195936467 -0.0680073906513194 -0.137773303569338 -0.0921373041751308 0.0484605481779771 -0.187773381494066 -0.0831967524942608
FR06 0.051484404899766 -0.00413618219209144 -0.127654006609047 -0.125003753591716 0.0560978948940732 0.0275306385196924 -0.0983494561045262
FR07 -0.13570288465917 -0.0410862654827681 -0.196568854139265 -0.0935734044192825 0.00561568522027778 0.013859590271861 0.0614822390055775
FR08 0.0410703032189361 0.077603132739073 -0.00764383955198681 0.165504898574221 0.0444974620527068 -0.0158922489164096 0.0109923212135143
FR10 -0.0355903118607534 -0.0475931612495713 0.0842412851262652 -0.0618836755695351 -0.0423669348199061 -0.0727510562944249 0.101007677118715
FR12 0.0414306432658099 -0.0742434379575161 -0.0296661363831452 0.0463487713978574 -0.0659326913135793 -0.00915902204653168 -0.0342356908295692
FR13 -0.0547516488404156 0.117371085065499 -0.144199567609808 0.00795381874356059 -0.0506173359252229 -0.161794883823411 0.0950214406221747
FR15 0.0494872448699585 0.0772729653869946 -0.0236583723675271 -0.109111105403716 0.000179755461577054 0.00857069106164174 0.000906280760529924
FR16 -0.16461463227631 -0.00215419092439115 -0.0213263701701888 0.0489673853722509 -0.0323203700874399 -0.010367962910646 -0.0214073022359313
FR17 0.0372413181931724 0.0867958795019034 -0.0407347664450078 -0.0670396326858916 0.0394274019372623 -0.0243988099314318 -0.0207262223525339
FR19 -0.0476939869820859 -0.0332712440794311 0.15523000637415 0.0368646113461427 0.0775927424046421 -0.0190868930440842 -0.038090762720633
FR20 0.133413229952888 -0.00252582042675841 0.00869522864342835 0.0315590476407472 0.0376699584292512 0.0547576568009525 -0.0778449491545058
FY01 0.0199370484506611 0.0368094619320226 -0.0225657714215979 -0.0622675962272703 -0.023370515810807 -0.0210500359743258 -0.0809278615715158
FY02 0.0561465858228366 0.0797983394146509 0.0188393427525736 0.0291198076843148 -0.0340135345127592 -0.0307679815822399 0.0100705310805143
FY03 -0.0562691539022322 0.00568622733259016 0.0894169261240479 0.0873866178177943 0.0762854504727078 -0.00885149432386063 -0.00610975303090099
FY04 -0.0113888104552923 -0.155565169068074 -0.0661396338698096 0.0401491537292425 -0.119734813420566 0.046419113244422 -0.0148385474540061
FY05 0.00536296646521836 -0.0913121679088373 0.0875742035662626 -0.0673460342036775 0.0921002201001035 -0.0137111243357446 0.0513103761242351
FY06 0.00801136427419128 -0.0917194140058841 0.00827824556340693 0.0056585291764726 0.070147150574345 -0.0898654244144972 -0.0125446883977283
FY07 -0.0244869736669228 -0.0563681351087399 -0.0960882061737652 0.131404054857506 0.053780160622276 -0.0205073374631772 0.0245996554721652
FY09 0.0112620470764012 -0.0475316460553974 0.0766344266283789 0.0956491848310223 -0.0770738919309543 0.0554615534342497 0.0100311266753276
FY10 0.0473950921898783 -0.0391142959587233 -0.0188368816482343 0.0157199085792771 0.141115789302033 -0.0618192739557466 -0.0664093064698735
FY11 -0.108372299013509 0.0259645867351041 0.0224088928430358 0.0282351139750208 -0.107621902063694 -0.0175006769891808 0.0193491655964034
FY12 0.0500667376048832 0.0729616281129612 -0.00662208204644537 0.0407882540613248 -0.0413869194206063 -0.077471686179593 0.176784170988202
FY13 -0.038926089133457 -0.148927466267696 -0.0282775454760782 -0.186694781619809 -0.0658261942595422 -0.0209426807760689 -0.056973791350531
FY14 0.0624337363514736 -0.0147903135543809 0.0117375524057587 0.076470461164727 -0.00249053825541158 -0.0465615324821952 0.0454463366456808
FY15 0.0678910077416407 0.0597354135826821 0.0320882726403637 -0.0897796494329121 -0.00294211687118516 0.0816333598650811 0.0659190686523079
FY16 0.0219390277810991 -0.0226295301328555 0.0454148340664413 0.0377196785772886 0.0341781107927188 -0.11383333608685 0.0107339946969887
FY17 0.0382457509766299 -0.0176675063348381 -0.0180316978794237 -0.0242737397875149 0.0198462142540308 0.148142971360157 0.0319151725122322
FY18 -0.0355219241985162 0.00692253244709707 0.0389071514525366 -0.0846236168760974 0.103438539858995 0.0138157460792027 0.00325674236252007
HH01 0.11868352442407 -0.0477432762265017 -0.0976684392497832 -0.0399629385097346 -0.196763334271533 -0.0648188452759762 -0.00387773963649907
HH02 -0.175190710048723 -0.0435802855112725 0.00775471609069058 0.00667101940623155 -0.132713952963963 -0.0195483771765275 -0.0320137950818197
HH03 -0.00568096081339564 0.000111231479952928 0.0275536833883469 -0.0245323863284373 -0.0935790364452078 -0.0198961830780582 0.0182778736145719
HH04 -0.074764051806028 0.0690328871538768 -0.0899567550256194 -0.110108902138493 -0.0198189731350312 0.0287232429781276 0.0588132278103897
HH05 0.0299072107189744 0.011453719971887 -0.00405298273294203 -0.0749707013497135 0.0608121979983712 0.0489652710342067 -0.0727539732641837
HH07 -0.0115823598331896 0.00822541459510156 -0.0837647305736139 0.00571219915953869 0.0373290380187245 -0.0901528113227195 -0.048985451445919
HH08 -0.0550258921169618 -0.0480926942427039 -0.0453820411264132 0.0230321010575435 0.0204621012624959 0.0177750641675405 0.0260396860785091
HH09 0.0592702615402526 0.0309729514832102 0.0516155765735005 -0.0317342327337157 -0.0584015696389083 -0.021153109485759 0.0422823023461187
HH10 -0.0809351635022129 0.0204028060063667 0.181795417799729 0.0577802659064941 -0.092042456640634 0.0538582643013729 0.0337985471915388
HH11 -0.0345907868708947 -0.0287452792855901 -0.044783460445275 -0.0400898403448626 -0.0401422334755241 0.00277986735637669 -0.0923335303940866
HH12 -0.0108034038210812 0.00841066039719203 0.0695438867628468 -0.0930918136166284 0.0107021155125415 0.0727831283932466 0.0384200875906487
HH13 0.000285780724149493 -0.0534203514333227 -0.0033718330685006 0.00849228926269551 0.0254413661169399 -0.0171660913860145 -0.119395378500589
HH16 0.000883774994478421 -0.0244378467889223 0.103962019783358 0.0513569691129559 0.0589137368458577 -0.0634788533591472 0.0130094327331976
HH18 -0.0696245705954464 0.0978454246965197 -0.100969979085349 0.0169459234102882 0.00372550068274805 0.0276267451887267 -0.00808657135353474
JB02 -0.0535300866930522 0.038629688154314 0.0494814917807855 -0.0185462047468037 -0.209327563220884 -0.0301354222921398 0.036816016763371
JB03 0.00536793001994872 -0.0872535322249201 -0.144128044200076 0.0462511749511478 0.0620502533346921 0.0205370503414597 0.052927635882845
JB04 -0.0336020770345521 -0.0643563766119991 0.0611809285448247 0.0314279282247182 0.0840131336911735 -0.0880129926051791 -0.0281648328138065
JB05 -0.0398307424667398 -0.12147052197641 0.153309206611256 -0.0359125286970506 -0.124556935149286 0.0921364999980503 -0.036045968176713
JB07 0.00112515962659104 0.0403862852139252 -0.0335925444298709 0.00572310573221511 0.0681898377325645 0.00668111159379666 0.0394608385041241
JB10 -0.0882787715811378 -0.0588192749199409 -0.0531190968955757 0.0301563879043657 0.0381001443055352 -0.0335525697740223 0.0813497585514748
JB13 0.0254871916217072 0.0894148206796515 0.0451690448655636 -0.0169766999385116 0.102189357300924 0.0353762873200639 0.0727239596861951
JB15 0.0987645550586011 -0.148875994774411 -0.0528551554272324 -0.0858395813723645 0.00582714653922822 0.0389667221967309 -0.0147934959467832
JB16 0.082977113664293 0.0311383655931153 -0.0235345651355083 0.0045521946243306 -0.0513227240678435 -0.0254234653412353 0.0519547026215854
JB17 -0.0383684678076333 -0.136726548796933 -0.0980630120603219 -0.0153232063479535 -0.0196848435078751 -0.107983282576439 0.0796925657147086
NB01 0.026424570076565 -0.0369125535512529 0.0185414994732742 -0.0293173402851161 -0.00345261337888434 0.0441170976148846 -0.102007250799215
NB02 0.0510647347844813 0.0270901522806914 0.0408188871569986 -0.0661915784492428 0.174812832821519 0.112392209190719 0.061047530137763
NB03 -0.0359613299416911 0.0500301781012905 -0.0744594958610587 0.00404739216993367 0.0894777384685567 -0.117061217484829 -0.109250870810066
NB04 -0.00309497140825366 -0.00779652932134165 -0.0241908436144703 -0.0222762311497663 -0.0130271957574823 -0.0695717503076103 -0.0666110681875696
NB05 0.0577521386280555 0.0881815770308921 0.0966290090769432 -0.01152368833002 0.127932065105982 -0.0368702766337738 -0.0317877185638489
NB06 -0.00239219113300459 0.0756502733088534 -0.0124804740259673 -0.101708096488092 0.0463627076158268 0.0312822081409854 -0.0645117803824969
NB07 -0.118143772840805 0.0301368116276024 -0.0387871067101193 -0.0773211070439843 0.0317488694709309 0.0251721554282151 0.0221887579174354
NB10 -0.176753228030051 -0.0325716362112791 -0.0150690710049543 0.0674405655973763 -0.0432795109558506 -0.146945493490918 -0.040418269762126
NB12 -0.0403482726199505 0.0621534566591438 0.0178197891690762 0.00548804979527494 -0.0701164874475936 0.0637462262922528 -0.161290332758506
NB13 -0.0296345920771893 0.0730067251893515 -0.115509055871185 0.0394960608777169 0.0424769263407563 0.0688140758290155 -0.0211628031463608
NB14 -0.0199681232943457 0.132497000970891 0.116725426051923 0.0211079429163654 -0.0168847627637083 0.101564963611445 0.0604363583016693
NB15 0.0435840648665284 0.0386587077750564 0.0210995310928435 0.0265517004554863 0.0652064444685437 0.0447818059372244 -0.0660283299943866
NB16 0.120494668081575 0.0391373074337663 0.0122834757120185 0.11164215092953 -0.00938451911224487 0.0113298917755809 0.000440930148770411
NB17 0.00727532738640247 -0.0274067817961747 0.055308088431681 -0.00679010402224236 0.0913566857954429 -0.0163244192595176 0.0457104627911124
PA01 0.0585879280276976 -0.106236995715522 -0.108095856148406 0.023445066191805 0.0470412853015547 0.11035314945026 0.0573277696141688
PA02 0.00203920929794666 -0.151692450036967 -0.0578842084942158 0.0377272825556689 -0.0672935095127432 0.0356772870014646 0.0427906275286451
PA04 0.0513049592321687 -0.0179022775639564 -0.0298696565107131 -0.150726155330838 0.0485390598113773 0.0156328705930475 0.0275664487362776
PA05 0.0778449611285663 0.06338930639024 0.0145005836676398 -0.0229351239994843 -0.161942215963524 0.0229589344844969 0.0717643339142603
PA07 -0.109055703706477 0.0360094854303866 0.0765992970418245 -0.0212692850473242 0.0463412552922192 -0.0516731454749887 -0.0010699810969978
PA08 0.0853635931220732 0.0145145032893945 0.0635881216329178 -0.0857993366628116 -0.0176363728645182 -0.0673319289934 0.0258758582632842
PA09 -0.0409374962403147 -0.0425411369172643 -0.0867554291398078 0.113946465787056 0.00630811145110289 -0.159864032394376 -0.0941223727168441
PA10 0.0362330579166659 -0.0119844898073207 -0.0848900870612528 -0.0421559073704176 0.0152563161748335 0.102538318809053 -0.0738942993388209
PA11 -0.155614133588518 -0.0343841519950649 -0.0328674119318025 -0.0635698048829813 -0.0085191556412496 0.0918035016006583 0.00257958833155912
PA12 -0.00756882106194519 0.0543234430048967 -0.0450648225837557 -0.0792423163103368 0.0987458072963007 0.0697135516292885 -0.000774075652899055
PA13 0.0239074365807013 0.00391775152014102 0.0107711877974411 -0.138156889912628 -0.00787564047719705 -0.103829004600026 0.00636127983089083
PA14 0.0922684227794688 0.079713677316856 0.000426155904445216 -0.0685678643867762 -0.0187255906716496 -0.12675448266207 0.0206667223942138
PA15 -0.0247665002382856 0.00944869967836085 0.117879752973319 0.0357115637396645 -0.169920091644485 0.0877066027746435 0.0492989527496532
PA17 0.0114406714959313 0.0426961209440896 0.00743444315615756 -0.0458370394530876 -0.0287789328859231 0.00589516441516677 -0.187639396893869
PA18 -0.0487169844714971 -0.0865931021242887 0.0598214697178693 0.130900293327539 -0.0460130014897308 -0.0146314538701531 0.0117817065936823
PA19 -0.137269418862253 0.102494806841049 0.0259412139313698 -0.0424762140232746 0.0406420799628534 0.0457261805827789 0.134232005305821
PA20 0.0461789129797302 0.0745959208662031 -0.0481487825143753 -0.0340379123692816 0.0769406500617969 0.0371696478902271 0.0225197820112328
PA21 0.00512443841564579 0.1057212430885 0.0443114196700719 -0.0118606973919098 0.003242230955619 -0.114078075653495 -0.0761893897554335
PA22 0.0178336948199593 0.095902235092731 -0.101196247574633 0.0321153141732363 -0.0372086860671852 -0.104715300337212 0.0753999488720305
PA23 -0.00246465709244839 -0.00135768283916853 0.0640930833188189 0.0436788015544122 -0.0510675864675119 -0.00900774917837225 -0.153017561833002
PA24 -0.0447871081253485 0.0786027227401518 0.135980118609479 -0.0494204596916938 0.0114443736443689 0.0930499252884505 0.095274312412138
PA25 -0.00254735654821902 0.0222023691811012 0.0173259403453432 -0.133470835152866 -0.0372742304328974 -0.0286929903550932 -0.0509807188147313
PA26 0.00784223538620816 0.0176481651513335 -0.0640460622294812 -0.00199387961438021 -0.0162940063941527 -0.111078721147595 0.106488559051303
PA27 -0.0988571979621857 0.0160786095537355 0.0592491335497038 -0.0282654416451151 -0.0893368662259772 -0.104432818779909 0.00373236783661541
RB01 0.0763216044359996 -0.0952500691024541 0.0889218011299715 -0.155519946240003 -0.0066904673909866 0.049283185484781 -0.0760480272313396
RB02 -0.0738561328597024 0.0122268700998928 0.0664382183794962 -0.0697135770224312 -0.105093947447135 -0.171547334362872 0.0212964319047522
RB03 0.0702527626946631 -0.0482055099793157 -0.0109524850669052 -0.118334853247271 -0.155140196557108 -0.0532374673729653 -0.0100651232943446
RB04 0.0670070749999448 -0.0904869216207108 -0.0145969181461065 -0.0812710479631952 -0.0395167859640128 -0.044492640350501 0.088384226624676
RB05 0.0385815687416516 -0.0286985410138643 -0.0503698425489963 -0.0138210710960484 -0.0710412178000838 -0.0697939475429826 0.0261791046382041
RB06 0.0536838257786626 -0.125094711240759 0.00979540700817388 0.0661238391699661 0.0946682276843499 -0.092529365460298 0.0213824439508765
RB08 0.0807168377080381 -0.0242176998500539 -0.0400570317221041 0.125257375745318 -0.0610764082151441 0.0456751386303056 -0.0561508616770713
RB09 0.066418495098583 0.0143631002774662 -0.117213015237486 0.0691504116522242 -0.0183174590014997 -0.112601484498952 0.133732408382821
RB12 0.0511714118178275 -0.0305412177891089 0.187816925986914 0.0528738574940898 -0.0555825264712522 -0.00730261514139818 -0.0572828085232048
RB13 0.0861896915676875 -0.0497582414759652 -0.0190577170426447 0.0932423115702982 0.0090738215246525 -0.114149394670991 -0.0980497516275102
RB14 0.0158593547154887 0.0226993923475272 0.0215722357329964 0.00849610834619417 0.00630098200111442 0.0297632605832528 -0.00685458463977701
RB15 -0.0284850926603382 -0.00395604883945849 -0.0296650053127486 0.132346178351117 0.0239036428380372 -0.0516270461535526 -0.105419220757425
RB16 0.0804915652653862 -0.0776647067142342 0.0674863139123587 -0.0518984244814696 0.0912138240417261 -0.0190102273798323 -0.0693031425103298
RB17 -0.0654763701071156 0.0300006178600698 -0.11093967304808 0.122859151166475 -0.00357638217084105 0.0193697888416262 0.0773069643742749
RB19 0.0814480049070909 -0.117749568633319 -0.00148952647753308 0.0732419110301464 0.11928691291034 0.0768524380016091 -0.128925953664392
RB20 -0.0223590566364148 -0.0673537926107827 0.0259413390898305 -0.0155867904215689 0.0758852236057128 0.0836134254983566 -0.0743311139895438
RL01 -0.140951219733737 -0.0314601208999464 0.0427986722343402 0.133898718857131 0.064109144974405 -0.0278916405624704 0.00915539150371047
RL02 0.0179695863447262 -0.0721027617277698 0.0482817999643963 0.067712263588544 -0.0258145572135474 0.0550544203298416 0.111636019711265
RL03 0.109699515896797 -0.0370204450459451 0.0171662746370476 0.0409906570380713 0.0752022942463567 0.0883224872806516 -0.0307616823304062
RL04 0.0909171392914006 -0.0413970587178868 -0.0512031481257311 -0.110932158914939 -0.0477410505398014 -0.04088739943867 -0.0296763893499517
RL06 0.0927194198119133 -0.0352480431439488 0.0143662734643529 -0.106867663479056 -0.059530227020319 -0.0315275370677975 0.0599640466719691
RL07 0.0334972885351682 -0.0528648955309476 -0.0964692078620613 0.00957892372178273 0.00967306396399524 -0.0024492179454021 0.0624223953956664
RL09 0.0539619120162851 0.0262358678547527 -0.0219974030614287 -0.047692172639355 -0.127657230586611 -0.0471101494190623 0.0615442754626948
RL10 0.0655443930965253 -0.124374678916008 -0.048605941356461 -0.122569811388248 0.039202012413696 0.0566380188031598 -0.0514904342261242
RL11 0.121363402102087 -0.132771761373235 0.033074507937362 0.00187059304190965 -0.149423657872803 -0.0253795936880982 0.0239356791561746
RL12 0.017492312455084 -0.0774888073823368 -0.0695878762201294 -0.00429970706809159 -0.0159403031178732 -0.0992335347452832 0.187033364483548
RL13 -0.0106953356631423 -0.168388874614331 -0.0956054806507236 -0.0982874077786017 0.00371466409128397 0.0788982460940732 0.0404345800797234
RL15 0.144225265174309 -0.0852189256780649 0.0104766444154611 0.0627147048676685 -0.0627977717450488 0.0447420431402308 0.139464465935449
RL17 0.00200496327500463 -0.0225571789957792 0.0417293953302375 -0.074278334382871 -0.081802099007823 -0.0556107873648689 0.0444224917496768
RL18 -0.221860742478796 -0.0387955220237779 -0.0182550894936904 -0.0420138508803159 0.00779953335614513 0.0356986614487437 0.0372501297760646
RL20 0.0327997342047783 -0.071473068914294 0.0142681452761413 0.00226527492343056 0.00805008355849315 -0.148338050066306 -0.0293458261664944
RL22 -0.0309995581618458 -0.189320257147242 -0.00410634917452805 0.0934050500309017 0.166581616827878 0.040048928554252 0.319354473119151
RL23 0.0624804057666391 -0.152732702987682 -0.0724104719069192 -0.0323783499867688 -0.0678429247813396 0.0367126654843582 0.00991877976613613
TR01 0.0452843714592397 -0.0219573109332885 0.044696189757655 0.0509295752462351 0.0747264802349833 -0.0857833574992694 -0.0431129242759441
TR02 0.0596053185781131 0.0499366404451578 -0.00775365567916995 -0.00604056349683063 0.0353461403562133 0.0547645824772272 -0.0552354834311094
TR03 0.0700642592084707 0.054890910464589 -0.0860741984727564 -0.0231476536120322 -0.0773315280202081 -0.017290128921965 -0.0760803250908121
TR05 -0.0104293192981918 0.127517075294898 -0.0299572517045919 0.0665275633951384 -0.0399624666470932 -0.132460258075894 -0.0197878330314386
TR07 0.0137145657024842 0.0185933316737755 -0.0081803121039606 -0.0275741341925449 0.0617471156099494 -0.12675174717388 0.0535959523460064
TR09 0.135544521382205 0.0185613505034461 -0.0272247768883646 0.0146570759348809 -0.0474368198385463 -0.0293580553873557 -0.0376849481810155
TR10 0.0813226004589 0.0944116250269361 0.0339189154947495 -0.0937955059645127 -0.017691226493926 -0.0986166543837815 -0.0374450385787114
TR11 0.0685173998261609 0.0637826707164676 0.00788768187718752 0.0167394816420862 0.050270151554373 -0.0493253808759907 -0.0188600857638369
TR12 0.0182558005635624 -0.00744767935832527 -0.0218331041566788 -0.0820956685879792 -0.105140245745734 0.0815064161911872 0.0385505986957291
TR13 -0.0477888609836861 0.0801710264648075 0.0249818827926053 -0.00361572555457603 -0.114150465545388 0.23680750395439 -0.0214941375511149
TR14 -0.225280614239382 -0.146257755086128 -0.0746758846633739 -0.0453620638302209 0.0204228721608764 0.115302888016294 0.0480397423592411
TR15 -0.0308305274264109 -0.0302408351679311 0.129631334833969 -0.0731436701526711 0.0566202437383513 -0.078250118767178 0.00386783625558813
TR16 0.0102453681054581 -0.118887229690168 0.0660099543908779 0.0727624296011377 -0.0404518840716712 -0.0246363527672529 -0.0712781036212813
TR17 -0.00552687795410225 -0.0614085038784062 -0.0808021850415471 0.0319737221510937 0.156034457884646 -0.0145153039471392 -0.0751546101021262
