sample MDS1 MDS2 MDS3 MDS4 MDS5 MDS6 MDS7
AN03 -0.00257165146646021 0.0448186854778922 0.0531985265830329 0.060697627085122 -0.00461349302915687 -0.0293737141692727 0.00684975767166264
CS01 0.0380096668026956 -0.079875142494913 0.119266315953888 0.0443735948315902 -0.0703296395654166 -0.0927501196546805 -0.0136304520761855
CS02 0.105863620015143 0.0667080829130791 -0.0352035987751384 -0.0243675099245954 0.0328754705291444 -0.00331709414691345 -0.0378782693581021
CS03 0.0476595079228177 0.0295144637437293 0.0276135624545635 -0.0098523922443621 0.00238681703031102 -0.0358882352797254 -0.126045642572268
CS04 0.003524678909846 0.022788733920085 0.0731562759341798 -0.0313101233296786 -0.00835932729077105 -0.0935554734039318 0.0858552816691063
CS05 -0.0958084265532196 0.0194298014420222 0.145067047764808 0.0151998087552737 -0.0576686092958367 -0.0294770252515749 0.0151189098030919
CS07 -0.153663357978221 0.0995048839432631 0.0677102845799568 -0.0701118995971088 0.0250288408801526 0.11064776554745 0.0123342053746134
CS08 0.0368834386750516 -0.00650246878646471 0.118997022754788 -0.0379073908133721 0.0129081820155106 -0.0606144333521602 -0.00927805771696256
CS09 0.0667480178673701 -0.0655673192270742 0.0206802311196337 0.115808704726693 -0.090372096741204 0.0579230884545514 0.12154634268952
CS10 0.0103116704921404 0.0560486079743336 -0.0862950811937742 -0.0757098832251715 0.0247059883129333 0.0636088549119542 -0.00513465016766832
CS11 0.0930087201196304 0.0481048202989661 -0.00927871465967534 -0.0142389148657828 0.0680201317903667 0.0647215844717502 -0.00747134993741992
CS12 -0.0594136026137624 0.00207644494884654 -0.00406038403680886 0.0106109870442366 0.131955225937997 -0.0076864256009217 0.016497108210572
CS13 0.00177475271138623 0.0233374122030274 -0.147232810011364 -0.0831319654562251 0.0794578824248584 0.0184239510239928 0.0456361513211049
CS14 0.0107120541709347 0.0186436439805497 0.0606916168664741 0.03017101326028 -0.036711473383086 0.048950250457155 -0.0343459943507087
CS15 0.0333163423310041 0.0658762091596894 0.0533095296636873 -0.0209529832242723 0.0139482316648486 -0.0936936644798865 -0.0766101321463659
CS16 0.0395272801947391 0.139222744249425 0.0473679244665586 0.15643180678519 0.0565390965740683 0.00818015131813757 -0.0495690985382356
CS17 0.12926570663706 -0.0066435363486397 0.110158988107257 0.0233822883034671 -0.120389738170764 0.0225255601659439 0.0304668769396508
CS18 0.0110483907025263 0.0980982783805523 0.0585593729210554 0.0923375922836008 0.0228499387250594 -0.0404576711082936 -0.0201547152464682
DK01 0.0538022286854327 0.0160658505488637 -0.044743588378917 0.0438760981241375 0.0528310867281993 -0.00815304701476999 0.137601212023958
DK03 -0.131495472209128 0.0813243199922291 0.0115542175914691 -0.0551522528361271 -0.0508278936046429 0.00873464167599267 -0.0888797524924133
DK04 0.0195523581472377 0.132028576115048 0.0345870687655246 0.0912765780016463 -0.063645730339506 -0.181460445232339 0.0591466693961167
DK06 0.0250570492132653 -0.049266569310367 -0.0522399407566374 0.0866695560533809 -0.02344787409912 -0.00658666490637279 -0.0546645740205175
DK07 -0.00925351800188236 -0.00277622046161153 -0.194173117824964 0.0554524837065155 0.0261854947769825 0.0263393552202672 -0.100182746398183
DK08 -0.0915282359575756 0.00899038213672083 -0.0384944483068751 -0.0650880329716918 0.029285542502942 -0.0463009527940696 0.135384061919613
DK10 -0.198146987565503 -0.0585868460533566 -0.173536819369025 -0.0329330103252148 -0.0737826082768852 -0.0302632897855997 -0.0155708933396804
DK11 0.0889272866039897 0.0451431954973676 0.0183390617062479 0.164007904724699 0.0591978700906308 -0.00321193763426347 0.0924967190541395
DK13 0.0126875963147463 -0.00853265827436381 -0.00613987092501256 0.0416682446501871 -0.0201391204569129 0.111179626912441 0.0110596476133742
DK14 -0.0884732900212499 -0.0727551194966499 -0.00378037277303135 0.0949292438484929 -0.0147980657952753 0.148719115035231 -0.00132677039516552
DK15 0.0961672325108696 0.0953525125045939 0.0571907912028066 -0.0210282770000569 0.0410142784144769 -0.0600246780132555 -0.0288735995141589
DK16 -0.0277563339345802 0.0489206101508149 -0.00014236696988692 0.0777137627598079 -0.0782287920725935 0.0600549635637441 0.0693045047012903
DK17 -0.0311639605231133 0.0492112166514642 -0.0859067622441185 -0.000562066101127509 -0.0365863987857721 0.0736364429843181 0.104788187641024
DK19 -0.00247737462649719 0.0783576372608426 0.0990229498703206 0.0469914264136117 -0.0422817278284498 -0.00693463662310523 0.0141780732087781
DK20 0.093843161422263 -0.0295160774287869 -0.0389821145300403 0.150546073768891 0.0049122881645793 0.0398222742425816 0.0222295408962171
DK21 -0.00977135591203199 0.139948405789806 -0.122824551038848 -0.0835819331603306 -0.00346605037352275 -0.0345565688010703 -0.0186372426302246
DK22 0.00440122737678378 -0.0192907622499793 -0.174478147949781 0.0270630723828291 0.152769745036525 -0.0260475206431323 0.00948059422902993
DK23 -0.0697249427518172 0.109712737294382 -0.0463214206423248 0.0305434830265289 0.0833720467085138 -0.0116502483439256 -0.000715415119812027
DK24 -0.10407549038374 -0.0437463641978353 0.201270740908207 0.0663374791582092 0.00480275201814084 0.041714150392279 0.0786445837796939
DK25 0.0627788726004527 0.0229870238530054 0.0554504523900796 0.037365239334853 0.0301244021364737 -0.0662992608542447 0.0769010748687432
DK26 -0.137498729104504 -0.0389579868897977 0.0075140879352177 -0.00652008957855292 0.016890550626013 0.0935716966509376 0.0401309033107453
DK27 -0.112407574675688 0.124215924837315 -0.00512904574256106 -0.0219693037852947 -0.031159095558209 -0.00274940586568801 -0.0565001708559335
DK29 0.0710298790275359 0.00928209538387455 0.0883128221839348 0.0785904529550093 -0.0749645207561448 -0.0583500713086932 0.137055912347475
DK31 -0.0166951998834629 0.136997348747103 0.100694914360107 -0.0294389400968748 0.00194596424712644 0.00040768772259716 -0.134778299024793
DK32 0.0199128734077791 0.0136812280705288 0.0101990247214021 0.048499440798553 -0.083958293892268 0.0245357001212731 0.119455616932798
DK33 -0.133967342150951 0.041844791136828 0.0843404726436669 0.161590576348265 -0.106224110577858 -0.0325203294842989 0.0496877384313495
DK34 -0.0877417064993866 0.126003570489788 -0.0131134954610886 -0.0430075561121028 0.0512554685077817 0.0220274084187969 0.150099727728401
DK35 -0.0154074949614075 0.134878479874912 0.0555482388513385 0.0247437950172385 0.00893331171106885 -0.0686628882660504 -0.0413129546437192
DK37 0.00147770133598391 -0.0238079361428735 -0.053398352541067 0.0386953353860211 0.136541169094004 -0.383489779803351 -0.0786233784076851
DK38 -0.0211454587542605 0.0397990096176381 0.00578974764844509 0.215815719228464 0.168862133703591 -0.0203711344333062 -0.0203060073697698
DK39 -0.0458539057501791 0.101964067549858 0.0557753053178071 0.0347920718164096 -0.0959079804755755 0.0535651355427618 -0.0374499478841963
FR01 -0.00963609977403303 -0.122125577710183 -0.204449249925062 0.0852964575563967 -0.163851608341742 0.00886560070784171 -0.0530511215564217
FR02 0.0688303930844565 -0.0418547547851476 0.0249014924608875 0.0120240289441626 0.0901398438178417 0.0071662605631269 -0.0944699616452042
FR03 0.00858062722508366 0.0750083726186524 -0.0544649932516796 -0.0567586311926761 -0.151813338800755 0.02602406286484 0.00423861944559241
FR04 -0.129356737145451 -0.0850301751828454 0.174882497534298 -0.029504774775391 -0.0315421974480348 -0.0203927693898898 0.0483939571649086
FR07 -0.181718014786897 -0.0573537292068455 0.0934249389480709 -0.160355271647741 -0.0112602298286213 0.00873789114906357 -0.00418023701065874
FR08 0.00960858263418347 0.0296824696495475 0.0659099538590249 0.103952387002723 0.0951421833046741 0.0591689990530193 0.0333800825760813
FR10 2.13162484360141e-05 -0.0423097076409265 -0.100665766470041 -0.0411882551689231 0.0250607888083733 0.0286476146823037 -0.131744704840981
FR12 0.00137480164741918 -0.0849941534073642 0.0408887126584977 0.0155155618710301 -0.0639386158659344 -0.0866696526725998 -0.0862185129529108
FR13 -0.104620507779227 0.0838781036263484 0.136768075185381 -0.0544562596806515 0.0422225758332288 0.0512013787124179 -0.196120868520413
FR15 0.0530806550392515 0.101339602833969 0.00602756787586075 -0.100326193138114 -0.0361363214375567 0.0242779423206635 -0.0058317224223878
FR16 -0.183577892347585 -0.0137842893477375 -0.0248259954486452 0.0593539793852674 -0.0471204504375422 0.00746190103148927 -0.00701417294520353
FR17 0.00386601237139375 0.0628405887753644 0.0185006289707896 -0.104047399058405 0.00802367487438259 0.0615254559384606 0.0289969514879841
FR19 0.0139555004403201 -0.0198768929706593 -0.150098599753485 0.0898619552218686 0.0638668867038421 0.0232022981746649 0.0692825924188881
FR20 0.154741796505664 -0.0181216892573917 0.0514810685171043 -0.00411466796923353 -0.00386623901630547 0.0454716048376437 0.0572671399218838
FY01 0.00571088148816054 0.027068007844798 -0.00190295869464094 -0.0888411900608327 -0.0434712620799546 -0.00627777974820794 -0.0133961282217873
FY02 0.0431191757379326 0.0785024077140866 0.0250713746364173 0.0175885067154155 -0.00553616468923417 0.0053847646720303 -0.00742456790326355
FY03 -0.0527520260036328 -0.0185144130363068 -0.0815772604723086 0.0602784414401602 0.0989021994331088 -0.00978439106353758 -0.0459015205017419
FY04 -0.015038045456979 -0.153624169077817 0.0612709711242296 0.0486122705172562 -0.100455412787935 -0.0951854083038885 -0.0574827431521194
FY06 0.00993690955766546 -0.0765005565629099 -0.0419438173992598 -0.0146984074292765 0.064704896117589 0.0441580102952487 0.0232597418219596
FY07 -0.0426989163177657 -0.0741984099698828 0.0872781205980152 0.0682242339620459 0.0878484235204486 0.0392118497253645 0.0386763330021193
FY09 0.0356737887492252 -0.0539824333694826 -0.0166888626321026 0.121240089083181 -0.0745304103829501 -0.00324682665972264 -0.0508515912529525
FY10 0.0466392267907158 -0.0365728086065032 -0.0313553527228078 -0.0381158202827477 0.115423500408002 0.127860815216391 0.184582522875791
FY11 -0.100125537632997 -0.00944403587110197 -0.0221046879675092 0.0220817223342057 -0.0687980092854657 -0.00953566723292871 -0.0701030407730931
FY12 0.0365966778391212 0.0630389496944109 0.0694406227177724 0.0276334776119495 0.0627512217386233 0.018694801685028 -0.187647453610798
FY13 -0.0273066092871439 -0.122650382421035 -0.100348085942546 -0.188567124043239 -0.0758691119708682 -0.0645156295263036 -0.0639951631845102
FY14 0.0794395686834036 -0.0282573790783185 0.0402094789387122 0.0689638850307469 0.057825942320724 0.0530520750473737 -0.1362597235691
FY15 0.088574705061906 0.0951339683737848 0.00603471134288629 -0.0598726713206502 -0.033080654166714 -0.0972771647068402 0.0426918874126645
FY16 0.0126166013219381 -0.0206933839389647 -0.050899549135167 0.0224292582738903 0.0500115116441188 0.0395592735042213 -0.0822888568009224
FY17 0.0340022299173649 -0.0138656328584123 0.026605559945823 -0.0106342450405864 0.00261898054172797 -0.0961739630108036 0.0518069552488256
FY18 -0.0321547540339776 0.0580307301940584 -0.0918916097624339 -0.0605459408728136 0.0326766889851504 -0.122745106653205 0.029356930946877
HH01 0.0961615068032169 -0.078296228367393 0.116449130064542 -0.0890423316633354 -0.146154807328164 0.0364393540830989 -0.135152877877124
HH02 -0.151932835351417 -0.0497738829174501 -0.0801990312249971 0.0585472622566336 -0.124506829453631 0.059316090204909 -0.0672765435990363
HH03 -0.010804178004553 0.00423940793570101 -0.0205475931782968 -0.0060596380609176 -0.076731559534075 -0.0183448941858011 -0.0615754656755388
HH04 -0.0845984320692416 0.0569755994196012 0.0512105301645363 -0.098509149632193 -0.0211938443742881 0.0438562787045223 -0.0133935418342703
HH05 0.0219725638596715 0.0197638554844261 -0.0184856802148966 -0.10085488082804 -0.0115556969765435 -0.0154438000462565 0.128642023117602
HH07 -0.0201611050138237 -0.00796361465550439 0.0634567148825344 -0.0324586193477022 0.0580481261324785 -0.00250789176428664 -0.0326431531885637
HH08 -0.0530828939795766 -0.058783723587561 0.0466887591045612 -0.0320371645117416 0.0167961413213316 -0.00511522305027921 -0.0258041257869898
HH10 -0.0474155718107242 0.0360632759356749 -0.107046558752005 0.129236471857092 -0.110145722001341 -0.0882977003277338 0.0297166977593301
HH11 -0.054964086938395 -0.0449581408339186 0.0146978858729899 -0.0647402690931431 -0.101071737757355 0.0190298249275793 0.124653323427018
HH12 -0.00490905602754999 0.0155100783709179 -0.0769126960847005 -0.0646101983775096 -0.0155755490325405 -0.09245772999334 0.0260508712552622
HH13 -0.00899600687996798 -0.0536105205231287 -0.0385753934169928 0.0337354363020407 -0.0292263306954868 0.092747718402737 0.111522968192675
HH16 0.0383745905313715 -0.00526311895374662 -0.0897588509593169 0.044481751115547 0.101104954138104 -0.0049691636580211 -0.0349676648008374
HH18 -0.0891046680441817 0.0661331866832968 0.102345872735315 -0.0237847370607768 -0.00136789269320927 0.0537937271113904 0.040859192799277
JB02 -0.055006156426513 0.0506965703460395 -0.0620381422281742 0.0454884284312585 -0.178059298670243 -0.0313599709858496 -0.184477065963347
JB03 -0.0254369523599482 -0.117796609289962 0.150734342951216 -0.0603212260566759 0.087736405642692 0.0192605163288005 0.0207808808412698
JB04 -0.0197465149347717 -0.0759464253191337 -0.0823942564883614 0.00223556884533295 0.0990507509500959 -0.000736688271537279 -0.0448747895007207
JB05 0.00886164503431467 -0.107401756687752 -0.158609215570033 0.0511246128455456 -0.154624431919955 -0.128503113160339 -0.0824185104865503
JB07 -0.0216327417464013 0.0480234540272831 0.0160855856009265 0.004748317256463 0.0671660521238879 -0.0330614212882141 0.0588371918290638
JB10 -0.106263553451018 -0.0680651604370445 0.0210096324014667 -0.0154699940835194 0.0755461066239098 0.0221813078426317 0.0103413006445379
JB13 0.0360562885810671 0.098521940951561 -0.0074539288985964 -0.0196787595010176 0.125315044201955 -0.0519728240764626 0.0156595371537185
JB15 0.102563575430755 -0.15454280518626 0.0194847234610182 -0.117456763408454 -0.0107849775344773 -0.0612343539354915 0.0197387750154597
JB16 0.0758754294106138 0.0198658618643329 0.0663538948449534 -0.0159700101560649 0.00547178694289583 -0.00951401982933503 -0.150244381174294
JB17 -0.0796883088559118 -0.181106147549822 0.0222547709930332 -0.093690186578547 0.0467238564404505 0.0832244971097816 -0.107045952058785
NB01 0.0291496938496872 -0.0305143345004964 -0.0263233388298944 -0.0230021291595842 -0.0615513970522847 -0.0978604051594375 0.0482695079543178
NB02 0.0531621707028466 0.0503834312290988 -0.0270690465967839 -0.0753200198053921 0.103249770729904 -0.104404812143401 0.132917754056028
NB03 -0.0707837510177433 0.0702156849425384 0.0146263617288231 -0.0390225106583873 0.0445935821879127 0.0235330487313546 -0.0833696375101485
NB04 -0.0281657887478612 -0.0205028250950014 -0.0181361731435044 -0.0419523810199013 -0.0396771593811992 0.0615641938934534 0.0190334971893381
NB05 0.0937300014124202 0.119250516889428 -0.0737243256862547 -0.00470629470415608 0.0825429154442479 0.0590944684265544 0.0697132640620979
NB06 -0.0128133270094135 0.0651153119089675 -0.0196855002116776 -0.129763756955853 0.00605121050276873 0.0486691995624589 0.0207376976377317
NB07 -0.135725888440407 0.0193146684296681 -0.0258527965175853 -0.0887686179031085 0.00707069153588642 0.0177741977899005 0.0592849308280523
NB10 -0.166995781374623 -0.067332828998523 -0.0229556215386334 0.0385344200622067 0.0144923373688135 0.13410793040806 -0.125915826497553
NB11 0.02823050512924 0.0462758419885389 -0.0552184139186642 0.00853972016001922 0.137832449201025 -0.0195196849737973 -0.0349337894430698
NB12 -0.0234045709109382 0.0751330103056138 6.2927423416589e-05 0.0452117155121308 -0.161043647536424 0.0111086773815277 0.0811774833340748
NB13 -0.0722660088013421 0.0447999959886095 0.128998100876052 -0.031238020107345 0.0207889123684365 -0.0187489406319431 0.0982419058004261
NB14 0.000409239750506961 0.157460540218711 -0.0370470592357834 0.0739175065262232 -0.0194993490331706 -0.076181905859511 -0.0183886650209749
NB15 0.0445873682087412 0.03520227943668 -0.0161475452745321 0.0394335702094306 -0.00125688118699686 0.0717058741135394 0.0719401919718707
NB17 0.0147121912919067 -0.0321543341895506 -0.0536729816295048 -0.00356093632787239 0.113462018828668 0.0274998538892411 0.0711817461537776
PA01 0.0347492514405182 -0.110430048006322 0.101419910486133 -0.0253765239017478 0.0298450993530688 -0.0545341580491702 0.0790726958966676
PA02 0.00378024321806773 -0.148006077956903 0.0577193248609595 0.0173557088056858 -0.0424542564627219 -0.0685580129975016 -0.0237238805418592
PA03 0.0169059008140742 0.00857910645152947 0.0256630593857357 0.00912046188739546 -0.105522393403728 -0.0560326791979876 0.104561210062194
PA04 0.0580455574936327 -0.00345104944964618 -0.0501365881031179 -0.14510750714967 0.0144669871216427 0.032678061356485 -0.00220617820905588
PA07 -0.0711623662896254 0.0433142723872445 -0.104034478390051 0.00671772877018573 0.0807665983584653 0.0242480792580621 -0.0672146517239109
PA08 0.103588554666946 0.0586017086993644 -0.039825678207218 -0.066080235202225 -0.0173983751511019 -0.0376744481184333 -0.0441090377099652
PA09 -0.0951391706035042 -0.0937716882220382 0.00705014515537331 0.03993110688829 0.0224796794542835 0.181276678705787 -0.045708342239917
PA10 -0.000672396052111647 -0.00874975764180624 0.071048873362682 -0.071975292773552 -0.0715987985284718 -0.1361534666967 0.0901855324232021
PA11 -0.169591016391572 -0.0572570380267003 -0.0325690877170189 -0.0658033475826809 -0.0405457333824586 -0.0539928611763527 0.065811403722737
PA12 -0.0374440964267558 0.0582918768517623 0.016726987992156 -0.0820311213576634 0.0342538093754736 -0.0427191375564688 0.149045983619725
PA13 0.0303441512015937 0.00530063118362417 -0.054994262971958 -0.145961909053447 0.0194229672583391 0.0236594914168001 0.012023628322444
PA14 0.10548172942194 0.0523976361690209 0.0331795770355183 -0.112317116403218 0.0509826616912641 0.0857686695715493 -0.00935023644340472
PA15 0.0156810177696502 0.0149558625463804 -0.0621715787833026 0.132719679714025 -0.150446930446709 -0.0223265316400592 -0.0461845887480391
PA17 0.0261396108730754 0.0553229232686808 -0.0508942673940867 0.00258502892929737 -0.129088613458314 0.0404601498908573 0.0827615132122946
PA18 -0.0320637391109027 -0.0778250862427173 -0.034734457291302 0.188763508784109 0.0131037279846356 0.0180826615915168 0.00467395866549846
PA19 -0.16858555628275 0.110249685097968 -0.0551266328617812 -0.0351203528765449 0.0531091600182377 -0.115974652146012 0.010421906859274
PA20 0.017075597518477 0.0750972040756353 0.0304651454809969 -0.0699191368253286 0.05615185922662 0.018837565553763 0.0207319186063558
PA21 0.00204024437850138 0.137382353463757 -0.0539356223432181 0.0102589610000472 -0.0117747275082112 0.0197329626356449 -0.0234496258012934
PA22 -0.0200120003241747 0.0676771946770781 0.13100976288544 -0.0143706141267903 0.0357174361584566 0.0837191521653346 -0.0668515090859226
PA23 -0.0118429059137031 0.0137082818025292 -0.0783269876973375 0.0776764769207683 -0.105996051582569 -0.0480981008908325 -0.0335481936875437
PA24 -0.0176008948002059 0.149946750133145 -0.0781057578542146 0.0352357907364963 -0.0501178998668123 -0.163575459836804 0.100723337438429
PA25 0.00238570172210254 0.00355617064004988 -0.0513294761567417 -0.166464719403503 -0.0686399650174258 0.0473384720495037 0.00482850202890551
PA26 -0.0374192363412921 -0.00269725340546465 0.0217748125973708 -0.0547556340154498 0.0824282550128521 0.0575915306090944 -0.121858227196941
RB01 0.112859588541262 -0.0645940528220753 -0.119464637081142 -0.0988978462729392 -0.06844480551816 -0.0520376900262604 0.024773743295067
RB03 0.0658920526336742 -0.0453069867642358 -0.0244347557490997 -0.0691098601240688 -0.153304301359339 -0.00293624185560477 -0.0276892247357396
RB05 0.0155941110215045 -0.0384002662508685 0.0248229301348415 -0.0419026818689307 -0.0269789932456023 0.109714368231731 -0.051496483265261
RB06 0.0704473187348941 -0.12009438205985 -0.00473740739550587 0.0402217308720863 0.125617533351578 0.0605141158204144 -0.0137206481326651
RB07 0.0156314175205857 0.0504571513942002 -0.014085328966085 0.103591028535785 -0.0515808652885052 0.0401504274306019 -0.052219244989242
RB08 0.0676580349199722 -0.0584532043653929 0.119090123256668 0.0928988581782786 -0.0934377333252422 0.0366971660760532 0.0833428876397729
RB09 0.0323164760301635 -0.00991568572229956 0.14484770791709 0.0208266915958076 0.0940820053459553 0.0829825499408455 -0.079096913307341
RB10 0.0880337188933482 -0.0296088720885918 -0.128735237019916 0.0483947432853931 0.0968377639049762 0.17175961873576 -0.0038317925567534
RB12 0.108716660397412 -0.0194096686857412 -0.139315754351802 0.102293230886067 -0.0313998021442398 0.020028933003538 -0.037614999639069
RB14 0.019041158975199 0.0311020188934797 -0.00230530354212325 0.0103358319470744 0.0202261474891966 -0.0571245512639654 -0.0517299571768109
RB15 -0.0491538507077038 -0.0302222452715512 0.00520446101582159 0.104191456331341 0.0136442765226652 0.11621445787558 0.0447087367086827
RB16 0.116977291991145 -0.0444522123918685 -0.0687105574381894 -0.0521170918400135 0.041468575830309 0.0346877318052338 0.0180263472491869
RB17 -0.0951516354303175 -0.000840641077723902 0.143552813091108 0.105460258237888 0.0266215523801138 0.028499887233049 0.0337173160380078
RB19 0.0949313615849472 -0.143353325070152 0.0137608883854483 0.0224509752915915 0.047358685142843 0.0170535210920387 0.161522547633529
RB20 -0.00901141744428741 -0.0492444214478583 -0.0440210724440105 0.0113383154284316 -0.00936891915910185 -0.0690084062614697 0.130042771611999
RL01 -0.134671616817905 -0.0631250861115614 -0.0559051363729539 0.137296064846514 0.0804140834196058 0.0207113641159178 0.0248648742335656
RL02 0.040703682498523 -0.0705266271585196 0.0218371728234492 0.110055639337499 0.0196739472219922 -0.0382256064944096 0.000912325821426627
RL03 0.131086940545677 -0.0303053458451877 0.0597969265023905 0.0340233941052919 0.0208544273466678 0.00640874903187646 0.131216307912137
RL04 0.0864573612944814 -0.0315469624290769 0.032545129308606 -0.129210206354659 -0.0704218615550257 -0.0214571353947543 -0.0461176432525043
RL06 0.103802923262456 -0.0207969638885125 -0.0171042379080008 -0.114351912162501 -0.0201368834919893 -0.0388818596338488 -0.0976962497706108
RL07 0.0189204047057878 -0.0551397230032083 0.0944856473012215 -0.0237737575545263 0.0355554420406197 -0.0355365522123212 -0.0122731038253403
RL10 0.0850133889673786 -0.131941040465769 -0.0136213210528215 -0.156088243485374 0.00815145093144186 -0.0167271790383588 0.0683902949402953
RL11 0.141091650587549 -0.10828655212925 0.0170662848389552 0.00478861037753709 -0.122815367185987 -0.013761336764135 -0.0866304169654023
RL12 -0.00982451365871727 -0.0814280124242247 0.0762729328133743 -0.0423335611263376 0.0829135401390968 -0.0241338053124144 -0.133300594363528
RL13 0.00270134116561254 -0.159109505083809 0.0525658105481425 -0.130736919989275 -0.00722115329026513 -0.0740632962922714 0.0674481259902134
RL15 0.146868887074096 -0.0957323139486577 0.0915641186841072 0.0406997263164906 0.00549707815099402 -0.0583144678842655 -0.0569978856122563
RL17 0.0253393457136558 -0.013571256953093 -0.0628529206177712 -0.0578450310493388 -0.0604718277670707 0.0202389763491077 -0.0253246398248673
RL20 0.0643111742197718 -0.0584432340720056 -0.026137860787588 -0.00511617712233437 0.031575455101595 0.0500945060981025 -0.129889585972881
RL22 -0.0633357040101926 -0.151519137993262 0.0285083837863381 0.067221280507791 0.246879747958179 -0.378036048391146 -0.109141159941007
TR01 0.0708942954758684 -0.0206897712534417 -0.0316575734600843 0.07484799197987 0.0610575231685101 0.082754963686762 -0.0168373647958732
TR02 0.073009288807225 0.0419262963629678 0.0368578187977503 0.00147017766632426 -0.00777629415296023 0.0904088573945235 0.0455528734246323
TR03 0.0397912272905281 0.035684017886564 0.058804435401794 -0.0350417072943117 -0.100820037264283 0.0493691362870227 -0.0614797886513668
TR04 0.0815600082806153 -0.0340369244137443 0.0809695624753909 0.108301552653185 -0.0935442511470157 0.0387435148535623 0.001717089440514
TR06 0.0411374644876762 0.205047535758591 -0.0125289370972622 0.0128821212586436 -0.0788077107197022 -0.0264560612013014 -0.0908902647275789
TR07 0.0308458338226877 0.0299577279833248 0.020899058164416 -0.0386325445197182 0.125797494893078 0.0577668078507737 -0.0213603722673696
TR08 -0.00198200815741172 -0.0197535653176416 -0.0348285441895086 -0.023007971796379 -0.0449960182454384 0.146632747694386 0.0634017915112006
TR10 0.10157710994005 0.0929098226567468 -0.0149656192306052 -0.103356458759293 -0.0147944021847097 0.0640650205387176 -0.0887636010808588
TR11 0.0527205534821262 0.0537259769141442 0.00591322042116615 -0.00150069436897282 0.0411476270164382 0.0045030988484601 0.0243158009827833
TR12 0.0184504453174091 -0.0348356528017018 0.0232522341215556 -0.069360245827587 -0.104865613098639 -0.00167269125035741 -0.0246430491045098
TR14 -0.22897139800964 -0.143769621552811 -0.0406157380479992 -0.0403635551001909 -0.0047823739281978 -0.105036248711293 0.0912292823869947
TR15 0.00658507681141824 -0.00370442126136357 -0.170536190803455 -0.0390676590514371 0.038416858902365 0.0864096141811116 0.0470913670961547
TR16 0.0145503025093239 -0.143971656589928 -0.0923785171312149 0.0630449056022803 -0.0032274354858432 0.0588748854980547 0.0243789355277098
TR17 -0.00668273874788294 -0.0776323386965698 0.0384766070486915 -0.0634639269164268 0.119558375074654 0.0269870464538474 0.0326747834254252
