sample MDS1 MDS2 MDS3 MDS4 MDS5 MDS6 MDS7
AN03 -0.0103109510478399 -0.0407591495933144 0.0676947479597669 -0.0273510372020914 -0.00806113629704542 -0.0259106697924899 -0.0119087599688004
AN04 -0.0386441845094774 0.00804583778051726 -0.0539531477762987 -0.00938743976817955 -0.0165683345046211 -0.0247233788702942 0.0083790922276707
CS01 -0.0564779507639766 -0.0101659102437857 -0.0633293434374712 -0.155859501435939 0.0937666678909631 -0.0344102204474871 0.00851451480511694
CS02 -0.0646694834801223 0.00313355247389824 0.0443566287373059 0.0846504813682439 -0.0722660215302583 0.0200802994202577 -0.172495437999065
CS03 -0.0541822286545363 -0.0426724666553577 0.0237117973261044 0.0758141043961253 0.00097572693476089 0.0246120911315137 -0.00820518970878949
CS04 -0.030774251267071 -0.0346492091405259 0.023495528156678 -0.0283200344544288 0.0544345560888865 -0.1278461767341 -0.0843897772373796
CS05 0.0142111335905231 -0.0979071728647396 0.0729333133443935 -0.0770734507147037 0.0955919650328989 -0.0710601282221057 0.0429722171878473
CS07 0.0477649088666341 -0.0128123641926912 0.149590385499848 0.0467298317996986 0.00459842713155693 -0.0602633011823439 0.141430855052692
CS08 -0.116189491482856 -0.374223250443157 0.0259012441928418 0.0608038433247537 0.00594635230170855 0.0407120508651471 -0.135836979658773
CS09 -0.0660668603674952 -0.00870791739762842 -0.0901850187506146 -0.118904834463702 0.0273613687688063 -0.0648408211116893 0.0130267398705098
CS10 0.00282289899288963 0.0680396711535823 0.0277721093215794 0.0918410926687318 -0.0159937131202872 0.0237655494716421 -0.021719281948338
CS11 -0.0992816001266771 0.0697304654405301 0.0163479283048254 0.0222158688242509 -0.0962954907836464 0.0115823726235637 0.0416166332888752
CS12 0.0484035549250561 -0.0392135324629466 0.0308114798095139 0.0122197901190411 -0.123854801623207 0.0170150800100246 0.0353763922033193
CS13 0.0313430366089628 0.0883708170698294 -0.00862477108757734 0.119100121548457 -0.0821650507390054 -0.0948597273002948 -0.103362135474073
CS14 -0.0351854606805878 0.0394803581010165 0.0190052025371211 -0.0761147978167588 0.029551367321965 0.030241364744508 0.0650401305512973
CS15 -0.0470543003072157 -0.0212042577597404 0.0723694442183135 0.00632766497345894 -0.036942540383671 -0.055432522382144 -0.0314890252845379
CS16 -0.0570653368239333 0.0286518157690853 0.109600388517134 -0.0826783304971632 -0.0959897853185066 0.0604202136462027 0.0014621412387978
CS17 -0.127841341589543 -0.0430248419837904 -0.0157033166486164 -0.0462669243929718 0.102360377874167 0.023014029866263 -0.0438097198773051
CS18 -0.0311741247314072 0.00858210210547491 0.0838769031531482 -0.126119267343438 -0.0106424877336657 0.0386088528178729 -0.0414565578493959
DK01 -0.0359959885985302 0.0772773567924112 -0.00940979341261619 -0.0593234065731816 -0.0577555859167052 -0.0406958447533763 -0.0454831746417324
DK02 0.0497146277371567 0.0242977526220306 0.0337994832299929 -0.0463300904765314 0.0958662182039278 -0.0130074435046102 -0.00771347215673873
DK03 0.0751285591416495 -0.00493623637302269 0.128745238585665 0.0186198360604333 0.0547989629380239 -0.00681246812886663 0.0175562226861304
DK04 -0.0770742035638948 -0.0705206629000193 0.11345109714602 -0.0950447818629744 0.0519543434476765 0.0033896963742483 -0.136693295345512
DK05 -0.0887473812891371 -0.530023323674488 0.0663673428246975 0.0249732654667235 -0.0393238969965061 0.117926127564954 -0.14742566992728
DK06 -0.0270151926008344 -0.0421444836987417 -0.0734068611500516 -0.0519875930301691 0.0277309535322404 0.134776970946602 -0.0291161557331958
DK07 0.0495562203188517 0.0622075087316207 -0.015567074272516 -0.000103783538759832 -0.0468034907365199 0.10545156162955 -0.112683421983554
DK08 0.103460540399286 -0.0144166792195984 0.0221284621655822 0.0806163308320378 -0.00585365805510191 -0.0970991707161584 -0.0926226811710114
DK09 -0.0183229998241499 0.0233767311292588 0.0168744212434046 0.0482021845109259 -0.0374565175250526 -0.0139727635524189 -0.0577493542382096
DK10 0.222725824011335 0.0239151734479275 -0.0119249916442385 0.03835363558344 0.0341410712756247 0.0108451008687496 -0.0718661378245219
DK11 -0.0887456050807392 -0.00687341900956511 0.0386209432410791 -0.123986547429805 -0.0853305393339463 -0.021681730497162 -0.081617566971477
DK12 -0.0750844377993114 -0.0285691283544375 -0.0159070204449692 -0.0518821209137744 -0.0334907319097707 -0.025392373119371 0.000284374159456757
DK13 -0.0212725503028029 0.0493270792199334 0.01633602028156 -0.0598530330490788 0.00347620540321972 0.0306169648520739 0.0554580800004383
DK14 0.0895611481686421 0.0184977427168155 -0.0178892161325208 -0.115825629625315 -0.0423416818573581 0.00381759315543878 0.103941610027691
DK15 -0.117373030505307 -0.0249900444112391 0.061094342924468 0.0410453705699978 -0.0423426206071247 -0.0346857330979791 -0.0767570046335098
DK16 0.0126461569808851 0.00975688279535596 0.0601491337853667 -0.0754604196148898 0.00353375205822039 0.020889520207181 -0.000912462781595933
DK17 0.0452350981083028 0.113177459743165 0.0445128825026414 -0.0231852855117533 -0.0397491438196484 -0.0914940484495839 0.00555744966195636
DK19 -0.0509141303622397 0.0331441934409968 0.0730879593005941 -0.0604128489782735 0.0208473071823799 -0.0273619798553015 0.0808051153415159
DK20 -0.0678217655906527 0.00319681207578666 -0.0418667771690278 -0.123261285135162 -0.0823490654452931 0.0540705523516071 -0.0352685492851718
DK21 0.0312978062536376 0.0874513556818532 0.1047796849056 0.118028797490323 0.0175367114638481 0.0354221127141526 -0.107256073351365
DK22 0.0543975722337107 0.0612448884272848 -0.0331019530185462 0.055899522813721 -0.156621109541012 0.0480493958656901 -0.13381138535683
DK23 0.0508177513038507 0.0425708392280071 0.107905436560374 -0.00129785194533329 -0.0535375088963432 -0.0128125012020621 -0.0137630254086439
DK24 0.0357038798976718 -0.111172453122192 0.0399218069809569 -0.154846507249074 -0.00321002341051903 -0.117855314538341 0.0771959431702202
DK25 -0.0371879427409266 -0.0496050363494401 0.0045287025838021 -0.0223014586272928 -0.0438712854464404 -0.0366468789860253 -0.116412838547557
DK26 0.111332992537394 -0.0526093168049204 0.0163908628438762 0.000421030634581156 -0.0497432628147268 -0.0791792966950558 0.0881628036619182
DK27 0.066143526515665 -0.000276557737353561 0.134708716953024 -0.013188877720397 0.0314595991171303 0.0741956540866699 -0.0394817096181455
DK28 0.166999152095702 -0.013535856659083 -0.05372689592295 0.0283616780577359 -0.0984022106374566 -0.02960106651054 -0.125492011684061
DK29 -0.0866027758188321 -0.000929404761430221 -0.00403166482598613 -0.113041848218837 0.0470843617916764 -0.107662541485393 0.000326081073802515
DK30 0.150985222089415 0.0446245095602379 -0.0568938757784202 -0.142513349274433 0.00200961096361212 0.15115064955601 -0.0202065283469603
DK31 -0.0520167001134573 -0.0189618226291603 0.146522216568139 0.0194287518642533 0.0161691014284776 0.0680334812989361 0.0754161035260903
DK32 -0.0195237923754155 0.0809545840232312 0.0158648647900999 -0.119478435864162 0.0395732036186969 -0.082817283895725 0.0121795486977547
DK33 0.0816662607029012 -0.0598839107628876 0.10346999923367 -0.147332174818254 0.0349040111089184 -0.0439495431263209 0.0122124790688609
DK34 0.0447898059264941 0.0563643284709002 0.131165253122189 0.0619120097181422 -0.0545796897535172 -0.114196854712737 -0.0178516994765628
DK35 -0.0649168910093576 -0.00206601416262051 0.13648107696269 -0.0370479288176958 0.00486789661031017 -0.0625593336907051 -0.0138514178560268
DK36 -0.0717338678951845 0.051021028609754 0.0588463067971685 -0.0193263133884229 0.032388382059675 -0.0638921037273986 0.108601966004234
DK38 -0.00560388671046457 -0.00392738394586197 0.0476839982744381 -0.156424822503937 -0.156065878883158 0.0765483623556624 -0.0403422351962643
DK39 0.0124556234195245 0.00736627238384006 0.137759277042626 -0.0148525080637348 0.0754644035955067 -0.00385513323200829 0.0258427797241847
FR01 0.106475130350938 0.12001437804403 -0.123042368869832 -0.0716775107247096 0.0925143177944284 0.0717061464888792 -0.129412621834803
FR02 -0.0311775495479998 0.0532034128054352 -0.0725257230433607 0.00529944344706019 -0.0631930326698301 0.01598832755238 0.042676864193938
FR03 0.0172901147694645 0.0945774719032463 0.077494533800474 0.0442913290008978 0.0787887021657305 0.0106596857780795 -0.0409064967285086
FR04 0.0804692687754145 -0.0735355911500015 0.000481861192589631 -0.0847605660624629 0.0845749414979347 -0.178612831706334 0.104424107721462
FR05 0.110479724677424 -0.101643797977202 -0.0255772851015659 0.189599783960476 -0.0371425429077379 0.0204072854200256 0.107572168178158
FR06 -0.0395892403032793 -0.0187696861605378 0.00452665025948355 0.145046287524629 0.0736803709965008 -0.152852413942464 0.0249901315159202
FR07 0.136004675611446 -0.147724066547227 0.0218824892638678 0.0934864237088479 0.0627549632472179 -0.0736571713390087 0.0359958449826517
FR08 -0.0472707583285804 0.0344773264387387 0.0257969262833858 -0.11516707689368 -0.121798109204645 -0.0152505617007077 0.0944783748488593
FR10 0.0518545674088015 0.031302350466254 -0.0334166728294771 0.0614384059058543 -0.011710129052281 0.128861068635432 -0.0505945036351572
FR12 -0.0266221889847767 -0.033629880784055 -0.0783113876951843 -0.0405832308143388 0.0694384949424285 0.0181534385120287 0.0634312900888039
FR13 0.0276376506376722 -0.0737243920659794 0.123458939445561 0.0817470411935049 -0.00636718943414384 0.0972286399356942 0.16687764236495
FR15 -0.0549928155535845 0.0255982484068693 0.048458498704534 0.104431397006192 0.0303435383867385 -0.0331783728123522 -0.0139003406767496
FR16 0.14755224476778 -0.0607416878665545 0.0442713432070664 -0.0367523198615885 0.0041847446824276 0.0329301210910863 0.00251394023456898
FR17 -0.0278786740768903 0.0781759775951733 0.0459344512380301 0.0867242135180389 -0.00606632021744836 -0.0787212774491045 0.0900898118270097
FR20 -0.111757496789585 0.0629327659395385 -0.0725856652280452 -0.0246543766284086 -0.0407694143146106 -0.0859178166062445 0.0192861106244548
FY01 -0.0108934315923158 0.0638440679238149 0.0366181029541556 0.0512434738250034 0.068457793523417 -0.0278572132993246 0.0780770508611634
FY02 -0.0702164150466217 0.0851618397488896 0.0484045463185328 -0.0341859575208131 0.0242994922516666 0.0211703834681903 0.0776359704368222
FY03 0.0589947713399146 0.0367908942146992 0.0105621109967946 -0.0764081448021357 -0.0912320605481115 0.0144369573618118 0.0214318433853599
FY04 0.0242703740173067 -0.136497624245391 -0.0999255826826507 -0.0687449376013715 0.136837922151627 0.0393221805313398 -0.0650929391223373
FY07 0.0256246719261319 -0.126947530777287 -0.022880179202614 -0.0646511146055057 -0.107847036302714 -0.0164477524362717 0.0319567458324612
FY09 0.00493174815296171 0.0373513080644095 -0.049491494965365 -0.113164001112388 -0.00514200018151901 0.0455237157490656 -0.0338348359022455
FY10 -0.0160198104553896 0.0357377266301101 -0.0821386012264847 0.0523707679638093 -0.152578498152328 -0.085202864138908 0.0819728284852193
FY11 0.0955775365171813 0.0115920161056918 0.0494663680747418 -0.0615893704904408 0.0689255841503227 0.0868395407854481 0.0402901545367559
FY12 -0.0877045768436481 -0.0311627123568735 0.0434069186624368 -0.0278149575628659 -0.0314479836401239 0.12110458438795 0.0420787374242811
FY13 0.102786705250109 0.0837035757567097 -0.120791567675262 0.157492264526691 0.123974732978484 -0.0174805545245113 0.00770340243178442
FY14 -0.0421750667178622 0.0294060538716121 -0.0380417838235122 -0.0181875470925498 -0.10433414613182 0.0446288896514734 0.0197920190629994
FY16 -0.00349665383649266 0.0691026271877317 -0.0564388658097229 -0.000149335717202784 -0.0467485213277894 0.0531794856295678 0.0730313567504631
FY17 -0.0295871786848632 0.0253590306435873 -0.0372897872105289 -0.0260902113408411 0.0431720183347848 -0.120930747321623 -0.0643923345012535
FY18 0.0301283531515395 -0.00677120757219922 0.0324872347253864 0.0789675128991978 -0.0245019888362278 -0.0257652912743936 -0.0897925539255567
HH01 -0.0978234059181152 -0.0414870701515227 -0.091425466198759 0.0431751482156754 0.156012829948561 0.089539513532149 0.096318499538945
HH02 0.175729823340598 -0.0122391726251986 -0.00426347773984021 -0.0252289053878408 0.0903596802373292 0.088094270641078 -0.00390463438659747
HH03 0.00741434589599995 0.0284244630287693 -0.00208855819777859 -0.00320345250927482 0.0827804032011213 0.0728749485080559 0.0246895224904584
HH04 0.0647430333762571 0.0265381271305844 0.0718975478296506 0.0781632625733894 0.0546622311767202 -0.0645262524411112 0.0302501147194472
HH05 -0.0333161716537995 0.00011871286007589 0.00303160707455129 0.0507945966312072 0.00985718303288355 -0.091384498211571 -0.0320989582952071
HH07 0.0137668757795611 -0.0954835106983321 0.0245990518962747 0.0560663937975972 -0.0412615629735276 0.00999418144350449 0.0759232684974116
HH08 0.0624191323184819 -0.0524917695807314 -0.0191436168251864 -0.0064286608550248 0.00446469411204475 -0.0287250155492883 -0.000598948706152087
HH09 -0.0575076145224056 0.00639222758560265 0.00301401601891541 0.0437372993345638 -0.0242203163166338 0.0950993020151535 -0.0550408559134303
HH10 0.0548843518563991 0.0429018591857902 0.0318793544512187 -0.137064584451474 0.0634053723357974 0.120228318831865 -0.101255988315629
HH11 0.0533569490300225 0.0312892876486623 -0.0171073478873046 -0.00239759510131566 0.108021667953462 -0.051889781332756 0.0967986926925109
HH12 -9.46643943525011e-05 0.0158983387709508 0.00939617917117077 0.020055587695174 0.0453991106201098 -0.0131327759651339 -0.101458228411527
HH13 0.0184340865223401 -0.00624461927895818 -0.0735673234678573 0.00539472749634534 -0.0197826844296142 -0.0355797390870494 -0.00747915966986396
HH16 0.0123481388465504 0.0788920136550311 -0.0550141511343007 -0.0232214109972511 -0.0959844671802166 0.060012399082082 -0.029807839579988
HH18 0.0486103936546576 -0.00287280248577422 0.102125876413072 -0.0332747855923365 0.0192687656912591 -0.0665010600307882 0.0693604507725938
JB02 0.0404797976226014 0.0526079567343396 0.048791438962445 -0.00677984582058684 0.147769658253331 0.156097134944147 0.000562652470070386
JB03 0.0253896825481431 -0.0716979500138637 -0.0894878231078023 0.016448178707756 -0.0528197827649376 -0.126918598296079 0.0999277060869706
JB04 0.0629601632221065 0.0404016799269472 -0.0670260110698471 0.0256789128465846 -0.105428678112245 0.0162123514326898 0.0232192941814314
JB05 0.0543865240083885 0.0192883052934088 -0.0870534619373781 -0.06118286253951 0.125299081305695 0.0868450067233615 -0.158690354546191
JB07 -0.0186319922608805 0.000569080178527326 0.0453549905586692 0.0122167364520049 -0.058992650448419 -0.0514216830807916 -0.00135776695268946
JB10 0.104120768542592 -0.0464474876694044 -0.0242236894955069 -0.00103278333513268 -0.0215915213511648 -0.0046748041072233 0.0402564911959471
JB13 -0.0524355465751976 0.00553372598308622 0.0799219226712482 0.0220285767437709 -0.0867376916661025 -0.0126667598643885 -0.0692259551645593
JB16 -0.0870888137299852 -0.0217811737764732 0.0121981267785381 0.0142582608840398 0.0242511531868329 0.0588192449844788 0.023429171675142
JB17 0.0793046453555454 -0.0347209754789836 -0.155866525886709 0.0468012116541971 0.020532487045017 0.0151846432747416 0.15155493720022
NB01 -0.0106479667711516 0.030998418732107 -0.0347956141106897 -0.00471141839917301 0.0744084892211015 -0.0476407797845466 -0.0190300717790586
NB02 -0.0517598515837537 0.0385408244309692 0.00971774619655773 0.0312869474824843 -0.0706236276622126 -0.144377438818014 -0.104348882102627
NB03 0.0348992703892992 0.0114592839238566 0.0751866492964704 0.0535288117456494 -0.0325133678944873 -0.0282196601461493 0.133099172716461
NB04 -0.00130173507953158 -0.0154627200117445 -0.00924994724691577 0.0208111965085168 0.0411419258829091 0.00977084069439031 0.0682381846183994
NB05 -0.0716774092294059 0.0686891602087057 0.0593712533675774 0.0631635685395912 -0.17193047850124 -0.00418192695777346 -0.0632604682250284
NB06 0.00309919143591877 0.0731495705429121 0.0644008394124774 0.0906012781594926 0.0128503057139222 -0.0981392989471701 -0.00139215351318782
NB07 0.113819846508679 -0.0181933744676928 0.0574557812209936 0.0563802168036 0.00726092696787057 -0.0534114669173397 0.00298590774678832
NB10 0.191785505508669 0.00794699312029113 0.00455597621731225 -0.0215652520201172 -0.0424315210036399 0.107100349137325 0.104130725560033
NB11 -0.0219548055412272 -0.0307036043985122 0.0355279368337068 0.0741555244693609 -0.15487471350435 0.0125344824857492 -0.085546562536146
NB12 0.0215330654751054 0.0472198301113313 0.0864786256074556 -0.0455559906414832 0.100579073104268 -0.0260595400795082 -0.0279835178051441
NB13 0.0165653430817322 -0.0152824731060492 0.0897140786609867 -0.0450591949850649 0.0136474242685361 -0.13352518375828 0.0934119125847343
NB14 -0.0259754449981855 0.0881295986705449 0.128934794591006 -0.0929745982611474 0.00475357205680711 0.0233781422288262 -0.128395582931341
NB15 -0.0443774443879138 0.0416472160852348 0.0139029429752645 -0.0322533809830754 -0.0598776188461208 -0.0783887092897537 0.00308153404202768
NB16 -0.129491323781975 0.0170031690610143 -0.0158981300202424 -0.10737675337321 -0.0174298598380751 0.00337744453987892 0.0525995535148135
NB17 0.00675508864399794 0.01344479870336 -0.0508121374502828 0.00812016528332443 -0.0893773558673735 -0.0132556503465366 -0.0260022146686952
PA01 -0.0444948272311922 -0.117262828544536 -0.105287949585547 -0.0211246409617716 -0.0117041924417492 -0.128413411084138 -0.0503130471547917
PA02 0.0303112812469602 -0.0364367917353959 -0.147494769475358 -0.0301141214279372 0.0704024955447121 -0.0155395396191189 0.0168598966882269
PA03 -0.0573799525296021 -0.00310518069966422 0.00358504985632004 -0.0491225083561427 0.116194355678384 -0.030304294344229 0.00943605685936958
PA04 -0.0325716955746456 0.0208341693565499 -0.0236301883944256 0.14993583000186 0.00750152505089339 -0.0701578019530208 -0.0283590450285028
PA05 -0.0819372022143682 0.0567857262094823 0.0243394205355431 -0.0345898262276324 0.14084884734776 0.0782568755535278 0.0347202889398116
PA07 0.116872543216276 0.129691999088433 0.0474058891157661 0.013951012122006 -0.0572775867849353 0.0219689275040366 0.0171099364191048
PA08 -0.0940695887046204 0.0258130629325717 -0.0237894328493844 0.091579736722541 0.040627071489969 0.0754038478779892 -0.0466287925635484
PA09 0.0417123607701554 -0.0964189144958082 -0.0392552035237416 -0.0427666875846817 -0.0669413681791826 0.0513558386716307 0.177290474084689
PA10 -0.0341685862322734 -0.0638250754898582 0.0211698295127796 0.0185460514809453 0.103219817925924 -0.123441465282518 -0.0239049926264084
PA11 0.153861551263489 -0.018446274645126 0.0114865092940683 -0.0181464628510464 0.0961549277731663 -0.0805710720097152 -0.0437844589911399
PA12 -0.00233415514313099 -0.00641567807777163 0.0510313834584359 0.0691537331828237 -0.0128454470415665 -0.12996911035434 -0.0620397771624396
PA13 -0.0166896084765375 0.00853404979630813 -0.0154997861465482 0.146984780002858 0.00275791191209295 0.0625807837755205 0.00117638236077632
PA14 -0.0925668628218554 0.00367654474633386 0.0238324862451919 0.107237473950333 -0.0589936672835672 0.0879676666614513 0.0635688088644233
PA17 -0.00866506251370449 0.0598208344559625 0.0434220275025881 0.0245179362092453 0.0557764634107102 -0.0211891336990207 -0.0110839002751595
PA18 0.0624500358762583 -0.0154219317645276 -0.0776931737864078 -0.108504998078852 -0.0510351837713494 0.0902866904732364 -0.058291503930191
PA20 -0.0598014951864042 -0.0406068336878683 0.053423901603714 0.0582003756948977 -0.050756307301568 -0.07994350633411 -0.00757468887913018
PA21 -0.0231736699375341 0.0671371218294572 0.102240661182914 0.0496570924835991 -0.0316994609553848 0.0844129247584939 0.0322423774211729
PA22 -0.0546682854334359 -0.081363532182814 0.0754638286332904 0.00713810821239191 0.00166147029390762 0.0588414921197824 0.148388204769317
PA23 -0.0014695017748108 0.0647905493656443 0.00331248947996941 -0.0470693967258956 0.0653060757597895 0.0221010986974233 -0.0123166142899527
PA24 -0.00117386199874652 -0.015791594711666 0.0962889341846396 0.0112358354295686 0.00509576250856172 0.0457042635571749 -0.211030393633907
PA25 0.0089384110623824 0.033157993406295 -0.000733818426299954 0.109280625371066 0.0641934645623293 0.00411566209708812 0.0304434688243812
PA26 -0.0118491991085982 -0.0310393903624404 0.000907523523260076 0.0437931866329739 -0.0206773253216187 0.0661828769847051 0.0999140905345385
PA27 0.0911096467268687 -0.00835904321835717 0.0387970926731647 0.0391078234718849 0.0400329857482305 0.164199666416914 -0.0106337919061375
RB01 -0.042789605521002 0.0690365776980552 -0.122119441522461 0.102095161079224 0.0782359653389609 -0.034966064905695 -0.128827301065458
RB02 0.0697507389632355 0.00388040585527183 0.0283701649297881 0.0833368834628574 0.0547313570443967 0.200234507123011 0.0395038723670979
RB03 -0.0563433987281379 -0.0140054389063442 -0.0787394806069749 0.109160403431451 0.147593118219407 0.0780389255987379 -0.00955954599453293
RB04 -0.0340814075968613 0.00311407590896276 -0.120015649474367 0.0826630758107033 0.0438501828692384 0.0320707089643436 -0.00909794508758921
RB05 -0.0235251389006792 -0.0138884269538175 -0.0625138675053714 0.0239121128636101 -0.000848933419419293 0.065228442687078 0.0821503024329268
RB06 -0.0160880432402939 -0.0237205436082656 -0.142225445857017 0.00669559885079407 -0.133284036020726 0.00744207256409361 0.0167922359696943
RB07 -0.0144550505381624 0.0262466228864164 0.0316403316051253 -0.0641589641127494 -0.00382475908360445 0.0187717067920754 -0.0751215472657631
RB09 -0.0808722470379762 -0.0979715492960806 -0.00379051018495509 0.00582464251446583 -0.0514230547815444 0.0489382910868498 0.135586148602676
RB10 -0.00779050178158331 0.0365139620701781 -0.0678671861630837 0.0300753845025354 -0.1743174381621 0.0846246401664606 -0.0513443447615267
RB12 -0.0277424408159041 0.145021050078259 -0.0839194738589738 -0.0805208206073622 -0.0499651055523 0.100394446236177 -0.0498666677830433
RB13 -0.0512446095186807 0.032187818220849 -0.0872275872244681 -0.039092530155918 -0.0556429448149427 0.0340538147822923 0.140110801888632
RB14 -0.0202006018394216 0.0253580597838485 0.0209704306119631 -0.0170170090052622 0.0153820357423907 0.000162948825731032 -0.0380549542226747
RB15 0.0269942237594468 -0.0198282206561892 -0.00713242616147908 -0.0889419003313525 -0.0602757606825636 -0.00677326949396523 0.0833785586446581
RB16 -0.0620395444954822 0.0417452613540456 -0.0963750720181388 0.0653264075789607 -0.0649719983113452 -0.0367851836871713 -0.0745581785381182
RB17 0.0456552126330893 -0.135657684160239 0.0524201045083299 -0.0911280695784558 -0.0416358625552164 -0.00108750667944996 0.0106473630616178
RB19 -0.0229068084025428 0.0690788789866258 -0.163965455822897 -0.0721668605505756 -0.0677678802017258 -0.179822807824675 0.0453238848269304
RB20 0.0337066115018112 -0.00364224351462266 -0.0456726180205283 -0.0102823070457572 -0.000530684449490682 -0.0938289045460385 -0.0639274967262758
RL01 0.148816055661825 0.009934550510243 -0.00941865053489916 -0.115767184511873 -0.121559319282572 0.0150232526199699 0.0352515933823514
RL02 3.37702878317258e-05 0.00872403322046059 -0.083322213263012 -0.0981856301408779 -0.0273286870594501 0.0292251288113467 -0.0818285238866176
RL03 -0.0878895084843564 -0.00923035609811387 -0.0622150302979387 -0.0551489503925805 -0.0771078068471317 -0.0839036429985785 -0.0579738553700067
RL04 -0.0624774932210976 -0.00760867672666858 -0.0710355496758807 0.12135181282795 0.0838524997853924 -0.00049653502895619 0.0167766568752674
RL06 -0.0705764789781884 0.055120413932816 -0.0702937227958182 0.0952190824699619 0.0744466469420029 0.0338899307066783 0.00527940518161914
RL07 -0.0219762679727386 -0.0794376434354333 -0.0489182023010938 0.0322514932653869 -0.00672435445764304 -0.0253693795482123 0.0139129698328737
RL09 -0.0605556672015456 0.0147264074269667 0.0108054214799714 0.0430709822908998 0.0994350568138278 0.0853703452431479 0.0398910723111299
RL10 -0.0139026012128602 0.0315699990908805 -0.135743144193489 0.0940862467930182 0.0438152939631944 -0.114410461648058 -0.029479138943613
RL11 -0.0986854399318498 -0.0287738572301823 -0.154502767490748 -0.0228184811989879 0.0993592582931757 0.110662313323498 -0.0210696348881422
RL12 -0.0148931846098198 -0.110393662436097 -0.0798035162198198 0.0499078784951767 -0.0103283025312675 0.0825422575326389 0.0542906569522481
RL13 0.0462422127352095 -0.130793584981455 -0.130298389929618 0.0667984356697062 0.0742824129690947 -0.0766127111852986 -0.0856838473179966
RL15 -0.125587790536111 -0.0181665781974112 -0.120427677774622 -0.0815584045280471 0.0244789419757815 0.0416566531367643 -0.0292263621959722
RL17 0.00360670550306283 0.0371475852353979 -0.0386247812149118 0.0657635702370538 0.0532893797766694 0.0888333116604801 -0.00397320742323017
RL18 0.227012502152817 -0.0572823589411978 0.0440647263093445 0.0196892576194493 -0.0118742017481975 -0.0024286118382026 -0.072112671026275
RL20 -0.00025794390856318 -0.0132370572561654 -0.0845218413675371 0.0757281093020395 -0.0622668505478806 0.0950456715293807 0.0611267426844932
RL21 -0.0622639032928387 0.0296554983604204 0.00874234726253435 0.0220427519797651 0.0988791892666126 -0.00965914946433742 0.0333602426441736
RL22 0.062589175984979 -0.137929654362853 -0.119709640745526 -0.0368310647678276 -0.124674636099906 -0.0145331816987432 -0.029401879162408
RL23 -0.0137251559867333 0.000339758462317949 -0.168905149824059 0.0147507642463316 0.0979538649434756 -0.0513617817321961 0.013418828529807
TR02 -0.0563659522317232 0.0345940951288143 0.0214259523480382 0.0100901724260956 -0.0379567843505808 -0.0773891383494388 -0.0401346312182559
TR03 -0.0758042927323738 0.0140877491089791 0.0202236025209912 0.0241292130579886 0.101297883826196 -0.0267617660413132 0.0980272980669203
TR04 -0.0911350261258048 0.0460148287416062 -0.0378212664572754 -0.14950488268 0.075292087810842 -0.0249092709362514 0.0569297613305012
TR05 -0.010638661287764 -0.020833255284487 0.127144470816439 0.0110283681530778 -0.0408685910971444 0.114203971587341 0.120693675750576
TR06 -0.0792624104770274 0.0564243319697703 0.186117979114041 0.0319390965705698 0.0520433366586515 0.0555006699384956 -0.0905446478557667
TR07 -0.00426317473913844 -0.0100269902721117 0.00994985433234788 0.0965083551063492 -0.104078117345953 0.0635160671009751 0.0397912367358813
TR08 0.0260814708077252 0.0726435200049616 -0.0245035752227847 0.0350792979340887 0.0201187081544667 -0.00210671154050529 0.0749278558401224
TR09 -0.134143560524353 0.0146946279448158 -0.0496240019469679 -0.00696616640140809 0.0468476511005661 0.00204276599788629 0.0672743584934315
TR10 -0.0805444707742428 0.0593857727589813 0.0518016964067247 0.132546923214874 -0.0258531512212114 0.0673271957202128 0.0303507156428003
TR11 -0.0704530252155644 0.0287528775986325 0.0179327120778533 0.0327658077313179 -0.0536374738494532 -0.00804150009082481 0.072198285870192
TR12 -0.0116331600630951 0.0279607710827679 -0.029260818361614 0.0242276363453172 0.121176404947002 -0.0262565576448987 -0.00663024905900056
TR13 0.0151616460900129 0.0349617379775556 0.0986195127614618 -0.122576089982006 0.159858770128044 -0.071423081515813 -0.121677994764441
TR14 0.255174039991497 -0.0589338686294191 -0.0730084741379049 -0.00423870992164574 0.0390376104342257 -0.0998663359743405 -0.0665008113517038
TR15 0.0345474098385494 0.0621767066081755 -0.0344729944206567 0.0705355500236169 -0.0872896444672127 0.0600721331502611 -0.0580369683596325
TR16 0.0420355101148189 0.0773984141386212 -0.148741910249523 -0.073014731210756 -0.0404653447179182 0.0350474245156472 0.0231321846362735
TR17 0.0397549006775497 -0.025067866522448 -0.0611828535009474 0.0121438177891047 -0.109300991932979 -0.114440152317234 0.065668761437832
