sample MDS1 MDS2 MDS3 MDS4 MDS5 MDS6 MDS7
AN03 -0.00676000053288028 0.0208754356893163 0.0801450260337315 -0.0441104713596063 0.011519165733066 -0.0386198486455787 0.0228239669882212
AN04 -0.0549518448592593 -0.0541203692599219 -0.00656165904955405 -0.0106584553877083 -0.0110271833772718 -0.0433291770059676 -0.0148479095412749
CS01 -0.0737040939678759 -0.0628315002186478 0.079120580436404 0.0650032420129701 -0.0713345514633366 -0.125088652995328 0.104884559763806
CS02 -0.0560107954847271 0.074374842799882 -0.0724320827956042 -0.0463795318665635 -0.0611906734909616 0.0285184920677363 -0.0888898729942934
CS03 -0.0404954797741848 -0.0146155531850647 0.00844321039046747 0.0101098055606667 -0.0115256491421904 0.01267284450417 -0.0878169267650786
CS04 -0.0230263141403187 0.043789346771241 0.0367765022098176 0.0170580740793762 0.00324952291266439 -0.154733400004789 -0.0333913996461019
CS05 0.0370527359921801 0.0538841275407972 0.165754388189797 0.0496454985333074 0.0057820602199784 -0.0482225743607177 0.0345794428893355
CS07 0.0916334226689624 0.135820246473742 0.0773540081788147 0.00939126757877984 0.12978038928704 0.0396951055114955 0.036309782847345
CS09 -0.107003396962611 -0.081428416909221 0.0628345559342796 -0.0248198654990489 0.083430381176333 -0.0458684396620661 0.0565127339916942
CS10 0.0101608334996749 0.0642004765251185 -0.090665897493901 -0.00266876101560187 0.013189284981176 0.0463875092284632 -0.0240690695501392
CS11 -0.0947862596673702 0.036560233341281 -0.0329410823071952 -0.0827231081814909 0.0468763417966054 0.0654528801216966 -0.00305516982435033
CS12 0.0750527645403232 -0.0101911666894159 0.0352905519789238 -0.112764215929995 0.014790191950411 0.0244032915155814 -0.0337220085935153
CS13 0.0207472825879034 0.0702122387798532 -0.178660140748466 -0.0434074220290639 0.0209009058675091 -0.0429332767667606 -0.0797558977787768
CS14 -0.0312876072766385 0.0270612530291849 0.0312216847646386 0.0195611950902244 -0.0524601062684041 0.0603234493664619 0.0907867477343993
CS17 -0.127590495129622 -0.0103566428627707 0.116937610811908 0.0902161861411325 -0.00964269712927998 0.0152462623956957 -0.00317467164601648
CS18 -0.0281384234193893 0.0676951417945808 0.0775755119087238 -0.0488730683546139 -0.129978163620128 -0.0303092996715224 0.0355665972868895
DK01 -0.0518614586145867 0.0250683901059705 -0.0521730366016198 -0.0750121459005863 0.0242359626305192 -0.0494142067026816 0.0912088737851447
DK03 0.0989619988659714 0.120035111315527 0.0539437574894544 0.0691192727348597 -0.0446941156016582 -0.00269966621789075 0.00678149145107129
DK04 -0.0588244053068509 0.0826258573534053 0.0942856909810351 -0.0193526729017202 -0.12661954293396 -0.107912259403577 -0.0280092904203365
DK05 0.0661264787814163 -0.0543407663862061 0.354831784986502 -0.0969887001322162 -0.0746985565660468 0.0710379475483 -0.210139698968835
DK06 -0.0244895201515512 -0.0965708309247789 0.0379131905802463 0.00652486676065434 -0.0349758455906957 0.0626318419757115 -0.029858150412111
DK07 0.0287473049990483 -0.0127473579475645 -0.125730509487233 -0.0467601083005597 -0.132945060275957 0.0547640459692763 0.0288344846842193
DK08 0.0967324639747246 0.0420889689661865 -0.0533878497191767 -0.0133922704165054 0.0567739495212296 -0.0813822004037312 -0.104298457962938
DK09 -0.0235593429531555 0.0468400564727796 -0.0524266949601248 -0.0198892041352738 -0.0192657559348169 0.0172989283432723 -0.0760938743660615
DK10 0.227048209126638 -0.0122187584226463 -0.0876017132331638 0.0580361607697806 -0.0261910424050709 -0.0149814702037571 0.0590009723572056
DK11 -0.100243757788213 0.0256104466833092 0.0240850847230697 -0.135102095124997 -0.0466747452799272 -0.0317966378681774 0.0566740272797327
DK12 -0.0672921589651891 -0.0199742333884858 0.0423733350459001 -0.0655472606405927 -0.0388855139382703 -0.0241085724482559 -0.00658155425398817
DK13 -0.0427849100312063 0.0197197776248716 0.00951610417027399 -0.0135716837736839 0.00808087060870949 0.0775343646510889 0.0811010286688561
DK14 0.0737326967686759 -0.0480131997717624 0.0128763980292178 -0.0351611885691036 0.00724475306164687 0.0920433024936251 0.217919352269811
DK15 -0.0971357345030353 0.0861550951733381 0.0259089894205367 -0.0198694155869876 -0.0175453896238969 -0.0418397338852185 -0.103369218515939
DK16 -0.0192060230966895 0.0564889988246925 0.0364974384059547 -0.0228844818112974 0.0224383741039509 0.0370486307626463 0.0651251198776354
DK17 0.0197708569650375 0.0591316714836706 -0.0927522753623339 -0.0236685999598356 0.0835424085706914 -0.025778063158731 0.0863563359051275
DK19 -0.0537849345634323 0.0578668073291563 0.0556072508055485 -0.0132596086465736 0.0461494034707236 -0.0214814988068927 0.104014319526178
DK20 -0.0982760444576557 -0.0530943241489488 0.0150225483365926 -0.110987102117872 -0.0556679460781053 0.033303368551346 0.081949878308994
DK21 0.0376949199881148 0.145131537133281 -0.127060631497973 0.0352507468579302 -0.0122046816652843 0.00822549388499181 -0.0826658471578886
DK22 0.0406069795201657 -0.000981987406647231 -0.175069948221737 -0.115506708651655 -0.0809287209685981 0.0368789713980296 -0.0457237021270784
DK23 0.0462692847977207 0.118421385909785 -0.0451696308164025 -0.0867989410794649 -0.0342960269520045 -0.0165779674583896 -0.0222717055554734
DK24 0.0438988055208742 0.00574006240204896 0.171646863929946 -0.055378858184328 0.0216708842797809 -0.0535045624121813 0.127448332743923
DK25 -0.0246385790341201 -0.022598623081659 0.00565988253651339 -0.0601597136737695 -0.00895417359043476 -0.0724289288748348 -0.0246768387101585
DK26 0.135594512896321 -0.0293322829813205 0.0363266761955811 -0.0505627433903503 0.123146025830648 0.00695690132382282 0.0927381791756682
DK27 0.077662738117165 0.157932882906836 0.0449329091290593 0.0549579637101876 -0.124793682784728 0.0414114581515873 -0.0133958275218739
DK28 0.162230679218764 -0.0960385079095748 -0.122685619400711 -0.0904835777056741 -0.00961022074938931 -0.0554217082686192 0.0544017438284194
DK29 -0.107280333874928 -0.01191014823393 0.0750350855618675 0.00994300416806712 0.0317370618907202 -0.120734614450071 0.0697847601894543
DK30 0.102933319184476 -0.0943770989110843 -0.0292477000754941 -0.00815593047910893 -0.153435360426121 0.0682146260249304 0.145430951029569
DK34 0.0512573090124102 0.178438233375107 -0.0555009383660396 -0.0553525607585947 0.0947375300865612 -0.0490147833482748 -0.0347630223122657
DK35 -0.0478145911370579 0.122875067887389 0.0586155562721545 -0.0465104656724521 -0.0220782801098879 -0.0768303689008004 0.0108314094917114
DK36 -0.0687901424620475 0.0697256909863463 0.0542140176288673 0.00706689269340639 0.0468792577809366 -0.0250356903400349 0.0607899177212172
DK37 -0.00577272706362216 -0.0874666822957241 -0.0130620560116223 -0.0832445169589657 -0.191313373272995 -0.260818962567424 -0.179884916357158
DK38 -0.017970137990372 0.00388434102751107 0.0289552003404629 -0.189719282121209 -0.170092931864293 0.0336430816555777 0.0233318863511353
DK39 0.00991581639331903 0.114329792949929 0.0450680135462485 0.060654902870414 0.00806125242828329 0.0321032781545495 0.0734079551607254
FR01 0.025167383360267 -0.0951116213723985 -0.185853323855764 0.115089717300445 -0.101815066751088 0.0173318421826393 0.133967493453551
FR02 -0.0404167617170514 -0.0512053547775099 -0.0371984714873515 -0.0201461491343955 -0.0315956668980174 0.0220307861015776 -0.00908088273646378
FR03 0.00751122241838507 0.0914728041487174 -0.0710490662626243 0.103060554421439 0.00489020567597227 0.0253057239433365 0.0803348471586785
FR04 0.0819195702647923 -0.0206625368060449 0.121593173208757 0.0486920715532634 0.075641864156553 -0.151640096713999 0.0921631069554411
FR05 0.14083071801348 -0.0599383598511848 0.00218527349783368 0.0211093625138265 0.170705833416659 0.108218644271859 -0.108977721162435
FR06 -0.00924035373199756 0.0376071880984842 0.00506037384730399 0.0720242742988223 0.181945748244079 -0.0935609419310077 -0.0642467252734724
FR07 0.193945158753867 0.0163347077991471 0.124702201166524 0.0788097888031143 0.0812380898672925 -0.0328082962060182 -0.100256571625205
FR08 -0.0528785820128841 0.00761726283356258 0.0423273929560403 -0.153626000801008 0.0219510419658243 0.0305315394156464 0.0939911990991367
FR10 0.0395311482692282 -0.0207707062198036 -0.082783536099385 0.0504744082227597 -0.0827361036928753 0.0841795215799788 -0.0646178807932801
FR12 -0.020682621252617 -0.105021067312918 0.0531130592215148 0.0774130183513696 -0.0279474199454295 -0.0375263136879496 0.0301382517277134
FR13 0.0753576079443213 0.0911627207485842 0.134004438029856 0.0376678380650566 0.0161561884581273 0.129435394504829 -0.0605386168565293
FR15 -0.050134689015319 0.0986004144072732 -0.0288617152153293 0.0519882762653381 0.048945996794106 -0.0169020178623772 -0.0963850678092566
FR16 0.171665477810444 0.00351210546726293 0.0615650558113216 0.0139109747628823 0.00292291486956895 0.0523255980396379 0.0625157813132139
FR17 -0.0244666844688094 0.0681657927481068 -0.0243376290979341 0.02127437108041 0.14228493500848 0.00855958035559229 -0.00913595611980895
FR19 0.0236697819341593 -0.0356539571412864 -0.103494084681049 -0.124445252313002 -0.0337754350722982 0.0609791321639876 0.00689524306432531
FR20 -0.130931970721187 -0.0455346646897074 -0.0310399934068066 -0.0367643948663302 0.0946509460486538 -0.0361460932653552 0.0586189536427501
FY02 -0.0808784697457509 0.0722145807753101 0.00967917075044777 0.0179068088216861 -0.00530237536781541 0.0140478520526625 0.0371994010697992
FY03 0.0519529493539999 -0.0113971268600583 -0.00378778575605781 -0.112505057970661 -0.0824219953607059 -0.0259593033882764 0.0651892703061511
FY04 0.0376258431287286 -0.156140293019858 0.0816592936162247 0.119844730952257 -0.0787384921393272 -0.036462261321655 0.0231995730213694
FY06 0.0154294143125909 -0.0915410913108479 -0.0170006805771107 -0.0665684202637995 0.0434424307469261 0.0496470469900419 -0.0360846632845291
FY07 0.0511310041454285 -0.070855649130795 0.120131107921133 -0.129026424718714 0.0124630219926248 0.0362430692795779 0.00177715526765597
FY09 -0.0471217301055011 -0.0749802005844003 -0.0328859929899962 0.0353875610437987 -0.0848964476217426 0.0346518065769809 0.0857654701895731
FY10 -0.0320576441962858 -0.0422891384579042 -0.0437963807395568 -0.120313577147521 0.200665990901833 0.0691196920775581 -0.0711854252872137
FY11 0.0890613221735954 0.0171116269045339 0.0422243587568584 0.0631126074421893 -0.0817792135764469 0.0325428883999924 0.0671032378690885
FY12 -0.06035046982038 0.0553146089260336 0.0731710021046507 -0.00994917994233915 -0.147397639381474 0.109435270633294 -0.0720731537363469
FY13 0.0736777997969235 -0.0492242183297053 -0.160073772079476 0.191392181694985 0.0443155659000458 -0.0382138931093931 -0.0836657206261792
FY14 -0.061340628600918 -0.0468075130591852 -0.0296213546534635 -0.0354285702243445 -0.087253414196228 0.067195717873311 0.0393678942449255
FY15 -0.0856614430347905 0.0881166664302744 -0.0435043499550022 0.038503586469354 -0.0376327455864812 -0.0820012109127304 -0.107808371978081
FY17 -0.0361775591385037 -0.00801793627468374 -0.0233389791116695 0.0296464551185465 0.00772186285317812 -0.173956099556969 0.0119417989878277
FY18 0.0407326290565094 0.0388086437543582 -0.0345420168196742 -0.0301999408245099 0.00526599042909644 -0.0925266399882928 -0.139722952236037
HH01 -0.0961458717364881 -0.0646763636413454 0.0809098375542595 0.193705661396523 0.0172300240442927 0.0810043412106584 -0.0161272339588792
HH03 0.00210990774860464 -0.00945377035027652 0.0137160030726101 0.0999570514389672 -0.0340658514074862 0.0408152025700024 -0.0169818717176902
HH04 0.0703970167492138 0.122838984081384 -0.0154304221410522 0.0765194691668797 0.0300745536584119 -0.0126583901810543 -0.0194126906905991
HH05 -0.00844134563796225 0.0255325351202532 -0.014763328088358 -0.00623987710715561 0.0796819281953767 -0.0658025549706476 -0.0213899820383534
HH08 0.0864382302853781 -0.0445503423324785 0.0331075206203773 0.017180179861199 -0.00671341755337192 -0.0201350816000388 0.0370347695435773
HH09 -0.048185168226779 0.023527855328136 0.00682654925495393 0.0322436865481565 -0.0366393351588093 0.046141136120295 -0.0314886006900915
HH11 0.0390309531577914 -0.00997219569867654 -0.00443311645742887 0.0949942805475566 0.133176854959137 -0.00901908928055477 0.0595639067192755
HH12 0.0242483497574691 0.0342596925253956 -0.0342788803314028 0.017899957904538 -0.0640268963951159 -0.0852907456506483 -0.0369552017157106
HH13 0.00829539254326718 -0.0790504393238943 -0.0456719353160613 -0.0370134903937278 0.130448484294543 0.0341766329855058 0.0346126236150664
HH16 -0.0161345166649666 -0.0476012629347798 -0.107533245393269 -0.112779448865796 -0.0573518342065537 0.0228315351827075 0.0293150211398692
HH18 0.0616065616693495 0.0890437832016255 0.0530820377899218 -0.00682460523301996 0.0615260032492003 -0.0156553961707482 0.0823860737967816
JB02 0.00645367492690031 0.0480073386604392 -0.00758811159554943 0.162365248291398 -0.139457950361098 0.0732474375621615 0.0201383307067794
JB03 0.0629138862150209 -0.1125943176315 0.0653916216533293 -0.0183976115758277 0.104016227072131 -0.0345394233311512 0.0285513080043138
JB04 0.053180482872436 -0.0787323561248995 -0.0718673607488892 -0.086580225772233 -0.00407035191573933 0.00589226389478207 0.00061264269917559
JB05 0.0203037560737089 -0.0815127557250806 -0.0789486508210883 0.125713951060417 -0.175921588616454 -0.0585793033736699 0.0577829229546593
JB07 -0.013009407296204 0.0712492396248589 0.0173710450060266 -0.0761201447696575 0.0143035275382036 -0.0415852814978463 -0.0466936012718345
JB10 0.106171596687657 -0.0449516253930085 0.0332332493030811 -0.0407554119185016 0.00155221448474549 0.0344885698514927 -0.0301665336961899
JB13 -0.0259989774439795 0.0827540698947785 -0.00352877810502767 -0.109242312159143 -0.0386153779003331 -0.0591583073380987 -0.0428342049366347
JB16 -0.0644459043992334 -0.00879572002090571 0.0365545462681588 0.0613979923457681 -0.0213027094521765 0.0339917458529055 -0.0177387423439709
JB17 0.0868369727026874 -0.136091440231087 0.0277976130432145 0.0601350268863182 0.054140306866607 0.0804659473000385 -0.0571628592395731
NB01 -0.0242292690119005 -0.0316138111191558 -0.0458060475068331 0.0377108349617719 0.00715029165241853 -0.0985526830207768 0.0127902408823391
NB02 -0.0381366012915008 0.0463747226080226 -0.0651347688399229 -0.0993325508677841 0.0244346222892016 -0.163723551709627 -0.0734509816413394
NB04 0.00825544033205098 -0.0136968204931586 0.0245835488616357 0.022809688650663 0.0632769851981607 0.049802743358575 0.0157435495585737
NB05 -0.0715229715683793 0.0968014632746918 -0.0879862395557104 -0.153982648880821 0.0348318055929921 0.0397616755623307 -0.00889358034011639
NB06 0.013993645518972 0.107556392170144 -0.0804461515608198 0.0200677117825606 0.0632933163444042 -0.0370321455608156 0.0346616071198041
NB07 0.133000522641648 0.0804126977648869 -0.00576972888035024 0.00656883374720254 0.00285986509320613 -0.0246998904400634 0.00408501214717568
NB10 0.193376814914349 -0.0402695299888184 -0.0213085734826735 -0.0043461132161184 -0.0213498320234672 0.143131399427105 0.178815912147761
NB12 -0.00418005113545577 0.079190711849723 -0.0128905783629942 0.0449103939045653 0.0232239784222045 -0.0283274977385281 0.153827682265371
NB13 0.0440726320353867 0.0664385551447444 0.085025955760464 -0.0224280811409581 0.0672252925285503 -0.0826243651081373 0.0824251500498262
NB14 -0.0266908637797967 0.152254832022486 -0.0366841257666845 -0.0379626566085305 -0.170295514607947 -0.0669892457140443 0.0879758378456528
NB15 -0.0638093606374317 0.017999427183966 -0.012400070038619 -0.0519292841348662 0.0553332416300939 -0.0138189579385574 0.0223993141269197
NB16 -0.139250496112335 -0.0160241728418794 0.080414911090398 -0.0530863765889901 0.0157772159716533 0.0118935448635978 0.0567429519006761
NB17 0.0123075948679363 -0.0270666731692527 -0.0462924559312489 -0.0712493915630853 0.0266491419625155 -0.000998615100721176 -0.0415898701608309
PA02 0.00595393541753235 -0.149377519438091 0.0103903842355486 0.0648612589951165 -0.0201163707731233 -0.0468928949342285 -0.00761898455840596
PA03 -0.0662734656134373 -0.0163718098844929 0.0685307533653309 0.0473737787320903 0.0689569876588442 -0.0680801917206945 0.0417764230892956
PA04 -0.0415191329761718 0.0388967722272911 -0.0735176082694916 0.0460916785514346 0.0704446334545576 -0.00683339518554689 -0.167477902002723
PA05 -0.0879610399225436 0.0519061968346314 0.0415201871339135 0.159364759884477 -0.0723236953610823 0.00821112373471045 0.0316548984184625
PA07 0.0820328063600338 0.0539681185152715 -0.136578840800355 -0.0474384613322112 -0.0832856037977868 0.00694749330189916 0.0277037544833696
PA08 -0.0743606621837281 0.0239620778992121 -0.0407887694837888 0.020317206459353 -0.0143379958504646 0.024513847559284 -0.103027286895203
PA09 0.045248262053373 -0.0705333954031635 0.13729846787393 -0.0837837158414512 0.0324099026645301 0.153467289363064 -0.0027584852200912
PA10 -0.0112052402512981 0.000910576552439661 0.0612494024456694 0.0529803590154238 0.059118529162683 -0.127821398970739 -0.00254133959772672
PA11 0.169154667732132 0.00831589862738773 -0.00359965015882964 0.0677066348656723 0.000730093210263252 -0.0993901490530755 0.065076372606728
PA12 0.0264192566634089 0.0964238596809627 -0.00140278947015977 -0.0283115673941252 0.111004706355015 -0.108445675943714 -0.0261282956590332
PA13 0.00589946099921821 0.0290311728401629 -0.0408202802758776 0.0442454549068231 0.0666455261077843 0.0762166284271911 -0.10433634356497
PA15 -0.0409659856889347 0.00688967849755135 -0.0324774047607735 0.09275071663983 -0.156828926930147 0.0381074809386182 0.0818126695754914
PA17 -0.0399678659501599 0.0788684398917322 -0.0699500249829747 0.0457530171529466 0.0766647257001975 0.0228119004610938 0.0681217314093408
PA18 0.0299394672391965 -0.108130549184838 -0.0259644491442826 -0.0441607524954011 -0.0832331229060279 0.0730769392535836 0.0795608025179199
PA19 0.131408189042517 0.123396986580085 0.0780328495423923 -0.0604480593467561 -0.0899853785323425 -0.043255862148238 -0.105224905373177
PA20 -0.0289849834638453 0.0656458049909295 0.0327814374944464 -0.0659590284137126 0.0344971136852397 -0.0354246907475093 -0.113074928850489
PA21 -0.0204600061895778 0.11109610075506 -0.0242657575550763 -0.0381593398589835 0.0121378713518462 0.0487684846568108 0.0112607835869589
PA22 -0.0181877438282298 0.065118682307497 0.132742995339352 -0.0033151172142181 0.0168610526569001 0.107096047849039 -0.047433636215524
PA25 0.0288703801161679 0.0238332846545959 -0.036961938085984 0.0948140476139511 0.0698408389777847 0.0349317100318521 -0.0121382299007462
PA26 -0.00285981841004822 0.0155238951014774 0.0398344619854007 -0.00225964202148283 -0.0398994189226405 0.0886365120203831 -0.122575555678566
PA27 0.095702000379886 0.00794177674619755 -0.0192914565482789 0.0459737846202256 -0.074310657026819 0.124783684319593 0.0194995596038042
RB01 -0.0490233769335576 -0.0831058133673523 -0.16026653908819 0.105629408226819 0.0276083826740348 -0.082430327357071 -0.0427931634730182
RB02 0.0723234442110667 0.0168657684463422 -0.0260114841500048 0.0574454248332643 -0.0539812871359907 0.169219127535098 -0.079306469757366
RB03 -0.0596205376770154 -0.0469957965839947 0.00282253136147981 0.19635749518544 0.0632063975716572 0.0784239804201346 -0.0848148502746055
RB04 -0.0395542472753243 -0.0873734263930182 -0.0404263284503187 0.0821401529885923 0.0111868780263185 -0.00182634285062357 -0.1539400704008
RB05 -0.0309502292282975 -0.0303545912870595 0.0492934429472941 0.0596642408718134 0.0262850181418658 0.0923897664959761 -0.0634858644676558
RB06 -0.0233778314198035 -0.152304032739643 -0.0308309882926414 -0.108210374834307 0.0481013085008902 0.058320580713245 -0.0476716587371381
RB07 -0.0386548908641217 0.0469840419116619 -0.0291031782355344 -0.000176232014453844 -0.102753900245704 0.0400470607837716 0.0259289171192462
RB08 -0.0862285861727507 -0.0700768599467061 0.092353682325055 0.016751926835814 0.0628907954277028 0.0197592873297757 0.136834207616621
RB09 -0.0609139766296695 -0.0244891511598712 0.12290400038466 -0.0156018719947952 0.0054517370390935 0.143660134444836 -0.0922763819414221
RB10 -0.0362087636263779 -0.0425306626142325 -0.10795995631426 -0.116252739785657 -0.0163197738856893 0.160649846655312 -0.0175875884738018
RB12 -0.0862978846643252 -0.0417738674954882 -0.118164172932047 -0.0135848150264431 -0.116045429205827 0.0190977564628463 0.100043417164986
RB13 -0.0654425326956402 -0.093109621735024 0.00470429909835977 -0.0423244506727147 0.0726542234612098 0.0472879089750728 0.0247664545488516
RB14 -0.0193985179788278 0.0206955678369999 -0.0141181545255927 -0.00691078696121095 -0.0463110242263864 -0.0475461216174179 0.0106597541156096
RB15 0.0128133722851995 -0.036617713933139 0.0525756231404178 -0.11716204936676 0.0401624412891398 0.0557490499276427 0.0976041564658409
RB16 -0.0522116142541501 -0.0865550669051867 -0.113871626395364 -0.0347077117369874 0.047574540035879 0.0203544869921768 -0.030564090623615
RB17 0.0671697282607241 0.0129723312826743 0.161991943212406 -0.0763458962191261 -0.00873674201985539 0.00838071888292281 0.0361898295866672
RB19 -0.0604063335025652 -0.155079145041646 -0.0591149447883718 -0.0815208334379278 0.14819617947198 -0.135774381917603 0.129341115791731
RB20 0.0311801071051115 -0.0551354013071076 -0.0424783656444471 -0.0190052034512586 0.0571029612365499 -0.109122505607362 0.0239692924809052
RL02 -0.0429857631848333 -0.0574139544131441 -0.0366927123214014 0.0243282055748348 -0.0779510416910713 -0.00549507159659867 0.0459593473186358
RL03 -0.0903697839249694 -0.0573282494633358 -0.00847767275718677 -0.0779269055793482 0.0469235314568864 -0.0673437887377323 0.0221310407930125
RL06 -0.0702215979373288 -0.0212833558308295 -0.0682438390658674 0.10235331191474 -0.023172890273277 -0.00611090868856073 -0.0751759859871798
RL09 -0.0688948695410247 0.0197472113689764 0.0109113606278744 0.122582728575999 -0.0395154919028144 0.066855175267341 -0.0616590105917765
RL10 -0.00397683968855497 -0.0784577443888775 -0.0970818019673391 0.0586720713152088 0.100943717085867 -0.075401612792736 -0.0148867827355407
RL11 -0.104152800696443 -0.146901409675889 0.0352224796513839 0.127825299729414 -0.0771082285393887 0.0510212599769415 -0.0163801156302183
RL12 0.0354075731205584 -0.0857698610161065 0.0902333347510732 0.0221220977987823 -0.0418045736854404 0.0565938328562872 -0.126688550336987
RL13 0.0814301813383874 -0.120676787109822 0.0399495860637848 0.0619319822683638 0.0382733264182334 -0.103745811821646 -0.0951093138935061
RL15 -0.122856699510642 -0.117544884299619 0.0478009134699158 0.0299359444821495 -0.0753695700376624 -0.00781144339657873 -0.0379898493852593
RL17 0.00041113279952389 -0.0136111924543383 -0.0434065953853468 0.0694204253580344 0.00251078633901022 0.0896135964341635 -0.070779174429507
RL18 0.242113988832844 0.0158397026575104 -0.00972211022631156 0.00947942850313631 -0.0585536064427906 -0.0374918295444112 0.0237873839187587
RL20 -0.0104590029643433 -0.108440390957778 -0.0469073250697777 -0.00917140467942255 0.00898924809359224 0.0929575837000434 -0.0652078105362304
RL22 0.0736627849773448 -0.197979571437432 0.0884407102766232 -0.140897273365416 -0.211290837650164 -0.223050734902213 -0.240281437061079
RL23 -0.039432000313104 -0.145790598936866 -0.0122171751780115 0.132615536584492 0.0641006294155621 -0.0677018802098074 -0.0362509376797691
TR01 -0.0553845899435032 -0.0380205094385194 -0.0948449985649774 -0.0859537108339441 0.0269686465189329 0.0705893199911496 0.00966764739927929
TR02 -0.0518260392250707 0.0441298225068207 -0.0376674164146514 -0.0227667624465492 0.069305595005842 0.00504615282202558 0.0706226541415426
TR03 -0.0834627098928736 0.0348425289959344 0.045989302551366 0.0989362123579543 0.0756385260317011 0.00211488226228976 -0.00688955651508205
TR04 -0.133211506499554 -0.0286224949888004 0.0480099760982077 0.0536598444578952 -0.0195599411102255 -0.0206711297978248 0.102936722283219
TR05 -0.00372591964736288 0.085459590297769 0.110375741645326 -0.0441347526135267 0.0220383116176076 0.151825165684778 -0.00408617295547428
TR06 -0.0824577624095587 0.204564948065349 -0.0240462839189515 0.0392494615362171 -0.0897945541512671 0.0321835115998453 -0.0335705019900539
TR07 0.0127127795445345 -0.0190767941163513 -0.0422811380020008 -0.0514635044477453 0.0717796721890784 0.116293912054938 -0.108318966314131
TR08 -0.000720251244173375 -0.00691012017797698 -0.0562002625323698 0.0226958150883534 0.137608283963477 0.106910109087383 0.0158570001563304
TR09 -0.11098102799593 -0.0392939664007835 0.0461317449489957 0.0344135056747693 0.0597635997478526 -0.0147904520177935 0.0533492102034919
TR10 -0.06257939957266 0.073968330321451 -0.0582378653284258 0.02894795330372 0.0508178298881786 0.0879417602541356 -0.0195906647631338
TR11 -0.0740782092592859 0.0236785751652181 0.0101516235049371 -0.0736238961155564 0.0576407150133107 -0.0082532234275478 -0.0449230067382582
TR12 -0.0196845384105916 0.00204003614881524 0.00113118013754352 0.148727952300738 -0.0145204368035872 -0.0418854031850094 0.0126695299446026
TR13 0.00302939877118592 0.114256761913772 0.0237169639511828 0.100320769217256 -0.104274503502188 -0.156339813533888 0.136386882886201
TR14 0.249142461481706 -0.0717145217516928 -0.0231617762059327 0.0521838193510315 0.00750884980569999 -0.124569729133746 0.00133583871048143
TR15 0.0465373916068502 -0.00164841617437926 -0.108694270456536 -0.0440467183950744 0.00900791177768759 0.0897976764342949 -0.0240924808502739
TR17 0.043899858780269 -0.0692267511686402 0.00961799092501118 -0.112059833793485 0.088335158105216 -0.0846071144043236 0.00904126116816743
