sample MDS1 MDS2 MDS3 MDS4 MDS5 MDS6 MDS7
AN03 -0.0203124855744499 -0.0473462005012052 -0.0366052740427373 0.0370451554923018 0.0165552137654121 -0.0213056714844363 -0.0136665875750313
AN04 -0.0311675111257669 0.0539852665753936 0.00779063297645346 0.064565978654213 0.0558559291863363 -0.0226661751154742 -0.113896274155949
CS01 -0.0696668770347915 0.0413073870154603 0.00448839687403911 0.0551479261109479 0.176109511055933 -0.114433468577664 0.042447976345901
CS02 -0.0482632243487216 0.0105914089303977 -0.104036862458934 0.0194502943381531 -0.113919070145668 0.0180990059628885 -0.142059096900009
CS03 -0.0572706307786596 -0.00526994810189763 -0.0350922751753683 -0.0124758985220128 -0.0332457735808628 0.0205009085803047 -0.154061476087615
CS05 -0.04810874608715 -0.111372341212621 0.00621324227494489 -0.079202277124302 0.115885226925995 -0.0546320980405031 0.04082061003189
CS07 0.073872602834243 -0.0964305990031843 -0.033723797668414 -0.137097907247247 0.0619633377871615 0.0598271121372928 -0.0228573925976754
CS08 -0.369428153166635 -0.184664252508505 0.023371757017005 -0.0660254486699743 -0.0914696500702594 0.0527847582027585 -0.043922830685451
CS10 0.0565370509170107 0.0306268912678238 -0.0471133312330562 -0.0289392765235276 -0.0819872625181937 0.0298890668496927 -0.00622094690038085
CS11 0.00892891482699433 0.0673017011422312 -0.0898174450916362 0.0453556019999585 0.00364442289543254 0.128014177327333 -0.00335746409239737
CS12 0.013101526585849 -0.0447582026099882 0.0214910739108107 0.0785745647732223 0.00486703567291477 0.109439987128455 0.0134500832094245
CS13 0.0818257625314072 0.0641960973152237 -0.00948948543525174 0.00176101778709571 -0.116006756271982 -0.0313619276387754 -0.211004809540437
CS14 0.0202436353613544 -0.00594925020807351 -0.0397617703175455 0.0136321827196167 0.058946796940122 0.024513150912806 0.100777558460858
CS15 -0.0313156789529221 -0.0396509404167837 -0.082812284474686 0.0556628980733891 0.0619066125117298 -0.0543423264469177 -0.156035720798291
CS16 0.0327695841104774 -0.0675869678192706 -0.112787638299958 0.0934930156194428 0.0493683054387172 0.0989599223747508 0.00290205281654336
CS17 -0.131615769629942 0.0164345864652343 -0.0683911656340858 -0.0326078114648686 -0.00353052720980081 -0.062074606295009 0.12803148191853
CS18 0.019751703535516 -0.0844308377479521 -0.0806478109527665 0.090641068008655 0.0418838215654814 -0.0416456758856197 0.0719327116455092
DK01 0.047245864996791 0.035624016708599 -0.0333095087755231 0.067015798430538 0.0228612726357029 -0.00958895306628582 0.0850651580532824
DK03 0.067755330797862 -0.104242087676538 -0.0326400065906472 -0.0688018306373976 0.0209016554859105 -0.053330305371958 -0.113179350884733
DK04 -0.0852487420204006 -0.113488222444871 -0.0930647026939863 0.109933982023355 -0.0473557065885383 -0.13097531643882 0.0780669335088381
DK05 -0.441940028848885 -0.346320831500426 0.0695300046464705 -0.0429916951921827 -0.161370923265532 0.0574075778756096 -0.0033755987259225
DK06 -0.0622208604398145 -0.0277910792908108 0.0335011356576875 0.0475534682657105 -0.0764227567332066 0.0764190571912356 0.123068525649239
DK07 0.0651913895698024 -0.0107434647753301 0.0253011812379507 0.0662222185065983 -0.116767197203579 0.0364664560193889 -0.00753941504670494
DK08 0.0642302752212355 -0.030393334736448 0.049867233806486 -0.0487089741463395 -0.100738764963275 -0.0861093881001795 -0.107525703265783
DK09 0.0125932751906257 0.0343524423874243 -0.0401157739979971 0.0169575559726595 -0.0665389215999516 0.0204589943121578 -0.0853004858408379
DK11 -0.0342716023322502 -0.0487207011679369 -0.0749734542821846 0.116584716995659 0.0417047834854202 0.0178173215134421 -0.00851856865638606
DK12 -0.0775194020777122 0.00178380570902651 -0.0354790916703841 0.0679731494791684 0.0615819840958256 0.0163675401554801 -0.0701318093117413
DK13 0.0376810599947273 -0.00558352867643317 -0.0182429262058393 -0.0353676626064841 0.0513338302161459 0.025828791346314 0.00330152025813252
DK14 0.0958842159997006 -0.0360779695059288 0.0864354889769117 0.00243233572566652 0.112150377473179 0.0767901423139022 0.0553071335380089
DK15 -0.0869208211330484 0.00335312567667894 -0.123672991980336 0.0390445861691728 -0.0161914914955703 0.00292322911913738 -0.136939842188239
DK16 0.0232239226102738 -0.0679329818419728 -0.0344789265115057 -0.031114818575578 0.0648713268321951 -0.0110965203335875 0.0376864827644547
DK17 0.134765433594423 0.000189001510740109 -0.0266660316882808 -0.00811897450610803 0.0405335729568125 -0.0565774180234399 -0.00487695227563351
DK19 0.0207092119294404 -0.0136006820347931 -0.084476148337656 0.00461645838804787 0.144967382283989 0.00499176488969729 0.088742979134531
DK20 -0.0536468527733773 0.0122640680142298 -0.0229825335943419 0.118882242967313 0.0479613417430817 0.0583639962243927 0.0831512096465867
DK21 0.0877189314355841 -0.00129816225626669 -0.10788961741004 -0.0411467423809469 -0.132450437015744 -0.0232425912782773 -0.042533295131687
DK22 0.0817587106493002 0.0239256062090094 0.0464379116517027 0.0985125904568433 -0.149357089024666 0.0617674710034078 -0.0427115525429817
DK23 0.100936549452999 -0.0497005494422444 -0.0511847391182832 0.0403101835851849 -0.0172175574849214 0.0375582578124948 -0.0564548226666306
DK24 -0.040586759225063 -0.123289586450585 0.0565647158851219 -0.0392029073176659 0.222053718435468 -0.0352207829660465 -0.0519251989053391
DK25 -0.0643359302531531 -0.021793646093405 -0.0139495876757549 0.0784525067084235 -0.0126371061603352 -0.0259754893465204 0.0158366298323354
DK26 0.0475908561239381 -0.0840407582245911 0.0960170774632506 -0.0793427137041867 0.097712356053691 0.0365833834868167 -0.0800589208630841
DK27 0.0750455644320255 -0.144395078821793 -0.0544959282558516 -0.0430082471553106 -0.0571047037506964 -0.0539299174497894 0.0202743615021605
DK28 0.0820306590681453 -0.0130265160773686 0.1449389814099 0.0446393599576266 -0.089659343201646 0.0358607787795425 -0.101102918027676
DK29 -0.0480094399787498 0.0121224702527609 -0.0361886321469797 0.0521375123451411 0.0982892162549021 -0.121499553448748 0.0464052782005982
DK30 0.134102356069854 -0.067756660225137 0.111097343133981 0.0952690352061916 -0.0390606643643115 -0.0263502158293093 0.177583826389762
DK31 -0.00545676577474161 -0.0676066398974923 -0.123430677509653 -0.0313805725528988 0.0480535469527801 0.0523981672112126 -0.00594604976378074
DK32 0.0488282182901258 0.0306899336532652 -0.0361972210816312 0.0547332909758448 0.120853135271463 -0.0687236346536092 0.0919091672613526
DK33 0.0407408916113173 -0.167001563222649 0.0266375635465129 -0.0116539018117049 0.122722982846788 -0.127251413859017 -0.0270476912742167
DK35 -0.016601038533931 -0.068271645764741 -0.123363228996352 0.0547866415955053 0.0740008337925063 -0.020469213469747 -0.095676012891818
DK37 -0.0127679112979511 0.0139461298859292 0.0701481738261697 0.274540382624912 -0.0132265821787222 -0.134428217011566 -0.112690656953602
DK38 0.0408435879902769 -0.0973905066037258 -0.00783860508849927 0.206017622358034 0.00645113817792545 0.0763024388170767 0.0332560743976413
DK39 0.0554903685756747 -0.0858147043499795 -0.0835792370567231 -0.0896551903268068 0.024456590876342 -0.0572446774166931 -0.0208337789205041
FR02 0.023395049288437 0.0764535162334301 0.00834622776691906 0.0673942809751162 0.0248878017604466 0.0686376931940001 -0.0471880792368743
FR03 0.0778605412095183 0.0170542536215735 -0.0969473013632155 -0.0511280543762333 -0.0352769405694717 -0.098165956186493 0.0434516331614173
FR04 0.0146296632238641 -0.0433126231588254 0.111707158693606 -0.0909415210768913 0.20127196474276 -0.109189671357269 -0.0805305344585975
FR05 -0.00668017779734823 -0.00473006888745763 0.116753062676518 -0.190436801537779 -0.0504818542506276 0.105124009120537 -0.0713690600495313
FR06 -0.051520400444351 0.0753745693605702 -0.0161949000305592 -0.129157289499912 0.00532762865432571 -0.0293815787342897 -0.100840902466113
FR08 0.0355430477691297 -0.0181708995302222 -0.0387776588195647 0.0987691873026403 0.133711394320061 0.0998504408309473 0.0269834615013407
FR10 0.0454938516335669 0.0317456530675207 0.0322899590826878 0.011949829999876 -0.123249554382925 0.0487396013322241 -0.0111168751610901
FR12 -0.0634546061875075 0.0430601191835361 0.0482599329769592 0.042909949464979 0.0801039184282828 -0.0217344994473021 0.0332721180391181
FR13 0.0165049179859339 -0.119281660390881 -0.0435021005707507 -0.14176342998363 0.0519078357191678 0.138668167283674 -0.0243016900532497
FR15 -0.0128503086105283 0.0356191836260467 -0.122067757897256 -0.0730559154900835 -0.0251359941569083 -0.0310937442668029 -0.0604915340720635
FR16 0.0566688551813169 -0.136912477565632 0.0917848268382262 -0.0340631110441114 0.0141083902681409 0.00556860109226045 0.0534965565932333
FR17 0.0597776083191731 0.0694799354552181 -0.0712582871052434 -0.0644251414783443 0.0598129681932693 0.0348336293182628 -0.00298068019799034
FR19 0.0686415112602697 -0.0218875389783586 0.0572737675326845 0.103336362425164 -0.142654777846614 0.050606637603817 0.042303206624166
FR20 -0.0339305161450255 0.131243484535124 -0.0697361723212744 0.0461721637727647 0.0876194249008602 0.0244645686892386 -0.0108260506238586
FY01 0.0462460821584095 0.0577846101319514 -0.0418284281444317 -0.077007917622604 0.0298321921673826 -0.0299563750118462 0.00717455981409437
FY02 0.0411589917991393 0.0249352249904204 -0.0934962635766988 0.00273657185844804 0.0641312337142962 0.00146921880046706 0.0786688224151547
FY03 0.0766361270264565 -0.027851173975457 0.0406704520942735 0.12960692940361 0.0288662461442671 0.0412368261992258 -0.0679817752134802
FY04 -0.131920832214923 -0.0292450733113425 0.144666987402782 -0.0200637540267825 0.018676484799084 -0.0964761208276585 0.0399391993708581
FY05 -0.00315401739007311 0.0604369760679738 0.065447747922822 0.0610222024258556 -0.137110913368385 0.00501346110469602 0.05868734666631
FY06 -0.0158941093071004 0.049562080707666 0.0884040122484844 0.0125424875454402 -0.035680365495678 0.0825837393554922 0.0440149695906167
FY07 -0.0608870993340029 -0.0728848982051212 0.0890854564564812 0.0328406066259891 0.073662868414363 0.066267805123765 -0.0228402005545495
FY09 0.0116982787671687 0.00897465299872654 0.025598279341986 0.0994050042560362 0.0486983813442969 -0.0590201478406383 0.0184162468021581
FY10 0.0222622434980149 0.093611656880978 0.0412104532583999 -0.00171571157582683 0.0313318941220598 0.122026487470311 0.020479883987881
FY11 0.0776346925892723 -0.0768136049691834 0.0321927390631475 -0.0374409703622959 0.0209148416158353 -0.0225312064501873 0.111888225521823
FY12 -0.0421610828567633 -0.0501278847961354 -0.0749879310511774 0.061118826147512 -0.0254904210241598 0.0971560103203276 -0.00718004663577694
FY13 0.0698615726708372 0.159219605151462 0.0970372578767903 -0.113298165234134 -0.0653436078525847 -0.126709904332591 -0.0762647757091338
FY14 -0.0106886928545627 0.0518778728091963 -0.0360584174634781 0.101565235227808 0.0598870071542089 0.0446838989058036 -0.0950302762749269
FY15 -0.00122581786937943 0.0417760233376889 -0.113518393922445 0.0268501022424302 -0.0525327800942819 -0.116967601888206 -0.0324061395326368
FY16 0.0556004651043693 0.0715983673201745 0.0125072949157489 0.0522055677135985 0.0247834618446569 0.111594521894539 0.00795252240856549
FY17 -0.0131833155425986 0.0509015299056873 -0.00635921444225844 0.0195465275503891 0.0370029274050549 -0.118222290833279 -0.0313912716953234
FY18 0.0152594532364344 -0.0259452353374651 -0.00535150955230512 0.0283617094548295 -0.0911627086201104 -0.0395240811895274 -0.0911384433811822
HH01 -0.116084952141124 0.0754943187324714 -0.00993224058249389 -0.1342668360821 0.0429162533456539 -0.018786822928715 0.06610770657999
HH02 0.102892718557442 -0.095918586538883 0.108172713351 -0.0986421842932217 -0.039320738316173 -0.0709685034267162 -0.0130731464838094
HH04 0.079910813208173 -0.0159521390078116 -0.0299320615212843 -0.122621100904658 -0.01024776366536 -0.0450135236847169 -0.0851016589168011
HH05 -0.0289162899457036 0.0231602225646487 -0.0217954835860401 -0.035161019349053 -0.0230432511924 -0.0662071402487847 0.0159897503674962
HH08 0.00977735421951758 -0.0388653168833684 0.0752163998356246 -0.00998777519223263 0.0128227799030111 -0.00640778176806709 -0.0676102212603879
HH09 -0.0476121508636594 0.00654234429237431 -0.0566925240166873 -0.00452020651477569 -0.0582531274463123 0.0112105062431068 0.0452131507262631
HH10 0.0747961089408281 -0.0835230032076811 -0.00627433199977948 0.118689726981435 -0.0899727055670664 -0.0761893301391788 0.224807631775889
HH11 0.0575011435882711 0.0388882971060976 0.0638105582659147 -0.106187700454696 0.0437340144720359 -0.0679758193315351 0.160254451621084
HH12 0.000527425677519889 0.00286675697636714 -0.0198918950919746 0.0372149339895331 -0.0915253976449258 -0.0717832607863642 0.0293587883194723
HH13 -0.00343070243430356 0.0269473796971536 0.0823411291708452 -0.0498196491472346 -0.00498244578900064 0.0502904405600816 0.0540931337098429
HH16 0.0669644467766223 0.0484793323449981 -0.00200304185458398 0.117102617337906 -0.0155238561685144 0.0652329791186716 0.0110470024100469
HH18 0.0609406843748005 -0.0729204706126439 -0.0179658710737984 -0.102992870066918 0.107755942378802 0.00855834260426602 0.000223490572718994
JB03 -0.0459883949313714 0.0379780974381352 0.106731337915349 -0.0201770350648435 0.122311577694444 0.0287463905598949 -0.023518645294705
JB04 0.068950267803658 0.038111575363955 0.0833401774226266 0.0677950227828977 -0.00659694067472509 0.0882359833900266 -0.0275011180057207
JB05 -0.00451003473459608 0.00114068521275336 0.0815096150140483 0.0673826297920234 -0.106696212669096 -0.154015816937149 0.0220930031997149
JB07 0.00237762342888586 -0.0268888252352682 -0.0257477020802181 0.0163294058052108 0.0123153630784665 0.0186480622446163 -0.02397261304334
JB10 0.0487828102398225 -0.0368095338149922 0.132563512122753 -0.0168150971949069 -0.0227940808540502 0.0352415001675243 -0.0222656836466505
JB13 -0.0135889047635866 -0.0420841323533559 -0.0759041727039545 0.0427016858999132 -0.0324397384440821 0.0288030757622994 -0.0334862112033267
JB15 -0.106765383221964 0.161486898874804 0.0717248331250351 -0.0220686902280438 0.00174367413324861 -0.0418537429903179 -0.0364152662261735
JB16 -0.0704115248067773 0.0202700725577328 -0.0534708889764258 -0.0142394638834862 0.0234339282341016 0.0630590220735708 -0.0143859883916221
JB17 0.001719939003842 0.0706126128367944 0.16127960259775 -0.0856798629111279 0.0278343564046015 0.116143736691269 0.00137876091680841
NB01 -0.000560968193458988 0.055396494072666 0.0143119321237777 0.00492638027351089 0.0177071381670727 -0.0982710700745429 0.0305869034182277
NB03 0.0703113460579573 -0.0240736619043714 -0.00233561777380557 -0.0431290127853066 0.067655833046867 0.0359006336059706 -0.143582266570454
NB04 -0.00679790415509607 0.00100980213385839 0.0269477356768039 -0.07555364504539 -0.0116579393787961 0.0333359369236477 0.0541666842994207
NB05 0.024437841829366 0.0166949907506633 -0.128634511880462 0.0584735276472971 -0.0606626575322948 0.084031549698764 -0.0577522528025197
NB06 0.0752738422528826 0.0298844373564817 -0.0630956298624861 -0.0772807471462834 0.00682361414087266 -0.0517765038194681 -0.103131477503668
NB07 0.083483458807011 -0.0646180074680167 0.0588065437382521 -0.0830784912866943 -0.0500160309413351 -0.057675276162447 -0.0388939764211268
NB10 0.143051685973851 -0.0729748514598342 0.13067728419069 -0.0718262174265558 0.0329567649770054 0.124361392168828 0.0553491147787425
NB11 -0.0273085125161761 -0.0189652678224184 -0.0295713139276184 0.0743852348194802 -0.0790402159377694 0.0794913451086918 -0.12434041739678
NB12 0.0601980775026435 -0.0343818490960781 -0.0580279605675178 -0.0518040669377318 0.032175560488969 -0.107515550635925 0.0960384387124442
NB13 0.03798134746616 -0.05359216071737 -0.000150796122676516 -0.0393628625371979 0.120735499182127 -0.0384129290221753 -0.0142566018135998
NB14 0.0621004555146037 -0.0649366212997822 -0.1391580032382 0.104354132779947 -0.0079684730003431 -0.0749381078468294 0.0217133433958424
NB16 -0.0563372323658706 0.0378363429591971 -0.0641350895510069 0.0721406232181146 0.0973276836493952 0.0711794739863947 0.116756163402452
PA01 -0.142967097179865 0.0240535926308655 0.0829462467901088 0.0178742220998256 0.0523974117704284 -0.0483850404271579 -0.0430372055853445
PA02 -0.0339731848503545 0.0512653303412826 0.125389425660184 0.0020519543516965 0.0335910781562217 -0.084570948399694 0.00578707764213717
PA03 -0.044043257883249 0.0178910651281187 -0.0230303867396629 0.0159909873108939 0.0359004681348339 -0.0692948308498222 0.206506791008342
PA04 -0.0126280197328621 0.0925858062390944 -0.0260967951407237 -0.0861140430186927 -0.0925527137077795 -0.0200910804020283 -0.166487926661829
PA07 0.194565907413663 0.0196336717830745 0.00666636257594539 0.0544147817578565 -0.0374071067955838 0.0141597523940071 -0.0735704340528359
PA08 -0.0538190580737778 0.0687568996952761 -0.0882558775583163 0.00416232580268976 -0.0928664273270885 0.022524035145665 0.064947645343317
PA09 -0.0312494387979843 -0.0785795282054248 0.120643676302566 -0.0542704604296771 0.0633814297973038 0.141294182511504 -0.0116911235806203
PA10 -0.0826858131629087 0.0110919458634409 0.00518953369708348 -0.0227388650820964 0.0394410233854729 -0.104803240566929 -0.0107343669030953
PA11 0.0837598220078151 -0.0706371008259063 0.115019552380332 -0.0784752265203859 -0.0396364924344439 -0.0931358691259745 0.0378164285691939
PA13 -0.0164862223397205 0.0522582428963362 -0.00218765317960748 -0.100235321701847 -0.124860085403968 0.0511493625860747 0.0619226507143663
PA14 -0.0479246673204124 0.048680207279425 -0.0869442532840163 -0.0633852653698162 -0.0600247520790214 0.121489907584423 0.0846463883015691
PA15 0.0287606268286305 -0.0440154642100797 -0.0314348940522547 0.050841236343737 -0.0600354213601274 -0.130574247451387 0.0972074803337329
PA17 0.0367362924301841 0.0218836325482915 -0.0656583168557247 -0.0781150168002259 0.0044195222236486 -0.049444861827063 0.0178819267389008
PA18 0.0221418297122596 -0.0393440521865328 0.080858896004592 0.0909537060073346 -0.0198630035844373 0.0204205127859804 0.0639046809444516
PA19 0.0297568077974114 -0.191003684901813 0.000852435115890774 0.021301896331988 -0.132348199608295 -0.0521436735951287 -0.0175868026021823
PA20 -0.0462505681376763 -0.0260588915809861 -0.0601839077027004 -0.0304902862031053 0.0094887758315886 0.0146959162770721 -0.203100351095206
PA21 0.061700829184701 -0.0107716939238 -0.110922586945192 -0.0193642988230496 -0.0298054214302987 0.0828080770490063 0.0254817638798145
PA22 -0.0481576139809769 -0.0784698010274491 -0.0481775117681347 -0.0832949992190622 0.0294690778620361 0.0804775011031307 0.0529373843811644
PA23 0.0407098567704588 0.028933604921396 -0.037882532522882 0.0552573603492088 0.0258478182353406 -0.0386257003592617 0.0549957936838387
PA24 0.000746442347107178 -0.115375883426345 -0.0615849994815661 0.0707869029873419 -0.175495850661876 -0.114807296391382 0.081986317103135
PA25 0.025288120964143 0.0373637972044418 -0.0116382186698842 -0.112335708301569 -0.0699911303876059 -0.0286877531523979 0.0630436634059089
PA26 -0.00464615397177397 -0.0160985630814478 0.0143138472852744 -0.0473445922329179 -0.00119604086557304 0.0826380721359102 -0.0658405865869114
PA27 0.0601492653346574 -0.0854957454019565 0.0297698855796779 -0.0725752399598378 -0.10887465202191 0.0307683327146884 0.0958648341901006
RB01 -0.0245924315175313 0.15293540934725 0.0133467573087221 -0.01539946799885 -0.134436552663094 -0.0968791026987844 -0.0269825332849995
RB02 0.0691856570293237 -0.0350445103366013 0.0321905162856706 -0.0915453070021903 -0.162749591970317 0.0650289605591023 0.119913433652246
RB03 -0.0737854284312818 0.0733997012330446 0.00931446839279905 -0.132775254091954 -0.115807748020295 -0.0246380805003975 0.126516669468621
RB04 -0.0477061595548147 0.106221205283712 0.0247272718021206 -0.00132019102532941 -0.0740236367231199 -0.0397856812225233 0.00397723329108486
RB06 -0.042935880471537 0.0791109710450076 0.0947924404151176 0.0730622113676107 -0.0177250600013943 0.142285246313216 -0.00538164477001027
RB07 0.018792134173998 -0.0285304573972841 -0.0724180812943265 0.0462938870881544 -0.00512880177216549 -0.0371318305497769 -0.0645154588145325
RB09 -0.0886786791479962 -0.0203499303875601 -0.0099157105944409 -0.0212046908785408 0.0436340654845875 0.140809569045441 0.0274547337891466
RB13 -0.0197002655968832 0.0983289514971802 0.0107730978510781 0.0455515311412033 0.110676830871634 0.113351173135041 0.0785025650232816
RB14 0.00309777030545349 0.0103436158080316 -0.0398219082057221 0.0208561949910908 0.0177269634204075 -0.0152825216492669 -0.0409136839117383
RB16 -0.0324711257958674 0.119251505376786 0.00876669799144487 0.0590751425177795 -0.0565357483505698 0.032734260751112 -0.0485289587485638
RB17 -0.0366695761444565 -0.151309561213147 0.0452181664541974 -0.0264534418457775 0.0778071085995384 0.0525569489128943 -0.00170886661475941
RB19 0.00902099245004207 0.16452349539706 0.0886786379244592 0.0727521780639851 0.145944575118551 -0.00944306576834567 0.0254253926467716
RB20 -0.00489130158331917 0.0166628085383859 0.0542089685463636 0.0187129086004191 0.00539766610141153 -0.0862433162711997 -0.0107398334102868
RL01 0.123036785754195 -0.0873125929359291 0.115977278524412 0.0671564056648154 0.0524599348067499 0.0906825791727355 0.0263694291572049
RL03 -0.0694133619893719 0.0705883653791192 -0.0139716029060485 0.0950333919875935 0.0407620990640163 -0.0401946164023873 0.00346970076692581
RL04 -0.0823709249610464 0.104239653577057 -0.0138884060405528 -0.108414832289731 -0.0109571954596159 -0.0198200787168389 0.00213053524370458
RL06 -0.0398047083829909 0.136428566757057 -0.0406390880177799 -0.0335398994782908 -0.0409232015149291 -0.0299468487462345 -0.00163326992970949
RL07 -0.0786520847438279 0.0202419384413404 0.043674287711425 -0.0120731627326193 0.0291423302492087 0.0153531258648446 -0.00699166029295977
RL09 -0.0298488732980974 0.0258853280503904 -0.0641431253362866 -0.0759591164369787 -0.0218440999733953 -0.0135721434847622 0.0148382507247687
RL10 -0.0324993598246038 0.174982102166847 0.0725331626535471 -0.0703802970411932 -0.0152691913672812 -0.0554246980796385 -0.062823488200845
RL11 -0.13700566630331 0.108884124032663 0.0125883732241647 0.0299465301010331 -0.0298260813791366 -0.0400111583030144 0.115900400321373
RL12 -0.104402537538925 -0.0015571886489518 0.0821493525985759 -0.0136338813195665 -0.046860534129548 0.0994489890211037 0.0292942009737249
RL13 -0.114574705040575 0.0489533940736348 0.143741037443424 -0.0567253126838542 -0.070237445146857 -0.0935902764522562 -0.00913098823991106
RL15 -0.118158832592905 0.0893983605496274 -0.000925908977694495 0.0987376554452058 0.0272447581100278 -0.00417503032485986 0.0835045705618737
RL17 0.0223493822437132 0.0469859740258382 0.000331861421816663 -0.0487681654776986 -0.0961475094396703 -0.0138062668950742 0.109781912654269
RL21 -0.0263953039906545 0.0663326751212276 -0.0694379681572829 -0.0516037335981633 0.0361003059819967 -0.0115873498889791 0.0155521419994587
RL22 -0.0812872585456389 -0.0416671072787283 0.237393191440321 0.274569826583913 -0.0237491071177378 -0.0868764645370162 -0.149709951872308
RL23 -0.0601637281162322 0.135052050440959 0.0864128312893133 -0.0587366948642393 0.0534301942943526 -0.0642315528489207 0.0432413717758019
TR01 0.0423149429198983 0.0638548269249608 -0.0214752379306418 0.0472724787004218 -0.0118137022792248 0.120668565907102 -0.0733350253015757
TR02 -0.00812322384220009 0.0370753390085404 -0.0765070160736834 -0.0277247516737095 0.0467759366817063 0.0252190526366767 -0.0283733406644703
TR03 -0.0395467847370318 0.0393327758493392 -0.0694851566383097 -0.115692056418813 0.107940350605766 -0.00602322389152023 -0.0276317937859008
TR05 0.0299571071847211 -0.0864697098891943 -0.0582383548712415 -0.070413788967016 0.00848673473971038 0.159163258345593 0.00917373789569653
TR06 0.0171813565223281 -0.0539281153414492 -0.220019484157399 -0.0103868549577631 -0.0506092303730869 -0.0666489124555266 -0.0729073172440911
TR07 0.00463638184317618 0.0191307173188293 0.000350869555720881 -0.0225771308878381 -0.0515597920130057 0.143116923237784 0.00485975266120285
TR08 0.0794325003845563 0.0724173583081163 0.0109140441120401 -0.104459994689511 0.00252242404932754 0.0607428501860301 0.0753017227477352
TR09 -0.0839144977729405 0.0910240400439778 -0.0578868459157357 -0.0189597058527744 0.0652649355937449 0.0486900705754482 0.10914204084668
TR10 0.00358645331585433 0.06381406382786 -0.12704519474624 -0.0726566892943343 -0.0473887918242637 0.0732119648216144 0.00421207914135495
TR11 -0.00339377788605715 0.0316959642618715 -0.060476450502075 0.0150651287602657 0.0323035813497407 0.0525385606247562 0.00526218089955727
TR12 -0.00439135094321858 0.0402319444724624 -0.0104028865182228 -0.0696656382830965 0.00263143559182855 -0.135309912312966 0.0209471566560288
TR13 0.038175152259654 -0.0699000128208756 -0.0746424579764736 -0.000113544116569763 0.0601885603742786 -0.238329870269955 0.0109871261969718
TR14 0.0844676294468863 -0.053790567104404 0.224497456653428 -0.0419391842795612 -0.029519454804252 -0.140265096063593 -0.0603924055204689
TR15 0.0591057316285549 0.0369472475555065 0.0283523788114018 0.0218250214582467 -0.161751796055663 0.0969949680105119 0.088540342326503
TR16 0.0580637366814718 0.0843437239853319 0.103980114103766 0.0564143830159057 0.0387601477928053 0.00715686462658914 0.0454517282666212
TR17 -0.00222122598615949 0.0438982602591893 0.0815769739840127 0.0206822232103107 0.114567694854961 0.0655128264692202 -0.158239139754599
