sample MDS1 MDS2 MDS3 MDS4 MDS5 MDS6 MDS7
AN03 -0.00413078120714006 0.0563097218376493 -0.0499834561604293 -0.0030384871603925 0.0439599796513577 -0.0676732314987753 -0.00795201358085027
CS01 -0.0731105206211079 -0.00289981262403627 0.0325951181650862 -0.159709540393094 0.00667411740958927 -0.0494003253476139 0.0936226318687651
CS02 -0.0669793245695118 -0.0195498939603301 -0.0475003901675422 0.0823906616801406 0.0585982133064276 0.124560500425859 -0.0391005105092707
CS03 -0.0551507814073195 0.0358441121519632 -0.00170087599239839 0.0448600889386048 -0.0078146070596622 0.0556408624844788 -0.0255790307866307
CS04 -0.0333881575272897 0.0302590534499536 -0.0398308011850559 -0.0344569320196914 0.0278148520587465 0.0809088289426517 0.128875737969491
CS05 0.0170059079847032 0.121120925061268 -0.0664366329182447 -0.106231749252916 -0.0460638489533665 -0.0453371800875425 0.0644874199600454
CS07 0.0672441860843512 0.0705627719023965 -0.115315118638646 0.0584270524393955 -0.13999577528848 -0.040386319819882 0.0384131178586392
CS08 -0.143243860399199 0.363696345998116 0.063841097059754 0.0272375221986963 0.0483154691933536 0.115246600579259 -0.102769697936274
CS09 -0.0696624308540444 -0.0182512263630606 0.0610322052235785 -0.0777401194454361 0.0539589173292984 -0.0880858715796966 0.0363272533394099
CS10 0.0164376983486599 -0.0623059109605164 -0.0381504566991711 0.0652731201056812 -0.0335819393630259 0.051566788234532 -0.034274609168405
CS11 -0.0910529653485902 -0.06201991883309 -0.0218914599261336 0.105300799611757 -0.0140561459822412 -0.0129768479064985 0.000628135431716068
CS12 0.045720101696016 0.0520659892182231 -0.00556589644428984 0.0994733047687408 0.0282363483090069 -0.0654896950346524 -0.0209330935580656
CS13 0.0438527624432032 -0.0912570931772104 -0.0156434684083862 0.127113082392931 0.031803601750744 0.148860725851981 0.087407169683741
CS14 -0.0264838922279914 -0.0237868152994039 -0.0330689552407318 -0.0367718859535849 -0.0255999242749272 -0.0660263647341693 0.00778250713693686
CS15 -0.046160835340129 0.0403375959380777 -0.0770839712008891 0.0107115205124255 0.0401787395506912 0.0360283067008012 0.0713359355767266
CS16 -0.0483005396721016 -0.0110476569026107 -0.107203743442463 0.0634797063204285 0.0767631526742605 -0.126366880310935 -0.0543535296389575
CS17 -0.137275076647833 0.0222194482485013 -0.00697895996567254 -0.114191676168831 -0.0153378178133028 0.0116883786031804 -0.0421504365941971
CS18 -0.0207356284783315 0.0153769994943137 -0.100864579036689 -0.0416164932889389 0.0863045334537914 -0.0454957114577876 -0.00317477252773071
DK01 -0.0313199479723233 -0.0736692089211459 -0.0330503789741367 0.0143621829834578 0.0612676245947095 -0.0505007826277782 0.0242052540398792
DK02 0.0619155200467318 -0.000194423031209406 -0.0508584898005362 -0.0867239097670479 -0.0262630958126649 -0.0104408622122219 -0.026066128356162
DK03 0.0859004217498055 0.0543664792706132 -0.115901256800776 -0.0297510486428309 -0.0671747622870164 0.0471930287769773 0.0132863640840231
DK04 -0.0699795291358763 0.0995149663968735 -0.121587818681566 -0.0903681836498626 0.15172909810805 0.0351724716339589 -0.00899481797920615
DK05 -0.125115912209767 0.529248264839768 0.0690281274149239 0.0332259116329342 0.100077402316146 0.0914168142330781 -0.179145217701698
DK06 -0.0280506078290743 0.0324996574999966 0.0773538145959721 -0.0480295811793112 0.0635316894226099 -0.0469999216670096 -0.146120118677313
DK07 0.0626472953693562 -0.0633769557601205 0.0211853516826982 0.0366400275783707 0.0935331761018126 0.0402551713345668 -0.106381563630608
DK08 0.0971617230094656 0.00750134323928106 -0.0210076291691209 0.0236480226268949 0.0203470363262879 0.100244899355815 0.0708620623758464
DK09 -0.0178183179239558 -0.0378143359365429 -0.00872573587074979 0.0643755619522588 0.0142634727586638 0.0727518629697859 0.0288312006284172
DK10 0.222052129650639 -0.00253442057138451 0.0380514748990808 -0.0403615097616101 0.00905509096896408 0.069216635244409 -0.0294460489309442
DK11 -0.0814910925049562 0.00172916331969967 -0.0540762077828589 0.0390416299639178 0.146309932894165 -0.0699469788050763 0.00900188619092895
DK12 -0.0775814697058797 0.025655959540838 0.0137092650040102 -0.000537667421958352 0.0527468274020953 -0.0389262577053135 0.0486274279839132
DK13 -0.0176618447062392 -0.0382427782505217 -0.00701902396826843 -0.0138697824121195 -0.0369843784068584 -0.0722504502581569 0.00551210381118844
DK14 0.0871218360771729 -0.00861946750245636 0.034036263586323 0.00653980671403309 -0.0234292160324996 -0.165674022825168 0.00393534188531186
DK15 -0.108457018828184 0.0259392473613144 -0.0682118829156669 0.0438444157822577 0.0495894659231206 0.0778186096177027 0.0250360871028707
DK16 0.0135512648647456 0.0112060146647456 -0.0497864017544629 -0.0482875693465948 0.00453551149855492 -0.059797783768721 -0.0284911107281545
DK17 0.0648301130513635 -0.0742068377600636 -0.0641706064536043 0.0223663244325477 0.00426522654799216 -0.0213774348988959 0.0743000085682722
DK19 -0.0416727159611548 -0.0184155582032876 -0.0872654510852358 -0.038322930877728 -0.0345951135952182 -0.108426094291168 0.0242288634321355
DK20 -0.0669250371807836 -0.00643358887292937 0.0394770461572219 -0.00116366473460954 0.101426855428089 -0.109196808227214 -0.0561091752936094
DK21 0.0450817404620625 -0.0602744854956718 -0.111231669401711 0.0387379338637643 -0.0079504882557593 0.133414815010323 -0.0573766577884003
DK22 0.0556482739958007 -0.0782772376556952 0.0390431462611287 0.141498458974964 0.11701105983678 0.0541559802790512 -0.0381104977510167
DK23 0.0671189580086874 -0.0240478204716107 -0.101467692230055 0.0754880922657172 0.0369482950678533 -0.0132051091704511 0.0114423493982187
DK24 0.022299446423379 0.122852652539414 -0.0192046728679981 -0.0664954759052867 -0.0101609306428985 -0.149047731311089 0.155367264627066
DK25 -0.0481331752230996 0.0348277558049506 -0.00343809797096688 0.00627720566617671 0.0999707358734677 0.0338772181162392 0.0226583763868461
DK26 0.110386103366472 0.082648591405702 0.021611181891715 0.0563986704895779 -0.0538971035056456 -0.0719096670597075 0.0549957675618202
DK27 0.081160955102531 0.0479914299629817 -0.126405797579411 -0.055666206247234 -0.00856706788970944 0.0667481154487405 -0.0637966664054605
DK28 0.156210517553766 -0.00334978608762564 0.0696334650652657 0.100663004875362 0.0888601634744926 0.0420887452081126 -0.0166638669470372
DK29 -0.0826551783024247 0.00294069034284132 -0.0336472334768382 -0.095194423660812 0.0561782749601802 -0.0560795629339603 0.103736337029133
DK30 0.140354871055277 -0.0514421595973803 0.0538345446031923 -0.0977209436630579 0.103486838026468 -0.114924590320637 -0.104610675494548
DK31 -0.0471201313664334 0.0508918849021567 -0.118948928912396 0.0149691348824436 -0.0821920192013302 -0.0221307000262391 -0.0385775849858105
DK32 -0.00582703409723413 -0.0573078066293299 -0.0555604006490289 -0.0750710124441718 0.0228856968022019 -0.0740660043425478 0.0805181748072938
DK33 0.0815288705108906 0.086055710203717 -0.0554870975503893 -0.108956831855158 0.0509600527633697 -0.083671120873556 0.0867759215146165
DK34 0.0681811673620361 -0.0165653402236736 -0.139533903094923 0.0919540938308286 -0.012770857415253 0.0485727016729671 0.0809656924584755
DK35 -0.0394237138982732 0.0476221396287655 -0.146162744445501 -0.000874862064248977 0.0367166214467515 -0.0140911556247207 0.0556033254184259
DK36 -0.0595082522514801 -0.0342603506423419 -0.0782627067527249 -0.0278209512229853 -0.0597413969468997 -0.093493803955964 0.0720980568548064
DK37 -0.00119316978392172 0.0120457559587157 0.0380879977556998 0.00197656259870585 0.193471453158865 0.11572527082518 0.137882431365124
DK38 -0.00213151855631024 0.000306576094722843 -0.0285854272933335 0.0727961430000639 0.186043019305039 -0.14257534071083 -0.00397165385231926
DK39 0.0281856339168842 0.0211738443386443 -0.129698837151287 -0.0373233556475206 -0.0543586557039697 -0.0514511290099226 -0.0238447245139663
FR01 0.101536008163666 -0.150997313770288 0.104069175464259 -0.139302609123597 0.0836814258789857 0.0151416425086621 -0.0703580196188172
FR02 -0.0341539285833785 -0.0702083964825417 0.0384629152728867 0.0463879944094318 0.00146051351911852 -0.0259212662335255 0.0223801149649544
FR03 0.0250215908996779 -0.0718698111944696 -0.100823817389916 -0.0644543054683124 -0.0536619943658757 0.0517594641551347 -0.0487030096572428
FR04 0.0663055882578891 0.0841420589293731 0.0135664686309577 -0.0921146796750156 -0.092785106271046 -0.0541445827473031 0.224551564182976
FR05 0.0907060385254576 0.0906472360412275 0.100372848409717 0.125581130740154 -0.162099569915498 0.0296561417324496 -0.0576374182023777
FR07 0.115196807945514 0.153808385462632 0.0282429705712457 -0.00568147891168569 -0.122249420363946 0.0711608939293661 0.0685672027157445
FR08 -0.0419171225008689 -0.018939880612539 -0.0364791403823208 0.0536995902479301 0.0326805856325765 -0.162282208634245 0.0596620274039804
FR10 0.0479280326352309 -0.0438541867929625 0.0484041843591864 0.0339315934296557 -0.00869378433088579 0.0678918254205864 -0.108102741465406
FR12 -0.0368620143030136 0.0255736007736956 0.0902770858385281 -0.0849816853577475 -0.0206901146250602 -0.011402944735315 0.0314523213125292
FR13 0.030522030192444 0.100853992637925 -0.0753491111751132 0.0480171624997394 -0.158254105912553 -0.0588589489181985 -0.0903338022646582
FR16 0.151766044135215 0.0933386889767392 -0.00237843479723304 -0.0311852398554514 0.00878425754798172 -0.051756853176869 -0.0546738968434858
FR17 -0.0204062635039967 -0.0617514740843505 -0.0618199810088698 0.0380167879164271 -0.118033307686063 -0.0121605729808037 0.0682969480746203
FR19 0.0537442611954855 -0.0375751540157677 0.0228199629412305 0.0852525770014606 0.145129008637848 -0.0229655368310058 -0.0770850749743602
FR20 -0.111925042958138 -0.0777877694660737 0.0148045472767622 0.0191834442751824 0.00041657234097861 -0.0541305435252967 0.0696323979094496
FY01 -0.0096215712814647 -0.0471841750539495 -0.0317828805147752 -0.0257232725948811 -0.108364941057215 0.00188231308093993 0.0477154931778407
FY02 -0.0559053280072034 -0.0715832054088997 -0.0744467791744664 -0.0266072464269635 -0.034518837373882 -0.0579249544482952 -0.0043442891893511
FY03 0.0667476710264986 -0.010559088259251 -0.0104855783172534 0.0497975239607075 0.0750866440865249 -0.0488636077440001 0.0108046407707746
FY04 -0.00253541425669078 0.103497364046803 0.140525891492779 -0.140957656264549 0.0271083959326703 0.0176114544812008 -0.00955596401193795
FY06 0.00581285881982425 0.00755438713440585 0.0981994055696595 0.0780809227702159 -0.00698538780095533 -0.0166150261075315 -0.0292488596347425
FY07 0.00184071105324155 0.117840536070097 0.0768440221250262 0.0477199903888969 0.0379479219949795 -0.0924411463572893 0.0528898808974836
FY09 0.00166882481965138 -0.0437328522788952 0.0381850722239687 -0.0839546961509349 0.0879795754054284 -0.043615545515754 -0.0134799187753211
FY10 -0.0210445840362703 -0.0508810448940461 0.0710544448413505 0.140158460109093 -0.0254821438446453 -0.0703209748138872 0.0812120555916822
FY11 0.0997699709488203 0.0152493527121023 -0.0425717621847413 -0.0884814641938323 -0.0341106482955785 -0.0447461669051634 -0.09423081652445
FY12 -0.0736259596395097 0.0373456153492869 -0.0329193666293455 0.0430893735676834 0.015749088815402 -0.0125101777659954 -0.0718984278331082
FY13 0.0826928723483161 -0.116154545523669 0.122997929980189 -0.0544865050871633 -0.120274608918785 0.161643404835642 0.0557752210244658
FY14 -0.0505631531420998 -0.0479363116236658 0.0327808635352484 0.0452192423607974 0.0307734354211524 -0.0642506651955815 0.0122232583911633
FY15 -0.0630339460538067 -0.0508894476161427 -0.0750613584119337 -0.0249749880397747 0.0327944137192763 0.10950001717897 0.0355606400207319
FY16 0.00271492490214873 -0.080394021185522 0.0531876885715901 0.0567814724366168 -0.0111012698022445 -0.0424681065434214 -0.0278822757725958
FY17 -0.0277406375132013 -0.0316148229102737 -0.00935986323947453 -0.0475192026326219 0.0380072457271779 0.0499020818304512 0.123536401403952
FY18 0.0360555049675716 0.0212249904743405 -0.0352002553921906 0.0567334932517654 0.0551096432319713 0.122313456826801 0.00109617048830309
HH01 -0.12164746280922 0.00618099791673686 0.0877112873576698 -0.120422966082114 -0.151339362397485 0.00146402706344791 -0.0635290342059718
HH02 0.17620736940376 0.0122037462921973 0.0334618812327385 -0.0962576354703906 -0.0231242992887781 -0.0137534172519337 -0.0900177505507325
HH03 0.00543651764544239 -0.0258788292875107 0.0100498279677177 -0.0760440164001894 -0.0424171961083557 0.0193676449045748 -0.0363551164754785
HH04 0.073903567465959 -0.00981592976181516 -0.0805039506990246 -0.000506501769924073 -0.109796335180702 0.0810769781594001 0.0547287902956961
HH05 -0.0279867493683403 0.0176320501655687 -0.0254744611457693 0.0202232083624639 -0.0177549979738427 0.0673603252653684 0.0594285478113796
HH07 0.000679417805122924 0.0980213781226757 0.0189342211769897 0.0616384967764233 -0.0604355299977773 -0.0362883211137546 -0.0294292544554887
HH09 -0.066853044523548 -0.0117757110251515 -0.0193768991313306 0.00485040053616581 -0.00828934876173147 0.0317275229786987 -0.0989711496927451
HH10 0.0654842148074987 -0.0265515933517569 -0.0450248948580189 -0.120064728571088 0.137221526670065 -0.019729790380785 -0.120290456650345
HH11 0.0490057636794434 -0.0281267550570023 0.0192815729727954 -0.0742946320506654 -0.0991772423986079 -0.0286864327447651 0.0409065705830575
HH12 0.00815042400169647 -0.0106150100872694 -0.0348799334221376 -0.0199594400059927 0.0372720415306761 0.125102427614182 -0.00480012313439542
HH13 0.0137269732481653 -0.00995518513740223 0.0822395090458187 0.0372872861995686 -0.00300617840721131 -0.0311154087690633 -0.000700047720089549
HH16 0.0174581676749733 -0.0845948482550675 0.0243259374055716 0.0605345666529208 0.0714064266379253 -0.0456717072286421 -0.0460238696099609
HH18 0.0576564768708549 0.0425441171071561 -0.0891675646215218 -0.000485739837450951 -0.0810974568334964 -0.0514863291738423 0.0687563861960986
JB02 0.0484601530775934 -0.0374639940647723 -0.0350630930847104 -0.150475740295484 -0.0293701161710627 0.0314971003865675 -0.128636274423164
JB03 0.0042016741380603 0.0494093799997627 0.0884054675504072 0.0199646806006206 -0.0515023454784637 -0.0490589160292787 0.14307856177827
JB04 0.0602148825867645 -0.0466751921633327 0.0719210345685477 0.0859499625344915 0.0296155729637673 -0.0409257193698747 0.00264608814742905
JB05 0.0497604962909522 -0.036118683756002 0.0873100674746697 -0.154179153459873 0.113497689063701 0.103942934372409 -0.0702910960823502
JB07 -0.00806501540632589 0.012430197545184 -0.0432387528140971 0.041663188805776 0.0176769997414361 -0.00400270771116185 0.0640796839346815
JB10 0.0869446265423038 0.0320786566613365 0.0574785227967267 0.0346604618195994 -0.0119745270408926 -0.0152761562486288 0.039311440463505
JB13 -0.0410340262154225 0.00980491952924099 -0.0943200424783271 0.0993207403087434 0.0543188521226755 0.0400220617137316 6.90152384907636e-05
JB15 -0.0725012657187983 -0.0229869002590374 0.142193193757283 -0.0159323794806544 -0.0467553737100695 0.0949758459037602 0.0948474438733015
JB16 -0.091295546522151 0.0159435432168662 0.00144475992164448 0.00682969293786648 -0.0425814127514015 0.013940814154846 -0.0339438086052739
JB17 0.061876646498145 0.00915348307516459 0.164865334477429 0.0143079197224522 -0.133164240754595 -0.0078806743695929 0.0188023669809148
NB01 -0.0112311076956821 -0.0314606495998285 0.0168088403860041 -0.0611182146979951 0.0133818082470598 0.0181482195589084 0.037897036505894
NB02 -0.0411724424025135 -0.0261375373655556 -0.051361427465112 0.0732490783349472 0.0879548534950851 0.110026668731807 0.130754656302987
NB03 0.0433319305913306 0.0183175195337188 -0.0363552336899555 0.0989462522314433 -0.0834986662832598 -0.0352650599469954 0.0630451665110886
NB04 -0.00189257151174071 0.0267479735853559 0.0287229962764357 -0.00738141552621288 -0.0691847564051337 -0.0172876051525223 -0.018368209512306
NB05 -0.0551429011354414 -0.054249585368447 -0.0844240664130173 0.154366989729144 0.0589737138777228 0.00622519199647245 -0.0431766213276348
NB06 0.0135324123485294 -0.0543641460818718 -0.0859638429990957 0.0381452401622888 -0.0784790962379644 0.0606375748875353 0.0796319237810997
NB07 0.114157692841147 0.030490655582513 -0.0504728721467481 0.0193332816108513 -0.0495297104650152 0.0524622770392844 0.035719636053624
NB10 0.183842828604098 0.00518482810504363 0.0479155836535792 0.0362895427082423 -0.0799841712510745 -0.123534630633123 -0.0800945441954329
NB11 -0.0177131717184188 0.0345361181753245 -0.010349080316142 0.153136678626171 0.0760136526058429 0.0554038564136935 -0.016633635862824
NB12 0.0307670396871309 -0.0257894568013205 -0.0895955080847251 -0.100527339875025 -0.0110871636438845 -0.0440973008452567 0.00163525804974142
NB13 0.0168478509508505 0.0482554473655361 -0.0749866120425314 -0.00514813789367723 -0.0495833340259483 -0.0648920714524554 0.161156269843013
NB14 0.00527357753191328 -0.0550811222995342 -0.171775456176313 -0.0472296364943511 0.112091291929441 0.0206244439543241 -0.0278835027305523
NB15 -0.0335845061909754 -0.0325023715535135 -0.0334492404149861 0.0514276553546267 0.0230679739760826 -0.020458074556908 0.0604276855071373
NB16 -0.121478882846066 -0.0153316288398584 -0.0132306326413099 -0.0171350615233647 0.0247041809626276 -0.115210493763104 -0.00118641392411348
NB17 0.0046819472439767 -0.0200462709887421 0.0400923600749869 0.0804878143809316 0.044296495610418 0.00646783366991539 0.0112364479060074
PA01 -0.0690310735075084 0.0791016833637615 0.0997363243686264 -0.0276340880412675 0.0489115453251315 0.0242782343782945 0.142195955018052
PA02 0.00990187893369765 -0.00788276873636433 0.144734997142517 -0.10084619627481 0.0118433400676806 0.00755589227389286 0.0580352437418565
PA03 -0.0559018739667049 0.0161881365675776 -0.0202116955737429 -0.134163483561313 -0.00256755018356475 -0.0277755567938439 -0.0134386293011227
PA04 -0.0326996152148486 -0.0371403310675056 0.0248026683283611 0.0580708112697217 -0.0594455098176667 0.144760121522718 0.0572623041873149
PA05 -0.0806109536771308 -0.0532131598313862 -0.0491825009855386 -0.123418309315643 -0.0747468589725544 0.0102399665598638 -0.0422010200642165
PA07 0.13543587832363 -0.104991956092404 -0.0469494152949056 0.0740641828271409 0.00589362881155711 -0.0079351029992817 0.0179252341715099
PA08 -0.0854424303745641 -0.0376692681978216 -0.000981861534515853 0.00642831907328771 -0.0101249707841477 0.0739162379892524 -0.0957834948855222
PA09 0.0341460846395298 0.116093318783366 0.10323968994019 0.0506922148176395 -0.0703889708047995 -0.151949857998498 -0.0133774853100903
PA10 -0.0483021210271437 0.064239548191561 -0.00816050913685981 -0.0800515511202521 -0.0159172563427601 0.0419957676548297 0.112518863633408
PA11 0.153627809300065 0.0383820399274642 0.000999158903040358 -0.0644078175711735 -0.00616967652463316 0.0588317490290906 0.0640418834027506
PA12 -0.00052955789816285 0.0138104676584186 -0.0709675214486905 0.0418950632458903 -0.0148021862284104 0.063575647575466 0.0823728161502335
PA13 -0.0191932588165042 -0.00719483131880292 0.0223727868728372 0.0545997273025454 -0.0909184113927601 0.0858072774418113 -0.0907727500522151
PA14 -0.0981732873399614 -0.00189844708587276 -0.0231844785026055 0.0882685736559966 -0.111943386889469 0.00756230862344514 -0.098559648391434
PA15 0.0225673034381166 -0.0461581113817705 -0.0205505886062953 -0.159453649016429 0.10562440792978 0.00128599220695593 -0.0961592945743731
PA17 -0.00183744827318662 -0.0529405417403152 -0.0468750033672926 -0.0213145528328359 -0.0377055016004402 -0.0131330873608527 -0.0234118865339762
PA18 0.051509068133777 -0.0058950097285347 0.0889367262348914 -0.0367525893558758 0.121347093378762 -0.102730792858412 -0.0740383775336847
PA19 0.0997738949102351 0.132744294636959 -0.118814561722097 0.0174503175249283 0.0825992938710866 0.0941444822172419 -0.0354196198078991
PA20 -0.0571037664794194 0.0485875144917347 -0.0508443409169087 0.077352312025005 -0.0195641834937519 0.0697025709184802 0.0913444674698038
PA21 -0.0145310001951335 -0.0462447665479758 -0.092785273255812 0.0587663412107225 -0.0480471773145171 -0.0222700995910372 -0.0865240912185049
PA22 -0.0513805028301271 0.0965264617224314 -0.046701625714618 0.0267981690914938 -0.0960347821137538 -0.0586058121455713 -0.060126053878025
PA23 0.0192925688255445 -0.0510981148489719 -0.0244315031066441 -0.0780539518117764 0.0369183140981745 -0.0517243753273418 -0.0666861684124982
PA24 0.0147993652832831 0.0562562423298516 -0.114490442166113 -0.0451096299476865 0.148793625690825 0.132312427605913 -0.0953195626815464
PA25 0.0109033365650578 -0.0213364643022065 -0.0158450680781245 0.000182878500244706 -0.112055889600897 0.0827699190772312 -0.0338422702654656
PA26 -0.0128283205933564 0.0324113425497186 0.0236026616799349 0.0571231983142503 -0.0787183005875375 0.00272735746308262 -0.0138325364537473
PA27 0.0894013290343629 0.0207474081460183 -0.010210129003601 -0.0147508093783946 -0.0260363398123884 -0.000673948719254551 -0.185174338118775
RB01 -0.0464482970202875 -0.100058316277626 0.0784820021464001 -0.0191713146196714 0.0110895362868242 0.161200378308676 -0.0127681316658994
RB02 0.0689543685539735 -0.00556687884109279 0.0205046040296807 0.00717475727757772 -0.0782731899497094 0.0366545776670208 -0.20180428364032
RB03 -0.0657543136695006 -0.0145509500003115 0.0736831524539602 -0.0893279773106138 -0.0866512991926408 0.0882580751746302 -0.117704053491769
RB04 -0.0460272047914164 -0.0405390741333828 0.109855773076862 -0.0215684951306104 -0.0188093707299678 0.0940391656221589 0.00432517053080348
RB05 -0.0331050657761141 0.0014137625380007 0.0671846154246786 0.0023968688701323 -0.0882408734239176 -0.00693267674436616 -0.0296237342869137
RB06 -0.030953396597729 -0.0163602715664606 0.155539238070202 0.109975981737382 0.0456712170522049 -0.0528399539936994 0.00777930847803937
RB07 -0.00727883967162368 -0.0332659284897607 -0.0425215274836278 -0.0301223440335345 0.0776504696181508 -0.000224115792386507 0.001727975620782
RB08 -0.0809859423740037 0.00374575808650671 0.02849424516371 -0.100286203579374 0.0171932128853864 -0.146527408968291 0.00628223796996047
RB09 -0.0877942334379171 0.0783017117283947 0.0298048840359209 0.0486749373235157 -0.0626664151928789 -0.0927971614530749 -0.025143378713953
RB10 -0.00931379422137199 -0.0643345618437049 0.0697203960069634 0.147806072562259 0.049039743435561 -0.0319155738110425 -0.0947676903401073
RB12 -0.0180701978157554 -0.1506908175847 0.0425026169538769 -0.0235813800304439 0.0867755053645784 -0.0367826536362279 -0.0725604565106136
RB13 -0.0616603331164975 -0.0370747163337685 0.0935075852444787 0.0300967886456122 -0.0337855705963014 -0.129927437235748 0.00686192078625766
RB14 -0.0159559703831166 -0.0151159524605965 -0.0346049200984948 -0.0135474523288448 0.0281544926284877 -0.00557259965721759 0.00185455099588127
RB15 0.0269432631204834 0.0251572583323828 0.0211641739979127 0.0335200056947714 0.00914130343791208 -0.157463475739535 -0.00190027318419543
RB16 -0.0592639538328975 -0.0625970143851765 0.0686892405605289 0.0979139911070139 0.0395548822199183 0.0540791644269526 0.0135948641325126
RB20 0.0327888382384376 0.00562562566743302 0.0424289684706532 -0.0120863442285502 0.058930962507973 0.0535728354243416 0.075500921333636
RL01 0.154644330036 0.0139721331684816 0.0341550496540881 0.0401994876955462 0.0767593279689779 -0.142926752435153 0.00858695844885053
RL02 -0.0151417941278143 -0.0469639019766524 0.0636006103451878 -0.0390490392261883 0.098612841617227 -0.0351443862930737 0.00717433217319362
RL03 -0.101651327638842 -0.0138839046088579 0.0328076526811155 0.0283128968805362 0.0774623776991234 -0.021908053593438 0.0889363934261474
RL04 -0.076279906253767 -0.0146946474291622 0.0586335768029336 -0.0292915984486032 -0.111038130983933 0.0917732323349371 -0.0122685592826587
RL06 -0.0759843131623001 -0.0761869625913529 0.0389258435671902 -0.031857980901733 -0.0685192407475994 0.0998030899253154 -0.0128372649063195
RL09 -0.0586751909742179 -0.0325573627341154 -0.00289715939721837 -0.0586267021596975 -0.0807609736528396 0.0460280893711846 -0.063887746890687
RL10 -0.0325978117119285 -0.0710758915434058 0.11214945065357 0.0192817661292486 -0.0662525851457103 0.114481961783357 0.112652908000196
RL11 -0.114764998682509 -0.0189768550526604 0.132585338604709 -0.121622771684689 0.00184350263128732 0.0246509830685068 -0.100307399072562
RL12 -0.0290256297232069 0.0865156197792485 0.106099378622175 0.0287472971926268 -0.0301686243411703 0.0269649683457938 -0.0543302640324888
RL15 -0.144814486018704 -0.0359099656026375 0.0884207735525566 -0.0629236409631345 0.0557214936068966 0.00109189176932695 0.00342291106619374
RL17 0.00377720478702192 -0.0522195362104054 0.0322882776005225 -0.0228912911736284 -0.0489668810873184 0.0541989745021997 -0.0874231127478489
RL18 0.213059720824098 0.0725602720697823 -0.000409190127914735 -0.00453868034895822 0.00674980154567443 0.0551814831137656 0.00609988535757209
RL20 -0.0147488018592796 -0.0135841007651297 0.1136356362027 0.0730928448244279 -0.0423391923493119 -0.0192455812532474 -0.0632124142547744
RL21 -0.0565411296253992 -0.0325897754765391 -0.0266725084382565 -0.0530358188562518 -0.0803543509175966 0.00994254325114005 0.00771387951476833
RL22 0.0382732107083134 0.124471506264264 0.156925817105956 0.0348176733463672 0.210580593054837 0.11187405717483 0.175799004736693
RL23 -0.0334996482261291 -0.0458286884995334 0.145689767000176 -0.102554302394195 -0.0517273886133759 0.0356948781409135 0.0624577014080468
TR01 -0.0254475227388338 -0.0896342224707286 0.0356394289548849 0.105794050642256 0.041784438005377 -0.0720780573429742 -0.0182810670654915
TR02 -0.0515113725311477 -0.043070788002686 -0.0456554847657309 0.0323903667085064 -0.00562460286696877 -0.0244674600158409 0.0265374002534476
TR03 -0.0657808776929678 -0.00373134146254822 -0.0267035095269994 -0.0559829902664066 -0.124867298545866 -0.0154636130211322 0.0187262486032175
TR05 -0.0108335164584424 0.0448595335404758 -0.0817668392106543 0.0624677334939519 -0.0865750081725833 -0.115969512357999 -0.121864332592376
TR06 -0.0583289023501396 -0.0356075952230831 -0.185922489282102 -0.0183943955286597 0.0146261310783383 0.0601828425036504 -0.0634182677461697
TR07 -0.00738777969527835 0.0154617927497425 0.0187178231295507 0.132859920799144 -0.0463434390061602 -0.00946426943732112 -0.0585269681394173
TR08 0.0271324989930412 -0.0724558042662388 0.0241913192427574 0.0242562071630352 -0.100165779564338 -0.0366820953903362 -0.0233180699857341
TR09 -0.135415540028186 -0.020056722796135 0.0198663059769804 -0.0277812522216498 -0.0651700140424844 -0.0416967423357134 -0.00517498844706985
TR10 -0.0753543815645891 -0.0531855509969343 -0.0519961682379005 0.074719322112868 -0.100306732581737 0.0356343535007582 -0.0832201586012864
TR11 -0.0636543599682479 -0.0209531553285709 -0.0274320472060395 0.052678968329296 -0.0211024940930987 -0.0333986316750231 0.000727203615093444
TR12 -0.0115625941179559 -0.0252202466019926 0.00563439785748139 -0.111159944086033 -0.0640817539898141 0.0967666585026779 0.0368036775970307
TR13 0.0296304614533781 -0.00149155887324005 -0.13918957283527 -0.194864620447264 0.0504964673599612 0.0439875198271487 0.0467740222677404
TR14 0.234042647658871 0.0545184710453008 0.0877453304417471 -0.0701387490590697 0.0293253398328171 0.0752843847085021 0.104158551113928
TR15 0.0463600779345206 -0.0541663542162866 0.0290329623439498 0.103399924000844 0.0221020039425985 0.0712838579802348 -0.0975713397752908
TR16 0.0245574569530205 -0.109676823442764 0.131959177130732 -0.0228644809585086 0.029454281864134 -0.0725981552095109 0.0255484150287049
TR17 0.0231002724792958 0.0206115864364307 0.071996285202932 0.105507049377429 -0.0337201190247499 -0.0379383077528541 0.14443207944261
