sample MDS1 MDS2 MDS3 MDS4 MDS5 MDS6 MDS7
AN03 -0.0316013046594643 0.0223614003893279 -0.0556594716018996 0.0325650632905147 0.0238308976483708 0.0316792253422127 -0.0253428977187172
AN04 0.0589859845854584 0.012736800679007 0.00913408190982615 0.0296883156238533 0.0269356008247068 0.0268882867136368 0.0625074324104612
CS01 0.0695713366120061 0.0451445725217648 0.046794468402103 0.0813678469261113 0.0370421043532224 0.156707326934627 0.0417088898056241
CS02 0.0122678912368979 0.0265020098862275 -0.0503646192850817 0.00771672648569101 -0.106279527099096 -0.048326757003341 -0.11121913008726
CS03 0.00609234015983616 0.0670258105508869 -0.0559596496077889 -0.0155703908033534 -0.0675093366829371 -0.0174210103671608 0.0273677310355991
CS04 -0.0123240665580092 0.0330398944003538 -0.0180731154157389 -0.0241741358561347 0.0298740994244827 0.125374993373997 -0.0627038320163592
CS05 -0.109805458891372 0.054672244207761 -0.0449338887990285 0.00667733148548089 0.0323848958979067 0.127389246000164 -0.0187781433661265
CS07 -0.117044752435781 -0.0242145668126706 -0.11475444823561 -0.0860017729797304 0.104589951105716 0.00368460626363452 0.0667097984384189
CS08 -0.156063661761097 0.369192656852575 -0.0025191188347129 0.0653652370820876 -0.131105604933897 -0.0196960323251802 -0.118852018618446
CS09 0.0735736216447957 0.0502549670015233 0.0360840990838876 0.111468792101371 0.0605871076334421 0.0233706869767339 0.0380670237285928
CS12 -0.0794305524401358 -0.0066044225415491 0.02002076729093 -0.00284604398989668 0.0676600876988996 -0.0933804811078656 -0.0877740743200313
CS14 0.0288945783263366 -0.0162237956573239 -0.0540757923983158 0.0386884495207567 0.0212855149625414 0.0340410223135225 0.0304706796693883
CS15 0.00257321449040206 0.0260502669105689 -0.111456391838309 0.0160948112590354 0.00996309800330264 0.0469362375401158 -0.0566440277731878
CS16 0.0373059331667626 -0.0224763545535797 -0.134274036269407 0.104564922597861 0.0260557473414182 -0.0571536667379228 -0.0633837630213352
CS17 0.0610517053542287 0.108546069052519 -0.0413817049588939 0.0570352638047569 -0.0809914881971931 0.076685680336625 -0.0102672026229221
DK01 0.0657363676791711 -0.0343213968686503 -0.00847741908844094 0.0177144534583948 0.0669430941711148 -0.0327047290708888 -0.0948968186707493
DK02 -0.048291050496652 -0.0548411171825971 0.000706209980825651 -0.0177571308163305 -0.0310587313226777 0.0876136727144601 -0.0380242429437973
DK03 -0.114832225369435 -0.058539196888954 -0.080252108870001 -0.0229290452027858 -0.0134966622186295 0.0695460721795333 0.0738511208333022
DK05 -0.292077994083638 0.457377931808776 0.00804825144752794 0.149050210902811 -0.170135806260957 -0.085314206719344 -0.0812868546373659
DK06 0.012589888204223 0.0412921139730218 0.0600159659477228 0.0939502049837942 -0.0914287540667318 -0.057285600337077 -0.0367197893450394
DK07 0.00727430357393626 -0.0775937446637981 0.0406395911796367 0.0620803005091723 -0.108932806903869 -0.0448727614942803 -0.0424236367134253
DK08 -0.110969151966665 -0.0553733525110166 0.0472910631006936 -0.058084376752526 0.00336649153934068 0.0149989624296338 -0.0859077778714037
DK10 -0.12555271743927 -0.139291728899923 0.117620557832684 -0.032997803071226 -0.0529501131255672 0.0184248566938294 -0.015818989596298
DK11 0.0375888699456182 0.0301721541044836 -0.0645455673411392 0.144293663828337 0.0408587110011251 -0.0298970458706188 -0.0733997891645762
DK12 0.0443215591606015 0.0652518496389457 -0.0282099432202526 0.0930424324043195 0.0335178356044136 0.00246493635888437 -0.00939355040022155
DK13 0.0366292525639703 -0.021512379104667 -0.0319094775362014 0.0641040048085963 0.023740304699077 -0.0179414366683475 0.12919369025937
DK14 -0.0335774164921464 -0.054159664934443 0.0728808256275755 0.0809202688283282 0.118775225934845 -0.0111053611817092 0.104500117054075
DK16 -0.0348774042897925 -0.0231034461107648 -0.0282469416236854 0.0907596324800784 -0.00279506636455207 -0.0146896442080775 0.068336483291985
DK17 0.00871307462498298 -0.118133398196144 -0.0354475807928564 -0.00413302112239252 0.0739592597060154 0.0058531520096775 0.00665001817565166
DK19 0.0369250646162752 -0.0011571662246886 -0.128221961607481 0.0175686172747655 0.0638250871247981 0.0346034889676327 -0.00204913060139954
DK20 0.0624989008113885 0.0367872344663637 0.0250367125216931 0.15077359652547 0.0180825406022394 -0.052233013792915 -0.0226730295597628
DK21 -0.0192887709424301 -0.100672020922994 -0.0813537520161751 -0.0989498770996547 -0.126943040018802 -0.0452431830496364 -0.0919448542379705
DK22 0.0061051977918757 -0.0852385611587042 0.0693410970237397 0.00149520904895855 -0.0235505413683176 -0.143318658329714 -0.159036322809014
DK23 -0.0553181787987805 -0.0898137716300816 -0.0598884518551399 -0.0130759242157157 0.0405898217196354 -0.0504948494069442 -0.0549033520004387
DK24 -0.118042210208881 0.0627464890938031 -0.00518806735247774 0.10655022494726 0.157338480763948 0.115134399940798 0.0393764392799557
DK25 -0.00908836647903108 0.050588924444466 0.00252426962819421 0.0412679463552044 -0.0119700584012916 0.000202088962751362 -0.162645073925796
DK26 -0.115375604313844 -0.0118909364660721 0.0356778780759872 0.00409871318155201 0.144308753769165 -0.0175679110607918 0.0906645493713762
DK27 -0.124050652684045 -0.0858510213108347 -0.090622070933367 0.0329830953162124 -0.103732804876658 0.0185492480927651 0.0312013872843189
DK28 -0.0874581059043759 -0.0757709143773834 0.150901369594949 -0.0204268367940919 0.00799336910859414 -0.031757461391446 -0.161463678068361
DK29 0.0525636055971802 0.0310426844244927 -0.037079589777459 0.0669250745495523 0.069408459291508 0.117150096383989 -0.0217842033599519
DK30 -0.0512821422462518 -0.148080454699031 0.0989822052979288 0.150417324531241 -0.0595552531526829 -0.0385214232783791 0.0218903216624504
DK31 -0.0308437184638227 0.0282911906063587 -0.169057208379923 -0.0297373882436201 -0.0357126350054379 -0.022370013798737 0.0477761244333871
DK32 0.048588708550254 -0.0636490750291381 -0.00926274920745587 0.0462038711545217 0.0888763528981349 0.0987177756417221 -0.0023008249760452
DK33 -0.111323760890563 -0.0366018597178794 -0.0554354881949514 0.140508330094722 0.0378243032320344 0.0729592856087972 0.100852661643071
DK34 -0.0706504878638046 -0.0946772184821111 -0.0895459760354314 -0.091609970169336 0.0967808529668828 -0.0254179909541203 -0.0517845359959291
DK35 -0.0271859565725997 0.00721474759864557 -0.160187356147352 0.0344631180108694 0.0328360997175828 0.0834255150135205 -0.0759740565180411
DK36 0.0558403473972042 0.00938929995180716 -0.117768391975078 -0.00304947353097554 0.0705416936984899 0.0672553828960813 0.029156396636144
DK37 0.0523494122953731 -0.0475098840277734 -0.0128601047011993 -0.0142807213793658 -0.00530502852423325 0.0382350906122497 -0.0935796284659443
DK38 -0.00709351918625181 -0.0451973726682993 -0.0315192371619982 0.185341021359741 0.0689172660392806 -0.107050313971417 -0.0842412883872927
DK39 -0.0495500035903236 -0.0236986332592152 -0.122822810835626 0.0083220353387267 -0.0248554855262503 0.0687183611630316 0.0672149284631413
FR01 0.0672348879770157 -0.139200017189226 0.173323583131576 0.105474134176229 -0.114841024302447 0.068098330084462 0.0108301487193058
FR02 0.093602361349185 -0.0177112699997928 0.00911561608082359 -0.0102179748620251 0.0385090771922183 -0.010407817917269 -0.0127864847436151
FR03 0.0157005852356726 -0.0838167364208804 -0.0659396963328987 -0.0426766287554097 -0.078301046942241 0.0524842063164905 0.00766153919426678
FR04 -0.0972683296971231 0.0224368231216775 0.0410311153347191 -0.0202630817949837 0.155256216296546 0.183773028299912 0.0781749595790747
FR05 -0.104137044366733 0.0597743309066841 0.0847337981687388 -0.17234114593424 0.000599934541186144 -0.148614862306745 0.0958815324128649
FR06 0.0257205630018121 0.0705795760131147 -0.0278378530255145 -0.160934830401838 0.0474534543444245 0.0888247445410147 -0.0337854202592113
FR07 -0.196167696669883 0.0579131813708693 0.0826361320879126 -0.121269095906534 0.0280535500385669 0.0701628704423405 0.0569577457567385
FR08 0.0381290540207127 -0.0130350419612209 -0.0723949014661412 0.0881294906018616 0.121032539727052 -0.0519482643619553 0.00408149621606025
FR10 -0.00349892782281767 -0.0581532927002494 0.0669309366558699 -0.0214124940153488 -0.11002908339727 -0.0606336099552844 0.0309020937804726
FR12 0.0451051950703302 0.0615431700485215 0.0399934888249165 0.0123344251920843 -0.00808191853422639 0.0857474912743272 0.0640451335854214
FR13 -0.107269917904779 0.0258372533473259 -0.117381391275753 -0.0795234688324525 -0.0170975007265835 -0.0610638067588182 0.137060733548413
FR15 0.0239316747644658 0.0077850186188757 -0.0666628937014339 -0.0925135248066873 -0.0362379972955102 -0.0105300401947029 0.00566860147923351
FR17 0.0495851531937142 -0.0292393454891668 -0.0807811706660121 -0.133076371101036 0.0582911535622406 -0.0114708557158739 0.000610065481962541
FR20 0.132133092348751 0.0376826355587712 0.000340055977510119 0.0069471998195895 0.0783868900492174 0.0495061143670054 -0.0492996387338026
FY01 0.0416639397040116 -0.0218601364184824 -0.0581826491895943 -0.10833202438517 0.00675941879215103 0.0374640266853119 0.0340848655287115
FY02 0.0790666221577903 -0.0386086708687032 -0.10378613628835 -0.00620541018170907 0.0228706220170119 -0.0138593097264465 0.052128213450071
FY03 -0.025688910165554 -0.0753179118948245 0.00966698308306317 0.075810372731373 0.0620477223972269 -0.0236653132057712 0.00314077430650043
FY04 -0.0195016137397114 0.113740108401417 0.122825792587142 0.0670110771828387 -0.0989640489932754 0.12255283185581 0.0364448700136959
FY06 0.0120359961794377 0.0355256295879758 0.0904715624306269 -0.0247193554202538 0.0279267347548014 -0.114815961709711 0.00556270823177073
FY07 -0.0772970453940132 0.0850200090928084 0.0422485102992264 0.0858282275773127 0.0735143237776718 -0.0481747888771562 0.0432093722020408
FY09 0.0532770615527398 -0.0508257087809461 0.0328145378392318 0.139597036009682 -0.0269742675899288 0.0359879843552577 0.0674893624695876
FY10 0.0531587720625822 0.013933996493751 0.0435084085164689 -0.0624241595008962 0.148492567403444 -0.147542492970738 -0.033869127637363
FY11 -0.0701458965035638 -0.0860946411811826 0.00778721800060358 0.0143869505466485 -0.0606290308925751 0.0256977806757797 0.0861221837124065
FY13 0.0417981096319129 -0.0834012386686713 0.130204749231151 -0.207126300009939 -0.0823138509475395 0.0564308317534937 0.0658839397207281
FY14 0.0760442609105322 0.000263255090201201 -0.0151336257006554 0.0817509642751951 0.0224784368682333 -0.0557119695529603 0.0194280296450351
FY15 0.0497495320008535 -0.0338611845489648 -0.0577607703190063 -0.0554505875867806 -0.0505717845443407 0.0327375705362053 -0.030395920971676
FY16 0.0717847751237187 -0.0483300560084653 0.0354745756667256 -0.00825770347020338 0.041624277214512 -0.082922039479657 0.0486498995267065
FY17 0.0481821203668059 -0.00548345133249573 0.0114722067390386 -0.0344878351892005 0.027030326732712 0.119488295600346 -0.113589043802503
HH01 0.0892984556128224 0.123851676291213 0.0264956111673158 -0.0365425851062273 -0.097456998069139 0.0691881189214481 0.165869415957272
HH02 -0.128680542700008 -0.104874884136387 0.0877611411114303 0.069608390532589 -0.102315324424033 0.00259824026197099 0.156665330451743
HH04 -0.0710330968734704 -0.0710372141398257 -0.0480693042841957 -0.109018069045991 0.0104374631544928 0.0533358372745189 0.0635566388860743
HH05 0.00401877175111958 0.0340822298797534 -0.024016385121886 -0.0716019236222796 0.0293901446389478 0.0152358485330676 -0.0585161274919447
HH07 -0.0594779385773713 0.0802508514255978 -0.00876365532217231 -0.0514925758344234 0.0269465033912662 -0.0785431324984806 -0.019081865777391
HH08 -0.068340691255423 0.00289727971345218 0.0456128850104782 0.0143801900192169 0.0332435243729749 0.042580411356871 0.0131788085096761
HH10 -0.0297490102858971 -0.111012245898881 0.00328444818321338 0.12262889907039 -0.119578105893918 0.0216124236793936 -0.0629645955253825
HH11 -0.00253686229891091 -0.0303083451052246 0.0440768429308445 -0.101452434186607 0.0503706626988317 0.0464074311820719 0.0527887347903057
HH13 0.00433056291768039 0.0190268737366873 0.0870789395707312 0.0125129810211022 0.0301960192032496 -0.0498622452810086 -0.0193271981011933
HH16 0.0615415894498327 -0.0650388277385426 0.0366719024685511 0.03305071732024 0.0153801221604462 -0.12165945567246 -0.0824340255978797
HH18 -0.0861988202022793 -0.0361910210865941 -0.0707377326045605 -0.0368909823717801 0.0742726762159464 0.0515009492020297 0.0360684929816272
JB02 0.00298312209227637 -0.0892223655488626 -0.0452523309764696 0.0453793286418128 -0.184398176880244 0.0326510733173756 0.153119357326858
JB03 -0.0197786355264907 0.0583119025183661 0.044991557936903 -0.0572260448568961 0.127107765521396 0.0499974715034178 -0.0233171267896726
JB05 0.0194564307893842 -0.0468744617193477 0.129429752915539 0.069309926596381 -0.184279442808913 0.127745285858018 -0.0102075138179037
JB07 0.00413535049529523 0.0053260335848054 -0.0698296899339704 -0.0151465549074656 0.0336120853040949 -0.0123083134801227 -0.0482594186040038
JB10 -0.0874131221714866 -0.0248029622628109 0.071886866870206 -0.0119229568903855 0.0500605937517482 -0.0309477057431095 0.0444418721392742
JB13 -0.0178084179309288 0.00951978648935899 -0.085576805505264 -0.0226943777456619 0.00972936618603303 -0.0508618375763805 -0.179332305272165
JB15 0.0860607100830342 0.0824960802560332 0.134966076594946 -0.10045698484372 0.00153042116508255 0.0751606302705064 -0.0230293295881928
JB16 0.0550853863403199 0.08125679852405 -0.0504869139500494 -0.00999324967364079 -0.0392519135918454 0.0178604458830336 0.02005888956215
JB17 -0.0258967692556921 0.0163640436126453 0.16249125998738 -0.0777557957695307 0.0413473262537645 -0.0148095364681374 0.125086100608651
NB01 0.0438098250694806 -0.00904541452732739 0.0415525246440474 -0.0451500693507001 0.00920843497300731 0.0634963510413701 -0.0263819728643897
NB02 0.0367965137800073 -0.0148317910570109 -0.0436750375456895 -0.0551419786522622 0.0662797346912053 0.0225959773391758 -0.184235603056389
NB03 -0.0317635593947965 -0.025071280649318 -0.0673114732796586 -0.0765907511903386 0.0927238603224345 -0.0817007014383817 0.106399365008849
NB04 -0.000851971357051268 0.036668513510763 0.00976173966031707 -0.0217587468479763 0.0146707302160525 -0.0204733679923544 0.0620496616670404
NB05 0.0522506846572374 -0.0172371887859394 -0.0976730901625223 0.0105221400036347 0.0233995022054801 -0.144447483973351 -0.0836918887307525
NB06 0.006531996993246 -0.0492110749847975 -0.0746915295742616 -0.105316530995377 0.0309582737117176 0.0445892443825979 -0.0100990649037238
NB07 -0.135654009206113 -0.0606697408208939 0.0144591783388442 -0.0651898959019993 0.0252999425073929 0.00824651794323071 0.0319351108603822
NB12 -0.0115752466953708 -0.0491760497651872 -0.0740549459236634 0.00983288024888918 -0.0478562235925904 0.0980902476775103 0.00728469983978585
NB13 -0.0580589729263654 -0.00449569838051723 -0.0719346517738529 -0.0509922147797895 0.14413952114256 0.0839711235742807 0.0151071154851522
NB14 0.00317318327136262 -0.106715403227143 -0.126026318804498 0.0736017777354834 -0.0608083557932709 0.0456448879741532 -0.114533619862088
NB15 0.0434842015619628 -0.00899875602850691 -0.0363896611107639 0.0473498357448094 0.0959748987522707 -0.0133126917152738 0.0195069296648219
NB17 0.00462224316446966 -0.0183561623211966 0.0590279621873722 -0.00156439723122951 0.0428061373048695 -0.0659223351602528 -0.0840980378091645
PA01 -0.00446270016965278 0.123734236801147 0.0962342288708867 0.014867809467073 0.0676994749943438 0.0883110167313131 -0.0657680488654208
PA03 0.0406890344901989 0.0397768131445197 -0.0301497430536797 0.0246406440885082 -0.00495760448849581 0.081672838118394 -0.0294296047298516
PA04 0.038569923394274 0.0223254441860383 0.00715700261333472 -0.104638948921676 -0.0341764224892447 -0.0105925977151639 0.032352217845226
PA05 0.0716550784303404 -0.00816334504159703 -0.057479813205336 0.00958066693155755 -0.069656066401528 0.102381250227629 0.0975411454654569
PA07 -0.0186712807394669 -0.186647037545531 -0.00265711018774891 -0.0403321188889009 0.0261090688970231 -0.0572452964672608 0.00070773557558306
PA08 0.0805357496379468 0.0386870770597951 -0.0336945484076459 -0.061129490269048 -0.114979002958848 -0.0407427876131063 -0.0649734960602746
PA09 -0.0748982542067547 0.0746962184428496 0.0497728512324337 0.0885722417618535 0.101800576165817 -0.134504689767804 0.224567986099002
PA10 -0.013695664156472 0.0929878657800806 -0.00770311222324216 -0.0575099903676578 0.0276696719681707 0.132938498215451 -0.0712766792748126
PA11 -0.13221685548444 -0.0746773693428668 0.0894338741024278 -0.0482176678818306 0.00799205005612406 0.117736715368245 -0.0476431764544338
PA12 -0.0343543478578066 0.00870519999606014 -0.051808404494217 -0.0870515439071455 0.0471422059887398 0.0409928964091511 -0.153860264972816
PA13 0.00370559364042295 0.0205700564880719 0.0218441629264157 -0.135196754661899 -0.0740491189329084 -0.0963065959982542 -0.016082849751272
PA14 0.0414568061116874 0.0629245433078382 -0.0675151285304429 -0.0807778133410877 -0.0320222869203349 -0.126298528029043 0.00318817650155837
PA15 0.014036980630635 -0.0896842243441547 -0.00542523688019007 0.155460720898909 -0.146785184971805 0.0545161668323006 0.0160291488121546
PA18 -0.0122889369830901 -0.030340136705286 0.112030502041654 0.157543231696833 -0.0252346341207102 -0.0588271207395401 -0.0163008622078143
PA19 -0.185860661145619 -0.0411498369168942 -0.0624813629087524 0.0042045056437088 -0.0651642592613358 -0.00770988211318608 -0.126874456926589
PA20 -0.0219212365853231 0.0683123972995593 -0.0751016083224781 -0.0144890098179848 0.026583689969117 -0.0147686698064468 0.0314793745020232
PA21 0.0198819579723722 -0.0353904104232141 -0.111076288636797 -0.0337311172041863 -0.0332416309782948 -0.11567597607358 0.000680935220330872
PA22 -0.0476132828061496 0.0699905023266398 -0.0973599915256168 -0.00646379596763489 0.0116377023514044 -0.0674907799783545 0.0959269035254652
PA23 0.0443768484352871 -0.0567764603830103 -0.00567949768729796 0.042549251556861 -0.0325961040502836 0.0340074007383376 0.012637781897358
PA24 -0.0662998008534413 -0.0330947427256818 -0.0717549498150247 0.0435354207027772 -0.156041119021428 -0.0190707791206627 -0.181790307294962
PA25 -0.0038841131649365 -0.0155205465826334 -0.00807682842022491 -0.136255246819753 -0.0530420694713799 -0.000134339479193502 0.0261196859318999
PA26 -0.0177821974490676 0.0302135528842689 -0.0197601401227316 -0.0200663147229149 -0.00254763952042848 -0.0917857664067176 0.115308815404816
PA27 -0.0842478078163235 -0.0442890490737762 0.0122847950843368 -0.0171262978104446 -0.138447508661318 -0.0757967758248139 0.00636016693505325
RB01 0.109055018421948 -0.00172899579094139 0.109553868206479 -0.0773093955960983 -0.0860581421758924 0.0594526961681754 -0.0981646764032356
RB02 -0.0493634244563594 -0.0432152609437518 0.0122906511124291 -0.0593702462556989 -0.157483410273999 -0.128220716125208 0.107070772164668
RB03 0.0558363053716457 0.0646113606154554 0.0514309047705724 -0.0766950212574895 -0.160545922187997 0.00402221471950752 0.0536936107091819
RB04 0.080168826165477 0.0294884501015928 0.0644769452783807 -0.0511660326838031 -0.0743596403212607 -0.0363578905514648 0.026440640149237
RB05 0.0215826605557694 0.0438075724914155 0.038155277044669 0.00610908502997084 -0.00812248020903421 -0.0675617579485109 0.146850398030915
RB06 0.0660682307172248 0.0531783093369903 0.106615191191334 0.0260789484558115 0.0628058445354442 -0.127846618515419 -0.0344562149020482
RB07 0.0090626277777922 -0.0455393193157991 -0.0284647757169596 0.124254309626647 -0.0387239534337203 0.0144688024815592 0.0323603429876798
RB08 0.0603935950771868 0.0653239698406414 0.00049220761696623 0.115399424965874 0.0544289717030337 0.0498791033324563 0.0167902409565262
RB09 0.00379700236093217 0.120017868871691 -0.0329489594744617 0.0154272755834647 0.0377332532592961 -0.0963917693974704 0.065011076580087
RB10 0.0486710820585796 -0.00735511732152889 0.0698476533922706 0.0422247874588382 -0.00583499701995339 -0.208332537329617 -0.0379028390111009
RB12 0.14705903301234 -0.0995164081888021 0.023880390662617 0.0949953588426098 -0.0582222422339981 -0.0479455353297383 0.00430033551275807
RB13 0.104305835113329 0.0246715733354548 0.0508093824861218 -0.00472413914099625 0.103014329466214 -0.0815733768932341 0.0417336801090777
RB14 0.0189434053718478 -0.0100846774835338 -0.0209661320751523 -0.00481330204695009 -0.00997838603042272 0.0301219474383566 -0.0837545796176526
RB15 -0.0249851631234811 -0.000245233328926294 0.0134445774138494 0.103843420811502 0.102790502871391 -0.0708838433067846 0.111438342485013
RB16 0.107191532183518 0.0322140192754483 0.0604860542222294 -0.0400987398904047 0.0163875899474101 -0.0389793178590404 -0.0779842455641692
RB17 -0.130488834249568 0.0694679434439232 -0.0141198740875036 0.121659124684405 0.0501594859767054 -0.0225897617957345 0.00477603786448082
RB19 0.13532311974319 0.000739873372429784 0.116749663052243 -0.00223020441431044 0.202004383023812 0.0314012851419111 -0.0557319579116279
RB20 -0.00457146496328762 0.00166117706465046 0.0463865058368004 -0.027360373426715 0.0349139169438401 0.0217832234846096 -0.10162336477756
RL01 -0.0900257964795533 -0.108185229142982 0.0853194184580073 0.0944211081385564 0.0911062114895627 -0.064842217890963 -0.039127246590187
RL02 0.0424740435580386 -0.0137638780835999 0.0807309750238777 0.102639091177565 -0.0151247975859656 0.0232186213125735 -0.132361757555453
RL04 0.0810819221955331 0.0833653529896402 0.00413517212240629 -0.121658511706117 -0.0766846705074865 0.0209185501367401 0.0199069687310207
RL06 0.114046924341253 0.00868158625945717 -0.000776998625390608 -0.103259949709991 -0.0924243196028947 0.0243179912578754 0.0342363604569971
RL07 -0.0025506496232726 0.0876158909845059 0.0250212252216679 -0.0283734581117207 0.00860149818220792 0.00407728180181409 -0.0316016277341573
RL09 0.0535810239638915 0.0217517927527477 -0.0606429571077413 -0.0216943950426677 -0.116487781898797 -0.000494408892049082 0.119769783331664
RL10 0.0805177177531029 0.0369708275430589 0.124429563444751 -0.135462637077845 0.0293904718906931 0.0829134635714428 -0.0211212540470715
RL11 0.12740637329686 0.0928939266888929 0.0912885658129381 0.0634773220283495 -0.121764784293755 0.0502830789466269 0.0989193386593147
RL13 -0.0520782605699044 0.114717835849184 0.17451376133317 -0.0928053248985851 -0.029575339700804 0.0850225488862494 -0.0688111013450757
RL15 0.136303672671537 0.0763492864618147 0.0437060177830912 0.0665517237208767 -0.032113734894871 0.0531116341466554 -0.00930458919676495
RL17 0.0289851793941904 -0.0280525758387064 0.0303531811074809 -0.0589001744981507 -0.107536286522056 -0.0497772996785556 0.0460569228481502
RL18 -0.20832669094868 -0.0985384050544535 0.0979023762794795 -0.0272643510194534 -0.0249419280783054 0.00408559387173376 -0.0542856952293562
RL20 0.0495274801355471 0.0415135739051248 0.0359827205261719 -0.0256223581077208 -0.0307036177139717 -0.145367460194672 0.0364234100481696
RL21 0.0521958677643106 0.0144548785056635 -0.0481156316099238 -0.0512021332704886 -0.0210504486827578 0.0798366421420465 0.008425926778221
RL23 0.097130153922939 0.0483809664976375 0.133275186312327 -0.060205518792911 -0.0063015937415585 0.0682903547467733 0.0316678421485023
TR01 0.0769901529482949 -0.0254930012788024 0.0246361377203631 0.0527348282106933 0.0491979021400412 -0.0963094386852601 -0.0218063670679045
TR02 0.0432411662421822 0.0153515120426183 -0.0378790849436111 0.00709688495093963 0.0449467429445053 0.02003423343565 -0.0915811642824107
TR03 0.0526691105334493 0.0417739084295039 -0.0728114307452806 -0.0403512642001003 -0.00217249686351029 0.0451835451744112 0.141606257020279
TR04 0.104746765388719 0.00662145526318854 -0.0160292817661104 0.110391283587613 0.0485688822339916 0.108311101411589 0.0758996540041173
TR05 -0.0450583180848893 0.01850537936753 -0.112947608224317 0.0265928933837926 0.00052992402326632 -0.0984541994895755 0.119259349325172
TR06 0.0149311599058884 -0.035069083733856 -0.204729740630465 0.0117862957606777 -0.119041404175782 0.0161992097994492 0.0124095136763895
TR07 -0.0112340396078019 0.0251234098794615 -0.00719017456441218 -0.0794807341592303 -0.00795605873531117 -0.154031560030716 -0.066345404001307
TR08 0.0318914124503556 -0.0437543124048741 0.0432487662913032 -0.0621808082067109 0.0328598235402712 -0.0689584337027086 0.102832631036105
TR09 0.113558767740322 0.0890248919157816 -0.0448637818979849 -0.0168002277547275 0.022449839859393 0.0213789817528335 -0.0111073426927147
TR10 0.0532858223182453 0.0102781316529377 -0.100050744356339 -0.103440364916555 -0.0788557804745612 -0.0701478207474855 -0.0196696005314641
TR11 0.0614682160832021 0.0228898310497012 -0.0863749789380733 -0.0232058799903174 0.0331834730870561 -0.0790478575239461 0.014479921945437
TR13 -0.0370521051310662 -0.0717724140341689 -0.0667671840190278 0.0701693229553311 -0.0523288535115963 0.227684422376478 -0.0372005395122271
TR14 -0.192621631180222 -0.111436461892264 0.211213516393191 -0.0472965497360597 0.0298189924189274 0.092761911783753 -0.0312002357424637
TR15 0.0137153512968217 -0.0557353987838157 0.0456946397768669 -0.0331516825426388 -0.0420761896523263 -0.134508178707153 -0.0439612405503106
TR16 0.0921768273971994 -0.0618997966051337 0.112238433039568 0.0651739533461593 0.0382769872228658 -0.0318002647095026 0.0758324797783432
TR17 -0.012469499259257 0.0292869415950503 0.0722144889570109 -0.0416290775625299 0.179795220853221 -0.032043201094268 -0.0521678582923518
