sample MDS1 MDS2 MDS3 MDS4 MDS5 MDS6 MDS7
AN03 -0.000706619808662046 0.0464578903363216 -0.0557757318813149 0.0188822412788157 0.0102592000562374 0.0428912741222607 -0.0450780547704519
AN04 -0.0557335449118723 0.002640883813672 0.0418343957771704 0.0171077286036291 0.0155278115978555 -0.0144037941392234 -0.0556801710371361
CS01 -0.0799868578705356 0.0181431147835694 0.0205775183766745 0.0938123190296233 -0.130105368976315 0.0567049458520552 -0.0630323163054562
CS02 -0.059409955279342 -0.00103959131304276 -0.0719253697129181 -0.0358029398911139 0.0880370900057988 -0.130753806596459 0.0624017341498214
CS03 -0.0485164077626584 0.0430908604420541 -0.0145076560814253 -0.0362094313729699 0.0339659811623899 -0.0465367262984351 0.0148932972057292
CS04 -0.0249207733249935 0.0349681643937659 -0.0472352115707429 -0.00697765612056915 -0.0583112417378711 -0.0481155197851932 -0.126665263507832
CS05 0.032988289326189 0.0960628564421905 -0.0820711700881078 0.00766515945976529 -0.11935140831576 0.0952050349173075 -0.0453061253316698
CS07 0.0766331716128708 0.0151617672711527 -0.102984093462101 -0.128176898657412 -0.00535900003951523 0.111448264432766 -0.0424678635784965
CS08 -0.0716734456210428 0.388965695170746 -0.041121950275569 -0.0383781413037701 0.0270818891173847 -0.104391544707127 0.0528671442923704
CS09 -0.0829626900890982 0.00587192848050833 0.0498518360804701 0.108327201038646 -0.0478658328807798 0.0589066489594728 -0.0314749481997772
CS10 0.0158150694005 -0.0745272719674953 -0.0379768309661772 -0.0579636372955736 0.0469949809945883 -0.0413259975807467 0.0546290709194368
CS11 -0.0952793713316867 -0.0522080404848854 -0.00181414231935745 -0.0311203651965004 0.100977457150518 0.0183235017549508 -0.00505314943373045
CS12 0.0515094015115615 0.0413344753412457 -0.000334369267950635 -0.0178341244276101 0.113763344674997 0.0585201036828348 -0.011867477296753
CS13 0.029226902920406 -0.101075796630388 -0.000916602919892651 -0.092579898101661 0.0842292082713036 -0.145755132009478 -0.0520753973864045
CS14 -0.0173178038802249 -0.0360051301058853 -0.0277048921356444 0.0515759346274977 -0.0197214257303002 0.067256957896532 0.0270115708739018
CS15 -0.0349820686282783 0.0302006657157857 -0.0723106323390241 -0.00535290645234236 0.0226877477568589 -0.0379753311538953 -0.104916031088616
CS16 -0.029441348070074 -0.0118301111757213 -0.108078193078393 0.0740274534942608 0.124216343925505 0.0983234669378007 -0.0209032958879959
CS17 -0.12847501758767 0.0465816034347965 -0.0320977959423826 0.0549330974062976 -0.102685742402038 -0.00673481007432576 0.0844571456476225
CS18 -0.0037598043851658 -0.0115113083430944 -0.108902017934452 0.131341912410269 0.00355266222823264 0.0100391334682958 -0.0127679265848693
DK01 -0.0378284330412997 -0.0636600582128336 -0.0177332524698639 0.0386638610413145 0.0453375509418121 0.0305997371269877 -0.0546385216679182
DK02 0.0557197100094541 -0.039845823513 -0.0334464314501375 0.0221680679395584 -0.0965606533438132 0.0206949042243565 0.0156892243383556
DK03 0.104561143503617 0.0105926422682912 -0.11153301669117 -0.0477322527053305 -0.0364638010756288 0.00270486468449715 -0.0198571485393302
DK04 -0.040589227965252 0.0819397619761763 -0.151944953066908 0.127063039652435 -0.0116689902147674 -0.107313553895469 -0.0599514356001395
DK05 -0.0180006872961405 0.551096358782064 -0.079575689952582 0.0309498799178392 0.0703403289790166 -0.0994818396751905 0.112637075459756
DK06 -0.0145113079010312 0.0644754489300303 0.0583377163168222 0.106874662160909 0.0113573088094703 0.00774128548053904 0.0772187295211562
DK07 0.0596477673210138 -0.0567593935721959 0.0273844639344078 0.0732851487368557 0.0814074300455604 -0.0833271861077469 0.0807104094242396
DK08 0.0952502123587888 -0.0120086433627697 -0.014861790758245 -0.0665852601481997 -0.00840032330506857 -0.088729722672084 -0.0389717917095374
DK09 -0.0181660912965019 -0.0327382055478056 -0.014840844870581 -0.0367527896412242 0.0480424605546206 -0.0622896140135401 0.00561284385326749
DK10 0.208316857106965 -0.0230646782226752 0.0645724791157589 -0.0111955976370698 -0.0502683441881053 -0.0659902511145599 -0.00245124539741317
DK11 -0.0684965201944898 0.00809799949422377 -0.0593420036220071 0.12606972711832 0.0893182809184801 0.0119131769602387 -0.0496494776135208
DK12 -0.0828039038658979 0.0402486284895439 -0.00457425593344771 0.041443152745622 0.0285744326951254 -0.00400010877164946 -0.0485566715333229
DK13 -0.0229243362826453 -0.0471195386383214 -0.0115474180571508 0.0280514153368986 0.00157464478066198 0.052258569568038 0.0449574575540365
DK14 0.0810333048730655 -0.0252681121817666 0.0567009063022897 0.057618409195361 0.0290403833909004 0.154109413374795 -0.0161637755615987
DK15 -0.10423173767485 0.0323275892979769 -0.0822251636502696 -0.0180440263381366 0.0516469736978415 -0.0795342090900418 -0.0451690339374567
DK16 0.0156933693262155 -0.00329295599728983 -0.0648929624384167 0.0468499829390787 -0.0167094553263917 0.0576669269057606 0.0431154041598535
DK17 0.0479887345951673 -0.112310465510889 -0.0330990118530029 0.00393321011226822 -0.000928679372683059 0.0352676320095078 -0.0621711271054706
DK19 -0.0412977467728103 -0.0228916170298765 -0.0811287526274537 0.0108504649677021 -0.0266616227853319 0.122745346177303 -0.0484883752354976
DK20 -0.0707044040179566 0.0141782137035269 0.0299842527844312 0.121759224657388 0.0674850849678311 0.0457987630761353 0.0309419457455052
DK21 0.043585589586089 -0.0785437991671725 -0.105506031890923 -0.0784179580617664 0.0209079024065054 -0.11734964791884 0.0400598917194866
DK22 0.0511012222217997 -0.0559359977894155 0.0468446140504789 -0.00400258589103428 0.166411213955342 -0.103539551186657 0.0234134807869209
DK23 0.069155713503721 -0.0558056823155344 -0.0851102770110453 -0.0150154454782765 0.079646337774857 -0.00750188251412264 -0.0539151452397987
DK25 -0.0301021180560829 0.0463546718126842 -0.00458782142865165 0.0405291317901173 0.0374438147064365 -0.0711698008203399 -0.0338546289858366
DK26 0.113645142179149 0.0503068227365249 0.0397524486919621 -0.0559319414990614 0.01932808978869 0.108736808014974 -0.0751396704275738
DK27 0.101456738797212 0.0172806851980563 -0.137592570883298 0.0169121177746658 -0.0370012389399312 -0.0481242791829425 0.0518268329280374
DK28 0.152176114174952 -0.00965220498405133 0.117620796654108 0.00825401887769289 0.0982693789475809 -0.0467790693567926 -0.0530512736225143
DK29 -0.0918380088251363 0.000389504579176574 -0.0405362954427302 0.0852265515805434 -0.0730884358281014 0.0310399344864153 -0.100207285629025
DK30 0.140720032660015 -0.0572573577490492 0.047986459253815 0.202817289217359 -0.0125539798922129 0.0348453644866428 0.104485359263853
DK31 -0.0193562084284714 0.0299488209661853 -0.131069023669124 -0.0527572426662037 0.0144238675530363 0.0492607297464419 0.0304571510980929
DK32 -0.0196560299933832 -0.0807214764842967 -0.01665819300802 0.0704830692384847 -0.0416523883455231 0.0523748338227876 -0.0821747004459038
DK33 0.0853270641954592 0.051235100228325 -0.0957178349664308 0.0979062122691996 -0.086498229045221 0.0620059052161034 -0.0420876827013445
DK34 0.0641849317043187 -0.0668752398681972 -0.113323989479061 -0.102266024771275 0.0469431896929149 -0.0299843637314274 -0.0906445832825371
DK35 -0.0300859701047144 0.0168586912451049 -0.149840950813225 0.0165870573199708 0.00998872942685428 0.0194306754705006 -0.0992049656724469
DK36 -0.0786013151776774 -0.0455114247682445 -0.0776901588327488 -0.0270875268257596 -0.0377305788050764 0.101814194053353 -0.042816864135977
DK37 -0.00269160991953238 0.0149042901368423 0.0636623542159881 0.115786975723945 0.0561952995552481 -0.182602398820681 -0.243174877359253
DK38 0.0158026501404561 -0.00109684296229783 -0.0469796049247338 0.172357068371956 0.16709058322333 0.0412046772252962 -0.00415279953006107
DK39 0.0360207574296554 -0.0227732523259838 -0.135632632959851 -0.0115209873508597 -0.0536441994583411 0.0711977079027827 0.0346987341842083
FR01 0.0585886301858756 -0.129243116545753 0.103519286989241 0.132212666537284 -0.0943562155229571 -0.0712426719962722 0.090087554176428
FR02 -0.044170132062731 -0.0505429918581389 0.0577411362803651 0.00749937819697527 0.0607170501536122 0.0172462973418068 -0.0290957829101133
FR03 0.0187981793437003 -0.0948709948475833 -0.070955024633074 -0.0235755104123425 -0.0708080479490577 -0.0380799197463059 0.0503646604889786
FR04 0.0663965500341621 0.0504379209917838 0.0252084270185443 -0.0358605836640878 -0.138605843343421 0.113588097808846 -0.159137794697534
FR05 0.0922094691472705 0.0868736710119817 0.0989531844403689 -0.193961040496961 0.0244975454115478 0.0598855558081998 0.0707618623192011
FR06 -0.0579022770264064 0.0172244537348501 0.00623269283010561 -0.175106458532028 -0.0783500327336685 -0.0152381911650874 -0.0881196511137846
FR07 0.128392076774362 0.124010041660136 0.00492509659129802 -0.136013901316593 -0.0856681255853534 0.00974766595778972 -0.0209809630100283
FR08 -0.0424065122394277 -0.0262091017520648 -0.0305876773459486 0.0691997425402532 0.0905291946219851 0.137120561458135 -0.0467269494603749
FR10 0.0507365757058219 -0.04145864914518 0.0526614662479607 -0.00728962692962954 0.054336080074729 -0.0811831358695609 0.112091507512363
FR12 -0.0389890254339094 0.0507432832247869 0.0717984975867252 0.0271132723667261 -0.0853936298121319 0.0238222726423982 -0.0285365704253885
FR13 0.0601144184145808 0.0806563191319645 -0.08876139625296 -0.11266117929094 0.0169294456181437 0.134001904224686 0.0781345580682261
FR15 -0.058161055938118 -0.0365987126205583 -0.0782917366373592 -0.0930668789984969 -0.0194818178310757 -0.0463807159375631 0.0213553152767126
FR16 0.161089993580062 0.0657300468220383 -0.0149613647765996 0.024598847549118 -0.0207165268275686 0.0612017530150436 0.0159651195662664
FR17 -0.0351728026398139 -0.079051267819969 -0.0385335092924899 -0.111328226969785 8.45499843083585e-05 0.0714426939718374 -0.0407157606242364
FR19 0.0521675257988311 -0.0339046237466874 0.029680809702383 0.0962709971667778 0.131667298464301 -0.0449220456831298 0.0339724542238111
FR20 -0.130821209413474 -0.0641152678424378 0.0347762043857465 0.00191309499252371 0.011654395222017 0.0549072578029806 -0.0475625382338012
FY01 -0.0220455728460326 -0.0604426682575666 -0.0127930219788961 -0.0844396706748744 -0.0668879513514259 0.0368614243313273 -0.0203208966360809
FY02 -0.063014056533783 -0.0752417958642994 -0.0563005595107608 0.0160377551364637 -0.0212594816584563 0.0594661436191521 -0.000405803478471479
FY03 0.0618240208796049 -0.0285858644969817 0.0234898328991495 0.075636270345884 0.0941845373190968 0.0124759106009521 -0.0922921963014958
FY04 0.0117922374525758 0.142005226333732 0.094478568133395 0.077278920210527 -0.1292847330404 -0.0241028909347465 0.0244771349460392
FY05 0.0165058301238819 -0.00323114207129867 0.0981694853710383 -0.0102200075504132 0.0582687802487241 -0.107443657022522 -0.023895107987608
FY06 0.0036725659041556 0.0227688459872072 0.119589165405333 -0.0221683557129608 0.0798345803349702 0.00286622257354285 0.015258433847693
FY07 0.0172614033871875 0.12275787078937 0.0326398975530289 0.03555389650456 0.0649151895793355 0.0705924147119596 -0.0109302031394618
FY09 -0.00830295993117272 -0.0399842945511667 0.0377206379388427 0.142132817320182 -0.01797744276795 -0.0299723476320956 0.0215513512171026
FY10 -0.0394735571785177 -0.0304707108001405 0.0755641163052783 -0.0837222967657278 0.110123012634262 0.0762341728476174 -0.0297145867744507
FY11 0.102688273757309 -0.0161482008435681 -0.0208872332758212 0.0635700406748189 -0.0564530415638946 0.0554712469018702 0.0539155198538586
FY12 -0.0543495005775208 0.037890863612713 -0.0627113188471208 0.0416152035798668 0.070367915639252 -0.00629520015103547 0.0818565866560921
FY13 0.0547221061330224 -0.0886824583475209 0.115925827330514 -0.143962937524659 -0.137908681024003 -0.116200642710136 0.0141520219107202
FY14 -0.0602854770390501 -0.0284925997208505 0.0194857393737779 0.0393472142631418 0.0725092522767056 0.0269244424482385 0.0324522072466681
FY15 -0.0692513286256022 -0.0588468500693357 -0.082183006449988 -0.0146826822413189 -0.0293203021569299 -0.126296666520347 -0.0284000420097268
FY16 -0.0145897367572758 -0.0618255089527517 0.0741679507633824 0.0081537145807827 0.0608639710741444 0.0573436177622078 0.00802752742689714
FY17 -0.0407166197910315 -0.0361147009891647 -0.00267734298949333 0.0160525520261458 -0.068659293537051 -0.0333965818191689 -0.109776075182906
FY18 0.0405257360970283 0.019370056408002 -0.0265454364095471 -0.0509700219543144 0.0443002713354699 -0.113792592227779 -0.0723319617567631
HH01 -0.119302480717087 0.0393049521176486 0.0517754979165422 -0.0378481903379066 -0.147510710357895 0.03212214435698 0.137830502048174
HH02 0.162110327011966 -0.00644178783865323 0.0208649125403953 0.0543337718755217 -0.0851893577777406 0.0157323328837163 0.123906431689562
HH03 0.0125207307303144 -0.0186604672709049 0.00232514412019939 0.00591710151994094 -0.0768600354625224 -0.00979049771111021 0.0652215828832895
HH04 0.0736212034229501 -0.041567313208304 -0.0723298961770208 -0.11139778773034 -0.0667926288925209 -0.00942206770262134 -0.00603348098955699
HH05 -0.0305890701995125 0.0112692557215767 -0.0198214350286442 -0.0640892906325311 -0.0141812864136871 -0.0492060048502694 -0.0629717697853833
HH07 0.0151685000449905 0.101334183204548 0.0142360161727257 -0.0846898930777211 0.0411624007946836 0.075356862672278 0.00134966369870873
HH08 0.0635731458890067 0.0449626014455762 0.0361029581310173 0.00461743218760086 -0.0167768266952151 -0.000931547760348833 -0.0428893509241983
HH09 -0.0504954547944109 0.00513887060672056 -0.0299380706412504 -0.0163063442921973 0.0346818036371427 -0.0499779119071628 0.0964811167764143
HH10 0.0791536420893142 -0.0350406815174021 -0.0565728000135217 0.189822634334792 -0.0373057607248185 -0.0459762206925649 0.0622374121189054
HH11 0.0397825213152554 -0.0405042512158644 0.0425417495397075 -0.0430214350996405 -0.11558898015861 0.05670128677215 -0.0257475447079958
HH12 0.0158865296056691 -0.00714933161092499 -0.0247919221623254 0.00411934156694361 -0.0201669886017255 -0.11010647073058 -0.0308580937488314
HH13 0.00334132977999763 -0.00167454880195904 0.079815149376117 -0.0110314083624007 0.0133044229496563 0.0359893875771604 0.0331386085675978
HH16 0.00194411052314747 -0.0729641470241595 0.0525493564356783 0.0616752965167224 0.0974075546632875 0.009979719839321 0.0225963952456163
HH18 0.0570824574559756 -0.00979466786263224 -0.0786001557452606 -0.04023415485427 -0.0373312614810832 0.103668878335492 -0.0430418170678548
JB02 0.0447852199871589 -0.0435974664685671 -0.0632904654178937 0.0718665311527589 -0.12577167916068 -0.0354642670429025 0.145747382430013
JB03 -0.000555721326339528 0.0562744563202598 0.10344840104664 -0.0463607141356041 -0.0176475964730012 0.0719252198159045 -0.0988095944098006
JB04 0.040312890061093 -0.0414444771246091 0.0949382728098782 0.000159194695312268 0.09360116750468 0.0221117473375929 -0.0189291001835791
JB05 0.0417711434960136 -0.0167283362204644 0.0780880365901506 0.139461897292215 -0.0986362597710056 -0.163600373102796 0.0443151012261177
JB07 -0.0198024508965247 0.0017256754281185 -0.0531028601347328 -0.0260823432226737 0.0353195857143764 0.00164114411315772 -0.051428969430278
JB10 0.096338841635936 0.032701008005435 0.0682618318847519 -0.00359161225439616 0.0225131251501064 0.023668358396435 -0.0143892055978921
JB15 -0.0895930164273727 0.0153701897923694 0.138326790119437 -0.0698145381063282 -0.0706203578166417 -0.0574205058370464 -0.0369945668863298
JB17 0.0478659342915868 0.0213069514386694 0.180518826882186 -0.0705164764963402 -0.04265055080139 0.068832123974668 0.0450807485390385
NB01 -0.0316979528208377 -0.0301746327552223 0.0324234715924649 0.00505795136995083 -0.0749504329076982 -0.0207699452982648 -0.0538617974423838
NB02 -0.0460223314341492 -0.0320477303127501 -0.0168751569497659 -0.0230498173990107 0.0663266425087303 -0.112079877027251 -0.164609027592088
NB03 0.0333969819663172 -0.0152763228478391 -0.0189205002672739 -0.0894729255345513 0.0434503086840544 0.0768297096913269 -0.0598155532607723
NB04 -0.00558163787503503 0.0239361347825606 0.015949995467203 -0.0359529407190437 -0.0345849584280555 0.0425765639319403 0.0329269365294775
NB05 -0.0610518800602647 -0.0636080411745147 -0.0740903569677797 -0.0307000686955216 0.165503727818599 -0.0315898198380292 0.0172940471407395
NB06 0.00192964106322757 -0.0772531632395846 -0.0606913950626246 -0.110961603118421 -0.00417360339578307 -0.0150753582466463 -0.0615872683287734
NB07 0.126160823789589 0.002296205837523 -0.0301078645074541 -0.0682315971146291 -0.0066981395568413 -0.0234279942011838 -0.0243554011845687
NB10 0.19158175418984 -0.021034028395218 0.072088462937621 -0.00694254593437794 0.0301438236002719 0.131669804656498 0.0811550054880263
NB11 -0.00226245476447203 0.0419486657986952 -0.024402092918859 -0.0485808249322889 0.160726272080852 -0.0834267900164086 -0.0136951966792617
NB12 0.0244338080757051 -0.0451792876389898 -0.0912375835650032 0.0340374325180109 -0.0956454246623003 0.0425643376030528 0.000128611335626394
NB13 0.0256623891568498 0.00628747741564527 -0.0704182761750833 -0.0356684940067292 -0.0482078721442513 0.0960184676216563 -0.132362370596029
NB14 0.00737299898067643 -0.0720016045617336 -0.164055365660129 0.0967527001203762 0.0177437539369563 -0.0611287491760899 -0.0342404011601846
NB15 -0.0416901529918915 -0.0415868041377592 -0.0141469435570941 0.0183809356509729 0.0543902391663714 0.0235135958357869 -0.0640473346247653
NB16 -0.12396084316525 0.00333282587313504 -0.00265749369348719 0.0768509717191438 0.0261880476988822 0.0961274214719886 -0.0242006980914362
NB17 0.00602306659076881 -0.0156782960752857 0.0487156076259512 -0.00713635113934884 0.0781604724988621 -0.0308792000812853 -0.0311914844192014
PA01 -0.066037539613142 0.110519117689594 0.0680549828498698 0.0102765896294687 -0.0311619932428608 -0.0318275162352224 -0.0957230137979314
PA02 -0.00872881281883744 0.0278887279354059 0.123002034391724 0.056381079228322 -0.106275862021936 -0.0149687467502843 -0.00487413951573737
PA03 -0.0608809993747322 0.0293190865703323 -0.0111169779710982 0.052197537829462 -0.102707028574971 0.0371511514976865 -0.0477304060072444
PA04 -0.0530482897023081 -0.0347667777727308 0.0273676472182168 -0.120314331496983 -0.00748966550934803 -0.110601711314945 -0.00154392423788284
PA07 0.113050931292185 -0.146451548331297 -0.00505484212251573 -0.00645204883431112 0.0690237521876272 -0.0124360942467754 -0.0121802211216563
PA08 -0.0886069830270977 -0.00528619688906058 -0.0256661654657436 -0.0422605013448544 0.00450541232917678 -0.0734400479838197 0.0850162184071116
PA09 0.0335444528391317 0.10736215979703 0.0654951943453426 0.0142113964282933 0.0376193324414731 0.165411989821246 0.0639215379658104
PA10 -0.0384015083139485 0.0727063289566577 -0.0142473967362424 -0.0464821645183005 -0.105740979007178 -0.0219894828023856 -0.116389267447884
PA11 0.154395130405429 0.00172649162970122 0.0147728299512765 -0.00255268061650009 -0.107794230575646 -0.0198710892362511 -0.072932108133777
PA12 0.00595742842751319 0.0114684726808409 -0.0603200419381908 -0.0963705733488025 -0.0010604190588241 -0.0150979557349638 -0.0976591888931987
PA13 -0.0157121056188972 0.00329502895000572 0.0255514443864922 -0.122691565016173 0.0197967289817687 -0.0534449157729988 0.0902399455366982
PA14 -0.0818917680846196 0.00212481335354941 -0.0294652307961286 -0.0972581557453868 0.0607055376434057 0.0328783431517826 0.126483150167781
PA15 0.013935161795608 -0.0478192814726668 -0.0397066704415973 0.172621894813689 -0.088590952967197 -0.0725474468079935 0.103948350174075
PA17 -0.0169643348651238 -0.0594428767342349 -0.0424960501207159 -0.044450467158397 -0.0375662133483627 0.0135645890649206 0.0308142085691115
PA18 0.0455294335614333 0.0172500136032223 0.0519305205079668 0.132691904507575 0.0262967467909883 0.023362259856076 0.079607914319445
PA19 0.129142262083371 0.0836194600957304 -0.131821262596088 0.0161147343114933 0.0340715576738921 -0.103852952436753 -0.0298937198225087
PA20 -0.0519963665552781 0.0362926561786774 -0.0736913152914808 -0.064746263875074 0.0542359608844495 -0.0405868570359693 -0.0543372490111392
PA21 -0.00874296702399657 -0.048610965181268 -0.0919460443137959 -0.053704218512686 0.053953412433198 0.0445081696689613 0.0639321776412125
PA24 0.0382967708755468 0.0512293423962516 -0.132222963181643 0.079977604612033 0.0176760678317927 -0.162850391438685 -0.00224741363571429
PA25 0.0111991217272978 -0.0368224434903676 0.00264539741403053 -0.0858487333632609 -0.0580755952057337 -0.0306456745521885 0.0465449232721381
PA26 -0.00523146933135926 0.0300929065207881 0.00276179333657098 -0.0470049415418256 0.0337273388428445 0.0271313080873086 0.0572638163728075
PA27 0.100077471647626 0.00471206261984972 -0.0112467543397339 0.00456239041863392 0.00407452460423466 -0.0144562352830844 0.137946071701773
RB01 -0.0646135830085445 -0.0674656353670234 0.0998446297848769 -0.0390417031229476 -0.0449422220134229 -0.150347419151372 0.00286913734720186
RB02 0.0799704467765676 -0.000548542346533278 -0.00030950542377926 -0.0448717598298673 0.00259160050733518 -0.0206300397672157 0.200635193574707
RB03 -0.0637785241839511 0.0298347080496591 0.0416004382685683 -0.0559246458794134 -0.108487132435684 -0.0522872594208376 0.146166193203867
RB04 -0.0617885475589647 -0.00570404003532454 0.0734763967887807 -0.0337777273440051 -0.0488579199350862 -0.0907314938688333 0.0613692616673038
RB05 -0.0334972490757758 0.0164041751610728 0.038235146441449 -0.0384324500092151 -0.0176318891032196 0.0219354333401769 0.0905789531736429
RB06 -0.044534705471696 0.0265854211045939 0.142476560090844 0.011789927872872 0.112723187686901 0.0343420365312354 0.00155607575403822
RB07 -0.016578685089439 -0.0359238784260822 -0.0717725152220994 0.0924977020557585 0.00210691836654114 -0.0423362239539572 0.0513303805467978
RB08 -0.0867050040754113 0.0369287180053904 0.0162612620945113 0.0818751611765981 -0.0537351276822101 0.118794810510023 0.00436196181242606
RB09 -0.0795111460822148 0.0926453424799526 0.00156900435013932 -0.0165920833712511 0.0537891184057738 0.109709921955575 0.0686428976461056
RB10 -0.0105220961397066 -0.0450546710210948 0.070858229755336 0.0116207612798629 0.164290208456625 -0.0164461742560145 0.13086133389231
RB12 -0.0398810555776611 -0.127366189035638 0.0497757519202291 0.118002050863758 0.0285366585934185 -0.0189554657952813 0.0635048134350887
RB13 -0.0754258853421468 -0.0155524299967236 0.0954460687749178 -0.0119947446878424 0.03099320830744 0.109685418795667 0.000217263673862046
RB14 -0.0141940112356684 -0.018711632324827 -0.0244993274425107 0.0118597354039468 -0.010099822680588 -0.0036909717634444 -0.0232161279970757
RB15 0.0284494675659724 0.0147592050745749 0.0226071762818916 0.067372152342965 0.0572464672219661 0.143455781090323 -0.000307780924155649
RB16 -0.0723530780025688 -0.0391624561992535 0.0830774996249016 -0.0197139298017336 0.0859485553133622 -0.0685568339411489 -0.0187012346823936
RB17 0.0555616748630187 0.1300455626446 -0.0406053513135589 0.0427396855668758 0.00445345510327513 0.0989169161646178 -0.00257701163001018
RB19 -0.0738624015344351 -0.0683522840570028 0.172885496377427 0.0292547623938809 -0.00255464524087867 0.080262405252842 -0.178260678825532
RB20 0.0201918816088563 0.00607632509328313 0.0489068736428374 0.010947913888003 -0.0324098654604974 -0.0456825630602354 -0.106687644421678
RL01 0.145935732735313 -0.012114434594259 0.0590537722933593 0.069780613755875 0.0845195138909819 0.106107780739876 -0.0487739035220175
RL04 -0.0840525077258486 0.0121621811034288 0.0464885632683599 -0.109934837563911 -0.0778346873881689 -0.0380305108490817 0.0409288233298215
RL06 -0.0873835538051047 -0.0499633799730206 0.0352645608049341 -0.0504748552142119 -0.0536364668712554 -0.0710363815424305 0.0361685688053578
RL07 -0.0322229414157628 0.0816011344488163 0.0481518113451472 -0.0405444398724774 -0.00335205466310468 0.0118865547849145 -0.0110377089501669
RL09 -0.0613718020690859 -0.0166104999212906 -0.0261349685405802 -0.0162168884851503 -0.0800672849490147 -0.0209987500390113 0.116794552538866
RL10 -0.0550998310675102 -0.0473189128169871 0.134996180132486 -0.0979571534282051 -0.0636535445897568 -0.0649176377856486 -0.0543419475945528
RL11 -0.122722820602346 0.0352011230123293 0.106974877982565 0.0825383915599987 -0.0839512518469935 -0.0577997335051277 0.119578227581347
RL12 -0.011032931313172 0.109008701353342 0.0802562436254276 -0.0161995519374771 0.0124803853437716 -0.0187185699122379 0.0557144736114731
RL15 -0.141423018380993 0.0236372587115291 0.0745138724441186 0.10508319275872 -0.0134293398280284 -0.0319045973979788 0.014939657065763
RL17 -0.00292965326762447 -0.0407732752205282 0.0246631693967824 -0.0174710478663202 -0.0297518100713018 -0.0481253014736313 0.128793870682162
RL18 0.229996589232492 0.0344347252400266 0.0023254814170144 -0.0248033131795975 -0.0192183544630085 -0.0363874051478154 -0.00147965123374413
RL20 -0.017179483740341 0.0117673502005942 0.1039971331129 -0.0407007784090909 0.0536811637823467 0.0262974668329763 0.0931007340276371
RL21 -0.0682343063727643 -0.0311475118387206 -0.0198532684875729 -0.0385923407830152 -0.0877437275661654 0.0241523783786272 0.0184286581261861
RL22 0.0495875722697763 0.156183156450103 0.150884738706222 0.1221271525387 0.0899410207413951 -0.179760917160778 -0.241632657081908
RL23 -0.0633625525594194 -0.0080998343422905 0.141825448832531 -0.00985401615311416 -0.133587315912136 -0.00129985413640598 -0.00886556748256062
TR01 -0.0438836790264461 -0.0683362149867075 0.0388104878376371 0.011554187686541 0.114259377281595 0.0470429252561172 0.0229450443812394
TR02 -0.060281667528133 -0.0362756154781806 -0.034823081392692 -0.0410435554746654 0.0274028323870122 0.0301113823342355 -0.0186591889612697
TR03 -0.0713469976646241 -0.00562277485784708 -0.0282920049376812 -0.0521133565757994 -0.0977806334558138 0.0779401304300873 0.0123838165241566
TR04 -0.104705490251241 -0.0478114374170623 -0.000932072265414531 0.11374048490933 -0.0910938895380179 0.0879825897691889 -0.0163870802004673
TR05 0.00558478426209729 0.0281094668912421 -0.0872802644677077 -0.0302987972519738 0.0757590427976176 0.143033227645632 0.102502032204285
TR06 -0.0485759362605049 -0.0490728270293306 -0.205558866201699 -0.0164606184911558 -0.0047557223835333 -0.0820566785535315 0.0670775999127607
TR07 -0.00294004639453744 0.00923274830900107 0.022148846621288 -0.102231246609749 0.111769659022824 0.00915183650947026 0.0710161677153073
TR08 0.00895501982146277 -0.0920629525848356 0.0481847761663006 -0.0470429577362494 -0.0193994115687647 0.0693995863100918 0.0654234826359291
TR09 -0.133375834785649 0.00838690392154648 0.00461373002382724 -0.015884139974412 -0.0394894172356572 0.0762688405778028 0.00911969673362954
TR10 -0.0725111993905648 -0.049222090712955 -0.0553216484225484 -0.120208476975009 0.0406466612136885 -0.00444631709795087 0.0987877820429287
TR11 -0.0719689497431627 -0.0164127632665234 -0.0190023325851048 -0.0243200736974375 0.0559814750090614 0.0412889890449395 -0.0210124942928183
TR12 -0.020741899791106 -0.0288280177617138 0.00905824423820274 -0.0106005323632225 -0.149552675192849 -0.0619846412061062 0.013029605645952
TR13 0.0320132690799031 -0.0416510756576536 -0.12581296495966 0.0998932345362158 -0.171295320252458 -0.0505966576324024 -0.0690996840803954
TR14 0.227354074466306 0.0275036798516305 0.0910714073021453 -0.016346841473671 -0.10259499262965 -0.0725003060623539 -0.0826749477263569
TR15 0.0442460892560664 -0.0497192027260026 0.035766525115866 -0.0163459106842255 0.100728072215975 -0.0681853044841694 0.0776540374388131
TR17 0.00830461581126197 0.0213958534856334 0.0957257475945458 -0.0745168112313586 0.0550139064192476 0.084528360296771 -0.13010650101111
