sample MDS1 MDS2 MDS3 MDS4 MDS5 MDS6 MDS7
AN03 -0.0173806044812401 -0.0479487718651468 -0.0544757873945012 -0.00958782826909755 0.0699481128680737 -0.0304251775027742 -0.0268717919159328
AN04 0.0533716747715418 0.0493721891050742 -0.0192559689712136 0.0193600230257728 0.002313326657997 -0.0339671069804261 -0.00636472800568069
CS01 0.0854377058059751 0.0236450547083814 -0.106485003185469 0.143151639182177 -0.0366099665698711 -0.011825983176539 -0.0122474960835973
CS02 0.0386222147995373 -0.0259581540824758 0.0535393303646982 -0.0373470554973535 0.0586139033731077 0.0804297264130261 0.063047200642321
CS03 0.0203652264944249 -0.0107063437529643 -0.0223586005635863 -0.0441421622186857 0.00531894407746471 0.00499283060943542 0.0556608153992779
CS04 0.00606732137592942 -0.0232286924191345 -0.0467843429499183 0.0831833939183795 0.0497052578743311 0.0757095247294249 -0.0816316679955867
CS05 -0.0642277697030864 -0.0825393957750256 -0.144126081618145 0.0766454949793037 -0.0121779767704567 -0.00112418589700625 -0.043743722569837
CS07 -0.100741000211315 -0.134429715158605 -0.0168201652483933 -0.0675189099536545 -0.0911654232686081 -0.0336215068444455 -0.0793615645998425
CS09 0.0811553866548246 0.0371397029078018 -0.0510312370938063 0.0829519756533294 0.0428544208080291 -0.108991309885184 -0.0293725641975313
CS10 -0.00762081884030225 -0.0337162807281408 0.0942936995130295 -0.0451729360990415 -0.0540677095973207 0.0500205291868221 0.029627986236231
CS11 0.0936075456219873 -0.0398042240041614 0.086246307092387 -0.0883272815478528 0.00298898288433704 -0.0198015563908017 -0.0287130379346758
CS12 -0.0546574136180681 -0.0126803798386871 -0.00333271130227353 -0.109672233781315 0.0708253650566392 -0.00912421442605615 -0.0326224605765114
CS13 -0.0317858904877987 0.0374113925858298 0.164914398375849 -0.00439140145454031 -0.00445935160801587 0.0400886512095006 -0.0361202855009638
CS14 0.0367564291398124 -0.0515856503543649 -0.0136978776835675 0.0183219524038925 -0.0233184599218941 -0.0246438027340229 0.0164663459274107
CS15 0.011085453479414 -0.0659806658333636 -0.0254374749161406 0.000103443268885728 0.067144959918495 0.0426750344013374 -0.0406299673299502
CS16 0.0476890751797801 -0.120858855743237 0.0425581829587513 -0.047103849226599 0.0812737912839311 -0.104896253619193 0.0133164423800403
CS17 0.111674975681932 -0.0309240134739917 -0.112672374854959 0.0522000349514592 0.00681352880605376 0.0668745691213305 0.0529245749761041
CS18 0.0155670697630292 -0.108340195166709 -0.0274065993511902 0.0500475261254275 0.0799370163046814 0.0118986457440182 0.0440608306722491
DK01 0.0531628449605997 -0.017518620382217 0.0810637536178112 0.0168320009093738 0.0405874053796676 -0.0132563623517977 -0.0673175432738562
DK02 -0.0424334015879461 -0.0400702555653523 0.0125043614883716 0.0958290930627847 -0.0516140493580768 0.00229437670057986 0.00797322159331904
DK03 -0.121068127041196 -0.0995223675554542 -0.0120038352728877 0.029540708602199 -0.0590358056051995 0.0189783475133714 0.0115682971853559
DK04 0.014733046681864 -0.132174045745541 -0.0385777179569265 0.093308825843045 0.172918961439492 0.0831017407018383 0.0244020852382276
DK05 -0.111492763572307 -0.0563932793512127 -0.313923850607207 -0.134504676479259 0.219470318886369 0.0950707609246842 0.138378491871435
DK06 0.020601871268381 0.0351611783680685 -0.0186374369714368 -0.0132122057455476 0.0597933859793007 -0.0412086888732028 0.117320190520219
DK07 -0.0326873997353801 0.0316429545530803 0.126429517372131 0.00896050180904246 0.0472043704782003 -0.0364473713444587 0.126776727413982
DK08 -0.120307110689855 0.0171156513127628 0.0310572120266851 0.0248005497990913 0.0155242651243117 0.0584189892170517 -0.061856352182832
DK09 0.0119218618852894 -0.00815430973921614 0.0406438420305053 -0.018378785853895 0.0161039299720852 0.0357168643160218 0.028241515124566
DK10 -0.200556619054293 0.0953589755235271 0.101156372839945 0.0621326900549692 -0.0295049283318381 0.0155377776524793 0.0179144946071964
DK11 0.0703969451886025 -0.0564173525117745 0.00667828896961404 0.0251510107620125 0.14471140730507 -0.10055932285859 -0.00622867047563391
DK12 0.0670220639105719 -0.0104109983711643 -0.0454254312143876 0.0108542449538129 0.050885133573542 -0.0422149569351741 -0.00204391380062163
DK13 0.0353619049644897 -0.036489225820321 0.0270515860671557 0.0201768038223636 -0.064673898373085 -0.0909120746254978 0.0283567716368958
DK14 -0.0517282912906475 0.034522764981412 0.0025735183262641 0.0131962038609199 -0.0418323747870161 -0.196166915932161 -0.0139633064988003
DK16 -0.0164585355506074 -0.0673975849722547 0.0210663684999907 0.049797882350248 -0.0248076321533796 -0.0858246350721193 0.0192820823286345
DK17 -0.0220448308713958 -0.0439866351576604 0.127902723528858 0.0518624195820484 -0.0209922855607813 -0.0520262520621807 -0.104181931979091
DK19 0.0443299481434982 -0.1010802229491 -0.0110734003249238 0.0077245929112245 -0.0290852298075026 -0.0365306949177207 -0.0654462995248741
DK20 0.0836026241785798 0.0132197015646187 0.00650406410810249 0.00914763925992169 0.0815923558762889 -0.106647274996221 0.0435163932674631
DK21 -0.0532912112195959 -0.0813550148443667 0.151469029532164 -0.00834829482574331 -0.0215446393342352 0.103489428052935 0.0322634664041714
DK22 -0.0303757283019608 0.0719364520248792 0.16038673325311 -0.0707926256851867 0.105780704059622 0.0177627321088602 0.0380437439701689
DK23 -0.064529630534263 -0.0740719198022435 0.0840706595600894 -0.0230267143150771 0.0411314910019705 -0.0157991452619892 -0.0111168139612424
DK24 -0.0581008850872217 -0.0458815660246073 -0.167487853372967 0.0718095359111846 -0.00554625609176932 -0.11024743752547 -0.0998529687891736
DK25 0.0177091649293689 -0.00865208993024941 -0.00234317208064114 0.00959254516611801 0.115754491570729 0.0423757760510408 -0.036286666806817
DK26 -0.12433262261076 0.0171989300842499 -0.00951445507656295 -0.0403935090116064 -0.0441630900869087 -0.10636600756567 -0.0979843248379251
DK27 -0.110096533492786 -0.131834408288234 0.0005436367215892 0.0367389673297411 0.000674611008436418 0.0574373194012932 0.0993952496070973
DK28 -0.132680124238852 0.138925245839747 0.0925408101341857 -0.0269189683294988 0.0746415879697859 -0.0239305699071555 -0.0492886162683764
DK29 0.0877756936337746 -0.0497193752461494 -0.0672581373467732 0.119281488373616 0.0468313920509903 -0.0201517731389167 -0.0801158413056346
DK31 0.00476266941443092 -0.144422762841655 -0.0408437195557073 -0.0671329004356803 -0.0417992003489977 0.0330970250685445 0.0373413743361281
DK32 0.0496335861924768 -0.0380108489486899 0.0423163188839487 0.114870770398554 -0.0111939634805273 -0.0562200460935247 -0.0910610961785234
DK33 -0.0983540577322053 -0.0763410892337067 -0.0820673524415044 0.137217335342745 0.0240834291391142 -0.122443156564689 0.000874529650509017
DK34 -0.0758834798759189 -0.0980621460030386 0.100135003530033 -0.0190690540114764 0.00272238994998261 0.0309699018213253 -0.113378831670665
DK35 0.00317194331025019 -0.149962361275861 -0.0202220753642264 0.033191195079802 0.0501244122859266 -0.00499242425374918 -0.0416545329818971
DK36 0.062895121087357 -0.0959723821656868 -0.0346874392527934 0.0144377590247767 -0.0524645987710652 -0.0380023078562176 -0.0559121358294087
DK37 0.0136700943175308 0.0624247614143428 -0.00289348115079667 0.0401757419124752 0.226492456601581 0.135567951624967 -0.0231897327179794
DK38 0.0114021915884536 -0.0522676317113905 0.00568117048003664 -0.0288332656287419 0.186925788078068 -0.101134279853233 0.0693501212578029
DK39 -0.0426669599269561 -0.129405963631341 -0.00938442629944533 0.0389166834249952 -0.0613150482533024 -0.0364333445208947 0.0163158177439084
FR01 -0.0185158343635591 0.141819775645269 0.141097643176133 0.189573837265124 -0.053549907255769 -0.0862028907058 0.125083531704086
FR02 0.058571778190753 0.0425223767340269 0.0128634226065759 -0.0402295857730586 -0.000445787193274996 -0.0222721286590359 0.018575109524083
FR03 -0.0108826422837371 -0.067447179199402 0.106237031700902 0.0601715046994824 -0.0774834200599164 0.0633771804470976 0.0097769440229468
FR04 -0.0808675194152905 0.0154530265825179 -0.149832940971456 0.102828849806819 -0.0776192677824366 -0.0335458324383952 -0.150772273474386
FR05 -0.130888631988673 0.0898442617119717 -0.0361728926963172 -0.176292933339405 -0.109442411431607 -0.0131258735164224 -0.0141880367407451
FR07 -0.178513346000269 0.0278568888681577 -0.141671407436663 -0.024074441817813 -0.0912557727782924 0.0906784867964467 -0.0405208402165526
FR08 0.0556639295969736 -0.076954135634695 -0.000395979046095344 -0.0397674761921945 0.0428433917613959 -0.132441498396425 -0.0661660796504319
FR10 -0.0327975838665778 0.0745307565927408 0.0684527292152648 -0.0415157047916362 -0.0346932680898873 0.0400799202221756 0.134703574443279
FR12 0.0374430379282551 0.0592029060805861 -0.0790660215350402 0.0447905333645085 -0.0321155599528269 -0.0135527888346588 0.0316236156787285
FR13 -0.0894077053572971 -0.105522292375817 -0.0919650849328604 -0.152444481378299 -0.091789236055685 -0.000442055462544262 0.0747232685244688
FR15 0.0334793619467347 -0.0637868475656321 0.0260890460831347 -0.0148280066113524 -0.0760355194861926 0.0765299562936669 -0.00299773351489524
FR16 -0.174715885354635 -0.000237237432916584 -0.0133368529110979 0.0179017375411648 0.00602532431105714 -0.0697622062274306 0.029828389907356
FR17 0.0270428406868641 -0.0669411756433318 0.0562616265946756 -0.0470070755528831 -0.104055396175334 0.0388832068171692 -0.104362914855797
FR19 -0.0275045517966573 0.0439493015996078 0.123119583532053 -0.0178282651408751 0.122280227797779 -0.075330346803307 0.0320849104235213
FR20 0.141892357175758 0.0160625240706362 0.00761061524465499 0.00445855145675439 -0.0104418977856465 -0.0314830211729118 -0.0959280149325518
FY01 0.0204855416246799 -0.0295302703186581 0.015480677437069 -0.00880473826467266 -0.0887694282394907 0.0457566156344765 -0.0613459902719957
FY02 0.0815847399154719 -0.0767006482397135 0.0221269428477354 -0.00380321394085854 -0.0363720890819779 -0.00490759493019212 -0.0115994180869094
FY03 -0.0386864143969388 0.010456074192585 0.0487841796501069 -0.00387413623551284 0.0707230308170107 -0.0802726020930023 -0.000516743967397246
FY04 -0.0180608738946297 0.117313134591763 -0.148485908527096 0.101498525825941 0.0112826092986657 0.00792249919099713 0.0849307745225775
FY05 0.00236358261960066 0.0971444475490879 0.0448742928226131 -0.0516886116299658 0.101581735143965 0.106376777531255 -0.0197568046378178
FY06 0.00183863436514272 0.101993135202688 0.00221376844207744 -0.0991644922838452 0.038594033792675 -0.0237210482020595 -0.020969050717682
FY09 0.0341561417499958 0.0388838540821829 0.022519477418602 0.097754885411786 0.0487135689320721 -0.0914686845840522 0.0675993396602393
FY10 0.0359096377750902 0.0612183023325111 0.0329598111269933 -0.126694344331351 0.0146142241538369 -0.068309080344662 -0.153975999765506
FY12 0.0559710425982349 -0.0782763986192319 -0.0637960325432618 -0.0662196941761558 0.0308022836509693 0.00165627469626339 0.151100652166551
FY13 -0.0464124663224506 0.167269409786586 0.0777008079616144 0.0489238452929177 -0.173556166766616 0.112694222371318 -0.00695687389038643
FY14 0.0747053372738054 0.0230892657540013 -0.0133306118385033 -0.0339163107169789 0.0145207372311482 -0.0615467917587102 0.0530733024728115
FY15 0.065188301780366 -0.062098472573799 0.0314738708948076 0.0470385219015472 0.0206847006749855 0.120792596352434 -0.00106102996359878
FY16 0.0349535737368742 0.0434866615122391 0.0502285113377962 -0.0588554058420233 -0.0152830483895206 -0.0865151037162714 0.0253676519944097
FY17 0.0356843504746145 0.0161516287138091 -0.0015572836008439 0.0964344475761209 0.0189608407555731 0.0593748058458514 -0.0861300718231384
FY18 -0.0589842417080616 0.00321386694329739 0.0452366954623146 -0.0310201970704523 0.087661335409307 0.0841012976568345 -0.0355599223715352
HH01 0.10926360149097 0.0299820644619051 -0.129749431745215 0.00421233525613276 -0.171324567897949 0.0531836261277018 0.106367833182401
HH02 -0.158310806799139 0.038236558668176 0.000429698569546952 0.0860511006310462 -0.0819169386757597 -0.0970998594313535 0.139762067643955
HH03 0.0025633370731783 -0.00476773281313012 -0.0236715005562022 0.0238450914440641 -0.0469191990389921 0.0407885565360556 0.0724751303971334
HH04 -0.0875070763354767 -0.060039225700268 0.00264684132948291 0.0195768607635934 -0.103141465029346 0.0592750267856833 -0.0196654278082494
HH05 0.0132509171846173 -0.00709447951128527 0.0112767791435898 -0.00694003327974733 0.00807808122391884 0.0822802469357446 -0.110910358526463
HH07 -0.0396370673274023 -0.00620167358143005 -0.0966871895898832 -0.120490568736944 0.013030094868553 0.00284231174717928 -0.0263834440001686
HH08 -0.0572807581188766 0.0382128629417706 -0.0468147035693463 0.00287293596910106 -0.00103482885056076 -0.00296475237087579 -0.0240157264358808
HH09 0.0485464493672153 -0.0192772284575254 0.0182607860509821 -0.0526970640714861 0.00060733095318742 0.076011386466621 0.0610735912442608
HH10 -0.037830817870173 -0.0429652493651099 0.0704385875902083 0.120296092512232 0.0945864994988743 0.00357107180610167 0.10657797236138
HH11 -0.0298942985826788 0.0258325530394242 0.0167179617418696 0.0387463043598128 -0.101785800254047 0.00872562045109167 -0.0966762121029077
HH12 -0.0128270117841882 -0.00239160521924996 0.0396919849127188 0.0399913472497593 0.046302375397303 0.133535701328287 0.0079032444416564
HH13 -0.00559526772825554 0.0553592654886995 0.0552910593995003 -0.00474619980338855 -0.0211167907326574 -0.088978249625461 -0.0370158323613993
HH16 0.0323351888804891 0.0406199445476568 0.0892483857421935 -0.0442386052503098 0.0486693055824592 -0.0409514968868463 0.0176178253271367
HH18 -0.0674123781690678 -0.0932943769024563 -0.023309758851132 0.0119694468968953 -0.0789871082516655 -0.0302982167296762 -0.0965021747956319
JB02 -0.03562636559635 -0.0548164465312947 0.018029706107873 0.104914539743884 -0.0877958766092598 -0.00794962896537726 0.205143004365395
JB03 -0.010631509361606 0.0842005609926356 -0.11249636139395 -0.0493961089130049 -0.0116057904820933 0.0221448721083519 -0.131255544508459
JB04 -0.0183458098667939 0.0808187280698354 0.0561543324825451 -0.0766096263551255 0.0399950712167952 -0.023628076441956 -0.0240444630785452
JB05 -0.0178417049426518 0.108162888542601 0.0579914244963997 0.181145682847698 0.0301770016034939 0.034426940220859 0.147274213311306
JB07 -0.00256310320341613 -0.0461028274060417 -0.002344094580333 -0.021729329387894 0.0377537159964422 0.0193666314371636 -0.0486345037802969
JB10 -0.0934283865331036 0.0554010669848917 -0.0521202983317778 -0.0436781330633159 0.0181450278479649 -0.0288265649385935 -0.0134102011899242
JB13 0.00779247196314469 -0.0669536215159069 0.0424261479656991 -0.0755475408743199 0.1088527827282 0.0688139276013464 -0.0485132174236097
JB15 0.0761718168151418 0.152470661721691 -0.0530707311983918 0.0156772555799554 -0.0499253077850206 0.0979628244928265 -0.0494813706637629
JB16 0.0635816545056365 -0.0265467926865644 -0.0381637929429136 -0.0460021015964166 -0.0197233057836155 0.0128446938257543 0.0545881789362389
JB17 -0.0469282403748501 0.150104865944406 -0.0772579504442869 -0.067481365675711 -0.10869524358281 -0.0356421677765266 0.0172395006166839
NB01 0.0384754470646895 0.0294600455717962 0.012783411524543 0.068554778543425 -0.0134497747542047 0.0381254115507644 -0.0503932280795436
NB02 0.0393908765621255 -0.0204568966567039 0.0660027073919266 0.0036297619392335 0.11493476607382 0.107241550203453 -0.146014887869888
NB03 -0.0400527937428952 -0.0324994652044552 -0.00309761818855941 -0.083147286651853 -0.0559931889014263 -0.0687876121859595 -0.0666555568737466
NB04 0.000464093330288491 0.000360542281117533 -0.0165816024266147 -0.0171588160204426 -0.0661656023295572 -0.0132038533794057 0.000161113174724496
NB05 0.059144430681582 -0.0631672552117712 0.135244555998919 -0.099946287815903 0.05203867683459 0.00279464746471659 -0.035949725653695
NB06 -0.00850657327936434 -0.0500389238619035 0.0874776849628836 0.00132766504731046 -0.0897745521667782 0.057569962080301 -0.0967788025259493
NB07 -0.131241200441028 -0.0182930861911002 0.00949173170837188 -0.00671292874871456 -0.0311662439696888 0.0595744201990836 -0.0431583240229075
NB10 -0.155422395850789 0.051435154100492 0.0345061718454073 -0.0663662318702073 -0.0904346424499383 -0.126260014739781 0.0490536242320597
NB11 -0.0183032288646826 -0.00667621631506668 0.0506674077683355 -0.107058456804576 0.102733470737759 0.0195936469017336 0.0245909330971886
NB12 -0.0192885330241355 -0.0767191151735831 0.0421970164308544 0.111077134576082 -0.0481024548986895 -0.0212548475877426 -0.0338107059649269
NB13 -0.0338975053133965 -0.0814752525439934 -0.0488938679748117 0.0209614062496557 -0.0308331939410534 -0.00473139381786639 -0.154493793802796
NB14 0.00697349055175293 -0.131557059576654 0.0951901639723299 0.0996796499721324 0.0710268801754432 0.0363935877873166 0.0416043622276696
NB15 0.0397433848993671 -0.0302271125058978 0.0281609315297623 0.00641671423884539 0.0419408304352412 -0.0823175506587401 -0.069074485736143
NB16 0.124845970603857 -0.0387692840713756 -0.0489058702460186 -0.00547367068598676 0.0486650801363222 -0.0745860845663947 -0.0277986095481856
NB17 0.00287612102416671 0.0439112972377273 0.0534012301379951 -0.0476510615525478 0.0518803953100314 0.00213327218832108 -0.0224691614724411
PA01 0.0235348422210396 0.0781191360749066 -0.129412643259491 0.0402144966162289 0.0624320973618597 0.0354967711858199 -0.0695279258562283
PA02 0.010377426777379 0.125532047388555 -0.083966887027936 0.0807412006614572 -0.0250104029026615 -0.00678156051490586 0.0189158245518393
PA03 0.0576814072602318 -0.037965014630436 -0.0444680226919633 0.0698493262720872 0.0138618945656114 0.0468672182520724 -0.0513393147709601
PA05 0.0869904074792154 -0.0624576353872125 -0.0219207289653729 0.0625084264505242 -0.0801138986821583 0.0538683239387942 0.0791445198279827
PA08 0.080560488390048 -0.0138448464905797 0.0417542289449622 -0.0477027333502548 -0.0225199473744501 0.112292930954597 0.0628440528270873
PA09 -0.0470552867586992 0.0289772030499954 -0.133681163438481 -0.0923985900122888 -0.0340127814298636 -0.181905628532694 0.0329772991195838
PA10 0.00987534729252507 -0.00960856182575515 -0.088303195791368 0.0616554598467727 0.0133226208757114 0.0856647636162977 -0.110403452428898
PA11 -0.151384088700097 0.0243830451345546 0.0140564229304324 0.0982799922324311 -0.0206174179195799 0.0538604436906013 -0.0603198547010573
PA12 -0.0347047608040657 -0.0504276191229747 0.0269949555552688 -0.0152314234674409 0.0305204641266363 0.0900107892265267 -0.146956308709675
PA13 0.00452436513802589 0.0065986822513021 0.0404847786263282 -0.112386454231051 -0.055033548970601 0.119823246861413 0.0235382890048172
PA14 0.0853069367845576 -0.0646626726641373 0.00129396016617656 -0.160458378544671 -0.0723619354702802 0.0963887241662981 0.0210682206513839
PA15 0.00844138460017277 -0.030573809257479 0.0271390684613835 0.157224794174792 0.0426599970136627 -0.0206568713094874 0.164180989520205
PA17 0.0113801853337389 -0.0326610945639531 0.0813991459379517 0.0414338887602411 -0.0708692912615192 -0.053638404917704 -0.0401515634103012
PA18 -0.0269580006871819 0.0736452495550092 0.00208368455580289 0.0498073445492189 0.0660720431141692 -0.133154107348402 0.116171296643285
PA19 -0.162637837220543 -0.118889677547052 -0.0140858194601742 -0.00659450250986105 0.129630605185924 0.109553275133809 0.0375864265654131
PA20 0.0150152009291536 -0.0706385372692847 -0.0298663546818564 -0.0327279356893218 -0.00374882707329027 0.0210809706675846 -0.0414921475572469
PA21 0.0177979631897285 -0.0925512279184988 0.069847993040522 -0.0780282638636456 -0.0434148262466895 -0.00680420997707894 0.0173594024046635
PA22 0.00537776904682375 -0.105906734464896 -0.0987062785733463 -0.0952245913470263 -0.0427572497228413 -0.0209769241504792 0.0544392006624548
PA23 0.0181504539574696 -0.00172115248696235 0.0570734235605106 0.0807702933009999 -0.00790878530946398 -0.0878415537192572 0.0234589582362078
PA24 -0.0576536523380281 -0.0967292992637439 0.0621107749676946 0.0460814041614792 0.16403527996092 0.12835201275541 0.0386898265550629
PA25 -0.013182042193601 -0.00572457266379929 0.0407322618037843 -0.0393994860032734 -0.0964646393007232 0.11310002906307 -0.0232951896456386
PA26 -0.00335277894940724 -0.0137302693339341 -0.0627877214620946 -0.0891847053720568 -0.0531338461856172 -0.00765567540726038 0.0847667595434103
PA27 -0.098849657900147 -0.00927134553633262 0.0422077821949305 -0.0398334199272799 -0.034047309151513 0.00504005862460141 0.141351300569749
RB01 0.0750617521513594 0.109866586649023 0.0959647451753394 0.0531117196848974 -0.0227632748989114 0.116617694231371 0.00373675432339418
RB02 -0.0621085593136454 -0.00274905861421809 0.0368897613511299 -0.0859968635127151 -0.0729329973957791 0.0360697966025625 0.1749900854086
RB04 0.0551720424669293 0.0800004446434064 -0.024525375991094 -0.00325124168384533 -0.0383021591447548 0.0897514014508784 0.078930892187424
RB05 0.0253073860540168 0.0355328814038742 -0.0506470328384856 -0.0506249963594122 -0.0890479993039834 -0.00989304116601035 0.070293889092662
RB06 0.0501961774593114 0.135199259027594 -0.0123953342897763 -0.100909461823708 0.0615274011349469 -0.0798924615279262 -0.00902647663104233
RB07 0.0107767396821932 -0.047476534688129 0.0374203002688316 0.0922380199800437 0.0181120089991397 -0.0683214543215522 0.0989081079487961
RB08 0.0866809895353405 -0.0038091574379783 -0.0984698102008329 0.051701167560039 0.0164876775709284 -0.0921869482464081 -0.0310607623027671
RB09 0.0468726468902005 -0.027796895764136 -0.142431051200064 -0.122606992280986 0.00498164759256149 -0.0486859421525796 0.0571880978943591
RB10 0.0301306159337043 0.0672375422010512 0.089487645717926 -0.122460602985143 0.0560339864241068 -0.0791156966710124 0.068495728098799
RB12 0.0972710034487831 0.0516187807002959 0.127316682051878 0.0432415170779923 0.0150139736110556 -0.0483312187135903 0.0824263183460727
RB13 0.0963618054333133 0.0562229491237134 -0.0194141710575175 -0.0714602133138433 -0.0292974060976139 -0.0949570705701865 -0.0297973559359535
RB14 0.0148934136509449 -0.0234804236562211 0.00835844809440151 0.0210536664614046 0.0209148658589476 0.0104460987517006 0.00607025319609686
RB15 -0.0187740016732889 -0.000801347333516182 -0.0308216281282891 -0.0246348799898352 0.0093658927524552 -0.17755668052633 -0.0257280544033703
RB16 0.0793856659408394 0.0954867813985115 0.0723902632463061 -0.0506468040874413 0.0306463514175855 0.0193191130054485 -0.048521489333849
RB17 -0.0877038250420791 -0.0465251480631357 -0.129388736540122 -0.0124531995268652 0.0448798931239526 -0.0867464371543355 0.0159677731597379
RB19 0.100020176543266 0.133983034969116 0.0324428036863134 0.0406198502222369 0.0181581323582167 -0.0819991834663334 -0.212242136371242
RB20 -0.0294643993253229 0.0676352942147181 0.021139434752524 0.0583084016655103 0.0461712786589578 0.012614575267809 -0.0887147170997017
RL01 -0.125090074789709 0.0463601042997533 0.0512953115545491 -0.00350250370065252 0.0834281863411799 -0.176311194431022 -0.0333942047025755
RL02 0.030899515916255 0.0617344682148215 0.0131449336688479 0.0603560137413225 0.0771415959535266 -0.0376498011143456 0.0369582239973793
RL03 0.106415872253711 0.0339845477097316 -0.0103671448361309 0.0101196572961509 0.0736210552560941 0.0155456413977417 -0.0897075751312197
RL04 0.0645381477512818 0.0438261476086341 -0.020224804607364 -0.0250556778987966 -0.112957487240458 0.108052998642252 0.000543926093662018
RL06 0.0951182199685495 0.037731108587929 0.0151120465189666 -0.00376550860717827 -0.0837398172447454 0.122359550331861 0.0445927549458162
RL07 0.0035163937008192 0.0497325078779322 -0.10887527425085 -0.0475706528597912 0.0251185151995596 0.0167868381524503 -0.00944494564129926
RL09 0.0533039937883833 -0.0337824736343555 -0.0307916041059207 0.010752631025633 -0.0911825137848529 0.0345572124700444 0.126673488858401
RL10 0.0493700661896831 0.139498034812805 0.0289146671294905 0.0215971955467081 -0.0943242627682409 0.0923825019616517 -0.105304257672027
RL11 0.134568699276224 0.107469611729798 -0.0945839602302025 0.0376618959153258 -0.0271260191404228 0.0485424814549519 0.142770880303926
RL12 -0.00747472985880124 0.0662235499908663 -0.11421876613357 -0.100550403440674 0.0118162041780461 0.0649345338171933 0.0996277400583928
RL13 -0.0436583250207941 0.151713287546722 -0.118642782432099 0.0157464286663705 -0.00466753190559986 0.146769478397353 -0.0517725259827385
RL15 0.152123272336841 0.068254953923389 -0.0879752691525681 0.0278652097177677 0.0550814563616621 0.0377549030538536 0.0565874326911342
RL17 0.0075318065602616 0.0246154365169454 0.0267735112650353 -0.0244859093535382 -0.05441535733318 0.0695253447976207 0.0803136956422615
RL18 -0.22814158855771 0.0422718517379827 -0.00130763271528845 0.0181996652508424 0.00525263556450558 0.0428516853811122 -0.00804123565717348
RL20 0.0267935027308555 0.0900333515338226 -3.57500136136233e-05 -0.117232288539062 -0.0361160660223642 -0.0230612512439021 0.0626373123229172
RL21 0.0598433785535885 -0.0319304370878322 -0.0167248123351209 0.0297395101797511 -0.103605447677951 0.0408126345115807 0.0147568644177028
RL22 -0.059113693415933 0.166607202933838 -0.143400904811965 -0.0301725355448977 0.307425971130438 0.136899144184424 0.0034492129416459
RL23 0.0565734715521746 0.14126028248291 -0.0689362213843929 0.0691914085711023 -0.0717266648848143 0.0285379666646596 -0.018287424010552
TR01 0.056951660231385 0.0352357078078177 0.0685565050487464 -0.0521635743123032 0.0162655720250963 -0.124648790052573 0.0166432772723006
TR02 0.0499098533821368 -0.0311668147512994 0.0374714888627563 -0.0058675101153046 -0.0141547569845015 -0.0321427769892408 -0.0656574710634289
TR03 0.0555616922808764 -0.0541121629331159 -0.0455191593852152 0.0202513630109416 -0.120655849213784 -0.0374481053137561 -0.00951810882241879
TR04 0.12364430424389 -0.0237891827584998 -0.0556989705531662 0.12383157824206 -0.0351871884961847 -0.0983968301735623 0.021952207278277
TR05 -0.012307785242296 -0.119148004237618 -0.0345884376742607 -0.123181578181359 -0.0337034835478131 -0.0923900046376862 0.0603308191550342
TR07 -0.00295711366218542 0.00578563748666477 0.031415341564034 -0.166088531601586 0.00543471098394684 0.0159131119065211 -0.00776754469191886
TR08 -0.00178428902288525 0.023047182853932 0.077449615612342 -0.0177592286168117 -0.124894456068321 -0.0804802734668603 -0.0135823834744146
TR09 0.137300354545987 -0.0291873017356434 -0.0399920549927968 -0.0260699335538601 -0.0586258364428272 0.0296454814250949 -0.030752223978954
TR10 0.0708041379126368 -0.0652202484105171 0.0694090460673037 -0.116145208857607 -0.0926541278481153 0.0812706279956466 0.0209235728706922
TR11 0.0640692468860928 -0.0501576707782242 0.0189811602731119 -0.0679530810746678 0.0021978921848952 -0.0142318966470446 -0.0382870788417424
TR12 0.0190973827272671 0.000203125323656149 -0.0245351518678726 0.0950741943664174 -0.0872453049597636 0.0918185751014921 0.0307024122904839
TR13 -0.0200811884905405 -0.0986817836401531 -0.0045568673089273 0.236616566578474 -0.0108394950277985 0.0521691400911248 0.000248819683088173
TR14 -0.235632557997435 0.136416765251973 -0.0178933538758111 0.1191113089454 -0.00549965561547599 0.0352194880256416 -0.0441981766561672
TR15 -0.0173573267868999 0.0527638551366741 0.133352355298844 -0.0817072172612211 0.0276652927182555 0.0374842195934829 0.0290632103693848
TR16 0.0393998972828094 0.128620805151572 0.0555612788686486 0.0424326326120132 -0.0260081098151412 -0.094050958790016 0.0206941863295056
TR17 -0.00884665615681444 0.0847460384014211 -0.0612454826910196 -0.0727599723449929 -0.00781461074498414 -0.0397550643076875 -0.166528405071182
