sample MDS1 MDS2 MDS3 MDS4 MDS5 MDS6 MDS7
AN03 -0.00450264012481894 -0.0469334345185203 0.051564953506832 -0.024466852626628 0.0383645593818684 -0.00668445163138151 0.0412461681441724
CS01 -0.0771341493199994 -0.0108542400649796 -0.0462660562295454 -0.148719235854372 -0.0700910230874414 -0.0306408655143271 0.0941620388436057
CS02 -0.0538884182873086 -0.00903133314297855 0.0502879431065312 0.108975351493887 0.0257238735206951 0.0865298307054216 -0.00369474525481006
CS03 -0.044347099840686 -0.0415436176151419 0.0325375012873738 0.051616446195523 -0.00809764475239354 0.0299282618099938 -0.0200499798388297
CS04 -0.022601714926698 -0.0456412941122533 0.0293227423535704 0.0144806111667136 -0.0565725578248781 -0.0175136307466102 0.140357175091224
CS05 0.0338346059508334 -0.0965207206789369 0.0668978564397394 -0.0895205143536216 -0.0805503785494632 -0.0649588907879718 0.0520855611718406
CS07 0.0710017701228621 -0.00874697955108927 0.124147754257611 0.0381333494068765 -0.0439739339241229 -0.134474844590395 -0.039874218185387
CS08 -0.0876702444519047 -0.389792971275585 0.0246508400949113 0.0747557681723311 -0.000340928595128936 0.0853162636184951 -0.060618672837271
CS09 -0.0755662570350768 -0.00601879823684404 -0.0419529564656262 -0.119257069690001 0.0204247785816397 -0.005244235250769 0.0178035986502466
CS10 0.00933734236480828 0.0647253955434955 0.0440027334839518 0.0822080271165682 -0.0119381377603058 0.0144537308874353 -0.0580176631995093
CS11 -0.0923367278187065 0.0604770403268181 0.0336870671919101 0.0542318750744888 0.0853926313470826 -0.0415654792515499 -0.036631433397197
CS12 0.0556121325058895 -0.0297044818002898 0.00891273225356004 0.0382119811701849 0.114597826065363 -0.035087055457157 -0.0043079043514044
CS13 0.0344052336155893 0.0837964416204602 0.0219013366754686 0.159415330689524 -0.00617363186591308 -0.00312760004052571 0.0657322927035344
CS14 -0.0211303884444508 0.0372695201268074 0.0248939362980615 -0.0737241644301856 0.000111027045195031 -0.0119140791994671 -0.0294679818160478
CS15 -0.0396909157180749 -0.019873017040669 0.0758932210484418 0.018112396619678 0.0294616456228825 0.0365384302757378 0.113908049831177
CS16 -0.0365050361720234 0.0231131989575912 0.113028552339977 -0.0547222093438095 0.140594866198276 0.00176690518064451 -0.00763062360957756
CS17 -0.129401226406132 -0.0530434332780043 0.0163154749191281 -0.0732928791417713 -0.0702893224052809 0.0700378887546004 -0.0345534171628883
CS18 -0.00163848036973865 -0.00539775438918908 0.0962778053629497 -0.0856917732344626 0.0536914576119731 0.0251727980826372 0.029137676039022
DK01 -0.0401497416784996 0.0659266333697417 0.00451484015539408 -0.0157385560363059 0.0828212881142997 -0.0110299139333272 0.042031135683723
DK02 0.0552936728528574 0.0228816079039296 0.0356879522347303 -0.051095911565076 -0.06623109209676 -0.0118050945709288 0.0012065546025227
DK03 0.101241241655578 -0.00773331772160402 0.115400792140598 0.00125003312692239 -0.0850631186661786 -0.0210730194647415 0.0110554703885148
DK04 -0.0398080411161146 -0.0932766374233902 0.130982591322877 -0.0530073760791551 0.0431006908630426 0.147444485299163 0.0892181391462543
DK05 -0.0384057679752454 -0.550884309671131 0.0610583933614717 0.0462202024744722 0.0584823898988033 0.139394466593029 -0.129662819454945
DK06 -0.0255353064383677 -0.0419055456447936 -0.0544577902889266 -0.0655162158823663 0.0579519575602814 0.122198755304149 -0.0855123666954019
DK08 0.107180008823524 -0.0152300357378881 0.0350542482327858 0.0845134239071809 -0.038994323059692 -0.00596286310595609 0.0597352471420202
DK09 -0.0137741831999764 0.0253616302421554 0.0234213769067164 0.0696157789638425 -0.0122330762174974 0.00780065164062371 0.0138352539556093
DK10 0.214801920960029 0.0312112230244339 -0.0521323885672242 0.0287719627162592 -0.0378956887553589 0.0709097669236813 0.0171373802271479
DK11 -0.0701953096595844 -0.0240346192391176 0.0712809976426969 -0.0620494376570654 0.131866400423355 0.013920224244287 0.0281132115153837
DK12 -0.0664729348177961 -0.0388158205909493 0.0123841996451712 -0.0337705904767111 0.0421963614445208 -0.0278898815944612 0.0248678162157072
DK13 -0.0239253274019063 0.0480875091818151 0.0375008096046177 -0.0641160128562209 0.00439981005866173 -0.0427217941718191 -0.0742038113713907
DK14 0.0809319714038906 0.0278641777696127 -0.043656672851111 -0.103589985109948 0.0471349408374823 -0.118470544005925 -0.0587417291375389
DK15 -0.106576620623714 -0.0351039477878315 0.0905128392255101 0.0577981886124274 0.00845121483584665 0.0320497506956261 0.0576718170072053
DK16 0.0122167782330355 0.00678630912164173 0.067625138127519 -0.0857348059853161 0.0129842909884173 -0.0104535504537611 -0.0430829555272672
DK17 0.0454442521014329 0.113417460609988 0.0598898780677135 -0.00515334004982583 0.0295884138124323 -0.0360162666867441 0.0504135847703785
DK19 -0.0503015164820586 0.0313488190424904 0.0852283784082524 -0.0686899430507173 0.0203076709923799 -0.0631400858862641 0.00371969165540012
DK20 -0.0724708090529034 -0.00451148882169024 -0.0247247437773848 -0.0878701677167772 0.1228055342768 0.00528721764932119 -0.0353819034147401
DK21 0.0485582623825121 0.0750938877794839 0.106075144056777 0.117511998874908 -0.0278019563209337 0.0926994160019416 -0.00688309831974734
DK22 0.0586007693632219 0.0582188334474047 -0.0462389737408817 0.112600485809508 0.139892021552116 0.0637195635730802 0.000287667440869641
DK23 0.0771081599261585 0.0420380683550822 0.0933845199256414 0.0509341479249251 0.0648989953636221 -0.0294960146909806 0.0196186729671175
DK24 0.0375900013612085 -0.111633179483037 0.0350312997040817 -0.139960537688155 -0.0187783412727257 -0.165023683044836 0.0669707214691601
DK25 -0.0327145757698467 -0.0558489410068235 0.0120362906655691 0.0141275685076223 0.0657121800578555 0.0556721785003173 0.0691039844264114
DK27 0.0992103320980814 -0.00764290902373497 0.134803397585407 -0.0189298831766111 -0.0471038615308771 0.0645348804693323 -0.0456906384791793
DK28 0.149212951176593 -0.00942615958441805 -0.0993411782366583 0.0829872361599152 0.0761775203238662 0.0114581706147177 0.0595634464388563
DK29 -0.0852529792068689 -0.0106127682170121 0.0439879209424905 -0.107421829857159 -0.00870773182271973 -0.0235483158606676 0.102947080849238
DK30 0.145642066812144 0.0563799092082088 -0.0508006271364407 -0.168581600318117 0.0643583554314315 0.0887867421030749 -0.0710129589340873
DK32 -0.0232251710406691 0.0762049762694121 0.0342951956023197 -0.0924524525161769 -0.000382715365858461 -0.0266381597074777 0.0806320108609281
DK33 0.0895547434785022 -0.0540034475762282 0.0929836411243012 -0.161127140682221 -0.0160118056138752 -0.0227903947449327 0.044272821890942
DK34 0.0635502406804509 0.0461305118390958 0.13154786596867 0.104065829652702 0.0071977701665327 -0.0687285277944462 0.054774492155923
DK35 -0.0315251435947489 -0.024858597270343 0.161563105997642 -0.0171380228051293 0.00762390008339573 -0.0273594868828489 0.087312520183066
DK36 -0.0608187611496966 0.0434519632420957 0.0850417107186005 -0.0430132590258053 -0.0380649898492183 -0.107549112963454 0.0132491579339029
DK37 -0.00109145971295916 0.00130718285239128 -0.0457347761913783 0.0287505316290671 0.122966954077846 0.134161565075616 0.258754125757232
DK38 0.0248082907197274 -0.0127742484724939 0.0466667979197518 -0.0848845766033599 0.204909962275512 0.00884856305084997 0.0122196839876162
DK39 0.0309155568918483 0.00967723850698816 0.135912471690151 -0.0481916139939232 -0.0610312800361867 -0.0134131025539932 -0.0284550624895037
FR01 0.0712564451968965 0.126978004002298 -0.113387504119332 -0.10825591223525 -0.05575076445603 0.142469337136501 -0.00175815338930228
FR02 -0.0406284351346227 0.0630436965376887 -0.0642342422527966 0.00807450792566529 0.0373640190218008 -0.036643828240844 0.0172750581942212
FR03 0.0138875168103341 0.098605042320872 0.0786604026791905 0.00992223351932309 -0.0659599146029834 0.0841633802384803 -0.012254993620856
FR04 0.0625489053193356 -0.0629561845849289 -0.0206309417988537 -0.0868882445237243 -0.11736160454379 -0.176760102122618 0.135596860677533
FR05 0.0868938434910682 -0.0767997432504666 -0.0704479686040861 0.142389705077478 -0.0349949737840118 -0.0881535111342963 -0.131469091517763
FR06 -0.0629341367047744 -0.0194883213316565 0.0147277655801614 0.109201349322561 -0.121857592241117 -0.0783088969121399 0.0754167369573863
FR07 0.13139923971639 -0.135153488770155 -0.0148822585610824 0.067196178428185 -0.150120662374975 -0.0908253131079299 0.0163418965488059
FR08 -0.0387767604541172 0.0291789210818807 0.0448537510092752 -0.0836442869713439 0.130713353012952 -0.124026241338186 -0.00683773137617025
FR10 0.0482802567271338 0.0444887410705676 -0.057547891764622 0.0517251738541605 -0.0108812527464158 0.0879332234608063 -0.0678502125335441
FR12 -0.0416641584484806 -0.0283881152382419 -0.0781178916788438 -0.0646511400185569 -0.044968963575327 -0.00428514136388733 0.0214441983776457
FR15 -0.0481327653993643 0.0252256534650084 0.075452466711234 0.0822732477670398 -0.0772266199032466 -0.00459818046910355 -0.00960132644314999
FR16 0.154168596429722 -0.0561754683337444 0.0150927929639794 -0.0500577972571174 0.00813280908285131 -0.00374265746919748 -0.035042221476484
FR17 -0.0320442433640522 0.0804479378302481 0.0511121137361197 0.0632818846321762 -0.03658872400156 -0.101935557430799 0.00230708271425895
FR19 0.0601901631559937 0.0306569145465147 -0.0229684799816826 0.0149797957682298 0.141289576060297 0.0720838054487841 -0.0231247843012711
FR20 -0.132635623986484 0.0635997185779831 -0.0264845763564542 -0.0124796630389837 0.0248894042788216 -0.0638815050835806 0.0492782326937772
FY01 -0.0251649186755814 0.0649530347307327 0.0252118904366833 0.0313801266282013 -0.0665318776074877 -0.0461877768099444 0.00644917207783566
FY02 -0.0649269192556895 0.0845961776483531 0.0661220847441543 -0.0431723625731278 0.0151393821522635 -0.0239013009806117 -0.0177152512593381
FY03 0.0586388874935624 0.031045310478762 -0.00152939445192463 -0.0259339524923085 0.0993710924856255 -0.0298069171775234 0.036498242005452
FY04 0.00903584020006004 -0.133745288130121 -0.119528571024831 -0.0957912623653269 -0.0824184936886451 0.0731295696071433 0.0180230998592241
FY05 0.00610209027490981 0.00695462772413111 -0.0919596545299275 0.0998483787293086 0.0763799238101058 0.0913121582741122 0.0260889883796505
FY06 0.00650022448463559 -0.0228009261484679 -0.104714842591362 0.0566785303188856 0.0697499045487662 -0.0263295048368212 -0.0507264149099702
FY07 0.0247119188467367 -0.12082856731028 -0.0328933216461531 -0.0474864676073036 0.0822632284796978 -0.0910802825765295 -0.0236658763011537
FY09 -0.00260269329118258 0.0424806283843624 -0.0321571686471491 -0.123113485319388 0.0379067654916381 0.076857881554686 0.00921664922972873
FY10 -0.0324079630756239 0.037195453613864 -0.0560742504895563 0.0758844270633251 0.105138572682729 -0.132068832221264 -0.0423382629708561
FY11 0.0990831842772232 0.026284279127031 0.0177317162667547 -0.0840117825231071 -0.0268203427777699 0.0283400117996678 -0.0480653060114121
FY13 0.0638513947883937 0.10544348151816 -0.134774218302762 0.101230672218793 -0.171685129116281 0.0360095251111829 0.0251874067567047
FY14 -0.052850520474785 0.0358277757864896 -0.0261971629878871 -0.0319878299242726 0.0630976160749525 -0.0219884654664967 -0.0172823772644357
FY15 -0.0590633101033741 0.0482592612478584 0.0762418321133816 0.0442644166896342 -0.0387145550039041 0.07578369876148 0.0763638713591952
FY16 -0.0151049614046726 0.0819463103468468 -0.05403149199635 -7.70143562276061e-05 0.051720898350874 -0.0260769016460466 -0.0307271950055075
FY17 -0.032704974135737 0.0181466986799079 -0.0121771007886187 -0.00516541678359514 -0.0429620846755905 -0.00637013143996113 0.150421441509406
FY18 0.0399791565704533 -0.0101192914046934 0.0245627560537021 0.112112935551008 0.034805287632836 0.0844145922143211 0.078599367311957
HH01 -0.125654108030682 -0.0274552933116737 -0.0644055464515307 -0.0535732661617524 -0.163500380557546 0.0139285150836582 -0.112616880551891
HH02 0.171898024239608 -0.000359311523053003 -0.00509375872389488 -0.0946076138479033 -0.0888774596973111 0.0392269776376607 -0.091606366098948
HH03 0.00395103533055087 0.0352438995956161 -0.00267350386610018 -0.0333584977445044 -0.0639304319684303 0.0621850676267669 -0.0405110224684263
HH04 0.0742821200780737 0.0345833355895694 0.0711539917153132 0.0577720884245119 -0.128985130527911 -0.0573531704631437 0.00388173228752092
HH05 -0.0306410388511066 -0.0124349739424566 0.0173307536411424 0.0762321905741793 -0.0133450904104813 -0.00503296204408962 0.0421743706514551
HH07 0.010919251815872 -0.0909720080975384 -0.00764547823892576 0.0476525071183018 0.032442894651349 -0.0668088758421968 -0.0408563488299021
HH08 0.0629518438490331 -0.0421841937174844 -0.0308761692738624 -0.0120316189860496 -0.0191609246022733 -0.0102923134023818 0.03679925161328
HH09 -0.0625931755447816 0.00757333972299938 0.0280443197806564 0.0282775549556913 0.0197132033489079 0.096240022982916 -0.0639636824072766
HH10 0.0779770485377953 0.0414538907120079 0.0403604678250609 -0.124888031526242 0.0571400458308329 0.186664017843992 -0.00340985484128385
HH11 0.0399296318088041 0.0409636692639767 -0.0338522200121308 -0.0141647443656857 -0.0782781796177736 -0.0430288133624673 -0.0169534648435371
HH12 0.00719466250631396 0.0115752212373183 0.0102905004193817 0.0547612979838189 -0.0242914945556494 0.0999103410827601 0.0713062960026911
HH13 0.0112839979703127 -0.00812613528036702 -0.0563549670581897 0.00761575224868666 0.017507112194902 -0.0366878540590646 -0.0468125960047691
HH16 0.00647406913001162 0.080048751934047 -0.0411839976374416 0.00239879585826416 0.117932640368973 0.0140996614017431 -0.00431596392280373
HH18 0.0608431217481256 -0.00418632484886932 0.0838807679788652 -0.0277485859183234 -0.042761688041922 -0.125687008370635 0.0107537675887834
JB02 0.0534888919098573 0.053253122428668 0.0559026129927625 -0.0992566101679475 -0.112236072957965 0.120045815573894 -0.0972066057517627
JB03 0.00111221540527833 -0.0528520043107954 -0.0993690309051209 0.00498869317217401 -0.0051547949208827 -0.122575127380471 0.0746680094492674
JB04 0.0440633012195435 0.0502593082004756 -0.0911524492629171 0.0339885369707844 0.0963346546755501 -0.0200634543127739 0.0171954012832171
JB05 0.0447248880139108 0.0223489625750591 -0.0893428170080995 -0.0774069976193157 -0.0494793408219081 0.211813093910554 0.0638713353015603
JB07 -0.00758803284164925 -0.00671307221283903 0.0484466712952254 0.032322643352792 0.0421429702780112 -0.0501383418525942 0.0371171239199327
JB10 0.100820891883348 -0.0423955282672306 -0.0438839259751801 0.00701461607611286 -0.000437520310295158 -0.0574751987815267 -0.0127482730204558
JB13 -0.0290411801725982 -0.00891680836488954 0.0793806907409467 0.0891987076746292 0.100072251979747 0.0213722442918909 0.05214700713694
JB15 -0.0819322373381072 -0.0171971967442163 -0.151968399523666 0.062400057383411 -0.0864597378817875 -0.0149735626905091 0.0684990233707674
JB16 -0.0828842635154027 -0.0223077980641364 0.00497686919901942 0.0100020861175025 -0.0208852672419923 0.00471936529467723 -0.0281567806134762
JB17 0.0577758594404254 -0.00865054338306834 -0.164147717258474 0.0133866083851212 -0.0721810352974505 -0.114326587767659 -0.0659411823007306
NB01 -0.0321102416251837 0.0290964566032654 -0.0268452996946841 -0.00870266356684781 -0.0437623605558441 0.0183354725477096 0.0732682342220808
NB02 -0.0441753777125584 0.0239281958970912 0.0342636845998716 0.105206289779318 0.0578374487466367 0.0118250847994055 0.17806908046197
NB03 0.0411223154109633 0.0209623847943406 0.0428387516606421 0.0564411460062432 0.0140938033867537 -0.116748359496411 -0.00231269759562275
NB04 -0.00237659821304587 -0.0116669604677946 -0.0125110298230202 -0.000481707582542337 -0.0361599890363142 -0.0329358680188394 -0.0681295373319164
NB05 -0.0569368795776128 0.0604211065176887 0.0819619680520923 0.10334980384256 0.139842191294842 0.0109231534922582 -0.02715383645328
NB06 -0.0037548910735039 0.0707188449398963 0.0677531215227282 0.0870465646698865 -0.0648266720366719 -0.0573421863297303 0.0496491845456635
NB07 0.119479422305781 -0.0105794219779384 0.0429746403297955 0.0608097428089567 -0.0470357992027043 -0.0241999559198679 0.00670742833130564
NB10 0.18144591253785 0.0242172235435398 -0.0607923524454684 -0.0387498808728563 0.0343673976894356 -0.0859434511784328 -0.124642431150175
NB11 -0.0052117605983267 -0.0361237858994663 0.0292138450545131 0.124449406561413 0.1075649724137 0.0175182366279788 0.00644348149934582
NB12 0.0236798609991286 0.0411393954431767 0.0856754923556065 -0.0707711539293711 -0.0460994349539157 0.0172574396197088 -0.00420747803438629
NB13 0.0230575200220915 -0.0118489410238769 0.076863792083379 -0.0268865067784913 -0.0172870984493359 -0.139775529469384 0.090021769136281
NB16 -0.126191509535145 0.00691541266400013 0.00323704976604466 -0.0843635725132984 0.0685418820151988 -0.0463783425660584 0.00165672536161815
NB17 0.00190991843276353 0.0119651197745315 -0.0435498859055487 0.0542938325703294 0.0759106734559694 -0.0046084095174629 0.00807921660130931
PA01 -0.0608343515082532 -0.118274069825758 -0.0823728041791526 -0.00916518972631284 -0.020298830964007 -0.0418501943677766 0.112619243602853
PA02 0.00999297083775896 -0.0252317973430608 -0.13853854199253 -0.0769878634509114 -0.0648468403247303 0.00579398414390605 0.0304929828200296
PA03 -0.0674074124230499 -0.00791978380525577 0.0185345984657564 -0.0765202694167319 -0.0306527782075711 0.0431144174171046 0.0237426574292437
PA04 -0.035471049203817 0.0221015557509064 0.00343489976212227 0.13243755724001 -0.0963022979024299 -0.0165508580623203 0.00495525682930379
PA05 -0.0835304574948895 0.0563250071428375 0.033737296436759 -0.0725464431917179 -0.0983735859734462 0.0583634925354683 -0.0212722224538648
PA07 0.129060420914581 0.132799323240499 0.0232470120098378 0.0402494724641113 0.0378636832946157 -0.0322107751258807 0.00696940850403475
PA08 -0.0868943552475971 0.0206445981625203 0.014806407864402 0.0723606874963129 -0.0180532016235838 0.086878946626673 -0.0531040734997608
PA09 0.0412512701268796 -0.0868664555858436 -0.0435073280115699 -0.0703666139194681 0.0466914099788495 -0.126720224577475 -0.161433007991809
PA10 -0.0348200507019248 -0.0694240267963416 0.018837297885556 0.0119082334123847 -0.0705677193647449 -0.0178849541339215 0.12183055623135
PA11 0.154878642490368 -0.0187364422071996 -0.0189719582891218 -0.00755723190345651 -0.0860316058968042 0.00659385021640112 0.091059533034907
PA12 0.00608568537389845 -0.019988711391098 0.0586543866819364 0.097619729232275 -0.0031379826035504 -0.0343091723991166 0.0786308953786691
PA13 -0.0275895949468776 0.0103206491715695 -0.0165747927418708 0.129461649065214 -0.0281684349363045 0.0405497488849806 -0.100446975661545
PA14 -0.0938523399569413 0.00665103814905646 0.0291950564954809 0.0938497650805626 0.00822590064951942 -0.0244348517684149 -0.151463382375213
PA15 0.0210555293550904 0.047456616798925 0.0314015495686707 -0.143474846440604 -0.0205303560576596 0.160611617345809 -0.026101140657055
PA18 0.0526416643778057 -0.00907364161836249 -0.0722812306556411 -0.112584467391655 0.0822645398975178 0.052112139399084 -0.0533882859837409
PA19 0.130925532338634 -0.0919932452934566 0.133228560803639 0.0493329626149282 0.0268764090636164 0.0903345251452586 0.0433169817237933
PA20 -0.0460103705819157 -0.0502059114556364 0.087477742999283 0.0693625351663305 -0.0195625109951881 -0.0676177310042292 0.026636005463094
PA21 -0.00795641796018884 0.0555188614342943 0.0943380150296187 0.0457408237135827 0.0391655488592512 -0.0253739424280246 -0.101870309220067
PA22 -0.0289213449963726 -0.0716955639452184 0.0798323700338662 -0.00772570684734685 -0.00405291831029174 -0.0644905223181172 -0.123500513724109
PA23 0.000483290779447987 0.0529157422448176 0.00873600164743992 -0.0657937355231619 -0.00858939291814485 0.0296349536448209 -0.00370388731553271
PA24 0.0344259306586686 -0.0402084820124116 0.124640115627372 0.0259805017343039 0.0573614705981437 0.212899887234729 0.0365375720160079
PA25 0.00436407427583728 0.0381230411739732 0.00368330012575284 0.0794517146403437 -0.0786312141886461 0.0273346408161307 -0.0517404084669685
PA26 0.0051231294561901 -0.0268638438151595 -0.00219838219979804 0.028694194567192 -0.0211176088731992 -0.0710991214951804 -0.0905877485797101
PA27 0.0975508434919116 -0.000912627235129899 0.00250363703428409 0.0060021379893564 0.000992445781276987 0.0914533532330231 -0.128998282947245
RB01 -0.0560018478541162 0.0640133044679512 -0.0900071709931394 0.0960191283855103 -0.0765452839292936 0.112859441531598 0.0452865429067764
RB02 0.0753582393516521 0.025012817378695 0.00376026257391259 0.0383285129536963 -0.0293206972936293 0.0770852965374962 -0.194059482184756
RB03 -0.0630876581355812 -0.0178984054178207 -0.0493330169063145 0.0171924817733809 -0.126235534713927 0.103196315437476 -0.116975738944702
RB04 -0.0501053805821297 0.01221934259729 -0.0827848974441723 0.0420966395812363 -0.0662080182168329 0.0627839370425915 -0.0270080621444925
RB05 -0.0295321749867785 -0.00784191245698155 -0.0540060667612598 0.00173850626907187 -0.0432041796025574 -0.0265517886025029 -0.118222307126521
RB06 -0.0379629063608356 -0.0148302181992277 -0.145241425052916 0.0291688163362634 0.105677266764529 -0.0465193693159419 -0.0371201123489217
RB07 0.00657254563055232 0.0233082839496113 0.0626841430078878 -0.0703104688216942 -0.00713347524126542 0.0499202656861902 0.000100398617303578
RB08 -0.0811231011344103 -0.0239801999965793 -0.0219277110105109 -0.143341416213201 0.0119434101716481 -0.0301492556643632 -0.00807827700312557
RB09 -0.0714502316840862 -0.0824759134768748 -0.00749512825353071 -0.016042634200262 0.0241556581836022 -0.0973553923567508 -0.107966499600351
RB10 -0.00564183873339528 0.0376388969949239 -0.0590786554542606 0.0669963864624941 0.138366272838375 0.00978646072193109 -0.132489914523401
RB12 -0.046346975076735 0.14069558080077 -0.0586636634025116 -0.0689783097249061 0.0833979114147226 0.0808098608871942 -0.0302460306356294
RB13 -0.0737908661555191 0.0390683645237302 -0.0822182136079512 -0.0307756708099976 0.0675192411578222 -0.0847679761982709 -0.0503580453742767
RB14 -0.0146222759265744 0.0168407540576414 0.025735911797231 -0.00269946423353873 0.00464034430849925 0.0119106221873786 0.0550445660035186
RB15 0.0295862358058102 -0.0215861588662336 -0.000836993981848105 -0.0834526131383488 0.0695569409190806 -0.0952616213991586 -0.0714550845660392
RB16 -0.0663743397995317 0.0340101942736466 -0.0780107797729872 0.0947166073975199 0.0475686226713586 0.0248494589593019 0.0170095166131505
RB17 0.053919002266861 -0.137201619851434 0.030274859964472 -0.0811198654143162 0.0301250449671852 -0.076793038905088 -0.0329874620615902
RB19 -0.0696578466423099 0.0702674320682911 -0.147479734646475 -0.032543045276351 0.0646009979942311 -0.121092068105471 0.130075330903401
RB20 0.0239684151486652 -0.00701464634617061 -0.0418380458843346 0.0197799350438176 0.0115394298802545 0.00896152014458786 0.0860577305269221
RL01 0.152272577069681 0.017157522338199 -0.0471785028583651 -0.0694812848272901 0.142832555595798 -0.0572115324784189 0.00408759743844484
RL02 -0.00522647528487297 0.0081364057131206 -0.0817746481332987 -0.0643411325422078 0.0491447652940867 0.0457646361619598 0.034413640415223
RL03 -0.102985300899821 -0.00919057123835288 -0.0370022075433366 -0.0040758453495747 0.0755521554895989 0.0034851807220146 0.0799633249865514
RL04 -0.0792470954407952 -0.00477182448378211 -0.0560920860795264 0.0742720270011522 -0.10774756286783 0.00542560717045214 -0.0340034417678309
RL06 -0.0878537013895062 0.0599703684825596 -0.0530759244331935 0.0556644546517873 -0.0922349216874415 0.0503723460410183 -0.0108538574943933
RL07 -0.0309026660156891 -0.0762664868573185 -0.0541918779844889 0.0196142689198921 -0.0160278264847742 -0.0394709546532725 0.0131968453874284
RL09 -0.0537164240885092 0.0192296113128421 0.0241617812430437 -0.0145188608592179 -0.101896172302066 0.0353933986054712 -0.0956563625453399
RL10 -0.0528704041380899 0.0293777460856185 -0.124656953915036 0.0973110619145744 -0.101056356524651 -0.044759723660462 0.0726263671652
RL11 -0.119720635169539 -0.0199025142887015 -0.126214018785147 -0.0712628043805562 -0.0652626155706431 0.121376928009885 -0.0691891019314291
RL12 -0.0151999340710694 -0.0988688888789945 -0.081657614372568 0.0348111127673026 -0.0126834151362639 0.0131130504814241 -0.0637900008850497
RL13 0.0224328856585872 -0.127257333294471 -0.143432630732667 0.0647272261208369 -0.105292114644231 0.0159042338929796 0.0639676604648322
RL15 -0.137483285980478 -0.0167510936849626 -0.0881412900159401 -0.0722193387525141 0.00146068642504496 0.0569814277581581 0.0312767874921733
RL17 0.00387451244050255 0.0446545744341498 -0.0254541838087267 0.0275047506266888 -0.0443022196907462 0.0710342489243706 -0.0949913997809931
RL18 0.229687483007113 -0.0478580234562319 -0.0177996541476115 0.0338213429692422 -0.0270227658431952 0.0181881927931453 0.0276577526284147
RL20 -0.0143733806663138 0.0107237283049521 -0.0963251577602006 0.0461009051006478 0.0475290557339127 0.0126694770134986 -0.085685750670906
RL21 -0.0663621655465663 0.0269227105024184 0.0310202071228801 -0.00622790599250621 -0.10416228173507 -0.0392398748422141 -0.00798702136016332
RL22 0.0527735271324723 -0.125470736865206 -0.154931868246656 0.0284587809593438 0.171014336225972 0.109978014905652 0.246750997136394
RL23 -0.0521947556886767 0.011816118193955 -0.154127221463603 -0.0317213604835069 -0.109112276777133 -0.0180702044813462 0.0361227052101897
TR02 -0.0540102413349038 0.0267282709880332 0.032892398623992 0.0221757563131089 0.00163389399490643 -0.0520953946727079 0.0231061127196244
TR03 -0.078252630794065 0.0166179420561327 0.0446576736778541 -0.031930856601938 -0.106192927574203 -0.0531160806416004 -0.0337223258985308
TR04 -0.0952417899901591 0.0450330100569751 -0.0028710275646871 -0.158904967268587 -0.0467976149617442 -0.0380881515618296 0.0238897003697739
TR05 -0.000388472963977085 -0.0184529645750936 0.110591962405824 -0.0276487067622621 0.0463460974904388 -0.0640944048191696 -0.154660588974585
TR06 -0.0398073018994987 0.0411608242871713 0.198013590033758 0.024250302980693 -0.0396792685970636 0.0822825277776835 -0.0191711023280872
TR07 0.000624702160295843 -0.00116701561322848 -0.0101388697090798 0.106376365665632 0.0845120606025659 -0.0225514087054158 -0.0830913592354114
TR08 0.00994692000609867 0.0790046630781833 -0.0198999997182845 0.0109528193439371 -0.0369481864093758 -0.0785805569958174 -0.1043346592277
TR09 -0.141925114114066 0.00359611893006184 -0.014434148182281 -0.0226838338398937 -0.0294489257859282 -0.0474694968089757 -0.0408421890338753
TR10 -0.0807371531791928 0.0584823992797748 0.0539732871880563 0.104156003276165 -0.00969758908148327 0.00783092416888982 -0.0983595305663837
TR11 -0.0725547146561679 0.0281590541226454 0.0400793567453363 0.0222281508621898 0.0586371121314198 -0.0444786421807304 -0.0210600987424158
TR12 -0.0169471717941864 0.0318602924054026 -0.00733592485305327 -0.0220818513365799 -0.137322902650519 0.0370860531035498 0.0209156994129491
TR13 0.0199780397901094 0.025318811914585 0.128017846244937 -0.120042163357882 -0.121163096373349 0.0720842262507378 0.125760140308722
TR14 0.233636694803711 -0.0423124582801371 -0.095163371007912 0.00184566807993149 -0.0806004685283197 -0.00948088988750662 0.119747766767968
TR15 0.0466128746915731 0.0598077913554302 -0.0396949080958922 0.09661019839464 0.072831341852214 0.0599602027183243 -0.0885132660131985
TR16 0.0106392111026176 0.087998858633337 -0.138491421009659 -0.0755984661514723 0.0518261017415657 -0.00871052523159201 -0.0286530706274886
TR17 0.0156880051723479 -0.019165741980315 -0.0755196432193029 0.0531500754658776 0.0430729992000263 -0.161843547666606 0.0788112974808167
