sample MDS1 MDS2 MDS3 MDS4 MDS5 MDS6 MDS7
AN03 -0.00867786138038595 0.0393823178683296 0.0495144649491161 0.00534989227568988 -0.0588337305042512 -0.0349722157808873 0.0172090982726128
AN04 -0.0456397828132893 -0.00980014732782543 -0.0434813289367361 0.00995341258760043 0.00311503330302376 -0.0496879106096395 -0.0459203032071616
CS01 -0.0852539243302414 -0.00353601830240627 -0.0466723972666793 -0.1027485041322 -0.111611797136841 0.0478435948144943 -0.0806001012570788
CS02 -0.0513634828279449 -0.00338517019932938 0.0450348992949844 0.143241308620378 0.0871914375365891 0.0519969494314208 -0.00550369867853864
CS03 -0.0487043445345833 0.0401174088337004 0.0327580929337971 0.0360741793810451 0.0754044833573371 -0.0286867202593004 0.00343930411908127
CS04 -0.0413143530832349 0.0191733586814092 0.0208390480902487 0.0485776671691781 -0.025245218013701 0.0311623968331055 -0.143128774096846
CS05 0.00832651598657189 0.10333528973601 0.0727472613223343 -0.101721908230094 -0.0838641398477165 0.0472269601037105 -0.0721831155030941
CS07 0.0648916078209272 0.0399867316243519 0.124207814943402 -0.0896570029072948 0.0662591969867765 -0.102013687154606 -0.0559300131934778
CS08 -0.130774971000915 0.369940936350366 0.0113778904493301 0.0832407712640752 0.0243441400811767 0.0545123395402206 0.0720721291767751
CS09 -0.0844565389920459 -0.0297926044967987 -0.071795590380501 -0.053752906915297 -0.103997959835286 0.0096508169326311 0.00394850390689952
CS10 0.0226501219882357 -0.059894078092741 0.0425450676930353 0.0386079209957059 0.103742423524217 0.00495789144654413 0.00586659696336829
CS11 -0.0854450926773414 -0.0683869106454764 0.0132308589388351 0.0522536081944808 0.0505913765416654 -0.101661492168106 0.0341639173520062
CS12 0.052549191091792 0.049825495851262 0.0120220995186543 0.0299734491172549 -0.03484537443625 -0.0769747670491241 0.0505231835600611
CS13 0.0561952503031702 -0.0745313391828888 -0.00425885319359195 0.136748174698137 0.109772574038797 -0.0130602948380684 -0.110237202762884
CS14 -0.0258372436587827 -0.0311203049526802 0.0383829077115481 -0.0528677666908024 -0.0358220745767764 -0.00721739939897056 0.023992278344713
CS15 -0.0432523833428608 0.0353254485555537 0.0721975558352791 0.0695920984488893 -0.0154212756379817 -0.0444486907850008 -0.0791148371919261
CS16 -0.0467276312109832 -0.0410614962776227 0.119256171326084 0.032622562511494 -0.0790992773626491 -0.0987120217563197 0.0951975105937939
CS17 -0.143517129369842 0.0255089169770846 -0.00406708364916476 -0.0482787803090346 -0.0112642760671596 0.137361588073089 0.00130570171970651
CS18 -0.0275237434557105 -0.0109164501029743 0.10590346446448 0.0234301582436042 -0.0952819695696673 0.0175619685366872 0.0134482319928417
DK01 -0.0309355509235999 -0.0803327643411855 -0.00541165733113188 0.0300197860297167 -0.0703561119957359 -0.0341666506677074 -0.00245911045852382
DK02 0.0508686049376641 -0.0205208371019219 0.032897867383299 -0.0578589383411135 -0.0503607582946545 0.0696332113204044 -0.00329387032627343
DK03 0.0872324299993539 0.0345076190063495 0.12406829675225 -0.0332468722930066 0.0505937688024607 0.00581272140015768 -0.0699926716860063
DK04 -0.0713679162081295 0.070820055007659 0.126485019947652 0.101679208121479 -0.133829365854555 0.0858712517492204 0.00620643102326396
DK05 -0.109016589316565 0.531804167510211 0.0423152462640751 0.104320611564009 -0.00776306950347541 0.0576723576468465 0.165754046281196
DK06 -0.0342121153580667 0.0276075978817209 -0.0476654851702793 0.00495071260792238 -0.0727846531004571 0.0478343630825917 0.187220113926578
DK07 0.0670511944535208 -0.0595595961586067 -0.000830193493688089 0.0946002376954721 0.00897787481621782 0.0151621075244402 0.123394101916827
DK08 0.100697467584956 0.0144815643521336 0.00446879201695529 0.0617516881333819 0.0278101310812867 0.0651353300411557 -0.106913061652591
DK09 -0.0147239730852537 -0.0296945137315305 0.00482769299324703 0.0703727236482884 0.060906859712067 0.0133844542095509 -0.0292972023242315
DK10 0.224172158438358 0.00365982862427093 -0.0413824097405165 0.0180684455187496 0.00167803722660415 0.0711581912036737 0.00648455512748489
DK11 -0.084132096710175 -0.0184958280507288 0.0518562236283197 0.0625766523853611 -0.103725753491392 -0.0697076285479366 0.0269705359030129
DK12 -0.0770354007127317 0.0174192862983216 3.59105672338255e-05 0.00703087831613224 -0.0588890375640619 -0.0354327268804462 -0.00837252685565004
DK13 -0.0216629106635284 -0.0507510695977693 0.0198832073517966 -0.0707834915425613 0.0135296141096044 -0.0325422552742322 0.017925056990956
DK14 0.0825525327482987 -0.0226162497194681 -0.0294376500535917 -0.113458391903302 -0.0617594594490109 -0.11418464209813 0.0528730532234957
DK15 -0.108849806175594 0.020563473182117 0.0743817733927892 0.0878655299399788 0.0224843334012573 0.00906280568625139 -0.0465118432088748
DK16 0.00466845648004723 -0.0126998210428035 0.0481454051986138 -0.0666363668128431 -0.0434147912574999 0.0058345775952352 0.0178355777161784
DK17 0.0561138605510135 -0.0964760518980948 0.0319975335295567 0.00793143160952014 -0.0213027826092109 -0.0507322251280511 -0.0672701610178032
DK19 -0.0424676245779864 -0.0339268075724265 0.072372924210566 -0.0720486196821293 -0.0645116773536131 -0.0579268594720617 -0.00258170534909635
DK20 -0.074526148626669 -0.0247821110579762 -0.0291089741998074 0.00358257345319474 -0.0975577111863917 -0.0420898684049406 0.105682958435607
DK21 0.056198150348054 -0.0662079203880419 0.105690468706774 0.10259548399969 0.0885158442380019 0.0653360817452262 -0.00285903631613587
DK22 0.0716414624673227 -0.0616745454196818 -0.0398492088082677 0.178762816988831 0.0217905134983432 -0.0296965507556168 0.0794051265811311
DK23 0.0629532808057024 -0.0483235182024922 0.0905313262570765 0.071154503206394 0.00656785534479725 -0.0684040441758394 -0.00440391437235581
DK24 0.0111883237080745 0.107447911514947 0.0224585321620478 -0.140156883307038 -0.120877471068593 -0.0543435743148988 -0.119075681937274
DK25 -0.039814133483709 0.0386824195499571 0.000404986004610427 0.103257940248895 -0.0611732124702536 0.0349170234203594 -0.0197339841763846
DK26 0.109480253167505 0.0642777465621224 -0.00741852995569444 -0.0577086036866754 -0.00343423465288086 -0.143205854285699 -0.0328432296087829
DK27 0.0839044959660301 0.0273895038510476 0.15179679454213 -0.00594349303138383 0.01707564468522 0.0786562235688656 0.00513615333061845
DK28 0.162891944031012 0.0138798689940354 -0.0906221674535277 0.116439735594176 -0.0180446136767041 -0.0413260154523578 0.0176312882679983
DK29 -0.0984952235010453 -0.0184521961821623 0.0141730806885627 -0.0408696589697579 -0.12789538296917 0.0161706993637661 -0.0934395846106885
DK30 0.142485161665178 -0.0471639905569267 -0.0300041795414115 -0.0614380529265115 -0.144956263361842 0.0679202750664885 0.144813291211002
DK31 -0.0394554182898049 0.0338501724561404 0.142115068964624 -0.0379168510636398 0.0439336289583449 -0.0379406485561468 0.0180723042075699
DK32 -0.0225227496378509 -0.0782233773611925 0.0117454414196743 -0.0376404756824927 -0.104907154152053 -0.0120730931699651 -0.0625023468639725
DK33 0.0627904969857857 0.0448885442699964 0.102557736544552 -0.105693031877853 -0.119640716722031 0.0174145123898317 -0.0802099846691059
DK34 0.0639518386518464 -0.038028106012255 0.117585267446767 0.0612316899809767 0.0523631138271537 -0.0441333791617885 -0.120686158820491
DK35 -0.0421186279642182 0.0181648496619011 0.1561170393115 0.027434507377341 -0.055445245537412 -0.0410277858926276 -0.0539865006886973
DK36 -0.0611640714682323 -0.0491507912340728 0.0725139198130306 -0.0895838058265827 -0.0220892919336258 -0.0434266287295074 -0.0458215218054616
DK37 -0.00675610446216219 0.000760532669549612 -0.0426241338106289 0.217125435333734 -0.137411483894671 -0.0549967786689433 -0.0589139738862596
DK38 0.00152679857049109 -0.0167960006680959 0.0556669930816159 0.0854258262512157 -0.152385441898178 -0.0867788875049951 0.117986068749744
DK39 0.0205208951043491 -0.00304134528596958 0.129668982682741 -0.0808193800105988 0.00960985241438048 0.0268863713417572 -0.0198750084952985
FR01 0.0965678702710711 -0.132738777943344 -0.102653785475189 -0.0287300746145726 -0.0622966069594431 0.160415025886091 0.0663757304829904
FR02 -0.0280633305559991 -0.0544563859220218 -0.0477468442011489 0.00670440510794684 0.00080839153860751 -0.0581876609843086 0.0137241491423366
FR03 0.0279476271397214 -0.0768172499929582 0.069107337780611 -0.0131852271757619 0.0438423206684422 0.104094521201585 -0.027049546547206
FR04 0.050078334192824 0.0721605003481062 -0.0265967098213446 -0.144634141282968 -0.0663377136881857 -0.0369146492201537 -0.211799356454825
FR05 0.0963456649166723 0.10631889916348 -0.0739095628887772 -0.0513653664220675 0.173285481325702 -0.074560088371584 0.0327390077966894
FR07 0.114865547878196 0.169950557634567 -0.0137167052777526 -0.0662671799331488 0.0870175290854496 0.0327214077346298 -0.115907205461488
FR08 -0.0416585627752563 -0.039949668202582 0.048490669556434 -0.0353131446199611 -0.089147517586087 -0.14399044667916 0.0201726013328122
FR10 0.0567855996775053 -0.0222317469206952 -0.033813311394682 0.0341098877321289 0.0839452600214721 0.0581436595791945 0.0810889235449859
FR12 -0.0483504737640415 0.0236123756532179 -0.0691075211474607 -0.0646640119879463 -0.036275601633721 0.00876424505181156 0.00352576149986084
FR13 0.0376910279738194 0.0928252114965997 0.112876093921988 -0.114150964078587 0.106182775937196 -0.0694843114789802 0.0617831470538165
FR15 -0.0457061967704785 -0.019906236032202 0.057471170400303 0.0087916329043423 0.104194287268293 0.0405393550688481 -0.0599437250339
FR16 0.151595363993211 0.0881742654259905 0.0180354998711466 -0.0586508620599974 -0.068191609564613 0.0205061805267534 0.0637191178877601
FR19 0.0552419521891886 -0.038928573294356 -0.0202596981635925 0.1155833879179 -0.050321558824279 -0.0377147505535174 0.116902172697708
FR20 -0.115142201050873 -0.0751059984330638 -0.0495771366803139 -0.0136198873615716 -0.0251654351815852 -0.0566652519338117 -0.0571370858678183
FY01 -0.00949007943086891 -0.0524298971683909 0.0231068050399701 -0.0456938746487021 0.0551782174604335 -0.00466018460742428 -0.0529075755943899
FY02 -0.0573358401346758 -0.0888628029597355 0.0636405931793638 -0.0507030822051247 -0.0154109436349024 -0.0261107016739189 0.0109990774628042
FY03 0.0633523537759265 -0.0300009205431796 0.00495365473110462 0.0444752449882235 -0.0724536111236959 -0.115971099821717 0.0368064555018358
FY04 -0.0131252926521454 0.114637346943049 -0.106534873199548 -0.0498769598524058 -0.0628248615390366 0.103513443705682 0.0230384586084113
FY05 0.0122740569980947 -0.00262096843133328 -0.0944471368046318 0.142411454854987 0.0115576541972423 0.021014945958498 0.0284688428020102
FY06 0.00996840306324965 0.0187339421390319 -0.100595529997492 0.0378561384139246 0.0393173604104098 -0.0720667925511432 0.055425077560051
FY07 0.00841416014172358 0.119553252921466 -0.0413469225439959 -0.0381822595416679 -0.0645072483352928 -0.084622189721657 0.0142674572530834
FY10 -0.0199755720851169 -0.0387571920069974 -0.0825544386939703 0.0163703841464663 0.0425260248641638 -0.1427785632993 -0.0201413311960028
FY11 0.0933335880479439 0.000117610028469375 0.0428954152673927 -0.0870192859372647 -0.0323862039305279 0.0459910726822027 0.0559152565406178
FY12 -0.0744751444394257 0.0243929065306473 0.0815281597116218 0.00832474210170012 0.0384672457356132 -0.0203566574179289 0.0863128927483318
FY13 0.0918447856856624 -0.0718979489241522 -0.128651578949455 -0.017726891289174 0.142919453273592 0.103228646672065 -0.103150851437555
FY15 -0.0688902229575003 -0.058140901244657 0.0608750805675375 0.0727001164755794 0.0321606994574824 0.0727925956596306 -0.0877775929784225
FY16 -0.00504634641440619 -0.0824705651417857 -0.0470797887805257 -0.00496977246819464 0.0250272878175657 -0.0903373843888709 0.0711715736631722
FY17 -0.0308480942103938 -0.0264901652534165 -0.0259303136884596 0.0422548334448065 -0.0641494613806034 0.0527291140023099 -0.117638815410178
FY18 0.0371161415880169 0.019558832745692 0.0115555716562439 0.135750756178014 0.0315100304684163 -0.0112598231659214 -0.0242122191381826
HH01 -0.12172315170576 0.0317964094814994 -0.0651655991550009 -0.156682478759603 0.100701963274193 0.0897537507681065 0.0345637296092841
HH02 0.164898937690201 0.010674621900691 -0.0039849082158082 -0.106542473961663 0.0106139238086483 0.0898025706376907 0.0567827700658854
HH03 0.0020857359186989 -0.02560959911012 0.0012717904547267 -0.0451687018083495 0.0258623766397021 0.0658580437755726 0.0255255762683878
HH04 0.0750176530297825 -0.012831965296008 0.079237034490679 -0.0396265227307329 0.103688351248928 0.031699349834802 -0.123826281095444
HH05 -0.0275348048803834 0.0128581114038203 0.00530716722427057 0.0477333753592913 0.0300407495392934 -0.00625340131989987 -0.0864992090705125
HH07 0.00252218448431091 0.0967125601224037 -0.0102339853290882 -0.0121429171829474 0.0344920349691624 -0.0871936819678647 0.0475929704189947
HH08 0.0541057448562052 0.0576972193322319 -0.0309680672471702 -0.0153508349481569 -0.00907808815185616 -0.028465660293847 -0.0328788763578637
HH09 -0.0547878616646651 0.000781964249068149 0.0155970551857694 0.0216715153877919 0.0495410709499677 0.0540417203734867 0.0605078977537711
HH10 0.0560074641691823 -0.0507776597536298 0.0465795970670361 0.0352627339885818 -0.14456021230978 0.124475679118065 0.130516656986011
HH11 0.0368535271450136 -0.0320638701322652 -0.047196594092514 -0.0844928003135942 0.0184029710716434 0.0186632373559688 -0.0445351308036706
HH12 0.00966244101340262 -0.0124487553686719 0.0159664019944047 0.0994270986255654 0.00927423370431115 0.0676379081499945 -0.0295352847015338
HH13 0.0133607034869734 -0.0070290678643448 -0.0805633891267229 -0.00920903504535159 0.00641839147046762 -0.024539136943529 0.0367511723526576
HH16 0.0190024490356641 -0.0825354459139125 -0.0353150332243269 0.0519828235814525 -0.0371174375825433 -0.0465429971444775 0.077073679704163
HH18 0.053250988997168 0.0165283725609632 0.0913958542260686 -0.0898769070207937 -0.00841654344963277 -0.058914174774238 -0.0840490621214756
JB02 0.0433421642395771 -0.046984308089319 0.0762643250825882 -0.0884233387004808 0.0233907785173803 0.148700626695666 0.0805695335826291
JB03 0.0112661182052269 0.0782952536712615 -0.101492484231154 -0.0488767584201914 -0.0274163341499381 -0.0720783560315006 -0.0994404586679928
JB04 0.065539258447938 -0.0339874460216676 -0.0806406529804338 0.0374172196639939 -0.0209784841865598 -0.0939805857300074 0.053108180207164
JB05 0.0420237586208908 -0.0244290574913256 -0.0913038889586034 0.0448907748669158 -0.0812999725123115 0.186897162701576 0.0614587460802865
JB07 -0.00976541765206374 0.00460957339456736 0.0378235493499277 0.0261378392961002 -0.0266914457521599 -0.0246514632589111 -0.0425889297401587
JB10 0.0868708526766473 0.0396661096428359 -0.0397004638593944 -0.00400162841924327 0.0209066413385502 -0.0547869278329155 -0.0109529224378399
JB13 -0.036943347997147 -0.00460005899409387 0.0672131044689613 0.136889565794429 0.0136785075049285 -0.049687392976604 -0.00454206758697725
JB15 -0.0712225585379968 0.0155108376737816 -0.163285147706801 0.00792047399888123 0.0499027683040948 0.0416374692098127 -0.0964213658172735
JB16 -0.0856944796790793 0.0158514682044815 0.022345763313523 -0.00437441402606164 0.0532998690980614 -0.0188552084673699 0.0340657656828017
JB17 0.0596066680014686 0.0306232059757868 -0.148565599390551 -0.0998070369726881 0.0874900532180762 -0.0425093537004956 0.00862125640291214
NB01 -0.0205351425801318 -0.0373453468129844 -0.031406177753043 -0.00764993118585268 -0.0280670026276807 0.0273056536698623 -0.0511203033720951
NB02 -0.0384442015648038 -0.0298190906212503 0.00350685254484584 0.169916935007836 -0.0272324212254727 -0.0332149904296308 -0.122408784939996
NB03 0.0361955113581871 -0.0086496181174114 0.0528101653493557 -0.0264109555938521 0.0779385411320705 -0.165177501855473 -0.042258393728843
NB04 -0.00403833932058494 0.0173659144521951 -0.0157226401912907 -0.0627552587097021 0.0248670833886304 -0.00784923796396731 0.0293288452308809
NB06 0.020122108319245 -0.0528544425785139 0.0576496728199077 0.0122628539710774 0.0783772229134172 -0.0149698567440371 -0.114646574457997
NB07 0.115798700189374 0.0325643685811008 0.0248915099753113 0.0163178377089764 0.0621327660718556 -0.0106781656640587 -0.0612349957730222
NB10 0.186059565018793 0.0023559715438652 -0.0269452426515675 -0.0987404848825715 0.0231004534916868 -0.0841253038777713 0.117742597953095
NB11 -0.00448975218960101 0.0386194590346237 0.0264506026478643 0.141565754617064 0.0536160081041052 -0.0741069078373688 0.0288380799870002
NB12 0.0272344699802827 -0.0418816879418988 0.0811551344207721 -0.067070035667412 -0.0569966232301643 0.0621985578455259 -0.0165195357478989
NB13 0.0134078102163636 0.0224402077180307 0.0749151625246665 -0.060297640243463 -0.0471613086989687 -0.0882461003021205 -0.130856037318342
NB14 0.00124428679018041 -0.0831017260035566 0.152666078933018 0.0768109424249756 -0.0831705552261262 0.062783953303203 -0.00250783883936542
NB15 -0.0417969708294644 -0.050078438847653 0.0180377328454997 0.0273231391606182 -0.000158263792220942 -0.0846740257614533 -0.0476004503817386
NB16 -0.13252639220325 -0.0316375449128256 0.00378857446626504 -0.0363128707286571 -0.089995153234797 -0.054481330177607 0.048758526924814
NB17 0.00659150543618113 -0.0154026999275889 -0.0572004337328469 0.080773086133887 -0.00626419066010983 -0.0553433333595098 0.0266761184108582
PA01 -0.0652803662964693 0.105730209524873 -0.0991621725399946 0.0206740463540822 -0.0605184304179727 0.0146549818161245 -0.096238588364173
PA02 0.00400800413270901 0.0181637433662363 -0.129597111792274 -0.0661096998789844 -0.0467879197776307 0.0728669873526262 -0.0347761035608272
PA03 -0.064898252361993 -0.00228403548547644 -1.99297791594259e-05 -0.0453840093394473 -0.0962670878059785 0.0664949115427561 0.0137205798383345
PA04 -0.0295309370916194 -0.0198201089095351 -0.0197803519282095 0.046069647494226 0.15057427919125 0.0236592192857713 -0.100061935220124
PA05 -0.0887206018049684 -0.0596204444048118 0.0383522308770568 -0.0683295473994956 0.0225089988096006 0.0821851395735339 0.0194693415584277
PA07 0.134629378324207 -0.117687504646652 0.0429708536443441 0.0353976985382916 0.0262806465028889 -0.0591268693514723 -0.0129424668397343
PA08 -0.080212586424769 -0.0312421550191598 0.00950952720503778 0.0499389916582752 0.0720692461398353 0.0710138359459091 0.0618493237689293
PA09 0.0270753627981697 0.0997533931679103 -0.0380466510788078 -0.14036260846311 0.0147177558527081 -0.142899924479098 0.080496050598591
PA10 -0.0524036171135094 0.0589340672564884 -0.00612349403842735 0.00140279237089577 -0.0292942790588849 0.040064477825644 -0.115931302833377
PA11 0.146373495935694 0.0285407625163495 -0.00941310702220109 -0.00533710723718568 -0.0416454473494601 0.0723754747794016 -0.0806375910974179
PA12 0.00741013788736922 0.0141307465597976 0.03552564171838 0.0774689796284033 0.00101271177148286 0.00385341182644657 -0.0876563550234919
PA13 -0.0122583391697028 0.00595934892256624 -0.0240865313653723 0.0397137397949073 0.143321778799596 0.0251570650887886 0.0559664142938615
PA14 -0.0866097832831959 0.00289100167037192 0.0250244816767696 -0.0113219786919303 0.143308715319197 -0.0326117784060453 0.0690288835489506
PA15 0.0188510256746414 -0.0500526565410605 0.0377515894545723 -0.0255292189809087 -0.0985193741811256 0.18407650248033 0.0728839932997506
PA17 -0.00884315022572829 -0.0660837428431874 0.0263608090088759 -0.0344145448141093 0.0323773292701807 0.0192647231184326 -9.61175996879796e-05
PA18 0.0480995622608672 -0.0045242670337593 -0.0651728784224561 -0.0211806098167815 -0.120951011344069 0.0339787307508687 0.130483835849749
PA19 0.103990299919519 0.108478330358612 0.138480891571538 0.106658982992371 -0.0387117240306246 0.0452882994416942 0.00448892581664449
PA20 -0.0519866655212545 0.0518127210143617 0.0547775578280632 0.0399336155445889 0.0675521422758071 -0.0573911733613176 -0.0962407483094412
PA21 -0.0100876716795155 -0.0642198233919175 0.090312923920992 -0.00698851491180523 0.0732773921552959 -0.0409074553775267 0.0720019811508213
PA22 -0.0523886049338711 0.070975507946741 0.0896778850868606 -0.0756042043802161 0.0651778559480426 -0.0611820709305297 0.0565116020554843
PA23 0.00396765196595923 -0.0723139821141241 0.0210856477295245 -0.0361530258482931 -0.0644819762246141 0.0234391712421315 0.0574435267339061
PA24 0.021181815958956 0.0441000611411991 0.114675155278731 0.159342370475723 -0.0711551602422137 0.139451134249372 0.0458136662545122
PA25 0.0152292907063107 -0.0117031859020665 -0.00296663337471908 -0.0023559286982248 0.125652350144759 0.0298673797079123 -0.013571185506687
PA26 -0.0117160479214055 0.0324864014257867 0.0180788060683991 -0.0382060711192931 0.0993889351943361 -0.0599336002524758 0.0255015244508249
PA27 0.0968220136173355 0.0192217678336439 0.0303005898475189 -0.0278586917049327 0.0321377541918059 0.0696101010254644 0.150029835674223
RB01 -0.0443532516673253 -0.0787584665215478 -0.110662883984563 0.0991747028132361 0.0733091993997815 0.103923572817206 -0.0287179386662477
RB02 0.0719931738205098 -0.0112856004944614 0.0280372452239361 -0.0330305878986407 0.124652881015068 0.0599116678026101 0.162787915546119
RB03 -0.0617097094011337 0.00856365537327457 -0.0521761652576176 -0.0406707328611484 0.100833780270824 0.154153986292669 0.0739425188893784
RB04 -0.044928292029419 -0.0161518683754885 -0.0880178461475894 0.0168330918928878 0.0684291801702922 0.0824023768342721 -0.00713787963820324
RB05 -0.0346511970687793 0.0125867185960607 -0.0429501610367599 -0.0765988707076521 0.102329173395761 0.00435521472215974 0.0124359202750835
RB07 -0.00871797546307772 -0.0357845337443504 0.0614870605360877 0.00987783180428479 -0.0255698858066196 0.0466565205528677 -0.000290190544941856
RB08 -0.0843745074908429 0.00525998734733127 -0.0395166071945935 -0.106244728997825 -0.114274630440962 0.0174543900641217 0.0174310760550784
RB09 -0.0846244143847505 0.0851451319664429 0.0064802114328501 -0.0750656043917769 0.0296226805073948 -0.0549415358418547 0.0663658713907935
RB10 0.00176567612854664 -0.0470718174352667 -0.0607631499369076 0.0793054216568568 0.0729735000556388 -0.0703255953045915 0.126719210075557
RB12 -0.0235454908296964 -0.157513900127405 -0.0494568464311185 0.0209104872873874 -0.04818480175726 0.00556133562408916 0.0957557957063872
RB13 -0.071063770743319 -0.0496691306790218 -0.0782899386482788 -0.0725829551968583 -0.0126246707089478 -0.125449685863581 0.0541449441376824
RB14 -0.015141510632632 -0.0235132290676485 0.0201549499065139 0.0221618297966838 -0.0337284649559439 0.00238066416431922 0.00380957290253648
RB15 0.0240403133959603 0.0101325707148495 -0.00599229091114862 -0.0780266430143245 -0.0532634299539254 -0.119830369664611 0.0555774681377915
RB16 -0.0480790733086854 -0.0335562418883586 -0.0856708458335459 0.102442223971637 0.0499035004748446 -0.0424127392369791 -0.00477495649718906
RB19 -0.0430433542420591 -0.0806234709289506 -0.17389392892212 -0.0127789261569794 -0.103262117954176 -0.116560529935806 -0.104761707412943
RB20 0.0282983080504701 0.00441252083174346 -0.0608077639901887 0.0485496138857162 -0.0637148243233893 0.0143897522286291 -0.0663408467897293
RL01 0.146229987750425 0.00158704178104914 -0.0308067541038611 -0.00895852746884495 -0.129243533569383 -0.0950297666032326 0.0682906091852273
RL02 -0.01141334054408 -0.0334492881781824 -0.062675396595152 0.0274931895655807 -0.0993186799143242 0.0705146084427828 0.0316209636781404
RL03 -0.100548950428929 -0.00461710053115694 -0.0639974117620632 0.0601036511291062 -0.054106482979838 -0.0378078144575774 -0.0582931392628732
RL04 -0.0665918412095317 0.0105665408791534 -0.0605991096198132 -0.0252493386038163 0.114530108709226 0.0550956722517244 -0.0284207159603771
RL07 -0.0356462733348139 0.0688995842774638 -0.0547785673535649 -0.00899737698503716 0.0115608889912018 -0.00652883037036462 -0.0121735445371983
RL09 -0.0599147398896342 -0.0275612823888257 0.0335226079876778 -0.0597762093566245 0.0922552896028874 0.0816061202836164 0.0278315371062235
RL10 -0.0292309402465406 -0.0308067450501873 -0.149925822836327 0.0282103755756842 0.0955436421445172 0.0101142691755266 -0.129233796813024
RL11 -0.123067755063739 0.00503597040030533 -0.120069573518081 -0.0486194718941344 0.0154683067840197 0.122831319897295 0.0793735890403214
RL12 -0.0213269247400378 0.110095879745737 -0.0649564291599586 0.00816819763103819 0.053290462051225 -0.00734427030282995 0.0813640898529052
RL13 0.0188860137423534 0.13357132897692 -0.155116574281599 0.0231741085623766 0.0242046368390388 0.106438331643419 -0.0886520412248253
RL15 -0.144286386784816 -0.0112477275471101 -0.0882927622804443 0.0107624139278849 -0.0497099158162598 0.0588346184210828 0.0254364591552272
RL17 0.00529897974087967 -0.0361141608235076 -0.0250455045693441 -0.00904552126849118 0.0917591726827124 0.0827402189047434 0.0541764863021045
RL18 0.222452270871231 0.0811220399136854 0.0044191881527257 0.0222602735463779 -0.00155093612989487 0.0423429527816321 -0.0431127683426742
RL20 -0.00635864254858054 0.00665053964945745 -0.0846928154567061 -0.010845432547229 0.0853633488832402 -0.0451341399222995 0.0877914180187699
RL21 -0.0589588173101514 -0.0296776628823732 0.0168834184422724 -0.0685217442921555 0.0341525666259088 0.0449607658783236 -0.0306999639253916
RL22 0.0419741770176238 0.138481759125836 -0.130670637967931 0.227724028600027 -0.145478978250529 -0.0876255409431248 -0.0612854511114267
RL23 -0.0427559548814688 -0.017235083542569 -0.159179014167731 -0.0708954649973211 0.00573346048085768 0.0794063950023546 -0.0625120621745201
TR01 -0.0245659340630359 -0.0850842481757536 -0.0299983968334046 0.0239345878300219 0.0143114044996923 -0.0868566923718673 0.0576538507198841
TR03 -0.0743945909408075 -0.0130712718021801 0.0336584303494809 -0.115915122190728 0.0609921973748501 -0.0116934329289961 -0.045184456378199
TR04 -0.106061669429638 -0.077778693030025 -0.00514377866334002 -0.114341057883035 -0.0895120188536532 0.0240028296526692 -0.0301508923230466
TR05 -0.0137097890476461 0.0220176497911647 0.103122374371254 -0.0866726620551224 0.06321279212356 -0.104933971676382 0.120689254283302
TR06 -0.05173220299038 -0.0533888068066299 0.19923469150756 0.0288662947171122 0.0662551976055265 0.076498904959865 -0.00850807486246724
TR08 0.0224275333795065 -0.0742881969644165 -0.0341875728982702 -0.0836707290106165 0.0770851884445183 -0.0214479240001217 0.0161504732232141
TR09 -0.130356267628373 -0.0194263354629973 -0.0158863329998528 -0.0568665982198835 -0.000122951577924786 -0.0216216027582683 0.0259318132039837
TR10 -0.0626487057856017 -0.0452173594635863 0.0526079912935093 0.00882105475925809 0.142733117956052 -0.0172413433248966 0.04238426837226
TR11 -0.0628210893867474 -0.0271756573280712 0.0198300524692939 0.00361638267607444 0.0117084837767304 -0.0806857099230722 0.0221806143381849
TR12 -0.0167844360775113 -0.0205573926445614 -0.0147689527586791 -0.0511133092937777 0.0443197781370352 0.115441349161174 -0.0857322859511917
TR13 0.0151039991373617 -0.0346360286873787 0.11686527287991 -0.0400430102326741 -0.115367232580745 0.159384502289836 -0.126827106834054
TR14 0.230611746494528 0.0705859538681021 -0.0997331263803376 -0.00135327696345279 -0.055511283899003 0.0867085373167768 -0.119106418398549
TR15 0.0520779254509294 -0.0488850363895652 -0.039362795884259 0.0911650064575414 0.0819136587727747 0.00275072132597177 0.0793023958202491
TR16 0.0213603445247447 -0.0967213535610698 -0.126582468983809 -0.0394089359618296 -0.0363005541721575 -0.0273084081946161 0.0329726937936997
TR17 0.0145450779095301 0.0219540744048644 -0.0974972976216438 0.00218818837340278 0.0133129851190109 -0.166800383771799 -0.107467655093507
