sample MDS1 MDS2 MDS3 MDS4 MDS5 MDS6 MDS7
AN03 -0.00391682694822593 0.0536281926532275 -0.0495234415200788 0.0298084280685223 -0.0078812385760744 0.0399159609273058 0.0514126024511285
AN04 0.0623026496410029 0.00377743454739585 0.0488417380898659 0.00389227538218503 0.00491348503178833 0.012806775061896 0.0752118825134937
CS01 0.0718072446345441 0.0286187744291246 0.0440930566445325 0.0589120481171153 -0.166651635838006 -0.00509926018560607 0.0743074387490116
CS02 0.0693059136497992 0.000950678376473113 -0.0685754446547303 -0.00281620150513906 0.129234872666985 -0.0799342762702791 -0.0471645827658672
CS03 0.0575909355255562 0.047673539550733 -0.0274308253365218 -0.03535350622529 0.0394339569396671 -0.000527036928587882 -0.0283305459892979
CS04 0.0158418295005257 0.0335607361214039 -0.0365173442903566 -0.00236487260116372 0.00416100369207646 -0.100852321506818 0.104647174021366
CS07 -0.0885179242082145 0.0117805202484235 -0.129234636806339 -0.124413665922673 -0.0309423092187156 0.0844622491900671 0.0561238730604892
CS08 0.0815499558521778 0.387931080644835 -0.064110606655666 0.0205064051098134 0.0691149050253015 -0.0384555382310463 -0.097078215767782
CS09 0.0810250921229555 0.0199092697080399 0.0688750872248175 0.0766545652886933 -0.0540298655120203 0.0329052255521819 0.0816793972801873
CS10 -0.0132691084282937 -0.0729419614537105 -0.026251416782873 -0.053525144441145 0.0441248865380735 -0.0246290925129409 -0.0597052619276429
CS11 0.0871067968481518 -0.0664760190086553 -0.0142443793751406 -0.0241429532922224 0.0720310071912808 0.0474102452124355 0.00879284788579365
CS12 -0.0608947360003863 0.0397078457523039 -0.000131631458540477 -0.0051311994235862 0.077754092618039 0.0734403488536799 -0.0214979291482685
CS13 -0.026208607678061 -0.078734930118704 0.0147698564278245 -0.0839084628490208 0.151804314040559 -0.115724796856107 0.0410616219768391
CS14 0.0183397716818592 -0.0391570406602607 -0.017915130991723 0.0464625129658979 -0.0498848995955058 0.0547374057694437 -0.0040423371474734
CS15 0.0391090121601712 0.0349922155811513 -0.0715661793536671 0.0131055496371308 0.00762015190868801 -0.0183167997981355 0.102178491054542
CS16 0.0378422708871116 -0.0381593169772942 -0.110573196455083 0.0894338704153287 0.06987611977049 0.130958023635873 0.0442114626698187
CS17 0.128520522265805 0.0531457721465942 -0.0295757234617954 0.0479402078805722 -0.0798668187309242 -0.0353413745105478 -0.0448122352933492
CS18 -0.00368276747252678 -0.0245817004084037 -0.105810858004308 0.125997176360241 0.000389667819099708 -0.0076220424100156 0.04413610049212
DK01 0.0334749360253728 -0.0605261828017639 -0.00236904110964377 0.0492961482535441 0.0249561376734909 0.0235978919644425 0.0604887659043999
DK02 -0.0625299850377842 -0.031381878566385 -0.00937611115002787 0.00842731665292677 -0.0750520374764614 -0.0213339822470622 -0.0332294433903558
DK03 -0.091956183185804 0.00707867279769524 -0.114648146502523 -0.0483663806356547 -0.0578560904461736 -0.0176908284477362 0.016368315957924
DK04 0.0418676647453545 0.070463905498469 -0.136404063431054 0.161167100806186 -0.00404181235912748 -0.100208262089913 0.0414655223639721
DK05 0.0408112306769519 0.540947646995185 -0.115026706949428 0.0921681487724155 0.0965097484189557 -0.00844968078464409 -0.155386053380511
DK06 0.0234776078109738 0.0565102131315572 0.0557164524612001 0.110098188446463 -0.0242853921515906 0.035497961706911 -0.119588157240739
DK07 -0.0457675805892175 -0.0585226052411076 0.0177097680598108 0.0753955594405593 0.0793939318756529 -0.0163373181269066 -0.097989632426433
DK08 -0.0948449460133938 0.0122962098888282 -0.0137654571940633 -0.056522163940065 0.0628029670579441 -0.114065568808755 0.0312419940229185
DK09 0.0260308347934725 -0.0257262769209674 -0.0208703472696055 -0.0316002579896131 0.0811439812982258 -0.0591577232092936 -6.41977638575625e-05
DK10 -0.216402757524989 -0.0263537674956328 0.0525522422873231 -0.00521138026975007 -0.029009931684186 -0.0607324632187551 -0.0486512179063091
DK11 0.0672896814714111 0.000622932584864329 -0.037606662813746 0.124683754350248 0.0811598300920781 0.0313754998522506 0.0899420398574653
DK12 0.0721767479764801 0.035859612059878 0.00211541337580793 0.0422111430066493 0.0016433603504844 0.0129547446054374 0.0612374323941593
DK13 0.0236692153055591 -0.0488187667167816 -0.0118440374839807 0.0043501694049964 -0.0435850154036643 0.0614563548973997 0.0148332927140104
DK14 -0.0893724872046582 -0.0312628044843184 0.0634114675260405 0.030627479618543 -0.0435508805991972 0.17446440636441 0.0473963364151991
DK15 0.105461148418155 0.0233208031096742 -0.0834116172605024 -0.00888121123268537 0.0775866033423322 -0.0690371367517488 0.0404767542205436
DK16 -0.00583758051469383 -0.0078769148815846 -0.0699840283545757 0.0449153319797071 -0.0383625095411684 0.0645634194307271 0.0190551078166348
DK17 -0.0562578567773059 -0.104441883115899 -0.0229879778416859 -0.0171901525764396 0.0048893947232672 0.000145759211763243 0.0863062625140992
DK19 0.0352270981619969 -0.0327832570630775 -0.0759699924109002 0.010576191677835 -0.0822254495004668 0.0931340527423482 0.0735481516193959
DK20 0.0776646771761993 0.00265829366706686 0.0413575476812931 0.118958860936614 0.0217209915657496 0.0855188388467317 -0.00517971573511566
DK21 -0.0426435882264895 -0.0876353481634275 -0.103213117700041 -0.0449533697817322 0.0653667939437274 -0.108719052357318 -0.0818133554557137
DK22 -0.0485457662837532 -0.0653373629876478 0.0528494965130972 0.0381202832719844 0.186312623271289 -0.0350827076359472 -0.0620580749140339
DK23 -0.0728412927305362 -0.0718705637243561 -0.0779478183220347 0.0108482907795369 0.100275633572207 0.0128472547657655 0.0459746713948785
DK24 -0.041813318328761 0.114475432603944 -0.0362252693488887 0.0151609985589743 -0.104799068052935 0.0828215342561489 0.159157563918038
DK25 0.0340159124118633 0.056066854224728 -0.00154137127293429 0.0661106310502864 0.0640015104035077 -0.0616309354831659 0.0296807227723008
DK26 -0.115772351908482 0.0610551288433993 0.0252045566916536 -0.0710037339141526 -0.0235910525267504 0.107639632850081 0.0949043776277412
DK27 -0.0970084366611474 -0.0100090517131449 -0.163498909340041 0.0419666921694111 -0.0292704195290236 -0.0467384986627353 -0.0429996735502358
DK28 -0.151724360403505 0.0143562040127317 0.111833831948225 0.00614866131268684 0.123720637698267 -0.0157573755300413 0.00230517909764848
DK29 0.0809929504094009 0.00964043761660377 -0.0171887248785413 0.0642690126605812 -0.0807580128253137 -0.0180477101676373 0.13205063424279
DK30 -0.136212608570081 -0.061183362492723 0.0582179576602465 0.176813357470471 -0.0792596035054473 0.0387993255059961 -0.081140610660768
DK31 0.0226903668282172 0.018150806775075 -0.14606720016798 -0.0321886980231396 -0.0360846416224474 0.0620250333768906 -0.0349025240360126
DK32 0.0229738801977851 -0.0684097345248286 0.00655518029154486 0.0473205056318923 -0.0584117785355358 0.0108009163701548 0.113453008297682
DK33 -0.0952550927314991 0.0468773042464886 -0.0817890057945688 0.0859656832473768 -0.10349626170639 0.0405247429113752 0.0938791815281614
DK34 -0.0686639743657728 -0.0633943591759405 -0.0978906507144532 -0.081910787783545 0.0841941778917151 -0.0501080269383331 0.104565035100992
DK36 0.0635443519406883 -0.041417320793096 -0.0666858574606703 -0.0466383245764384 -0.0808038645058995 0.0530031400959453 0.0691780992584805
DK37 -0.00169216703320808 0.0164741806141623 0.056445753311256 0.12349726615809 0.0678038518061498 -0.151652765681852 0.136031697863482
DK38 -0.018295945962492 -0.0222007412124461 -0.0300605583297302 0.185891322994351 0.12129380700654 0.0842203577915362 0.0333876594582345
DK39 -0.0314557867598369 -0.0128135974760122 -0.129357439954694 -0.0228000228800682 -0.0672008586163931 0.0378988829652079 0.00536001239096444
FR01 -0.06546476450658 -0.115680450361664 0.129936195001008 0.101155606315514 -0.094539326002324 -0.0612972529692776 -0.0988071261208439
FR02 0.0409306355393795 -0.0520095031907894 0.0540853829964267 0.000950511240280392 0.0324195644347978 0.0351847105871444 0.0194892918264656
FR03 -0.0164760669707178 -0.089976979613012 -0.0574300135175606 -0.0231324266685909 -0.0763831732528569 -0.0559662513227259 -0.0464067233147821
FR04 -0.0770669076149817 0.0764065225812089 0.0241521058474118 -0.0739692971021476 -0.144455220250786 0.00974256737593206 0.179418536377036
FR05 -0.0919551447899455 0.0970262294478249 0.0533118960819344 -0.198755138690604 0.0485630214495682 0.0790354648910933 -0.0903314094258868
FR06 0.0467941052844173 0.0275961657647557 -0.0093242302046761 -0.174534683885643 -0.0298974000095578 -0.0619266253190814 0.067075732274559
FR07 -0.137504566847879 0.147232492858957 -0.0202332357123994 -0.15081402362641 -0.0627839453996885 -0.0520882699723997 0.0088094458214363
FR10 -0.0326939087143042 -0.0420022818008717 0.0341250240523032 -0.0019947620053572 0.0451068401770345 -0.0302397215022904 -0.133234935538689
FR12 0.0343954094315367 0.0539533050832999 0.0640954495380394 0.0153815170368424 -0.110961857343381 0.0343795744587608 0.00279673348025533
FR13 -0.0461524975311901 0.0591913840179688 -0.141450503187331 -0.0996536798777969 -0.0293672889112395 0.143666971215234 -0.0669220321142459
FR15 0.0539129747005906 -0.026510113269707 -0.0880375243945586 -0.0873977254420326 0.0189486545115539 -0.0467638726458479 0.00411396958256809
FR16 -0.169277397358729 0.0571213720128451 -0.0208964237860438 0.0266568517955126 -0.0512601667294847 0.053122566927998 -0.0373716440114483
FR17 0.0263371961011161 -0.0787606445668509 -0.0423679492037464 -0.125523286218775 -0.0159268370627594 0.0172915341848331 0.0345574453861669
FR19 -0.0498032881567279 -0.0351928368033733 0.0520326471813294 0.101312883704519 0.138822839662634 0.010386038294235 -0.052152903530963
FR20 0.124210490732313 -0.0470910997705679 0.0572058746533341 -0.0197077573751041 0.00642690699808755 0.0279104882129035 0.0782803265271265
FY01 0.0180892279886556 -0.053870122247805 -0.0135554654693977 -0.0879101152495872 -0.0616298889337675 0.0121449899319639 0.00575134438614466
FY02 0.060479911120661 -0.0849266825039245 -0.0691204933054744 0.0132335388544267 -0.0390988663584362 0.0439390693890507 0.0258518290833626
FY03 -0.0666712249113311 -0.0302919788091104 0.0397951227357323 0.0562822459667538 0.0396977208644186 0.0362345133159178 0.058380478562458
FY04 -0.0091482692187543 0.142934317610596 0.0955712878034068 0.066054073879173 -0.119423737479736 -0.035369538455574 -0.055627531213352
FY05 -0.00594766603109404 0.00330256955434226 0.0965417255836068 0.0247534695523824 0.0961627722797763 -0.0759449560986445 -0.0253693998335641
FY06 -0.00837888049241741 0.0355296673247225 0.0960183764762853 -0.0167435505077773 0.0734665854730039 0.0520246354805038 -0.025361915980217
FY09 0.00946245132142806 -0.0399876224753116 0.0583839140232441 0.129488412215914 -0.0501701290678017 0.00889656359068819 0.012784848582385
FY10 0.0310555567848026 -0.0310292917870422 0.0815674835420467 -0.0756791634858735 0.120275578976838 0.0932280975967356 0.0540954923492429
FY11 -0.0992800874501817 -0.0223761936502287 -0.0394312190756943 0.0425735432490888 -0.0992979117335445 0.0304850816711015 -0.0590192766656368
FY12 0.0556277604132128 0.0133495853172251 -0.0736854428715608 0.049105538377968 0.0497982081534064 0.0469774980035461 -0.0683951924445239
FY13 -0.0496042175670308 -0.0762128005484965 0.132322830791364 -0.144872873410023 -0.0738079699423591 -0.135629941581368 -0.0702740531856599
FY14 0.0589005045592327 -0.0308479303990555 0.0429260519149803 0.0275127677871334 0.0260288431483353 0.061773916608674 -0.00411688066886028
FY15 0.0689253831212765 -0.0555076351492988 -0.066042075938473 0.00407064667997908 0.0192192707323564 -0.128249446237393 0.0351520552524461
FY16 0.0140270287861473 -0.0640731475991475 0.0520177873530743 -0.0029822857466429 0.0444002935480045 0.0992965387432765 -0.00733766551206607
FY17 0.0281527903598844 -0.0160390939048387 0.0269289192873256 0.00138030393264759 -0.0104083989519783 -0.103827411915384 0.0904147655711746
FY18 -0.0408219069795477 0.0234871768124784 -0.0451874084726152 -0.0102376680407081 0.0898816594471605 -0.0704319481803371 0.0383286263875363
HH01 0.128402783006939 0.043073639164412 0.0356939573281236 -0.0680643408947646 -0.178159959993119 0.00901879050377384 -0.110417805045276
HH03 -0.00957111491620574 -0.0254976647922893 -0.0106693926391069 0.0144452374060776 -0.0752884406628322 0.00708645608382908 -0.0664336472012288
HH04 -0.0757660647181992 -0.0387915119143484 -0.07832333230194 -0.115539969615597 -0.0232668874054554 -0.0566924146420646 0.0256007836005967
HH05 0.0223819448143473 0.0191334749261946 -0.00653101738022958 -0.0465374814362006 0.0167982746583146 -0.0553340276463842 0.0471335269368168
HH07 -0.0148983304846837 0.101290895992246 0.00175556126760752 -0.06675778004834 0.0195838561564291 0.0920502949561035 -0.0257081866736202
HH08 -0.0638498272136505 0.0455853244623574 0.0308225258946342 -0.00209251543108453 -0.0256617378960413 -0.00318739687615225 0.0461994327603986
HH09 0.0656701600126546 -0.00256852750921673 -0.0289165722934894 0.015471328810686 0.00135512520432201 -0.0106103686973596 -0.0934960028604605
HH10 -0.0769643686893143 -0.0520141422214638 -0.0297592828928367 0.199968870626323 -0.0566048912897398 -0.0407989681519727 -0.081893519629657
HH11 -0.0452362521548918 -0.0321884741286444 0.0525095775964006 -0.0600146652832295 -0.107115738951983 -0.00398571253656948 0.0158180429019349
HH12 -0.0172271440385105 -0.00912281977928806 -0.0261860829429565 0.020297388490877 0.00747965345758447 -0.11861812524072 -0.0105321933813267
HH13 -0.0104255363971335 0.0115303061835015 0.080893216575376 -0.0279372445838372 0.0269874509129433 0.0321747720886606 -0.0197827530625576
HH16 -0.00456975709299747 -0.0678965994703741 0.0541207912030924 0.0583374615301696 0.0844799906731851 0.0557102801297066 -0.0269326407903049
HH18 -0.0691916115516875 -0.00206123688230686 -0.0926813445066609 -0.0653669938804634 -0.0552125277700855 0.0350266778947915 0.0705428459111159
JB02 -0.0361527282781807 -0.0688785809080947 -0.0722973337837802 0.0560425153822028 -0.132300291406784 -0.0185633003922296 -0.134048328401629
JB03 -0.0170513826815243 0.0732521505963228 0.0948615285630528 -0.0664025098765457 -0.0394901332459608 0.0198007262900989 0.0987606935082499
JB05 -0.0331095212127001 0.000359143702789327 0.0857492390546834 0.126355655174864 -0.0833856365522877 -0.139365211271751 -0.0971389675246841
JB07 0.00551975223910579 0.00577689480650421 -0.0597782997410512 -0.0153108759163833 0.0437112096842381 -0.0163030378384186 0.0533144610996604
JB10 -0.0975795085873675 0.0388991917748303 0.0535030681748923 -0.015718840850488 0.0253456649000464 0.0245564235382871 0.0208998596244044
JB13 0.0227457574294224 0.0055003493962973 -0.0721257100749262 0.0188139454501581 0.129042527853739 -0.0255799624337857 0.028492618062821
JB15 0.0790448354292144 0.0406954551262827 0.146604569132427 -0.0877065192476612 -0.033542565213727 -0.0942854074633489 0.000224448142958408
JB16 0.0743338533498508 0.0271773752396553 -0.0175483499108087 -0.0149196195586692 -0.00415898562232002 0.0421831231813206 -0.0500820516328616
JB17 -0.0563533443734481 0.0275681810917195 0.14730479056792 -0.107782443824452 -0.0311049492483353 0.0529178316316702 -0.05575536495019
NB01 0.0254999788905601 -0.0177665658723146 0.039160778686342 -0.00595782639154884 -0.0657607796862244 -0.0526120301623843 0.0366600446772294
NB02 0.0447126427921069 -0.0226497154994236 -0.0190929012236168 -0.00405636370608063 0.123851287686765 -0.119802977398741 0.144627046962427
NB03 -0.0386495513155098 -0.0122229580127258 -0.036310647867157 -0.0992139493839554 0.039000089931957 0.113168158219222 0.0739635235182511
NB04 -0.00403342159892776 0.0182692172548257 0.00408246809967072 -0.0389263527278732 -0.0443815358176288 0.0430729690373307 -0.0314418242980024
NB05 0.0633043794684529 -0.0626056511990707 -0.0823650921908741 -0.00525577351145909 0.159106662422121 0.0274424217167091 0.0205437320211541
NB06 -0.00949561593328681 -0.0674367604176692 -0.0497640050477006 -0.113266245617122 -0.00287346170053779 -0.0490185065686656 0.0476428869335567
NB07 -0.116220168686511 0.00619351979870656 -0.0361444361200938 -0.0610293727288566 0.016086982084338 -0.038753960874498 0.0310163982034518
NB10 -0.192309830316212 -0.0244964970610804 0.0563596753792904 -0.0189625695786429 -0.0343485172263024 0.15469436179002 -0.0766302719084127
NB11 0.00614710656733726 0.0314376090039116 -0.0195295812818132 -0.00789444187844724 0.166180909566076 -0.0109609204506536 -0.0200524912299563
NB12 -0.0241640298419205 -0.0500124448260285 -0.0720680143622652 0.0238711210868534 -0.103938356724216 -0.00906457076022362 0.0117079367000552
NB13 -0.0441483463545952 0.0127967382269258 -0.0631747577731332 -0.0498855425843185 -0.0603064554908929 0.0263373476186385 0.142899472972058
NB14 -0.0121249315458166 -0.0872178255283456 -0.139277378321404 0.124396756583107 0.00547976347765249 -0.0604839874452855 0.0295051840056641
NB15 0.0375566900866138 -0.0354097607591231 -0.0110644396710701 0.0064712447029803 0.0651590998387891 0.0424401832388278 0.0947346719895258
NB16 0.119769410282248 -0.00195107248264606 0.0081338649949036 0.064184106679395 -0.0118148433569776 0.0906605570330554 0.0386031909473772
NB17 -0.00862508814336328 -0.0148321787433854 0.0548037312158105 0.0125848028050588 0.0938036691424197 -0.00838419507415702 0.0276520463272894
PA01 0.0612884898476113 0.120065736863932 0.078535979515028 0.00411292618291859 0.00372602841057935 -0.0725012970633991 0.0930235866384673
PA02 -0.00142559744748309 0.0349072886217922 0.124889621661349 0.0259761022332653 -0.0945444608201135 -0.0433221197526853 0.00812126666221737
PA03 0.0587737401785362 0.016168577882417 -0.0171414113075139 0.0528389463969759 -0.118159953509704 -0.0135692186456134 0.0277918795374091
PA04 0.0531197651233379 -0.026226930321711 0.0101853684147377 -0.131498055881949 0.073734301565676 -0.112319509710996 -0.00685725271774155
PA05 0.0848989296641871 -0.0518930951176876 -0.0488995247368765 0.0186006840054961 -0.127278617137282 -0.0129997091768397 -0.0478952377955876
PA07 -0.124266501237196 -0.143029207273561 0.00597521797689242 -0.00984529926159099 0.0646055843319064 0.0113503615592197 0.00155955790973658
PA08 0.0932288940039112 -0.0244869331222671 -0.0327983744061668 -0.0188067262495824 0.0313701432407677 -0.053031870729773 -0.112058545592443
PA09 -0.0405853664494015 0.0975848280683165 0.0516796282001898 -0.0198343895616736 -0.016610709234557 0.201176138202443 -0.00811457178142504
PA10 0.0320310822547699 0.0796903067252227 -0.00413490324219631 -0.0352375540142888 -0.0744137492966018 -0.0681342109942766 0.0701212438615557
PA11 -0.173353140557065 0.0203887417508233 0.0240636389819409 -0.0166031648159215 -0.069775619650889 -0.0960887778199504 0.023331375739447
PA12 -0.0170050524165381 0.0168378102370028 -0.0503398296314993 -0.067011106889608 0.0426229596941695 -0.0774660394016681 0.0653706964319005
PA13 0.0236411066878257 0.000822174468926172 0.00366882338366055 -0.0979558642435434 0.0358403169022699 -0.0387300874870047 -0.127560328431891
PA14 0.0924776733018856 -0.0044849424292054 -0.0550552692716287 -0.0874314959306343 0.0303110398469922 0.0463746878358454 -0.111179356114651
PA15 -0.0113918019532566 -0.0654232973230163 -0.0276731759335038 0.170983499846575 -0.0817066387392512 -0.0658479266879429 -0.069783529669452
PA17 0.0216428065621698 -0.0577869897020405 -0.0265725826032348 -0.0443158674494642 -0.0283610754953207 0.00829443273050732 -0.00888325054504836
PA18 -0.0514488874150205 0.00870204530196106 0.0720302778034511 0.1419111977333 0.00268773585898535 0.0707017208182023 -0.0537737463094968
PA19 -0.134287445217413 0.0709714728182513 -0.127730988416456 0.0543376912616779 0.0581588289604677 -0.0992584859040741 -0.0186171211842935
PA20 0.0460399442075674 0.0488845454012132 -0.0731054099305538 -0.0738697402911086 0.071050568969374 -0.0316445001462874 0.0654326851892949
PA21 0.0114925026006846 -0.0592649980436867 -0.105478398621022 -0.0338213921259728 0.026697434042592 0.0735964855575022 -0.0554710942760118
PA23 0.00525907473254478 -0.0531006149815369 0.00384514309464031 0.0501744492226915 -0.0679509240059728 0.0409759235972883 -0.00675403560464781
PA24 -0.036057249827812 0.029129145623833 -0.131469827137559 0.134169123672062 0.0638897482537034 -0.137908204537973 -0.0575910744012617
PA25 -0.014839482007665 -0.0252166638679651 0.000713472049332388 -0.0931195786822398 -0.0522842779284086 -0.0512649091555126 -0.0663806760291679
PA26 0.00673430238898768 0.018823705018936 -0.0167024592494643 -0.0529203143047974 0.0268392458028586 0.0648956155260971 -0.0390725137818661
PA27 -0.0940664277939129 0.00117060191587128 -0.0280513101110519 0.0233552146455501 -0.0187338529855232 0.0329643344327713 -0.165153329984721
RB01 0.0669742977834218 -0.05061215179589 0.102591303222892 -0.0396379900987765 0.00736393971443105 -0.156456317074697 -0.0570301664419311
RB02 -0.0692976157599524 -0.0197887408160499 -0.0250716755072517 -0.024111590229062 -0.00499455658794706 0.0368271814911249 -0.223178802426494
RB03 0.0720455587134178 0.0187168496397834 0.0291200479297226 -0.0473060970336975 -0.0837339060394442 -0.0638015388310884 -0.183739578546841
RB04 0.0567755541898931 0.00370888459129129 0.0695930702759466 -0.03290551366763 -0.015713142676208 -0.0811092493152631 -0.0584893602062801
RB05 0.0356527230472142 0.0186904988127032 0.03046733564803 -0.0485249199549162 -0.0266261603483696 0.0427928049241218 -0.0525416444933204
RB06 0.0330040933921296 0.0296051267772706 0.152856446472283 0.00532226075564125 0.10724394493447 0.0688189806192216 -0.0174615951065617
RB07 0.0113059290103937 -0.0490107616899453 -0.0500376599164762 0.0813739448387683 0.0165961122409051 -0.026387902462136 0.00518585048409343
RB08 0.0854377595842388 0.0373412055800368 0.0318468815276087 0.0654558809950725 -0.109279476715695 0.0909988996190207 0.0553095545659796
RB09 0.0691496808464008 0.0801890935247153 -0.0220291030078673 -0.0172653478915761 0.0347223333007044 0.128543707535135 -0.0540059481428316
RB10 0.023908187982096 -0.0422794246150711 0.0732416467435757 0.0267469862856374 0.173959992618282 0.0804865598695703 -0.0918951504921121
RB12 0.0464073419387174 -0.137727643657721 0.0557939753316632 0.11661023365061 0.00228381069668522 0.0297708729247298 -0.0317042286232498
RB13 0.067607910838654 -0.0235845087872865 0.0955824530388498 -0.0100125130106107 -0.0294291151849254 0.148130781049901 0.0184624305390426
RB14 0.0166734538779651 -0.0249373262602478 -0.0180245409358429 0.0229846167164304 0.0108168990488517 0.000444432664679386 0.00696037826992763
RB15 -0.0279951017748927 0.0129654149265278 0.0332338517520117 0.0321504964333114 0.00554985099346408 0.14244208819462 0.0513071031512828
RB16 0.0691497714356295 -0.0248226691978913 0.0998232033995395 -0.0238790953267445 0.100869803855672 -0.0318748039006822 -0.0113285207386016
RB17 -0.0598219197872721 0.12679633642009 -0.0545237272019117 0.0440749250786695 -0.00809078570922192 0.0882230693881796 0.0438814877986481
RB19 0.0507453447769023 -0.0405607942564594 0.183216024827199 -0.00964543088373546 -0.00382697462178076 0.0362087249947402 0.182886688978882
RB20 -0.0345197948689711 0.0256424992612965 0.0633687299825291 0.0095855813672918 0.0150979843382941 -0.0641746649136378 0.0627566353513041
RL01 -0.150580548341845 -0.0116624011353589 0.0617413718146724 0.086987864083124 0.0626883319848011 0.120142406544494 0.042833913072519
RL02 0.00821773068451708 -0.0150177469384834 0.0734042549682269 0.113857779801998 0.0219813303140414 -0.0146327185285604 -0.0153758871651616
RL03 0.0996072427117633 0.0202675252251264 0.0606937927454941 0.0411625501179958 0.0439070178167019 -0.0181895495180171 0.0966818903304289
RL04 0.0873242306722575 0.0183150953841987 0.026740537405809 -0.10688831748416 -0.0613857616309058 -0.0523812501739588 -0.0505992670850939
RL06 0.0905908904009992 -0.0525823192454591 0.033860684210024 -0.0583982720865182 -0.036787486335209 -0.0830357749515072 -0.0663543637142221
RL07 0.0339493086175632 0.0874030486771863 0.036033249448847 -0.030780546661546 0.00652110406366083 0.0160916300806096 0.00574178299978799
RL09 0.0630853736907442 -0.0240899491172275 -0.054440415019648 -0.0283370113935636 -0.0673066305132688 -0.0131727202426265 -0.093410245958076
RL10 0.0391268512964758 -0.021240377104339 0.143683092081326 -0.130070024012357 -0.0103573588670952 -0.124680325552496 0.0211522791771514
RL11 0.128364328913625 0.0374490939576541 0.0971100746373768 0.069099582602885 -0.0969605221566363 -0.0214110290114926 -0.103699945805976
RL13 -0.01949130750393 0.145855813270209 0.115248260501904 -0.0620977298606532 -0.0211065903833583 -0.12985816404948 -0.0166809192680844
RL15 0.141366743876292 0.0152458200452813 0.0838219578986171 0.0869101694146158 -0.035229156541518 -0.0361650728581992 -0.0170413982789355
RL17 0.00288361895260067 -0.0432836736129793 0.0130077344152215 -0.021108746014873 -0.0220273858745989 -0.0467990130736393 -0.132191683858032
RL18 -0.224571557575269 0.0496301566066603 -0.00712772506184068 -0.00618212637393014 0.0139791068864498 -0.0400537818707382 -0.0104930127506675
RL20 0.0305140810630201 0.0147478259667322 0.0777403647550027 -0.0397780173336421 0.0446853624448881 0.0909199305273558 -0.0833049215819155
RL21 0.0629500862829828 -0.0345264074110791 -0.0214133721282004 -0.0604048979680675 -0.0678969606561545 -0.0230185086999005 -0.0159962833761783
RL22 -0.0552160518990943 0.143416193697185 0.12627229796634 0.143398066610441 0.100862905344998 -0.133316686259979 0.14627695443165
TR01 0.0443567497582235 -0.0653151932463648 0.0592219520522406 0.00266602382978764 0.087857095930481 0.0832631687681005 0.00691117786613013
TR02 0.0604557203795681 -0.029138497199685 -0.0156519389974791 -0.032789647401227 0.034407520041718 0.0214075244613293 0.0483449034678633
TR03 0.0811077001037988 -0.00586463261194847 -0.0485446454985797 -0.0811822926891971 -0.0927058210988302 0.0471458976922832 0.0256556253781923
TR05 0.00568061802357698 0.0097573830385428 -0.110718261986019 -0.0345857292981508 0.00311488410651324 0.173611422015458 -0.062066576239425
TR06 0.0592123949127774 -0.0757173562624342 -0.207062760805259 0.0148605059940501 0.00971842142790288 -0.0418463147378085 -0.0326802632573063
TR07 0.000977296282691458 0.0107610583547448 0.00924314237553498 -0.0661920017548473 0.107716311306 0.0594957079498315 -0.0959573411362976
TR08 -0.013651271912108 -0.0870136085716113 0.0356881320924198 -0.0813119082185963 -0.00605231794310062 0.0535983713782477 -0.0317849709215933
TR09 0.130388140435316 -0.00557593985401553 0.019157209711527 -0.028405111558931 -0.0710477485040863 0.0446515046700931 -0.0193058168316961
TR10 0.0828395348759169 -0.0592201903650661 -0.0615766606573389 -0.100288805021201 0.0222115286012725 0.0207128006433796 -0.0986388949043346
TR11 0.0719469401864272 -0.020225156433087 -0.0370270697823181 -0.0291501935532017 0.0348722258279522 0.056375876024145 0.0342610991146256
TR12 0.0203714092714776 -0.0216925189292981 0.00595732586031158 -0.027682420080081 -0.111908868268981 -0.0946252531548395 -0.00528439285525347
TR13 -0.031371697584086 -0.0404387201958818 -0.0990624100067947 0.0847700339806602 -0.152564014864563 -0.132126585096246 0.0820701415023149
TR14 -0.241478476655824 0.0479574978979296 0.0982723934537276 -0.0219376077446626 -0.0476064886483999 -0.124061140379272 0.0556256353069694
TR15 -0.0497401385341224 -0.0620894533182853 0.0332993622082271 0.00173865020478012 0.115257794190497 -0.0126386422568921 -0.105304530085906
TR16 -0.00686523326012721 -0.0736430277523293 0.154151555369413 0.0539085672124843 -0.0410388269970878 0.0446252897439125 -6.48792936767564e-05
TR17 -0.0202079534993308 0.0457886512838488 0.0864286047841832 -0.088416418308334 0.0588012260700698 0.0812492534245693 0.144512452535348
