sample MDS1 MDS2 MDS3 MDS4 MDS5 MDS6 MDS7
AN03 -0.00397483791274844 0.0418774873783083 -0.0480313186351352 0.000885408378693195 0.0367879098858132 0.00442343631856448 0.0391114917888083
AN04 -0.0427166955144918 0.00344148358131813 0.0552017530884849 -0.0103625452872932 0.0670234617922918 -0.00483545468528982 0.0969102611941983
CS01 -0.0547046022307331 0.0348814487939805 0.0330918977206443 0.142592973821714 0.0483086411306486 -0.0601252978085704 0.0574108664148603
CS02 -0.0652244503397548 0.00964661611695006 -0.0364584854194337 -0.123904888989948 -0.00985338602577707 -0.0756315138603677 -0.0559641577762722
CS03 -0.044450801178537 0.0465055704404009 -0.00700945830012401 -0.0673754900567038 -0.00124649926104403 0.0269016452155712 0.0388883749140298
CS04 -0.019376902997595 0.0357166876777198 -0.0229874870289524 0.0022021650664981 0.00147519028520847 -0.147075969876264 0.0771708220076516
CS05 0.0442514837394193 0.0768213814812401 -0.0952183870935184 0.126517193072465 -0.0305864845340519 -0.0652513108008502 0.0276905362317801
CS07 0.0564875051328264 -0.0162461325674756 -0.136050176628729 0.0241589407755239 -0.089902301361928 0.0918343733092212 0.110375291837721
CS08 -0.00378699187157016 0.393409067405614 -0.0485652194609597 -0.0832023536621389 -0.0445669681669194 -0.0162292737019954 -0.0607428770068398
CS09 -0.0612265273020724 0.0354680885653076 0.0522698158022593 0.106827355311324 0.0816590749536656 -0.0298070640952872 0.0057046075814578
CS10 -0.0149417629585178 -0.0684145261298219 -0.00773551824356117 -0.0559579057873135 -0.0483954262097985 0.0231319017378506 -0.0238889896002479
CS11 -0.105509151242203 -0.0328762828135117 -0.00455084539218648 -0.0727943043696829 0.0243137696854904 0.0914108959171622 0.0191514230774149
CS12 0.05894709559523 0.0238967905459309 -0.026828396838303 -0.0793840101643794 0.0332301256429919 0.0924142691240356 0.0194274591438746
CS13 0.00303138654513947 -0.0975063394455462 0.0258080996840067 -0.145336619798657 -0.0119078867158837 -0.101929706796367 0.0743320877788205
CS14 -0.0339476526931774 -0.0305915236894747 -0.0168079046202451 0.0701864882640804 0.0423026675240464 0.0383460022947036 -0.0301197021085983
CS15 -0.0436400822947874 0.0246219170703793 -0.0797215722488201 -0.0668279164094851 0.0450416226754294 -0.0307473781421191 0.0869916107079327
CS16 -0.0624194020799432 -0.0241517108182695 -0.10917654438617 -0.0360381636222918 0.120043321677646 0.108257409102558 -0.010513574685474
CS17 -0.111714453885875 0.0850117387438466 0.00679255870380265 0.0980771755240769 -0.0324277134476105 -0.0817838666802398 -0.101610998045289
CS18 -0.0305235357535821 -0.00260862515311294 -0.112380069091919 0.0281396196272173 0.0848105206755015 -0.0421628438398506 -0.0590358196871778
DK01 -0.0471035096878543 -0.0540764547478816 -0.00580826230331706 -0.0134963752020007 0.0569341623873116 -0.0141207729284749 -0.0240929311027563
DK02 0.0359526325665925 -0.0396435224395824 -0.0468858311111047 0.082458415385325 -0.0602206552468238 -0.0487379078892845 -0.0266863951105527
DK03 0.0736250187276559 -0.0306602624796622 -0.138793260915247 0.0183983307777433 -0.0720075497560856 -0.0245381592610335 0.0474865232225744
DK04 -0.0541941055659909 0.0783407342981241 -0.129607351491206 -0.0355066291304893 0.0746826666889129 -0.122348870154221 -0.0937350970613993
DK05 0.0822636175101425 0.536602991256959 -0.125512424299832 -0.0869985693390175 -0.0319765779196931 -0.00331086927944219 -0.131757381704988
DK06 -0.00782291262640884 0.0569720062044625 0.0539817189627541 0.00227613140940501 0.0391810352146862 0.0898285206247605 -0.130144913706548
DK08 0.0966045268556906 -0.0276069838002766 -0.0198631900237648 -0.0556303828757745 -0.0460729043469653 -0.128895028682753 0.00517961866446404
DK09 -0.0301803027148882 -0.0276491444600523 0.00535736561861553 -0.0707630861470627 -0.0112119352774351 -0.0481248724380581 0.0249017246017823
DK10 0.203229082945516 -0.0906878439244248 0.0302064761492915 -0.0319853982937142 -0.0458007484063285 -0.0433865164207622 -0.0325500024331939
DK11 -0.07368998819718 0.0238033123131834 -0.0644455823117918 -0.0181454009351373 0.15678873543612 -0.0315367984888811 -0.0222313039371098
DK12 -0.0620655072215666 0.0462302622688285 0.00339260081639289 0.002633650731383 0.0980097505637651 0.00456081661510677 0.0280123397754163
DK13 -0.0359033149946208 -0.0405699906672015 -0.0105670946667553 0.076539012802212 0.0330854502099145 0.0472468914053455 -0.00155311739728137
DK14 0.0806690311702365 -0.0480730836966163 0.0027406199723533 0.102012437535139 0.083576426701013 0.115306850524024 0.0541928360905503
DK15 -0.104012362032589 0.0461399280678875 -0.0700500412407334 -0.0833915951837075 0.0042141822922004 -0.063724160794944 0.0230065073822148
DK16 0.00225542735862838 -0.0123953095727292 -0.0742105580887577 0.0792240002688459 0.0239177862738653 0.0110370327612269 -0.0609840412131337
DK17 0.0145530860728368 -0.118049394774851 -0.0450839696725418 0.00588099309241622 0.0165301486334547 -0.0210750443240713 0.0770239408657439
DK19 -0.0539579532930045 -0.0230607971321967 -0.0657785035292915 0.0680667661428866 0.0235513008519127 0.070631086740024 0.0340236763769175
DK21 -0.0040462945073588 -0.0966772076976927 -0.0726779910114346 -0.114589003943053 -0.0974710550427759 -0.0475539294866307 -0.0625914241398443
DK22 0.0443746898955511 -0.0768037068537134 0.0534019247039811 -0.170969896670023 0.0644563259033414 -0.00176871804267496 -0.0639105515821869
DK23 0.0374240222098887 -0.0764471474904235 -0.092283926280724 -0.085011671896908 0.0150950857598734 0.0104080486896902 0.0414902637235282
DK24 0.0645484896547692 0.0893066121395908 -0.0784717045420764 0.162835723960588 0.0770564136107426 -0.0364429565562368 0.120538709998048
DK25 -0.0208724732622716 0.0574858801285133 -0.00653023718018793 -0.0585399934063787 0.0716237511956162 -0.0713022223402746 -0.0564036374201273
DK26 0.124736210168224 0.0123911532617141 -0.0184943295855394 0.014693995166397 0.0158262695231856 0.0828471526119692 0.130917142121111
DK27 0.0650134252814699 -0.0348204622558764 -0.149783004229042 0.0203657399915476 -0.0450551350970076 -0.0563044216486611 -0.124456617829487
DK28 0.16480104213204 -0.034704324425983 0.0573731253679342 -0.125158683218663 0.0312086773212738 -0.009135671998994 0.0567587646004953
DK29 -0.0885047922838244 0.0308175110024148 -0.024837120082684 0.0974605495987454 0.0720531297835066 -0.103634978174579 0.0503860361810987
DK30 0.12921846719148 -0.0909387850998783 0.0309055335719333 0.086697716535908 0.123624292661585 0.0294826700147151 -0.181780197369559
DK31 -0.0524053364452845 0.0248357095844281 -0.117042206618817 -0.0087287803637808 -0.0517532217681235 0.102275649231946 0.0375791959577998
DK32 -0.0425273192032145 -0.0671857821335599 -0.025509355733797 0.0835722297599984 0.056503485830624 -0.0525142123267676 0.045341355472141
DK33 0.0869780941360604 0.00531832166485566 -0.115876110167257 0.137863445762112 0.0894273226858475 -0.0881096497645833 0.0119754992900614
DK34 0.0231160531198441 -0.0769319203449427 -0.112694827927461 -0.0746379040082942 -0.035644711166031 -0.0565233351662588 0.059262444567938
DK35 -0.0561714986460218 0.0130674080776888 -0.146093550231747 -0.0110792020749665 0.0217156234829264 -0.0232077605303557 0.106226719692966
DK36 -0.0876134485551108 -0.0313115086085721 -0.044122579913348 0.0787243008982871 -0.00380226583444882 0.0299838473550811 0.098912582596487
DK37 -0.00522413913923673 0.00621010832813731 0.0423779145322908 -0.184148272022935 0.16667393162151 -0.0702905382565745 0.0970789079853545
DK38 0.00618970604375173 -0.00667788126139394 -0.0613556900023467 -0.0386856237083984 0.214107337864233 0.0409728258954246 -0.0498770665348984
DK39 -0.00537562516635519 -0.0281236350015018 -0.119582470434207 0.069375870552507 -0.0383913878898469 0.00854076780861413 0.0289959991694511
FR01 0.052113629085828 -0.139508141205648 0.11767892902291 0.0835272399036821 0.0357970914768592 -0.0690592125941014 -0.0954908860568663
FR02 -0.0453290788595406 -0.0373786808397025 0.0650193862199879 -0.0253362096218503 0.0533446809926783 0.0458881864519671 0.0332614488338705
FR03 -0.0230342406451041 -0.0984754164775827 -0.0535043444159097 0.011173680607569 -0.0873567224641946 -0.0356001298127536 -0.0496649265740957
FR04 0.0904110472689457 0.0415394291513242 -0.00629027054989565 0.149331339292315 -0.00380812001123095 -0.0664407192956878 0.204618864036553
FR05 0.126510932047922 0.0605847236641918 0.0605883199806797 -0.0603837851234376 -0.153085767626443 0.131681521595245 0.0504777631525971
FR06 -0.045870677001785 0.0332268208362911 0.0290514898306252 -0.0201167561288399 -0.129622453569827 -0.0488965984023 0.135289752482128
FR07 0.162185146318804 0.095482085431821 -0.00998164564032329 0.0268358522851623 -0.139682763041888 -0.0502588936376539 0.0888651996755711
FR08 -0.0440187861365062 -0.0168923790374986 -0.0509336473767511 0.0440840376093614 0.136468310249779 0.096878967442119 0.0384976524407866
FR10 0.0328622750249269 -0.044227468098215 0.0497801658443828 -0.0680709185158107 -0.0510737634413376 0.0400012995049112 -0.0678295296127874
FR12 -0.0218728707984894 0.0468449499348039 0.0771471749814425 0.0524437431860428 0.0151141684067389 0.0256467270183239 0.0557738894012913
FR13 0.0462239814963207 0.0462910972823813 -0.11285166231936 0.0137369560103221 -0.116623752207727 0.175731945124166 0.0213885995141288
FR15 -0.0714757078938818 -0.0169201176334452 -0.0444137194123067 -0.0367894426522688 -0.107280480074503 -0.0465926813136507 0.0191547682439109
FR16 0.166229993465172 0.0104296553247718 -0.0572286652064363 0.0412176612400965 -0.00467168043286609 0.0371719946199379 -0.0413957091224171
FR17 -0.0524164710551895 -0.063748465075683 -0.0227485211181446 -0.00280503284234243 -0.0831508318643146 0.0521424296888006 0.0793791393675242
FR19 0.0436499019886794 -0.0407735817742719 0.0139335970832014 -0.0872422827492708 0.100457290835212 0.00922495671477385 -0.0710693672246306
FR20 -0.123164906030925 -0.0152007423592094 0.0582870493316001 0.0192261192108468 0.0356259891678766 -0.0219109892714568 0.0714891564208535
FY01 -0.0377069751697709 -0.0538384292971218 0.00433143400074705 0.0245309527989774 -0.0910488450438744 0.0207279375409424 0.0679378528072246
FY02 -0.0909502594813736 -0.0647128336282018 -0.0416659807102035 0.0407401501589329 0.00961199696360125 0.0545296004778754 -0.02021744826209
FY03 0.0492548672754084 -0.0490670224928519 -0.0260173734247938 -0.0483495434108696 0.11272617435279 0.0690832509031779 0.0577480465084298
FY04 0.0536589717585174 0.12811963352189 0.107550626760648 0.0996784644545687 0.0313155965184899 -0.0592813433490169 -0.036481244021496
FY05 0.0203597046268759 -0.000635245295785651 0.0930726994006738 -0.130879074932658 0.0140443806548602 -0.0152561472041655 -0.0771889659303702
FY06 0.0362907229808331 0.0299479505992631 0.0840439664697746 -0.0587218399171851 0.0104169635595719 0.0762558829833024 -0.0208752787087276
FY07 0.0717477257050844 0.10531284867208 -0.00546345945135104 0.0221496266114141 0.0851180127498826 0.0360986109800935 0.0352633173631368
FY09 -0.00988982320082464 -0.0348476685911091 0.0268362898698202 0.0615384005671895 0.116766719801104 -0.0423881020082382 -0.0710681210664929
FY11 0.0929982648062208 -0.0488502008289762 -0.0619954520788157 0.0679224740450691 -0.0434474071469628 0.0363170516381057 -0.0832701612719205
FY12 -0.0683223938116532 0.0431704047091768 -0.0650874782389001 -0.021654051032442 0.0292127027728246 0.0663788266280854 -0.0282666749631703
FY13 0.055692444117691 -0.101644276739149 0.166499860957974 -0.00835921869306396 -0.14301532447182 -0.0673093412679913 0.0476660525469034
FY14 -0.0557658501361563 -0.0172625554183415 0.0348260743336761 -0.00228486011994646 0.0999705506805206 0.0424773313207859 0.0152927135629706
FY15 -0.0940300147936321 -0.036228919836334 -0.0430018112227202 -0.0518529694450958 -0.0328477698634559 -0.122695775021261 -0.0181227197205117
FY16 -0.0230141623792386 -0.0593802522229159 0.0619155684683538 -0.0255715015368127 0.0328474705310794 0.110346479058359 0.0210866866622534
FY17 -0.0360867647906746 -0.00894083559568152 0.0249929460741809 0.00838271660412006 0.0202430488621331 -0.11829583122786 0.0628773865636582
FY18 0.026409291299538 0.00179395768154003 -0.0226677838379923 -0.14334087442622 -0.0146798341138592 -0.0471012634907259 0.0192715603368702
HH01 -0.0979453249599859 0.0765158168748437 0.101327917976551 0.134964931345451 -0.112443893539052 0.0456398802785871 -0.0379699988100018
HH02 0.157162569440687 -0.0507283101352538 -0.00532460917136649 0.115129669249371 -0.0348259364425704 -0.0275213209087447 -0.0804950750213216
HH03 -0.00962093440732665 -0.0242492091803363 0.0225731777795429 0.0395865585379083 -0.0474705433919889 -0.00223178332749792 -0.0380113743806162
HH04 0.0495531129502257 -0.0636682365359521 -0.0606148172573209 0.0221168326655096 -0.113884104668339 -0.0692619862125948 0.034355332434083
HH07 0.0408212133789953 0.0900618501330135 -0.0120878289066837 -0.0269426377862053 -0.0558516529588326 0.0978600249415593 0.0453240602227414
HH08 0.0770071374351085 0.0227190296315891 0.00690406783553884 -0.0030502384524151 0.0209143929086828 -0.00900205292434327 0.0472721824233691
HH09 -0.058499610960376 0.0137425260139505 -0.00709045207758095 -0.0396852192347925 -0.0426486111268986 0.0325532805227104 -0.0967656357668608
HH11 0.0385998562101084 -0.0428282240913161 0.0428877631725613 0.0774064958078599 -0.0755449974056587 -0.0017058299457814 0.00725909675409245
HH12 0.0040530633746404 -0.0171588688226627 -0.00637368420683172 -0.0680579126537032 -0.0458001440798256 -0.0905942520382173 -0.0223436162269571
HH13 0.0196205762060487 0.0100462390568389 0.0765576319583359 0.025285205974402 0.026793230820081 0.0409082264809813 -0.00698545401734251
HH16 -0.00217038512989235 -0.0688173514848596 0.0363320774217135 -0.0625420464858328 0.0706166428861898 0.0560694318219494 -0.0325454562772396
HH18 0.049535902224813 -0.0224335103221623 -0.101775369758523 0.0734520628485147 -0.0347087612160714 0.00911725808037024 0.0685230466712107
JB02 0.00294955931655064 -0.0691586095121395 -0.0386663371754503 0.095000677283175 -0.0543282884809322 -0.0171357643404312 -0.134801837348147
JB03 0.0570094913351859 0.0619513187513105 0.0773191246211225 0.0290176952321615 0.0299258229071855 0.00320141045042791 0.102196714077247
JB04 0.054746024692006 -0.0502178715640744 0.0730210639099919 -0.0727455042703133 0.0516558124527135 0.0977933658039778 0.0464308297516564
JB07 -0.0132418451247471 0.00151893860270428 -0.0441911340338408 -0.030209029917949 0.0164188303771735 -0.0156846169162452 0.0215558737461013
JB10 0.115811830865115 0.00807034737676777 0.0247263871642036 0.00420835225000362 0.0270971029918287 0.0224496606304242 0.0180675530586516
JB13 -0.0394273824098684 0.0124773481611248 -0.0735651018550669 -0.123393786037847 0.0212761323628015 0.000492527081413546 0.00808408488983886
JB15 -0.040673411338437 0.0499966805920689 0.171983671623934 -0.0180031359593565 -0.0598600830189537 -0.0700464427294713 0.0827134090347008
JB16 -0.0794384421867011 0.0520722118366794 -0.00293445526759718 -0.00875174862211367 -0.0296412187619892 0.0587192646540184 0.0287962884853789
JB17 0.0923325697017304 0.0156211459346405 0.143153014502687 0.0561631887854499 -0.0592550462948231 0.0829238813175504 0.0256303733478097
NB01 -0.0282530526333398 -0.0199983055845987 0.0561029708627516 0.011026582296807 -0.00960109520218553 -0.0614401278276016 0.0334461016394978
NB02 -0.0516377790068505 -0.0165544965864986 -0.0222523034049082 -0.137941948889009 0.0428340083780274 -0.109877723095786 0.0749151050295566
NB03 0.0186689323278841 -0.0297406295424992 -0.0401025409582275 -0.0363058102225389 -0.0111601408947689 0.113390301830133 0.191137757197858
NB04 0.00482302201544418 0.0176138373711004 0.0205871297399563 0.0333067933084546 -0.0542422985703108 0.0449597464242139 0.00776140391512767
NB05 -0.0819836716452825 -0.0450051502854137 -0.063270691755683 -0.145406561309969 0.033601882384297 0.0441992062456768 -0.0225709903396078
NB06 -0.0213337382041817 -0.0774070115236147 -0.0426150638424548 -0.0317566980572787 -0.0806204455595933 -0.0280089628990797 0.108478348136844
NB07 0.109466160039525 -0.0273197538161994 -0.0465348790390211 -0.0181001443343674 -0.0636514686391518 -0.0495688104596556 0.024125687512778
NB10 0.18039242536012 -0.0642629147029171 0.00753232846134432 0.0529082899073899 -0.00554298147811847 0.181302162325239 -0.00348219992766376
NB11 -0.00179545149117282 0.0328345505603681 -0.0367074449832883 -0.161315130156743 0.0266877054637327 0.0185190841291121 0.0330051777269471
NB12 -0.00965671257179144 -0.0548685609155433 -0.0601380547669842 0.0949642339027721 -0.00885114553059066 -0.0394726210541645 -0.0124067141040678
NB13 0.0177395839982702 -0.00177961600391151 -0.0739597480301615 0.0621151070538897 0.0220211332060008 -0.0102040696853422 0.13401199328548
NB14 -0.0442155408082031 -0.0866464253822477 -0.134612939916222 -0.0223504393685005 0.0661807988422434 -0.0869659850151555 -0.082073338919903
NB15 -0.0527905763673956 -0.0252527652639776 -0.0316014171914794 0.000303509006502939 0.0617754832460664 -0.0129087091827181 0.0684628225570043
NB16 -0.119407995987625 0.0325214417247752 -0.00415427772264069 0.0543063664125859 0.0743885885609063 0.0651152267178959 0.00595523122182572
NB17 0.00826129300259265 -0.00845124350099863 0.0488234743218872 -0.0764091097961727 0.0455123831088072 0.0128296892218417 -0.0234358444025304
PA01 -0.0051662619691841 0.129835128840802 0.0727739788279154 0.0280959440085873 0.0505969523170175 -0.117667779482592 0.0566082659064656
PA02 0.0353071161587366 0.0278257487615157 0.131844477748168 0.0878571957555952 0.0441415363593315 -0.0604703815439834 -0.013319641233977
PA03 -0.053415890542855 0.0307884507804583 -0.00222946674241552 0.0742229963953913 -0.0202867010278398 -0.0244753158618084 -0.0734472083515911
PA04 -0.0450343120111172 -0.0142929136309922 0.0418746515870743 -0.0683026358563243 -0.109347418155919 -0.0884346721107692 0.0683315577136506
PA05 -0.101818554885118 -0.0287123127745721 -0.0165643641134955 0.0856428937973546 -0.0628153243499457 0.00207066277218398 -0.0442160678856544
PA07 0.0706455821759716 -0.16898573548309 -0.0151445789573937 -0.050692624476275 0.0320621424620352 0.0299048842411249 0.0422230577243681
PA08 -0.0949337252191341 0.00583352239611574 0.034336161876303 -0.0688253206722838 -0.0698652272748771 0.00628409403540752 -0.0938100048798014
PA09 0.0756713801699967 0.0823271452682853 0.020603795229309 0.0969913384893843 0.0483010520640784 0.155276100571483 0.0342843076368074
PA10 -0.0266273404488774 0.0718521473208591 0.010434879035571 0.0206824430500262 -0.0361313646941833 -0.098952830261913 0.0837265602078928
PA11 0.153417295413833 -0.0330191966404274 -0.00179312407761815 0.031197801944023 -0.039014190558068 -0.0920505270075675 0.0167988555190056
PA13 -0.012668405387913 0.00644831813976127 0.039333915292306 -0.0801323234079754 -0.148813488090423 0.0404762671065889 -0.0798644397837438
PA14 -0.0854581602354504 0.0251396813829243 -0.0045899096325973 -0.0518643530606383 -0.109257178177313 0.113398598034175 -0.0623318500712782
PA15 -0.0106682641423896 -0.0530371753497486 -0.0239455611068392 0.0920159654766608 0.0556529725742564 -0.108150841375264 -0.200367140325338
PA17 -0.0418110554888705 -0.0548358144559794 -0.022877302296181 0.038742896394696 -0.0499176898534114 -0.00824351840983761 0.00668852473683536
PA18 0.0570800823785264 -0.00247004616486327 0.0605380994707714 0.0541819276859283 0.14044610833819 0.00615529992591994 -0.143208469394935
PA19 0.111112626388775 0.0380453714280953 -0.154733842987888 -0.0956248483492804 -0.00372416271112419 -0.0675157643151698 -0.0865825417671186
PA20 -0.0494381808171471 0.0519236260000081 -0.06875587857995 -0.0538632988042592 -0.0139595896941153 -0.0370827610041235 0.109680914639388
PA21 -0.0456469750048352 -0.0559656539947114 -0.0683101063769798 -0.042597064322871 -0.0437225530441521 0.10478326537644 -0.0319813351645724
PA22 -0.0233517979500324 0.0761735019048178 -0.0829362743927785 0.0343189816716248 -0.0490122060478458 0.112923834163865 -0.0242568982677976
PA23 -0.0153126783792906 -0.062567474679664 -0.00577318980764746 0.0377739492844328 0.0161669694698187 0.0181897374610101 -0.0233674074721334
PA24 0.0105918040339471 0.0161527374695752 -0.114945506302282 -0.107621411401215 0.0264482890107358 -0.130320805773846 -0.227064112690486
PA25 -0.00145694189636146 -0.0288989794220935 0.0137068906168722 -0.0177897119020748 -0.13215600814255 0.0163455256853618 -0.0143654142784438
PA26 -0.00412416945503514 0.0294999982991196 0.000895287108998626 0.00290271200515611 -0.028682622958887 0.0753596522613324 0.0119260591025418
PA27 0.0863995074038811 -0.0262097238761742 -0.0294797038192268 -0.0172610654484124 -0.0626390069483687 0.0927985249523773 -0.159991840266345
RB01 -0.064527389319649 -0.0415939990122594 0.143559973952961 -0.08184588167041 -0.0654252086317061 -0.0977309372881141 -0.0102870409200623
RB02 0.0577777508186993 -0.0333508933196243 0.00624307963167322 -0.0213058436392343 -0.117707173871363 0.109085567884464 -0.165354859486666
RB03 -0.0539553778100393 0.0391658150513284 0.0887128714984442 0.0509735832826691 -0.13526884134801 -0.011544944098813 -0.14832688426389
RB04 -0.0424108217763618 0.0127350439679988 0.13466090994322 -0.0193572706488601 -0.0262924531632578 -0.0425288748825374 -0.0668220340499172
RB05 -0.0197952733483588 0.0259345782660442 0.0513511249400252 0.0516610624359871 -0.0412953924176542 0.0444576394740383 -0.0380899644659579
RB06 0.00768255428917192 0.0324636197302027 0.138245984787344 -0.0504594613278873 0.0974459576266524 0.081032524850671 -0.010661446091475
RB07 -0.0296013976518995 -0.0367681572849997 -0.0455478695750247 0.0361764192559651 0.0825577917551411 -0.0841259864029575 -0.0459739286944721
RB08 -0.0617667316052206 0.0480406940604052 0.032755600804331 0.139713990022197 0.0887374510246288 0.00357475298564294 -0.0656396487938604
RB09 -0.0393336914986817 0.104595293617761 -0.00931030350306251 0.0426323257710843 -0.00620048101195456 0.0863790379621613 -0.0311692393271965
RB12 -0.0654787832869801 -0.115866478148976 0.0683836201626418 0.0103574166035506 0.0891840653800974 0.0169011873927795 -0.0946438192790997
RB13 -0.0608731672402618 0.00155199679017107 0.0922121802193598 0.028438302328448 0.045922862954852 0.132531430495931 0.0337876339773193
RB14 -0.028729177705119 -0.0126054869047764 -0.0170272040705652 -0.0184071250847686 0.00620831652728052 -0.0197513322640301 0.0279082895249033
RB15 0.0408368361071296 0.00731225076314283 -0.0130998817699822 0.0749014546470329 0.0898261354788466 0.096764911400294 0.0351104747243281
RB16 -0.057103309537915 -0.0108060752207004 0.104057279324297 -0.100030719400756 0.0333785635757161 -0.0144049758340454 0.0409592153950824
RB17 0.0834868780068224 0.103487242267725 -0.080883047385774 0.0746781663924612 0.0558156316430204 0.0297656041363787 -0.0134221857719325
RB20 0.0376317609744994 0.000259634658749156 0.0396498949925392 -0.031840583209739 0.0279294757337032 -0.0884984229452609 0.0245364685982304
RL01 0.14925876052064 -0.0541793270041858 -0.00249580621008922 0.0142351245338156 0.130231945207008 0.0678788838977185 -0.0370399742645368
RL02 -0.00689962902942769 -0.00920649363149539 0.0799429017408786 0.0233003900320949 0.117274466887197 -0.0554099470937654 -0.119712262917748
RL03 -0.0823981567165262 0.044166206565707 0.0523488872441461 -0.0272686969754926 0.0909018133678998 -0.0570021308433734 0.0544304658256052
RL04 -0.0618262772125229 0.0340402283954262 0.0902591082909729 -0.0067793474521385 -0.122820883020878 0.00322177507109256 -0.00090430185545827
RL06 -0.089132315804156 -0.0233541624866633 0.0908499869183857 -0.0159571425659484 -0.0815799487882249 -0.0193794063878601 -0.0276719867937718
RL07 0.004577301685745 0.0829663537937127 0.0384207266394654 0.00656861951923839 -0.016376797425688 -0.0104202230141099 0.00683298962404369
RL09 -0.0699437717246278 -0.0050779421203667 0.00731337004184502 0.0514783121383327 -0.083138218677805 0.00118333475659418 -0.0531897358340893
RL10 -0.0240916061697324 -0.0077858829081494 0.161328178981723 -0.0237941386123895 -0.0784876898308043 -0.0872782826994418 0.111090175896461
RL11 -0.0899133910344503 0.0670654931032521 0.144103904646113 0.064758581256544 -0.0101101557034886 -0.0225080583443416 -0.122109948573296
RL12 0.0281322899140018 0.110108868949875 0.0797659651135558 -0.0317653450722465 -0.0226083336686107 0.0606328269281769 -0.0492401305083353
RL13 0.0805978781365678 0.118948205859843 0.139961236659204 -0.0102051122897588 -0.0692423563002674 -0.125837344635678 0.0132677801226807
RL17 -0.00230199449576201 -0.0341834162142024 0.0453927078109049 -0.00181876470197627 -0.0897999552709139 0.00594884509427734 -0.112549459548694
RL18 0.229959955457068 -0.022461842966809 -0.0328501139195369 -0.0292744355711618 -0.0391295975850477 -0.0673016013266224 -0.0226247378672339
RL20 0.00100894890929879 0.0122588708253733 0.0948107165805918 -0.055232067141097 -0.0114454575603622 0.129758042943973 0.0115361203246336
RL21 -0.0718600402093609 -0.0109964181312518 0.00845276162815053 0.0511856798749953 -0.0768862085034043 -0.00902338611096095 0.0295769459631659
RL22 0.115018796409802 0.116981014796123 0.100031008211903 -0.184718982644992 0.234112467111939 -0.0636940748377775 0.050912194442335
RL23 -0.0188435080148373 0.0208311019987827 0.162990536129631 0.0927142907763208 -0.041543154402295 -0.079540725423983 -0.00963327234855629
TR01 -0.0440780583194971 -0.0569047229447849 0.0551518878288612 -0.0392913440160268 0.086834752673796 0.0773242254786919 0.027422214591342
TR02 -0.0595509642920419 -0.0203785926296703 -0.0276781328585223 -0.000965434031314419 -0.00567224946784903 -0.015972824550523 0.0429249234600307
TR03 -0.0800813985594762 0.00728809685025796 -0.0155924738033365 0.0900625211365225 -0.0871620062056561 0.0237057735568001 0.0877154100357705
TR04 -0.107720125129725 -0.0180319594768093 0.018007578727692 0.149928115698278 0.0749597547968763 -0.0199068511875477 0.0287706010234615
TR05 -0.0120896510889293 0.0161519883066902 -0.109913012088154 0.032726348973119 -0.0332490892551603 0.176368778066291 -0.0318037339032954
TR06 -0.103944214152142 -0.0535844893198609 -0.161445931145036 -0.0332231657826585 -0.0533676776753454 -0.0589176187652528 -0.0295006381508582
TR07 0.00511622953904517 0.00957774047494373 0.0132248414628558 -0.101566942157874 -0.0356152992288087 0.110006968529179 -0.0452961600266715
TR08 0.000191257249320392 -0.0713927529056606 0.0383649046906303 0.0451263955233727 -0.0769886588045862 0.0550323344450174 0.00129031030258226
TR09 -0.118080726187136 0.0358916835406146 0.0463119341279177 0.0560300208218751 -0.0276860035484351 0.0623423609805802 0.00473359555428142
TR10 -0.099049884321282 -0.0308348555071854 -0.0160588485071648 -0.0706739846948726 -0.113811009730241 0.096803576117091 -0.00573874585542103
TR11 -0.0739522183988538 -0.0011621063239782 -0.0235763449073216 -0.0285422227961911 0.000910546930558621 0.0718433039203305 0.024163780232382
TR12 -0.0251403582170097 -0.0201885542194165 0.0216528531366716 0.0687820641048327 -0.0753681123427178 -0.0960341015517327 -0.00795567077942164
TR13 -0.00683215406441232 -0.0480477288135991 -0.115269467730539 0.107768314565806 -0.00846358501331578 -0.196050840768845 -0.0121622061201659
TR14 0.256431021459448 -0.0231709939773178 0.06281134498893 0.0160894554821751 -0.0289215462292046 -0.173981266232927 0.0207048879390422
TR15 0.0312530788598941 -0.0593085059507205 0.0321563716957875 -0.114309145812412 -0.0259222505988975 0.0327278637391858 -0.113903664078346
TR16 0.0168166139962026 -0.0744492881844338 0.13784513249833 0.0676831753001529 0.0998088319685419 0.0316997908307101 -0.0273300827425345
TR17 0.0436812253204633 0.0222622823157771 0.0627724824528893 -0.0324618288294122 0.0390761619823998 0.0296880068667957 0.193144975877185
