sample MDS1 MDS2 MDS3 MDS4 MDS5 MDS6 MDS7
AN03 -0.0146319027995729 -0.047256398806321 -0.0581162028817039 -0.0159260471055585 0.0166668283241386 0.0197826394323127 -0.0657887476885254
AN04 0.0873399335083446 -0.000499562870322878 -0.0145669773892923 -0.00400076923828117 -0.0473026916536937 0.0769394310532583 -0.0405119532322864
CS01 0.0890650716233228 -0.00631386061417405 -0.0649221526853204 0.188098709997846 -0.0768929904808721 0.0795017585155171 0.0648323849558345
CS02 0.0282378507217799 -0.0701110086934394 0.0486096922263348 -0.122186499526791 -0.0204609290963242 0.0519194213815436 -0.0919180496372466
CS03 0.0513416448833467 -0.0504621906836855 -0.0289888494339744 -0.0661672910952932 -0.0471520115060356 0.00123214105636233 0.000969132939728445
CS04 0.0014910423360318 -0.0454730396763312 -0.0335622937794437 -0.00277042492609011 0.0287526885135747 0.129328255935196 0.0420318428293366
CS05 -0.0650834816778562 -0.0895437845671032 -0.120005989383476 0.0710750003972654 0.0147480093983245 -0.0133828269854491 0.0533371936015559
CS07 -0.113884743465158 -0.10932593935277 -0.0230339269386821 0.0158100451878874 0.129706946192402 -0.100860063868297 0.066084547999931
CS09 0.0980336310765074 0.0425084139301947 -0.0515793923359674 0.0938819863134118 0.0319527301764645 0.0430528767715433 -0.0740760567704322
CS10 -0.0151815067812432 -0.0419168767872401 0.107333242275345 -0.0478516611810912 0.029444075665209 -0.0292084452601761 -0.0191097019365072
CS12 -0.0721236878801131 0.0253497156788898 -0.0880892865420752 -0.076836626414878 0.0319116380180027 -0.0599806567366925 -0.051207688328394
CS14 0.00562498134217099 -0.0451984587986897 0.0238890916650432 0.0759841629210363 -0.0294941706619081 -0.0602720249102579 -0.0679493554485435
CS15 0.00537335473493738 -0.0949495321209137 -0.0820521377824125 -0.0557818282303803 -0.0692157512060581 0.11714036400726 -0.0228750871129638
CS16 -0.00700109136630142 -0.084888242959122 -0.0123854566818645 0.00112737730546984 0.00177276788875494 -0.0227488513337095 -0.190792908598295
CS18 -0.0332085491638402 -0.0939608378890968 -0.0150687421172111 0.0543113743081561 -0.0961001336259318 0.0309555438516921 -0.0840737781430654
DK02 -0.0692906173361131 -0.0241897496516251 0.0607957155969909 0.076594440583068 0.0420523583606051 0.0143748664459979 0.0215992280574872
DK03 -0.112412595591004 -0.117800120780487 -0.00460723292297102 0.0193622600165848 -0.0525188705405517 0.0109443479726049 0.0114666116595688
DK05 -0.0625840744777564 -0.0426570512050158 -0.322665203664778 -0.184854380920785 -0.197578078957734 -0.0975179776824886 -0.044885424791302
DK06 0.0178099403090544 0.054015431266091 0.00719323563515308 -0.00931466579470397 -0.101354959128348 -0.0924181245978662 -0.0572265024211196
DK07 -0.0411473611140591 0.0385712412580727 0.105980424284537 -0.0270155183127116 -0.0661900815986605 -0.000139694331680606 -0.109376289501692
DK08 -0.088629942276532 0.00998884249924656 -0.0103842956379103 -0.0707512731607205 0.0885382873413652 0.101670973088122 0.0373200190981424
DK09 0.0239296369392725 -0.0400356240148424 0.0379668993356081 -0.0620949235431943 0.00286370881990444 0.00954584728370894 -0.0506128054287847
DK10 -0.198259552858835 0.138361572800881 0.0791285949013608 0.000191402748684566 -0.0234360544248812 0.0371651389079289 0.0681788295413892
DK12 0.0783747602590821 -0.0287635544472759 -0.0764664315905397 0.0169451984196055 -0.027607698294789 0.0294265898391727 -0.0403293456233648
DK13 0.0231090017582215 -0.0183940593093935 0.0352593090376718 0.0876204738043137 0.00917655194299855 -0.0305658366882144 -0.00343194179888587
DK14 -0.0641359028218062 0.0853791602841557 -0.0166939075166 0.140699245042719 0.0543959536581638 -0.095454607418679 -0.0790761308355164
DK15 0.0733504470522609 -0.126422075595751 -0.0435101943768064 -0.0920950800701723 -0.0195657655442599 0.0584362241685068 -0.0292702937282687
DK16 -0.0201381387446608 -0.0443438230361999 -0.02201666680651 0.0953654495283807 0.00655085100629163 -0.00198109702787425 -0.0490732544441091
DK17 -0.0557504420520697 -0.0159531862358182 0.0705828369029524 0.0352764625775203 0.104869119495226 0.0862728835186401 -0.0503980520016732
DK19 0.0057874232897332 -0.082623804195184 -0.0278697367770937 0.0867277815746834 0.0361758841326537 -0.0119082550105945 -0.00172194085728374
DK20 0.058821379652831 0.0384459655521535 -0.0402811766530147 0.0490675140336983 -0.0274919700761493 -0.0101765217472065 -0.13843245875315
DK21 -0.0667237385469889 -0.0872659027088976 0.156776859897631 -0.111804283057665 0.013272099558512 0.02967571808022 0.00546761808650775
DK22 -0.0406014358546906 0.100194439210705 0.0820424770888953 -0.142369319489644 0.0177291955391517 0.0193446783681652 -0.0924982281616564
DK23 -0.0887911982480504 -0.0531805228802381 0.0536347431414742 -0.0562810054090995 0.0517965311287268 0.0123447844404281 -0.0323994171456712
DK24 -0.0487536578292239 -0.0405064681931194 -0.196288261594665 0.172993189628084 0.0567154036934052 0.0332109972518038 -0.00352437752311356
DK25 0.00628518949502941 0.00866063997676425 -0.0576920684014724 -0.0527427823579295 0.00359013635098195 0.0692093897788192 -0.105242744707002
DK26 -0.101737683572532 0.0415911308422815 -0.0810508035165638 0.0327716442501354 0.107061179379611 -0.00984061477884081 0.0149335335092182
DK27 -0.141797529709797 -0.111643864316704 0.0210740472759038 -0.00461790270428228 -0.12226890668087 -0.00433573177986528 0.0151467221759711
DK28 -0.129704680187189 0.15148787153834 0.0101323652894173 -0.069426025003606 0.0625409194248999 0.0707345801149786 -0.0981460464579445
DK29 0.0775835120846019 -0.0366008791283376 -0.068334775200617 0.0992973507259304 0.0104486014268068 0.115445793595929 -0.0315610006123638
DK30 -0.120458307037513 0.11754595925772 0.0512128686819817 0.139295548300605 -0.120914905123856 -0.0332870339139667 -0.0949636372964141
DK31 -0.0229261170041442 -0.155325343334826 -0.0199358746851461 -0.00519597237810259 -0.0433814087801986 -0.0810948711445758 0.00731943930384584
DK33 -0.109083920974144 -0.0409843967253945 -0.115003249776169 0.155430728555127 -0.00708910347229099 0.0521068453021671 -0.00372007403088127
DK34 -0.0840088473499258 -0.0926620274611251 0.0458845172166456 -0.066875401927868 0.149842246114781 0.0464695589638647 -0.0210358429400013
DK35 -0.0112850195654883 -0.178031811591336 -0.0420421090221235 -0.00135018949843214 0.0101801005714735 0.0784872441256692 -0.0257583544895085
DK37 0.0214843704807159 0.0643289006587097 -0.061908639256739 -0.132225088245449 -0.230152050299211 0.243808460391348 0.100056232147895
DK39 -0.0600681423036911 -0.132304353249756 0.0317312194149201 0.0689333343620289 0.0411641158601695 -0.03843400610322 -0.00641594397972662
FR01 -0.0166585824940146 0.144611029715768 0.189471255513244 0.138233155003214 -0.0439162689645699 0.0456498956165633 -0.0190717082881124
FR02 0.0638657231837366 0.0260897785260245 -0.000753158684611139 -0.00755709665910089 -0.0390212123035645 -0.0465742148418945 -0.0314501303288544
FR03 -0.047226560808623 -0.0545073096862664 0.126493529594272 0.0178577825560573 0.0108825404881947 0.0170320901823612 -0.00123431852873568
FR04 -0.049460299898907 -0.00657334794921942 -0.150361072353488 0.150115287065298 0.0850195317965183 0.0815181603467923 0.152547860503998
FR05 -0.0566942345002442 0.0941560149594827 -0.0741230383298913 -0.108320464373511 0.117322722230909 -0.170707112826352 0.143931739325733
FR06 0.0658029388066657 -0.0374182779994543 -0.0191832202937499 -0.0652794558025451 0.140717408641323 0.0206693982107126 0.144678941737962
FR08 0.0267603793110625 -0.0389567094462419 -0.0749503575566012 0.06936693576205 0.049625627812814 -0.0199573934740222 -0.130567097554324
FR10 -0.0222050057587609 0.0453607758373697 0.0833655332177039 -0.0386706848639696 -0.106829941123585 -0.0680867413546752 -0.0147885788990341
FR12 0.0648031964505758 0.0521969117058128 -0.0558169751290949 0.0764984391708676 -0.0987475236016919 -0.013887095168665 0.0784813518630014
FR13 -0.0747410519008006 -0.129130425543609 -0.0961234177019322 -0.0324913809946923 -0.047476762708134 -0.193566282472541 0.064570533257759
FR15 0.0546374416442705 -0.115781964452963 0.0604954710325773 -0.0462394374779267 0.0274111243184083 0.0171558723357986 0.0247480649263717
FR16 -0.182637448627523 0.048650138191215 -0.0607997256469308 0.0572029029023883 -0.0266650271750091 -0.0742022492466655 0.0178282776724058
FR17 0.0250595914710484 -0.0749189861162952 0.0354331119043218 -0.0199921016960836 0.126905898768411 -0.0291540657416837 0.0405911901874016
FR19 -0.0556280548224613 0.0821726304522227 0.0768506682893332 -0.0588887802549111 0.014491185553712 -0.00217590833751678 -0.169257364558161
FR20 0.136224969346107 -9.48925942358011e-05 -0.00857459541884847 0.0298249632485283 0.0773956926789103 0.0551441520072753 -0.121740445960905
FY01 0.0167479713901501 -0.0336463155741267 0.0519993518149762 -0.00531581026476086 0.0655840504909178 0.0024973163157692 0.11382773725268
FY02 0.045833660298915 -0.077013664709521 0.0455155149982253 0.0418583554411031 -0.000794315005854126 -0.0271002498500282 0.0244859656210347
FY04 0.0177071573855902 0.108465631503227 -0.0768812319369319 0.0753069305393586 -0.110903297166929 -0.0105650361651042 0.0831439226641813
FY05 -0.00698208057857543 0.12765820145792 0.0250264873725868 -0.149643463544619 0.00691929778379807 0.0165723313565115 -0.018275670252483
FY06 0.0200148224771375 0.107151102518924 -0.0162339541800701 -0.0822905301898369 0.0412583497814942 -0.0637291884052596 -0.0166566956458866
FY07 -0.0253604107733834 0.0513102029731628 -0.180334533372513 0.0362154692700322 0.0172860844263023 -0.0200667264207452 -0.0279244281798701
FY09 0.0208034025066641 0.0573032300110529 0.013173805928768 0.0961142684686487 -0.085297978706557 0.0500701908132911 -0.0865419703550362
FY10 0.051836233693432 0.0740241113150202 -0.0399950215062204 -0.101384255939836 0.176854242776593 -0.0378937273943453 -0.0824939533711656
FY11 -0.116742709301757 0.00368620582022149 0.0292142745087993 0.0763595589290036 -0.0525224671547357 -0.0418661894263775 0.0556483625655046
FY12 0.0376306443649469 -0.0992315528892046 -0.0207604562569039 -0.0147767848210532 -0.142092341494874 -0.10550993419862 -0.0923799311597001
FY13 0.025705907310784 0.111498175760103 0.153555205010863 -0.0242353949059771 0.0191795834195087 0.0468877135205108 0.199585303132768
FY14 0.0759604717218011 -0.00719126722888041 -0.0228305240882228 0.0145183616283677 -0.0422596029832255 -0.0158630740496479 -0.121432603056327
FY15 0.0558236790409633 -0.0908312532284503 0.0603224029384392 -0.0583499202470502 -0.0220948530602661 0.0919446033978035 0.0162600425975344
FY16 0.0483875622756692 0.0443201746276847 0.0314761875881445 -0.0115769243985433 -0.00514809011838444 -0.062463866791963 -0.025552486031792
FY17 0.0364835810805994 -0.00856681931541582 0.00493080040488769 0.0191670390124028 0.0451319956555604 0.124547787321813 0.0385595324553445
FY18 -0.0389623066811612 -0.00638601416453908 0.0135517115679213 -0.138997409681974 -0.0449062330862877 0.104245762257916 0.0224159802643878
HH01 0.153903659803763 -0.0182674336224144 -0.00243701536119774 0.0937239202284428 -0.0850899442182381 -0.128052656952291 0.136621439792296
HH03 -0.00472650717775732 0.00026106565718469 0.0348122500151534 0.033732200714813 -0.0997859055202205 -0.0447992947758622 0.0674216769917928
HH04 -0.0681098588453035 -0.0870223838815418 0.0395498381718984 -0.00201423686695215 0.0522288807663458 -0.000465231496246789 0.0746549996279439
HH05 0.0115053230431304 -0.0172230579147435 0.0107848871214966 -0.0476782716520005 0.0511515961635359 0.0658551227759233 0.00911845279385798
HH07 -0.019159050116502 0.000219653623346761 -0.11363211472177 -0.0966125833210537 0.0553241099311587 -0.0730272547294386 0.0506999530411851
HH08 -0.0536325068168055 0.0432570861128207 -0.0539193102901641 0.0353580756613553 -0.0338350021508485 0.00393842455222076 0.0143631624341319
HH09 0.0231798229081663 -0.0319782339929119 0.0237175223215462 -0.0361305995451242 -0.0801066544963718 -0.0330335951173838 -0.0201329705369556
HH10 -0.109617547421621 0.0325399640824772 0.0970151633975588 0.0676254849837694 -0.129585728792713 0.027434087744043 -0.0957185545609898
HH11 -0.0331867287467364 0.0517738691158832 0.0465855172478145 0.0651552724660745 0.104496806929938 -0.0536409012645128 0.120279474303641
HH12 -0.0409243304702782 -0.0111459474237094 0.0657652193515258 -0.051810003646162 -0.0728804566952939 0.0889726508266383 0.0370089457720186
HH13 0.0135566738080269 0.0950091855651942 0.00594244408636538 0.0153612827811079 0.134866830757971 -0.0354544439672831 -0.0457169840857409
HH18 -0.0822630896607925 -0.0942370091651507 -0.0280250106331419 0.0862096415624736 0.0961957584780652 -0.0120276120886168 0.0233420028151098
JB02 -0.0278932799172356 -0.0523117889326121 0.107470813365162 0.0934892592363578 -0.166097826991462 -0.0227730987936503 0.060759458800629
JB03 0.00328107699804972 0.0656411350016449 -0.157628587208276 -0.00246772428386368 0.0749111130046857 -0.00442508704923607 0.0318269711598886
JB05 -0.00691486493156195 0.107613751847576 0.104519038302749 0.0684568181681073 -0.179810366663627 0.0868565282774121 0.042231936112466
JB07 -0.0136504940596213 -0.0341183659743675 -0.0438720259478114 -0.0364343185067727 0.0398411934162649 0.0245083772492191 0.00710618356465622
JB13 -0.0242164782695827 -0.0775165092370151 -0.0103772597598674 -0.107868132992476 0.00570845416871129 0.0599872241515947 -0.0449638947676457
JB15 0.120510821446329 0.10119376479395 -0.0081377631994982 -0.0253281260184851 0.0171814276427388 0.0589153547265803 0.119787609610296
JB16 0.075535932762514 -0.0485712274065661 -0.0187182691107967 0.00662288002788217 -0.0721797139531116 -0.0698898010793155 0.00422822187097103
JB17 0.0169280089799566 0.129962402355335 -0.0345111545893891 0.00786201076750934 0.0082523370909779 -0.12176161733457 0.101325296760462
NB01 0.0380778915753543 0.0266014787358394 0.0339927360762207 0.0253843757249896 0.0152692232956094 0.0797774609416765 0.0866505966271759
NB02 0.0249576582674959 -0.029336865794929 0.00566063334032943 -0.122537357961713 0.0452487455272749 0.191708846513422 -0.0251228308850773
NB03 -0.0101076984642549 -0.0544673698537111 -0.00699128096997257 -0.0222071873738871 0.0711286923523477 0.00225730448295191 0.0627523948771117
NB04 -0.000883690315207311 0.0182842067071267 0.0149889832515812 0.0318411862099035 0.0366355692920839 -0.0661997055488436 0.0653901208895196
NB06 -0.0244686254885688 -0.0826111855038076 0.0757030210060235 -0.0122157032034017 0.102084671726255 0.0453678658207198 0.0635754220100924
NB07 -0.123408536398636 -0.00868847941265781 0.00806880327412831 -0.0377744847209371 0.0413743867471296 0.0341194684215164 0.0956062186196676
NB10 -0.164514986618773 0.118687046747551 0.0240028691815016 0.0846509979586608 0.039553293608275 -0.152249108732315 -0.0170040275655025
NB11 -0.00766899516448897 -0.000202172371213485 -0.0355181323588761 -0.145008359918527 0.00519089248683117 -0.0021193588470034 -0.0927365631138083
NB12 -0.0582919144729553 -0.0415462560844147 0.0574880597042706 0.107571904380948 0.05001166132278 0.0247005730792046 -0.00923959866355365
NB13 -0.0489000753888157 -0.0618768429759734 -0.0730577578263229 0.0769331664267075 0.0936826818617414 0.0487839907069326 0.0530098517994695
NB14 -0.0626893304140822 -0.120332235650275 0.0811365886297733 0.0494531844516252 -0.0885785617835362 0.0858373013471821 -0.109414821856041
NB15 0.0466749581386263 -0.0329972245600369 -0.000683272782243655 -0.00895688346348028 0.0617837058940408 0.0638193938675162 -0.0968521314372571
NB16 0.108401728764793 -0.037052626530942 -0.0504982814034198 0.0468466005013846 -0.0011157692608322 -0.0300383285837397 -0.0910146206239238
NB17 0.00260071271770137 0.05552991864885 0.00600368281865988 -0.0717568736878141 0.0366548226904381 -0.0198492441367704 -0.0482074372376781
PA01 0.0852491270955259 0.0318631227608673 -0.153299952578797 -0.0239301478093391 0.0309582712822332 0.049025500676876 0.0294146315380168
PA02 0.05200050662013 0.0993964973408892 -0.0426380582117224 0.0748491026904819 -0.0487833671062024 0.0336603389050333 0.0821523371968302
PA04 0.082435822781636 -0.0371504972322662 0.054239603928973 -0.115598856723263 0.0517219777705639 0.0562908691556866 0.0731544353120167
PA05 0.065286713679631 -0.0868501294153883 0.073240183725054 0.0680636409038091 -0.105502562574909 -0.0379936073774806 0.0636665367836859
PA07 -0.0946967271271579 0.0190894663472238 0.129409572402226 -0.0146442026630436 0.0397261691365326 0.0502651179764176 -0.0367079563732809
PA08 0.0783944254120575 -0.0377099262780203 0.0673289820822871 -0.0789090466745942 -0.0664274171168657 -0.0516105281088223 0.00552388959192598
PA10 0.0300076762286892 -0.0186688512518168 -0.0548011435724211 -0.0067706331483742 0.0280512532566402 0.0938557170096564 0.119457247652071
PA11 -0.157024798475126 0.0626815048971357 0.0328182571927974 0.056698617459409 0.0404107279386009 0.059695485573 0.0921044119937668
PA12 -0.0373990941337276 -0.0392413898511147 -0.00541641605848603 -0.0867643275491148 0.126458373950623 0.0741065481445247 0.0134030091223013
PA13 0.0158119250445005 0.0105429725904836 0.0566481542859082 -0.126369279406552 0.0398281939671518 -0.0975493209897267 0.0809158977675225
PA17 0.0166692728458408 -0.0243372252041369 0.106463229332209 0.0269752851399054 0.118503896180046 0.0121719807881622 0.0243416622977774
PA18 -0.0224189738418819 0.11414561965901 -0.0136169669544247 0.0910782808291948 -0.0427843927051249 -0.0637272856885675 -0.0967426112691614
PA19 -0.185300541994029 -0.079831950036523 -0.0516983293047251 -0.107828252918989 -0.0996594453991662 0.0346664006261094 -0.00584239376538292
PA20 0.0399836062465804 -0.107241816795024 -0.0741727454894751 -0.0400620957312463 0.0216772421664465 0.0526305642492234 0.0167195398324528
PA22 -0.00368060027944221 -0.0940680388483465 -0.0592597623295158 -0.0137150796094032 0.0214195049461202 -0.163591265989274 0.0408884043346773
PA23 0.0121968936622751 0.0100283709545184 0.0682699164501437 0.0624865368983788 -0.0148699979254397 0.028339164278636 -0.0334161196067028
PA24 -0.105586524797426 -0.0546666065261519 0.000489001138619158 -0.107132549252106 -0.12507662786975 0.0551774131884185 -0.0505291984793213
PA25 -0.0226584113410976 -0.0048269846538384 0.0864059864807113 -0.0409802008214975 0.0143747202934868 -0.0396642324045157 0.0642489758904358
PA26 0.0376038386445939 -0.0481764338708675 -0.0224038712691498 -0.0344800989674667 -0.0528229670675697 -0.0892892254018754 0.0517745914051074
PA27 -0.116681430759064 0.0228658088512045 0.0645656824881793 -0.00543841601273959 -0.069848765081714 -0.163137068396108 0.051511085836432
RB01 0.0975195010290843 0.0754838582035422 0.129656550313211 -0.067098278656686 0.0277495558882775 0.0805193962390066 0.0470440636768372
RB02 -0.0798235823965355 0.0314351138139478 0.0857806586066117 -0.0456096290200665 -0.0772785822307191 -0.185677104183559 0.0623649978149077
RB03 0.0752484947981897 0.029175809603682 0.0746528758818949 -0.0380844318430322 -0.00843280429483625 -0.112728696048363 0.0914963736974273
RB04 0.10794381177956 0.05413759309875 0.0315619583341585 -0.0529938782842704 -0.0565541874535935 -0.015807240615769 0.0607394006748934
RB05 0.0654119018571075 0.00697717565390276 -0.0156320218702548 0.0247614755126481 -0.0600527004739212 -0.0925960098689029 0.00678183487885069
RB06 0.080596423388118 0.123422267447667 -0.0566099565537361 -0.051437968578689 0.0443143383025862 -0.0582160542907662 -0.0997635523637079
RB07 0.00948180787006277 -0.0560451175657228 0.0458171101133226 0.0610096613222554 -0.0483991409287615 0.0435341265692009 -0.105124153991379
RB08 0.0974686863423128 0.0183005822029911 -0.0765021023031715 0.103047967476579 0.0324209074281345 0.020487753651803 -0.0883618932663654
RB09 0.0556555959938965 -0.0456252692516455 -0.127214728917825 -0.0343063397368873 0.00988980524232398 -0.20353754106685 -0.00531173548774958
RB10 0.0245815213448263 0.074852069655379 0.0458786851398981 -0.105235535937567 0.0526286403131298 -0.079133780791173 -0.175158866959987
RB12 0.0652719775428499 0.0693292584789534 0.10985332416062 0.0654847758490503 -0.0984138861153566 0.0549960355317539 -0.121991563894476
RB13 0.111316241586924 0.0749977070318698 -0.0365895135938134 0.0415758900462512 0.0353452415306337 -0.072141060105402 -0.023962404080887
RB14 0.00457250441015585 -0.0290633171599792 0.0124877847610433 0.0037485365231107 -0.0164599165400759 0.0306537568641913 -0.00403922762609056
RB15 -0.0111252424643542 0.0258809928418784 -0.0584328300600184 0.0880588115244465 0.0742988026799227 -0.0284121670893188 -0.0863116754025474
RB16 0.0932544621992924 0.0514693455816328 0.0515006950782561 -0.0810946540908745 0.0378700934225211 -0.0102365283523036 -0.106153519754319
RB17 -0.0784160207894374 -0.0270931220809051 -0.174580644918908 0.0589494073946436 0.00705996659504745 -0.0361072619510097 -0.0388442873344157
RB19 0.108606964198843 0.142947413243254 -0.0486998621640426 0.0642939522559634 0.156631191697836 0.125624156456204 -0.0188696369508803
RB20 -0.024021483888744 0.0795999834943621 -0.0222908516085424 0.00551433802679338 0.0262228358682008 0.0903634639850216 0.0317972322705416
RL01 -0.132556886115708 0.126653071027024 -0.044008248488533 0.0313020040114082 0.0339327334838499 -0.010210500977301 -0.114626055059774
RL02 0.0165720540855789 0.090581105660906 -0.00156629115261711 0.0486176921193486 -0.0277900923620525 -0.00969403680424921 -0.106581761679539
RL03 0.0980269763574156 0.0218716216705655 -0.0502108168311316 -6.4784586764985e-05 0.0377270469470515 0.0885258541465454 -0.101798818432004
RL04 0.0976914800698322 0.00367108029755463 0.0249376526443667 -0.0348462453801466 -0.0127277651033443 -0.0308783598823544 0.111010157846695
RL06 0.112945362020357 -0.0139326946916069 0.0936208099142395 -0.0374354341633743 -0.0536149802453066 -0.0144469690477095 0.0982394148328819
RL07 0.0419176905133579 0.00791571740756586 -0.109372977174113 -0.0602492974370997 -0.00129070535870335 -0.0479957535829207 0.0323264726299148
RL09 0.0639590858591235 -0.0607384832907831 0.0596790125933113 0.0214170387528067 -0.0756181022903716 -0.0774681707966363 0.0651913559704312
RL10 0.0933033176111872 0.0784695414477857 0.0657427150408747 -0.0170867353687138 0.09928927703797 0.0751016521418795 0.126861900874879
RL11 0.158225484818591 0.0727986250299042 0.0154873126642969 0.0422765368614012 -0.158571866406952 -0.0579652030390968 0.0124829303902175
RL12 0.0261382363271493 0.0465102075953422 -0.0681352707273581 -0.0779130951463357 -0.0812491414829757 -0.106583660955004 0.0660801831421472
RL17 0.00248014947539224 0.0242033531810401 0.0872053522215542 -0.0447947577519601 -0.0329037737656516 -0.0742965696009998 0.0448282222958777
RL18 -0.215574225335563 0.0701618147826161 -0.0277078398237374 -0.0215319820710841 -0.0111399464100975 0.0282851393261553 0.00589081016370069
RL20 0.0476798188335016 0.0762898962746424 -0.0126665113175768 -0.0628550545749137 -0.0346993039048836 -0.0898377855727824 0.00235775020791186
RL21 0.0677220086409175 -0.0616767736446854 0.0412809478909637 0.0476987888399886 0.0173854680220465 -0.0240637288727982 0.0718438876009743
RL22 -0.0289433511546014 0.161360649732743 -0.230882343587782 -0.187060935428724 -0.261898746090268 0.211932993727997 0.11457307330886
RL23 0.110989631384581 0.0945158413486429 -0.0173397464339273 0.0448697996081783 0.0137706986805895 0.00271906871997272 0.132079335308289
TR01 0.0694222004510038 0.0264614540745078 0.0549381766507701 -0.00237073323268364 0.0803008117620078 -0.0300327266605579 -0.137416854504704
TR02 0.0321767180069445 -0.0493388134999821 0.00248605677311513 -0.00251723137016848 0.111442090010555 0.0049629030202063 -0.0915253847762757
TR03 0.0858679990463486 -0.0983799012830315 0.00812409754478162 0.0520422159020055 0.0322117579900092 -0.031833684914291 0.101910660678857
TR04 0.110540120857728 -0.0321376334743828 0.00856355880195545 0.171979932839707 -0.0113518974410876 0.0320083787946845 -0.0478066063264657
TR06 -0.00476447078089376 -0.202456106212572 0.1029416568289 -0.0136264131567461 -0.0771893711764523 0.0275623297619159 -0.0382656002196822
TR07 -0.0194576727086621 0.012495110779064 -0.0104675886302827 -0.125942818922334 0.0676851328855178 -0.133674598287401 -0.0508438222430189
TR08 0.0191720604066295 0.0215489333312852 0.0943657905220338 0.0430121724284637 0.127373360011097 -0.0959563783224351 0.0289338037541812
TR09 0.119537905831134 -0.0391189167988778 -0.00109029650398406 0.0517261388403201 0.0171600328146825 -0.0350368735647124 0.013436864156576
TR10 0.0480555714886957 -0.0793310100174339 0.0742771634268925 -0.0746090428831138 0.0270286936031269 -0.0787666645067026 0.00386731968171597
TR11 0.0660670331944608 -0.0424164597187229 -0.0307983533891256 -0.0454635021735053 0.0246044733061332 0.00103970553925427 -0.0107362174955585
TR12 0.0237169942858363 -0.0165077436042648 0.0363012201433099 0.0599235750208883 -0.0560279617385274 0.0293136014238778 0.116626000399787
TR13 -0.0707950341858404 -0.110349492410634 0.0503259061138121 0.151145888977848 -0.0450572993682068 0.152210701267142 0.0322467183519468
TR14 -0.186112586526722 0.161884971675235 -0.0400990760104862 0.0327944872729247 0.0271552928926138 0.10421845554889 0.125041161636376
TR15 -0.0464828455008591 0.0895183425668583 0.104347834279825 -0.0851635927483856 -0.00612806752103732 -0.038613809588518 -0.0830202855952084
TR16 0.0500332422725553 0.142070541917825 0.0502686017487644 0.0976761639150937 -0.00622007285252901 0.00853368393398784 -0.0402744291570242
TR17 0.0243940895306908 0.0690585310582298 -0.102217928116993 -0.0214958443713457 0.0794465316695137 0.107513231647032 -0.0202152309833984
