sample MDS1 MDS2 MDS3 MDS4 MDS5 MDS6 MDS7
AN03 -0.00244735448091693 -0.0350041497731931 0.056952904696737 -0.0191239921760882 -0.0586151504636395 -0.0113058881447338 0.0297692699014719
AN04 -0.0554166970232898 -0.00366255614353371 -0.0476837702042243 -0.00343981576620979 -0.0213010589912567 -0.0336768910181843 -0.0212801106163301
CS01 -0.07290061114464 -0.0263100854034747 -0.0439262005983528 -0.158752788679981 0.0215791849963919 0.00408603505868176 -0.0882251060985891
CS02 -0.0713385013271919 0.0105970883372251 0.0441130256987876 0.122033690256997 -0.00867886132729787 0.074295868771065 -0.0487309638486289
CS03 -0.0517137134957743 -0.0363624678313165 0.0223827469925505 0.0624628536004127 0.0167415810270171 0.00179000571986493 0.0230802553062776
CS04 -0.0299289301473095 -0.0265635822747404 0.033055929007083 0.00941180424316934 -0.00862313950033064 0.00929592252437313 -0.15094857062844
CS05 0.0302995978997547 -0.0757287734988344 0.0879790797276371 -0.112226929421738 0.0508878782538194 -0.0299029521900396 -0.0747975128679266
CS07 0.0653914866202951 0.0182144576612824 0.125643833453489 0.00510447615249848 0.0523342929744739 -0.154810764247562 0.0157409172001303
CS08 -0.0777961328342108 -0.364904812440748 0.114245255705012 0.108412598082057 0.0153897908629653 0.0782729756361174 0.02997067457004
CS09 -0.0747615148571882 -0.0252764709611228 -0.0590816194316416 -0.110924685392487 -0.0498148884648145 -0.000957458774950071 -0.0107477690360235
CS10 0.00940632515654929 0.0770309021522355 0.0198663711729526 0.090260710694051 0.0312784922113019 0.000518419555051698 0.03757026833325
CS11 -0.098393668931766 0.060314577800398 0.00307968379211387 0.056918707856891 -0.0550552789077753 -0.0551901348914678 0.039545083877416
CS12 0.0526698308962555 -0.022975848494022 0.0172468988444843 0.0323357982175148 -0.0904240810737172 -0.0328405681446385 0.0580699216916258
CS13 0.0263109536247853 0.103997251556729 -0.0172564394170475 0.144827609295181 -0.0232487173811139 -0.00270221419411737 -0.090302653553517
CS14 -0.0308689313686987 0.0389377770042036 0.0206584654526389 -0.0734995071429138 0.00512659528230228 -0.0128457665532027 0.0374519152347529
CS15 -0.0462249130653215 -0.00451526749306922 0.0764539593316839 0.0182317931700719 -0.0453538379897498 -0.0179024875863082 -0.0861632283378364
CS16 -0.0458700583964024 0.0348838333793651 0.105439500281235 -0.0417990983304486 -0.116020282651795 -0.0134158375645313 0.0707732220402673
CS17 -0.138745427569602 -0.0565763320539261 0.0047380388813667 -0.0710614618998053 0.0748100227710433 0.0783680729595776 -0.0364753213801033
CS18 -0.0257100386166961 0.0151454366615163 0.106161856691981 -0.0726984036584806 -0.0530480066409604 0.0442406765473617 -0.0230062827060031
DK01 -0.0338096000877152 0.0638380947345865 -0.0128380124328305 -0.00722468750602628 -0.0932031076010979 -0.00571115192100163 -0.0217620986760638
DK02 0.052389461960964 0.0414630651659372 0.0226607554201187 -0.0694728650228267 0.0446320210211465 0.0375912530213465 -0.0166601774270065
DK03 0.08733749855811 0.0258391444623777 0.126030892719704 -0.0105309585751395 0.0774056791676529 -0.0343041121162858 -0.0526131156273507
DK04 -0.0601692878911184 -0.0493043410768414 0.144776755535963 -0.0266435927340671 -0.0799781108691698 0.146151795267356 -0.0349291455989127
DK05 -0.0287511911467083 -0.519937353756022 0.183420989416692 0.116653313427406 -0.0184450396641861 0.120972578222155 0.0776757136253413
DK06 -0.0137462769552808 -0.0611017356396005 -0.0359602414856479 -0.0370888133167401 -0.025585984590768 0.113762141472178 0.135479742098445
DK07 0.0584873973122398 0.0543348182659136 -0.0159096390972809 0.0459636820468668 -0.0483471724705088 0.101824818029767 0.0825235263045362
DK08 0.0965945918271422 0.0170455346634787 0.00933134862359055 0.0537417692126887 0.00831103452698656 0.0384804435369001 -0.123363665051275
DK09 -0.0279571435824145 0.0344962837144329 0.00955235263462887 0.0589670488118221 0.00815104901168413 0.0142645161505641 -0.040549066863764
DK10 0.220890283554685 0.0286883588607827 -0.0378147298499293 0.0368737140831103 0.0219305107081724 0.0535846435009721 -0.000403631134250765
DK11 -0.0805613340474528 -0.012703245699282 0.0533672409489526 -0.0333483395433422 -0.148737100746019 0.0153438577501871 0.00181537902602419
DK12 -0.072119951498567 -0.0357888224059839 0.0132131519804069 -0.0337030084137897 -0.0562757164592924 -0.019295704615129 0.0172203154939689
DK13 -0.0289664600223441 0.0455161496345088 0.000876583176722091 -0.0649772990367007 0.0160936884887981 -0.0450019297518509 0.0403501813572175
DK14 0.0806401222557863 0.0185253234981577 -0.041726911650295 -0.102388475464896 -0.0549956433494243 -0.105740716739817 0.0983768203838337
DK15 -0.118802757278978 -0.00926241631960939 0.0824397696516362 0.0467945286711476 -0.0172199704420528 0.0247842533132259 -0.0700454497710279
DK16 0.00631317533041546 0.0123370601205519 0.0592733019680523 -0.0785163696311537 0.00155393417455279 -0.0149351844868524 0.0104194939214444
DK17 0.0396616913641364 0.122603404674063 0.0174408037016676 -0.0156241130654357 -0.0490664944830121 -0.057670314427703 -0.0484525625679381
DK19 -0.0397809936087403 0.0380716075742559 0.0657659449789072 -0.071749112373846 -0.0237567850966805 -0.0727432756711983 0.0307279304600419
DK20 -0.0652672212147302 -0.0211282923620838 -0.0249506878037446 -0.0524953187766272 -0.10892115653954 0.0136076505495036 0.0969569524091483
DK21 0.0363180308586521 0.107921886114948 0.0835202920394732 0.116597121848022 0.0487924725407858 0.0747202143312512 -0.0239462616417186
DK22 0.0551159118947696 0.0574705141319545 -0.0537286280077403 0.135325734755457 -0.119781499062111 0.0761644130269369 0.0391874159532757
DK23 0.0604791450385968 0.0718433663709882 0.0826895045714388 0.0508390668075128 -0.0610601617097633 -0.0224585633483204 0.0207004235026294
DK24 0.033135073386807 -0.101852606536983 0.0560352752248321 -0.174282544823608 -0.0212858187895956 -0.118380727412577 -0.115744835157914
DK25 -0.0362989128432603 -0.0461710068851961 0.0191365692874373 0.0116136898962627 -0.0805069533817216 0.0690990875823479 -0.0689081387019223
DK26 0.119164328802823 -0.0525971017354996 0.00757968277715371 0.00233190138949387 -0.0356024380675216 -0.146892777550372 0.00881111137450676
DK27 0.0791438534404297 0.0296505646969411 0.150651797795131 -0.0210846080168102 0.0630347028375954 0.0674562779318539 -0.0225560365609885
DK28 0.16075523576274 -0.0191296996235291 -0.0804473214346395 0.0978531835330254 -0.101490579773396 0.0221743498017474 -0.0305232800010262
DK29 -0.0916316544524736 -0.0024022875527179 0.0184765695799166 -0.119622378794496 -0.0489617867450075 -0.000478014774912 -0.0956288730556627
DK30 0.145651820303319 0.0354120622689914 -0.0420923656647173 -0.143030597514414 -0.045628765490544 0.114904819931955 0.0994015838747973
DK31 -0.0411720635978844 0.00581058979973899 0.134279706288206 0.00234969971238338 0.0513239227858895 -0.0506759919802899 0.0614156740363149
DK32 -0.0378157471544579 0.0855913566046706 -0.00567036474553233 -0.109538166588484 -0.0477066810646693 -0.0177223709430884 -0.0637630151971556
DK33 0.0764844052630687 -0.0394828763717687 0.108479497667912 -0.165398494569506 -0.0155676641249833 -0.0233830244457065 -0.0431805398640196
DK34 0.0465448777652858 0.0896745909459029 0.108261551517608 0.0718338120479654 -0.0319081261031567 -0.0655178709473237 -0.0778576404466013
DK35 -0.0385848329808635 0.023411806292354 0.147082851522291 -0.022067310571188 -0.0487009853945222 -0.0184175284852241 -0.0401677448127394
DK36 -0.0650242905146807 0.0600633611263294 0.0500266850555372 -0.0669434640413701 0.0177797956335736 -0.0849600372005583 0.00636662253018523
DK37 -0.00696023635398816 -0.00498695993705107 -0.0343087526883477 0.0582663137412193 -0.171289820567699 0.0923281364507564 -0.0957783536974326
DK38 0.0025799959080828 0.00612306662460045 0.0590902596835227 -0.0643745913387058 -0.190037609661128 0.0463032276119644 0.0859134731128985
DK39 0.0150338422820159 0.0338541805834955 0.121446670666325 -0.058135063833632 0.0629906085112978 -0.0293745602512599 0.00822885456107289
FR01 0.077322953703858 0.107165586775332 -0.135803400298438 -0.100169630548623 0.0259503110235296 0.16404686996418 0.0284764098809231
FR02 -0.0417795063686685 0.0436720809928757 -0.0632754143629406 0.00243238434288843 -0.03022918276181 -0.0352970690801365 0.0289601821973585
FR03 0.006143331810536 0.11037958461169 0.0452272043709577 0.000488049395607301 0.0743372283496492 0.0491335795718079 -0.0293743137490271
FR04 0.0702380457589706 -0.0630326243834717 -0.00693187043997945 -0.127632270681448 0.0516608924809754 -0.14569731632661 -0.171132773106711
FR05 0.104776548173418 -0.0959886799942728 -0.0508948762463118 0.130089322039848 0.0996395000388038 -0.125664037510199 0.0900729681591509
FR07 0.134484546743177 -0.126265259109925 0.0309369048892695 0.0314406124339387 0.136786742270015 -0.0753432356821859 -0.108395176656707
FR08 -0.0442393285944928 0.0307244926270485 0.0304003571722052 -0.0829965711029614 -0.120165867218776 -0.104713424740128 0.0421688409372333
FR10 0.0395326191348488 0.0337884256594937 -0.0504951375936751 0.0640109416403411 0.0538748864009839 0.0806407194426316 0.0461913419532942
FR12 -0.0307472721967722 -0.0475082648789681 -0.0580606095515718 -0.0664365779416121 0.0280073094408428 -0.00765476029791291 0.0335638669784081
FR13 0.0438695819843305 -0.0500850448432269 0.121622710656856 0.0170848462644189 0.110784404045959 -0.117347966534772 0.107149480268187
FR15 -0.0618464711853023 0.0429217416384859 0.061652097635547 0.0689386697336675 0.0890132682546058 -0.0252615142387832 -0.0383031745692443
FR16 0.160519033554616 -0.050464857616033 0.0414928794830329 -0.051233288068456 -0.00757896292892973 0.00320977414114951 0.0546295768797509
FR17 -0.0349233433504131 0.0922849518456947 0.0116034455557106 0.035197850349539 0.0459769328114315 -0.106477912874774 -0.038385501451705
FR19 0.0501717186664589 0.0319938388273786 -0.0368978987018426 0.0462475261612334 -0.146310722007361 0.0872919086390708 0.0863398882832027
FR20 -0.12655874953034 0.0354794646072263 -0.0673537718632285 -0.0145248867367265 -0.0408783974930487 -0.0668344838796152 -0.0557798960577351
FY01 -0.015694795751712 0.0672359564153708 -0.00471924689286584 0.019782851763999 0.0694378386273149 -0.0544942856225865 -0.0116770273135974
FY02 -0.0662128470098787 0.0871670837246055 0.042534432848651 -0.0477271191142141 0.00626410282569312 -0.0295072506861472 0.0413174110392359
FY03 0.0606517777975404 0.0372276613496372 -0.00354224819707565 -0.0121161755838467 -0.124559169615338 -0.0232847974739773 0.0349163589735035
FY04 0.0188393234332459 -0.157941097481636 -0.0788625846864072 -0.0815986624140911 0.0551545888905667 0.0942220821755365 -0.00967841626975873
FY05 0.00426730687690425 -0.00277261094775565 -0.0937205286074679 0.112931363404567 -0.0683403916654834 0.0771978880384716 -0.00828194138149859
FY06 0.0161466268426376 -0.0396379915255613 -0.0935321433375543 0.0661624046471328 -0.0438897480998401 -0.0281264021551513 0.0650979956203623
FY07 0.0280040048672828 -0.134800692041109 -0.00874034428605378 -0.0358962906007331 -0.0738831715669644 -0.0689930424049626 0.000810292161868348
FY09 -0.0153311326832076 0.032062808571546 -0.0500083614397331 -0.120122951301136 -0.0507099652088216 0.079095646494063 -0.00273254976641741
FY10 -0.0307263833520043 0.020607263179734 -0.093807566058538 0.0662580876967285 -0.0799184135274675 -0.132546942696729 0.0160879221265226
FY11 0.0931890608133062 0.0249016798490477 0.0241263079994744 -0.0804946385441687 0.0502795665679015 0.0374156231390338 0.0360031218917964
FY12 -0.0753466092402652 -0.0189763375319125 0.0845850248074903 -0.00706646775665009 0.0133921279584274 0.0184622577049821 0.103951418166598
FY13 0.0756123987961765 0.0784119005690977 -0.160132775150145 0.0755413766299185 0.162417053760632 0.0258703403835925 -0.0778396510645369
FY14 -0.060540163126296 0.0211614677148383 -0.0287231706900051 -0.0361399780806824 -0.0384706732073851 -0.0321286668297774 0.0506434162348065
FY15 -0.0836448097683613 0.069214001237274 0.0533268647803215 0.0344618868510207 0.028039420898328 0.0656778157353269 -0.0939983940834319
FY16 -0.012011521090315 0.0574712102976421 -0.0640596091142141 0.00199481014357016 -0.026330887608509 -0.0429194768104971 0.0931703458575032
FY17 -0.0332238912325434 0.0214933629290957 -0.0237048940223176 -0.0248178407451044 -0.0114772243863557 0.0212486249296858 -0.156697103638904
FY18 0.0353618295765153 0.00141729525507572 0.0336577329372763 0.126029415891911 -0.0430309696234111 0.0342892076217682 -0.0378274417101376
HH01 -0.112422111120617 -0.0679913900862753 -0.0626781184362683 -0.0534881072254714 0.202350289660345 -0.00280916076391021 0.0504158473023754
HH02 0.164617576911729 -0.000722653126080339 -0.0105836306296202 -0.087496769666951 0.0992785521699171 0.0572677600401703 0.0382576433651048
HH03 0.00339997662574754 0.0339274927770013 -0.00701766376069713 -0.0384344633829623 0.0729814655319442 0.0460507308252206 0.0450388663757656
HH04 0.0647162992530463 0.0540750776905539 0.0683688708620908 0.0271727513786766 0.11753145684783 -0.0546805956909349 -0.0947996735631948
HH05 -0.0283704218028101 0.000460068966989193 0.00752251093435439 0.0770551777729842 -0.00783324691301061 -0.0232809480965227 -0.0628843696197409
HH07 0.0252441971485623 -0.0938010192317608 0.0161776229802028 0.0537367255564596 0.00148341083974445 -0.0794184556674508 0.0687926089095958
HH08 0.059899731197855 -0.0461019909334075 -0.0132472015907634 -0.0174262673008294 -0.000108376596359657 -0.0181627305257496 -0.0411914535612674
HH09 -0.0575617811898706 -0.00029897281169429 0.0219435374223659 0.0465743694387053 0.0304747039578759 0.0615234402991115 0.0307736766286816
HH10 0.0607785895724563 0.0489963023773654 0.0383812814384466 -0.090037179952205 -0.0599244569627024 0.192687274885126 0.0657360301564328
HH11 0.0452958954498379 0.0392442138896509 -0.0513033766693068 -0.0403556087634995 0.0619716877193632 -0.0416074273358364 0.00471477495288055
HH12 0.013780436852825 0.0227528748788578 0.0247659612176779 0.0699958671923504 0.00162280294126962 0.0882347285866928 -0.059293058139403
HH13 0.0185501001936731 -0.0195798539781154 -0.0738190751156345 0.00654081899950559 -0.0258252940343565 -0.0183401347285875 0.0316696632430492
HH16 0.00901969913925669 0.0643741009903522 -0.0534613299296737 0.0204790344093007 -0.0915610761726293 0.0149362678401014 0.0799921022003276
HH18 0.0570513007870182 0.0124112254346097 0.0920683854311451 -0.0537626693954246 0.0386718349924419 -0.111179870648013 -0.0654175943429595
JB02 0.037807667795539 0.0639349989522229 0.0511113157048008 -0.0912557138684792 0.138406175638324 0.116915641901649 0.0788897616275973
JB03 0.0191250082667747 -0.0842182585024117 -0.0798319047010721 -0.0214756842689073 -0.0157359844672774 -0.121751432596092 -0.0895082309836531
JB04 0.057864277099055 0.0228670482966925 -0.0838670999153842 0.0470952653855564 -0.0787212093878777 -0.0408842141624658 0.0519828200046295
JB05 0.0338671895322176 0.00680952670928027 -0.0884985247059036 -0.0491037263739916 0.0193058670356844 0.211152324585884 -0.0118164602573079
JB07 -0.0200371634998776 0.00400595818845073 0.0415385374201057 0.0245413243161428 -0.0383882448843724 -0.036650528248695 -0.0384029578133599
JB10 0.097684183018946 -0.0359056924347175 -0.0363118591689654 -0.00364579314181549 -0.00959277248560429 -0.0301333969163776 -0.00497125956593912
JB13 -0.0325014778223455 0.00885692810874196 0.0809638798246011 0.103724503564763 -0.085809399449885 0.00588746499119109 -0.0255934257207792
JB15 -0.0684185088120873 -0.0513670810557361 -0.152897138119655 0.043650241914168 0.0632870884703817 -0.001781833421047 -0.107451585592215
JB16 -0.0760333063899754 -0.0240292165703818 0.0143861491216697 0.0147382301881666 0.0369157781935489 -0.00243543651745063 0.0340396667548613
JB17 0.0684644814847049 -0.0476424986547144 -0.142873362136251 -0.0154382609748368 0.0990086676956007 -0.0824957467041552 0.0280217163344251
NB02 -0.0516790556596748 0.0421500580142114 0.0148087641543502 0.103443818542079 -0.106093759746317 0.00576631748754731 -0.159402328230599
NB03 0.0380023523113773 0.0284593912487902 0.0491430443273428 0.0520194540621633 0.000261968095962373 -0.16379845534635 0.0791415454874256
NB04 0.00425234446228866 -0.0120086518468873 -0.0133012398346635 0.000931151478639444 0.0414948341034822 -0.0350880416943769 0.0747947227983962
NB05 -0.0716738191602095 0.0696104451683064 0.0525123517189484 0.13057767095228 -0.101251147807428 -0.0333528756530742 0.0444836696750159
NB06 -0.00327248121811986 0.090174560919999 0.0402985339673668 0.0707422514347337 0.0441290686074405 -0.0736913451267372 -0.0716670667866983
NB07 0.117886563400153 0.00781438061662198 0.0444924091030082 0.0580160911426827 0.0355893949731457 -0.031677189423638 -0.0510188162414903
NB10 0.191393536974013 0.00614035687831413 -0.0400465436248166 -0.0309394430235991 0.0146647170458605 -0.0766367055750006 0.13628900879349
NB11 -0.0118961706567807 -0.0239179432918426 0.0359543207359345 0.140382732737559 -0.0929588290273019 0.00634206685900612 0.0195573316038854
NB13 0.0244112783143886 0.00620414275183743 0.0707036406995357 -0.0516793807771569 -0.0217651573904149 -0.118838982977124 -0.0906074446620197
NB14 -0.0110701591075515 0.0972238445674023 0.139754384170002 -0.0228481378564032 -0.060957220031424 0.0891323560520594 -0.0243461439484563
NB15 -0.0507643717265972 0.0452611470257352 0.00784789885387993 -0.00235715732420375 -0.0668510071325744 -0.0589085720733155 -0.0417893060777933
NB16 -0.129212023752224 -0.000371633250759217 -0.00955972403084398 -0.0736849127330294 -0.0701557770009528 -0.0272727433350514 0.0457118753791413
NB17 0.00187819586906274 0.00265276726870913 -0.0403079017745432 0.0534445716797654 -0.0655332442989894 -0.00307463469182201 -0.00246667630519523
PA01 -0.0559841971898891 -0.127554654856528 -0.0632605942571472 -0.015954448492641 -0.0306064117736365 -0.00793326430466084 -0.118537307509222
PA02 0.0116923914093458 -0.0568684718805859 -0.119690156312605 -0.0874109824613676 0.0438860524815404 0.0291496847762519 -0.0411817348069653
PA03 -0.0551903847361267 -0.00586971334419958 0.00420276297655474 -0.0684535831512263 -0.00180221373861786 0.0427756804563377 0.0208952335824571
PA04 -0.0486392146493417 0.0331004444096154 -0.0330795515757433 0.111430031715379 0.0870815976450694 -0.0121115833729675 -0.0853073320309707
PA05 -0.0894212245345571 0.0577188979848457 0.0215480622851971 -0.0757718732714745 0.110025415895241 0.0543443985420487 0.00127973911461356
PA07 0.108204559827972 0.147498519072811 -0.00218376064121547 0.0322891945366369 -0.0330938475017411 -0.0219795204684819 0.0301070891261062
PA08 -0.0818214949522726 0.0214169298422438 0.00410543927991326 0.0874587477751867 0.0486418149220291 0.0744396654520042 0.069806520145072
PA09 0.0496623891411219 -0.108295256390807 -0.0229254201793988 -0.0552506328143372 -0.00114697074209581 -0.145345625495529 0.153308743982167
PA11 0.164282152433303 -0.00261730737908761 0.00334646704092296 -0.0291576807110158 0.0328126515417719 0.0407043058273193 -0.113452861262057
PA12 0.0144740179086381 0.00569126815939492 0.047015747155206 0.0864247987577276 -0.0268878922730242 -0.0193909281161526 -0.111608289354172
PA13 -0.0126728142192497 0.00503439660446197 -0.0222052928770684 0.131032251509028 0.0802835581224295 0.0189725817094261 0.0558845062325777
PA14 -0.0837066557599776 0.00261177730208969 0.0259426103754374 0.104835235624892 0.0653545016294787 -0.0450582484023578 0.0873229466086227
PA15 0.00333405238024801 0.0513876659803183 0.0221736870386241 -0.127361693056685 0.0162184970763457 0.17662297127506 0.0268666349322722
PA17 -0.015342455745008 0.0693757740761459 0.0160271555909962 -0.00154618839837172 0.0336879131426246 -0.00601242959456362 0.0314173279543931
PA18 0.0551860248419815 -0.024642337893165 -0.0546493847039644 -0.106152222329177 -0.0768986909487803 0.0872701738018941 0.109903685372702
PA19 0.11916226703131 -0.0469869156785954 0.169966268051356 0.0573848084272371 -0.0340079089451618 0.0923036698532261 -0.0443168013690263
PA20 -0.0600294987539184 -0.0261803986533056 0.0729807243540696 0.0667037074928423 0.0124120982538889 -0.074205023067136 -0.0834572961928558
PA21 -0.0102902240128972 0.0660844898495154 0.0811289967962018 0.0659510805952 0.008605522345023 -0.0408696404127725 0.113937022815714
PA22 -0.0399863850295839 -0.060300285084593 0.0996779293280892 -0.0136977815433092 0.0584943454435522 -0.0736654139503871 0.106955479629923
PA23 0.00233016465698544 0.0592022015484442 -0.004372652823358 -0.0576455079399489 -0.0209151937513249 0.0364185977395596 0.0875859620048524
PA24 0.0196870844473238 0.00589751902505681 0.124209979965137 0.0540599573966688 -0.0703695944818003 0.202928749106499 -0.0223968984217885
PA25 0.0118409113400863 0.0347975856740342 -0.00669658937776661 0.0797621787731142 0.100604613168612 -0.008751046032512 -0.0054319372266527
PA26 -0.00817974682534564 -0.0213613152990503 0.0180609325944281 0.0201660224827585 0.0679715264430207 -0.0595826741061121 0.0624748586369672
PA27 0.0971739418845646 0.000177926266551943 0.0246468409209978 0.0190193383674931 0.0555760212645727 0.081905300485518 0.143599463999564
RB01 -0.051779633938638 0.0497333981093521 -0.116805167381365 0.0962641428001096 0.0465042468132936 0.109485690534398 -0.0601322768382356
RB02 0.0766171625085325 0.0168603762218765 0.00825063862138205 0.0540048133025546 0.105996578913784 0.0715339675728676 0.186253161248766
RB03 -0.0557961987316699 -0.02264913994233 -0.0614636012985836 0.0114667637343977 0.151728731389084 0.110864092731302 0.0538930253907808
RB04 -0.0491490873383319 -0.0149270955411292 -0.0861922290004874 0.0304370606440611 0.0840801408632099 0.0573177674478397 -0.0133746179279697
RB05 -0.035243010334524 -0.0298149313441196 -0.033259081049745 -0.00282977912314708 0.0944922539091221 -0.0524477699804761 0.0476725273970592
RB06 -0.0248549960408528 -0.0541919899109482 -0.131817921807877 0.037960872908794 -0.0912640411428344 -0.038170092363977 0.0622698780755478
RB07 -0.020696515317791 0.0378982076485408 0.0516922421608806 -0.0655162897220046 -0.00352370233045545 0.0589062865776256 -0.0201700960817954
RB08 -0.077976440527307 -0.037415318755096 -0.0511825787003205 -0.147271203358927 -0.0336966022835113 -0.00301040880587297 -0.00280554844046373
RB09 -0.0804745381775489 -0.0809734474137852 0.0151424761414197 -0.0333816029583158 0.0265270956635166 -0.0689331707172335 0.110028371096828
RB10 -0.0135441337955131 0.0206324300259459 -0.0665471324278742 0.0946571034013814 -0.07334782234955 -0.0013183155923984 0.114464484983118
RB13 -0.0594337748150497 0.00268030149684598 -0.0827593504489341 -0.0416806030197319 -0.0368307388614174 -0.0976238218890988 0.116837220073095
RB15 0.0323985152411484 -0.0254195144097467 -0.0107588179169396 -0.0639615719638635 -0.0690783589362249 -0.0881266537443257 0.078396424930685
RB16 -0.0654896113371017 0.0232373572681869 -0.091485127543246 0.098581121427123 -0.0587189789271247 0.00414600652015201 0.0129129544108746
RB17 0.0502608706524518 -0.120676588407122 0.0720579861722343 -0.0788076752354179 -0.0273299230304857 -0.0454323638363584 -0.000698064306144077
RB19 -0.0470271000959545 0.0302557310299881 -0.175262813544957 -0.0496512767969692 -0.120858903485761 -0.111668769148492 -0.104190113280046
RB20 0.0316906915824317 -0.0130955958406574 -0.0465009285218204 0.0192349947910538 -0.0576942030181381 0.00693742403635505 -0.0719856462624992
RL01 0.142125929900667 0.00657109329002531 -0.039505943713215 -0.0679135124327506 -0.131063035293018 -0.0341163942975688 0.0357609964292154
RL02 -0.0119220602852537 -0.00674306525810778 -0.0643903259278454 -0.0741726933796936 -0.0518312199045403 0.0951886482277587 -0.0295938873996538
RL03 -0.1024852824493 -0.0265447438640201 -0.0460654298467265 0.00765219378322738 -0.0952266388397863 -0.0168008417904352 -0.0728546462056673
RL04 -0.0687893109954954 -0.0266029202188495 -0.0547573316169606 0.0712953396532817 0.128994853180316 -0.0177392994205289 -0.00936999797155603
RL06 -0.078138379506576 0.0383943456503891 -0.0629618490907359 0.0582276670652249 0.106359334550277 0.0370834532675723 -0.0239321265349271
RL07 -0.0300061800632205 -0.0820126761120901 -0.036040000845256 0.00670879925845443 0.0150760749768539 -0.0205409603928874 -0.00984580518857013
RL09 -0.0629129909473749 0.016222079810081 0.0206471131201151 -0.0179813743710589 0.138274491221207 0.031148758372857 0.0417336236341296
RL10 -0.0330927271486162 0.00636383164040414 -0.148458251180409 0.0819494018824588 0.0647799409980888 -0.0351339837256567 -0.127318799701133
RL11 -0.116307940183731 -0.0632166992920873 -0.116926946133664 -0.0477282742529017 0.0853381002466509 0.109846148421554 0.0584112997392253
RL12 -0.0025131367172391 -0.121075223801581 -0.0392002560434746 0.0383529130634963 0.0461214516906703 0.0207882815776231 0.0515391373272706
RL13 0.0360957941796153 -0.146411067360251 -0.111546419770165 0.057619820913488 0.0751711236806583 0.0467639059406866 -0.141544521010075
RL15 -0.137267806665627 -0.0417590593407217 -0.0834380672232432 -0.0678374118025937 -0.00930393385031471 0.0826947309579204 -0.0281400900147916
RL17 -0.00580691308632989 0.0353553566587222 -0.0402112592078676 0.0345581281619619 0.0918688736016686 0.0644859208481025 0.0496858093604879
RL18 0.226730063239514 -0.0380557960218784 0.0243494211957585 0.029987632226974 0.0239625492712237 0.0234830445301298 -0.0776674130939948
RL20 -0.0138109490974516 -0.0294304617647129 -0.0784053898691324 0.0651336617144062 0.0248635666739254 -0.0480427570446088 0.130110679814863
RL21 -0.0621025897118151 0.0328070338872523 0.00603919412976084 -0.0286676938590569 0.0933099342163698 -0.00859442354771923 -0.0136886348677287
RL22 0.0530146436004568 -0.160769332012243 -0.0944386832431756 0.0625848515594924 -0.200508846048553 0.0689935542175574 -0.129964471523614
RL23 -0.040306045701346 -0.0257065550367204 -0.157128664263022 -0.0490941469323128 0.0899534054852298 0.0024843327121404 -0.0591715455436472
TR02 -0.0582238516895152 0.0385213221122201 0.0149721032434315 0.00403833704025495 -0.0186322571245848 -0.0402708794824106 -0.0421044115950512
TR03 -0.0744079183336901 0.0170058516132888 0.0242418580168404 -0.0451640007457547 0.11665574121388 -0.0843153552036327 0.00328018198154431
TR04 -0.106022516196238 0.0324854219067352 -0.0232904107533531 -0.173018797775363 0.0115749229341868 -0.00728948519592296 -0.0301413699510701
TR06 -0.0722516862378515 0.0878256530948249 0.17649402298603 0.0305252860151369 0.0530346938686692 0.0633675534634093 0.0209916259264168
TR08 0.0107404220086848 0.0751063661215818 -0.0617441346814649 -0.00683842268545889 0.0587207412139527 -0.0636771972944237 0.0527496753528045
TR10 -0.074487154799814 0.0584512821817947 0.0393543239158847 0.106566859272193 0.0736885544240466 -0.034486875997155 0.066979241309392
TR11 -0.068605498714703 0.0242106055733085 0.0164427641083408 0.0330474861429968 -0.0331336324028641 -0.067370668616623 0.0331144121582485
TR12 -0.0236319886919712 0.0294483393074801 -0.0146996259278384 -0.0394390797822774 0.116281338874715 0.0324996936356163 -0.0774852906502659
TR13 0.0147922908660714 0.0511524259675079 0.104990527740322 -0.132872987247059 0.0437155934391102 0.0999047602575223 -0.164764269297995
TR14 0.24587131286242 -0.0464395176523273 -0.0686133982775727 -0.0301045155920086 0.0225691877245859 0.0404506457159198 -0.158924258122798
TR15 0.0380057757772989 0.0557835583522222 -0.0453433791899763 0.121469283093573 -0.0366165666858674 0.0453367964709466 0.0658580480351895
TR16 0.0189398299517443 0.0439996521328912 -0.147428652088914 -0.0640151803521762 -0.041048754794857 -0.00668123252006855 0.0365632767277347
TR17 0.0278646020356104 -0.0411268986195508 -0.0725815912129018 0.0417192084290732 -0.0573715375516956 -0.173476427577684 -0.0664474577819281
