sample MDS1 MDS2 MDS3 MDS4 MDS5 MDS6 MDS7
AN03 -0.00742746311727838 0.0533174832336519 0.0392552980304783 -0.0227423077640853 -0.0395676259592867 0.0552799335640598 0.0507021339505776
AN04 -0.0405765346801991 -0.0185378473683804 -0.0380902000437022 0.000230159067482065 -0.0108478719121043 0.0321656776781615 0.051201410353134
CS01 -0.0725886788770503 0.000533637057648861 -0.0402954914289289 -0.170739069810794 0.0680728179740123 0.00725258260688033 -0.0133701892790385
CS02 -0.061847234404927 0.0150171422453852 0.0390444816310334 0.101735650999503 -0.081708415365329 -0.132646699984792 -0.000780409068198776
CS03 -0.0458434938859469 0.0490072593764659 0.0155223743018013 0.0759888820798802 -0.00618797630664912 0.025099415052711 -0.0262006593975326
CS04 -0.0356595652726518 0.0438406464779305 0.0206210550869048 -0.0454718323659704 0.035173381262572 -0.0855227373509921 0.114766608966827
CS05 0.0186242747625364 0.105117544766616 0.0456508108943278 -0.12945738653183 0.080990349185826 0.00679824733253159 0.014453163530219
CS07 0.0607281534602712 0.0533535867194385 0.10760535438981 0.0516533178659345 0.0856908505173608 0.149732838824301 0.0999969743150066
CS08 -0.0604038923805698 0.377723783096539 -0.0402983372600131 0.0385437203765098 -0.0825384499590595 -0.0971964874153243 -0.0565626405207707
CS09 -0.0759603550354073 -0.013446962126627 -0.0718968236064958 -0.134205495890461 -0.0205352983926943 -0.0123624497403385 0.0277432733059609
CS10 0.00508744121248517 -0.0580221558545206 0.0505566987611569 0.115170400610917 0.00313462710776471 -0.0231541239704455 -0.0015429635169778
CS11 -0.100109699197012 -0.0438020144755784 0.000522488927387432 0.0729253383029323 -0.0444944356086905 0.0497922337368627 0.0165865891087698
CS12 0.0458239184670522 0.0461618651450021 -0.0192077189744122 0.0498035123048553 -0.0556848625240557 0.0686595959190845 0.0137902999258384
CS13 0.0290367804168242 -0.0783038772214089 -0.00148567540933713 0.133013155902979 -0.014166490257187 -0.118720785648589 0.124029379839294
CS14 -0.0307170833133046 -0.0359871356549709 0.0299111889923673 -0.0633054195319787 0.00255217268787761 0.0371089421245937 -0.0375937616161038
CS15 -0.0514722306930748 0.041263344251325 0.0640613028639877 0.0109408343512869 -0.0146756637112757 0.0140875924460788 0.0807024632639305
CS16 -0.061367124966312 -0.0136915312480976 0.10284049387729 -0.0018168005057877 -0.140064948069071 0.127869908089769 0.0184396049643673
CS17 -0.125529133360405 0.0520938888103724 0.00387632953446647 -0.090740254977476 0.0369080943829058 -0.0847857516604012 -0.0920375204171729
CS18 -0.0272743220721194 0.00461831425931966 0.0964644488902208 -0.0863327600549098 -0.0640870523218501 -0.0226262886828719 -0.0227888935545546
DK01 -0.0538911664805415 -0.0633036149647497 -0.00679507231650284 -0.0192314074661198 -0.0577197437507778 -0.0167932304742755 0.0472196984488377
DK02 0.0445827926841994 -0.0234199351923701 0.0513508228329129 -0.0726000434204759 0.0560260566031129 -0.0221040822147013 -0.00640394062457472
DK03 0.0857637342976021 0.0301515675692334 0.120071774869611 -0.00966512008868575 0.0637502050351263 0.0273210992607055 0.0162818860880836
DK04 -0.056463141852253 0.0973534918067863 0.137025213545562 -0.086604037579208 -0.0878959354415819 -0.097282146695775 0.00902975055136385
DK05 -0.00129881115112434 0.534223752156776 -0.0205484320775919 0.0189361451025853 -0.164212288394616 -0.0964253047754014 -0.129553311589954
DK07 0.0560685484184598 -0.078045395535655 0.00699957688132957 0.0534865102349873 -0.101088171226787 -0.0665755414863029 -0.0647277693753075
DK08 0.0968038157339789 0.0248597613773342 0.00778478717742964 0.0310249691791584 0.0331702116689387 -0.114212711027606 0.0724072422403519
DK09 -0.0253124373291896 -0.0200628156851592 -0.0014109150887121 0.0553323288729048 0.00216630690701175 -0.0853064178991848 0.020371685131697
DK10 0.224615044717886 -0.0456823086718064 0.00767954413829154 0.0111884147097358 0.0188941518521473 -0.0478346321091588 0.0366619812871292
DK11 -0.0924753926348691 0.010998435362636 0.0223496845148897 -0.0460288949460315 -0.16122221365652 -0.0115446854337093 0.0419636314517262
DK12 -0.069157811968184 0.0318673718207177 -0.00653379871828926 -0.0386553929154886 -0.0590992865353489 0.0318245005274701 0.0375464794850812
DK13 -0.0308235646873604 -0.0507888607174962 0.0157444226570396 -0.0299615248875719 -0.0101328168996657 0.0500154327537383 -0.0465816682470735
DK14 0.0779445678234253 -0.0510293826654876 -0.0405455009028966 -0.0735461407887808 -0.0521277703038257 0.154268180519838 0.0223244325183332
DK15 -0.111496136289346 0.0576082671323741 0.0488253925220814 0.0470960084593174 -0.0107465345641693 -0.0731008866416015 0.0512275171413202
DK16 0.00177345163562122 -0.00343277384202189 0.0508901396780215 -0.0646420401692765 -0.0386378143032593 0.0245809714593626 -0.0424509916535627
DK17 0.028361897251728 -0.0930510024052137 0.0445887557776124 -0.0202060625802529 -0.0154259049764204 0.0197537719649357 0.0881497647846583
DK19 -0.0596750457228094 -0.0108183354421096 0.0732806619225176 -0.052455222132499 0.0196686819797876 0.123938522222334 0.0205429786335018
DK20 -0.0679705848345406 -0.0157215703686574 -0.0397374222794199 -0.0605936491467455 -0.142469137487124 0.0239332999101508 -0.0291739975730098
DK21 0.0282592861536197 -0.0543906769508848 0.130864999515679 0.130958734164708 0.0195227046288831 -0.0902415714051158 0.00303714703145065
DK22 0.0497807262708879 -0.0741605999571367 -0.0398889092948849 0.12055251801573 -0.144618782783865 -0.0856498393027821 0.00483483539703622
DK23 0.0529166657179854 -0.0270465870339581 0.0958206349601771 0.0507756637079722 -0.0525321095909508 0.0353460460862167 0.073051177866375
DK24 0.027803556708986 0.110596975133477 -0.0201233793668978 -0.178517999571846 0.00814412234483279 0.0791962768125072 0.0579372759417981
DK25 -0.0375221466605106 0.0566763025418736 -0.0126519530841355 -0.0293998075886101 -0.0780319484789357 -0.0796848734150966 0.014492867969477
DK26 0.108012387657219 0.0464960230431293 -0.0305579937893036 0.0108836126364091 0.002428514108964 0.144865629769053 0.108634370454072
DK27 0.0818068694324598 0.0239424148102585 0.159351177355518 -0.0124699158526628 0.00934091441641682 -0.0545937638845373 -0.0599067740744038
DK28 0.162823056884755 -0.019794767884091 -0.0736092258294143 0.0629553365765138 -0.095903343409148 -0.0162240449736642 0.113797314952465
DK29 -0.094305209424571 0.0106524165211027 0.00923538955179067 -0.142118199854421 0.000383512698358367 -0.00830229680403278 0.0598761804064164
DK30 0.149852538891877 -0.0944318087083918 -0.00582407961291419 -0.126792106074176 -0.10067832752778 -0.00878750259124059 -0.126200529068002
DK31 -0.0440767261875368 0.0556136301183454 0.126283558436269 0.0444585223378422 0.0302175085609057 0.109400695614974 -0.0522269463515178
DK32 -0.033755177545079 -0.0743890209738721 0.0338365648961952 -0.115876921650706 0.0150321846243707 0.0246045286528291 0.0938374717126256
DK33 0.0698329723264592 0.0460693716426863 0.0781981732764212 -0.154675349911494 -0.043100903574344 0.0371226907119214 0.000652822472729991
DK34 0.0365727761649863 -0.0141429672172207 0.102425121041489 0.0762843622897242 0.0204527699001596 -0.00823823660964546 0.149819388627608
DK35 -0.0582482816400812 0.0466672516694486 0.127914492553311 -0.0141296745760102 -0.00661876969137085 0.0360275717366695 0.0931100267113972
DK36 -0.0808943862967944 -0.0270743726349288 0.0568772279588709 -0.0392927080796505 0.0603269679860873 0.0834951604609858 0.043635795129708
DK38 -0.00334460334838492 -0.00726695500632451 0.0252110304971845 -0.0470519462820361 -0.212004777402456 0.0253054373846193 -0.0204018145757218
DK39 0.0119595231193366 0.0147734492522498 0.135860583303911 -0.029678077184982 0.0318437064479686 0.0724774748411753 -0.00320048606490152
FR01 0.0848359043276338 -0.169273522384266 -0.0487712630838753 -0.0901404255411051 -0.0131746657465169 -0.112240499029322 -0.0829769270779021
FR02 -0.0366434692026804 -0.0639294828580218 -0.0575398722457383 0.0203199200263513 0.00115242517910591 0.0290118355388596 0.00971669795967838
FR03 0.011778756106692 -0.0737496674283609 0.117318954040835 0.0106689865704453 0.0535662189055005 -0.0293577919489294 0.00143558988099639
FR04 0.0582062803120926 0.0655070938659629 -0.0417457077798186 -0.147683783339302 0.141091893252311 0.0835415835064712 0.0937288540648624
FR05 0.113434269480207 0.0922517346301611 -0.0927576666008071 0.163709072667943 0.0681916008422232 0.103471552327312 -0.0410107045837875
FR06 -0.0507781089992662 0.0464356605284011 -0.0225925103485524 0.0658868031713919 0.149934416813807 -0.00891550167418209 0.114557689524607
FR07 0.145533405870893 0.14897253374154 -0.0365741368589394 0.0122680761200889 0.153141977573528 -0.0227283814043342 0.0468794328499033
FR08 -0.0585260127524415 -0.0263846552663692 -0.000978418609654078 -0.050197396302968 -0.0889008059395384 0.121827781421614 0.0237177439556251
FR10 0.0561766873609925 -0.0494322316464103 -0.0245085764866783 0.0798530793509473 0.010048187259574 -0.0617025283247053 -0.107950499194288
FR12 -0.0261260120250231 0.0151755986842441 -0.0602364963492673 -0.061202412300255 0.0576468055673581 0.0475788108749337 -0.0380728263771745
FR13 0.0442858167542965 0.0872113066973934 0.0834764079245063 0.0897243366237425 0.0830761553578306 0.161762704615531 -0.0752774333997696
FR15 -0.0534614422612549 0.00227781153859594 0.0609523418231739 0.0738442654901327 0.0764898160296384 -0.0457001902707586 0.0269526953425432
FR16 0.159521863406149 0.0483458706782552 0.0251049588909585 -0.0425275645472332 -0.024488515031609 0.0377224571537182 -0.0102621683065148
FR17 -0.044752856223424 -0.0453109701592932 0.0301706301050438 0.0539424437561521 0.10491031515536 0.0502395898364823 0.053279552823724
FR19 0.0532740618924381 -0.0518244992094923 -0.0278871738817152 0.032096892430426 -0.169480677725962 -0.0610653106682931 0.0166209282096843
FR20 -0.12603633074499 -0.0557079290788539 -0.0558699685381051 -0.020309809889012 -0.00727489756676905 0.0220324630460274 0.0862284972590288
FY01 -0.0261517239218005 -0.0411918898397037 0.0373148896436346 0.0306264271952027 0.113527928189034 0.0577360792803062 0.00420251124412252
FY02 -0.0787350228171186 -0.0646935722620368 0.064708722572932 -0.0184653626816167 0.0275308274409011 0.059153412600715 -0.0371427621255104
FY03 0.0473663353621189 -0.0446108821750256 -0.00262551992094195 -0.00832034016901969 -0.066052090992308 0.0727174398855522 0.0491350601074875
FY06 0.0159824909716251 0.00450847923458677 -0.104409202355281 0.0623346004614813 -0.0449914989143618 0.0366924151121031 -0.0186256134866016
FY07 0.0251646928914084 0.106322206834082 -0.0858927262957908 -0.0462417203300504 -0.10062829924659 0.0521531689070223 -0.0193630739820843
FY09 -0.00630254764118597 -0.0621194317620693 -0.0279517113796938 -0.10588370432049 -0.0674027227707659 -0.0263180574756528 -0.081074919844117
FY10 -0.0404180185598201 -0.0374316046607985 -0.123714182677248 0.0823302633402154 -0.0370451408633785 0.0254333114206539 0.07028066783681
FY11 0.100087808455253 -0.0174275720085201 0.0605130968168789 -0.0671185085757256 0.0311243246710243 0.0493345911452488 -0.0958722018514034
FY13 0.0810400817925218 -0.10580350708164 -0.0926380020298032 0.0805553369786724 0.19123186290502 -0.0955837659743711 -0.0356263701618786
FY14 -0.0587816132492684 -0.0417504195584707 -0.0486191005422383 0.00236792475035069 -0.0650081392316585 0.0362831911591394 -0.0564904099648342
FY15 -0.0741726734520633 -0.0241008100963312 0.065468944145931 0.0145284540086653 0.0362068076393879 -0.121082005660738 0.0190520595722555
FY16 -0.00745823656650675 -0.0826310703080322 -0.0508178959737484 0.047596431092944 -0.00568484708642465 0.0782761372276381 -0.0120563096315534
FY17 -0.0393097835135202 -0.0197678324569304 -0.0169676554089032 -0.0584511280307957 0.0513932611370078 -0.0861854971001059 0.0942210947251647
FY18 0.0423944163072789 0.0278675396470193 0.033538627570849 0.0849771667337233 -0.0211434463811612 -0.0558262941575482 0.0814849502616382
HH01 -0.091716890827797 0.0320691540468095 -0.0540925227650882 -0.0278782473826934 0.151217533980503 0.0207419328342056 -0.168027580056388
HH02 0.176374612090644 -0.0211659299057051 0.0145959214204224 -0.0655187410698268 0.0227478782022453 -0.0106218327907083 -0.127357370633476
HH03 0.0063295821342061 -0.0318018068454482 0.0227403462620971 -0.0155326754209305 0.0744466089939299 -0.0136875183729377 -0.0796792932284868
HH04 0.0618344324963611 -0.00884959586045815 0.0713513158105017 0.0259969488168126 0.119371182019958 -0.0261987800643107 0.0354696503755626
HH05 -0.0338088235077233 0.0209930337076171 0.00377322925874886 0.0379430524583135 0.0219136240160151 -0.0474735640223419 0.0817528124054766
HH07 0.0157373714123704 0.10472906220401 -0.0318552842364688 0.0573566535187472 0.00453400826084554 0.109361296418087 -0.0200100365766206
HH08 0.0633526123352333 0.0392568059357064 -0.034067943197102 -0.0311665033689974 0.00657468216468894 0.0107268590129442 0.0350885151749406
HH09 -0.0539940470737242 0.0148627291348853 0.0269091684674602 0.0467482482057954 -0.00975506721331711 -0.0300164895795287 -0.0922916577256878
HH10 0.0646275379642863 -0.0579733968251544 0.0929224165646712 -0.109549900007025 -0.0877102022820592 -0.0813407597835218 -0.0783832679742251
HH11 0.0406472085109642 -0.0363495149338289 -0.0205495233689474 -0.0387025837408347 0.121502436208202 0.0305660141167161 0.0157545295143049
HH12 0.0109057233130024 -0.00472199811776538 0.0374897277497755 0.0164887693038151 0.0111536241522222 -0.116354854827738 0.0310714458939277
HH13 0.0181384140138479 -0.0108521537418173 -0.0790606003881183 0.00744665074381571 -0.0409836522422351 0.0158374603491131 0.0208552269575848
HH16 0.00297462495138288 -0.0877004196978754 -0.0419287625002963 0.0321712188378213 -0.0856024129278074 0.00577950152334882 -0.0210402076789143
HH18 0.0466811629490783 0.0222247371160069 0.0740150065498776 -0.0321263770974462 0.0497326440233508 0.0859415676996046 0.0656038909858337
JB02 0.0458090533261236 -0.059660365164139 0.109032569736369 -0.0498705579957068 0.0513652903920118 -0.0306372216099381 -0.193973835878106
JB03 0.0159568225891837 0.0526103815755386 -0.128083041869453 -0.0364608721125446 0.0535143460564347 0.0491255905828501 0.0865371428133052
JB04 0.0548510443381681 -0.0589632490427165 -0.0764467298597915 0.0543360447802469 -0.0573017622896538 0.0604489685978992 0.0207497117565133
JB05 0.0578926185527312 -0.0540413899551516 -0.0264596713642655 -0.0935188505714305 0.00335300939392539 -0.154041520959425 -0.0906205707465297
JB07 -0.0201240596025636 0.0179671625173971 0.0278902085248603 0.0209900205731858 -0.0173382823278367 -0.0128902144408949 0.0552637004469553
JB10 0.101861147761694 0.0198978869959618 -0.0593207449636306 0.00457772919339752 0.00323311875164754 0.0179006287533318 0.0107978850578699
JB13 -0.0455607579950659 0.0288652089173005 0.0618144428763968 0.0782419975618052 -0.0614218525302069 -0.0183679392346878 0.0598934826257185
JB15 -0.0613369267853705 0.00485536528972553 -0.159927185254154 0.0172665293755171 0.107427089985058 -0.0866675044265753 0.0170019253012663
JB16 -0.0812812939204561 0.0267900451321418 0.00985164960289146 0.0405418038727835 0.0361960390871109 0.0374053417044969 -0.0514571468562725
JB17 0.0809998939672578 -0.00470601524435882 -0.163206361327356 0.00792062669350979 0.116081666228991 0.0522596507508557 -0.0609137034866513
NB01 -0.0209525254466383 -0.0301023406472009 -0.0127889900696317 -0.0282927717543093 0.0470455162479737 -0.0115116326366202 0.0347330807316554
NB02 -0.0547358164996964 -0.0114493827915367 0.00613516090398318 0.0377620523490135 -0.0290786555936272 -0.107233225644244 0.180481923916422
NB03 0.0282572750163977 -0.00219794340974374 0.0292005380062375 0.0906112301886246 0.0256712743971639 0.172809677037255 0.0580513234519898
NB05 -0.0702226680109708 -0.0318275544791848 0.0431157017082238 0.121217565950878 -0.123962013997327 -0.0176319063493394 0.0572678512590954
NB06 -0.0127054015312601 -0.0461577133010508 0.0612789623525714 0.0726451184959377 0.0783094139346946 -0.00674572686125904 0.0984991930029605
NB07 0.11817322307653 0.0256151539511326 0.0444154105824582 0.0260908847656177 0.0458123357573674 -0.0123838656818454 0.05359186757724
NB10 0.187070512242252 -0.0424153230497168 -0.0214329473407677 0.0155102424665666 -0.0240532681979051 0.164304166319977 -0.0692991286725048
NB11 -0.00929902090289265 0.0429905656970636 0.00157280975153285 0.143044131772782 -0.110362706626752 -0.0260272441164761 0.0525154458735336
NB12 0.0135803409307508 -0.036847951616156 0.108866369337434 -0.0692147026310876 0.0110379014996109 0.0169265469643802 0.027653552799907
NB13 0.00424081306548277 0.0325251822706947 0.0456284575433059 -0.0574818758215755 0.0576341526624168 0.0806292850275133 0.115653147051819
NB14 -0.0162274135753057 -0.0574341971804169 0.172771061659147 -0.0459953702485186 -0.0752338206837878 -0.0649769136732742 0.0448342706542703
NB15 -0.057534683940254 -0.029775060268835 -0.000419398523215051 -0.0116196157739324 -0.0465233634265041 0.0208484905991508 0.069171491017486
NB16 -0.134814638773145 -0.00836097089377253 -0.0205927055166993 -0.0673495134691254 -0.0276471297164391 0.0595177168265249 -0.00489783339505309
NB17 -0.000958353756180922 -0.0187476636279866 -0.0527564868757421 0.0473536650928241 -0.0447355443427923 -0.0263897649940493 0.0421224173458741
PA01 -0.0446887816949439 0.101124798267444 -0.126962770433821 -0.0756556478849452 0.0128976910631581 -0.0964984906184243 0.0807002257851615
PA02 0.0245534923848458 -0.00620947471784064 -0.129601986352233 -0.0990032365791203 0.0543725918809586 -0.0574501626329769 -0.0600773226406064
PA03 -0.0588990320335496 0.0155659407340698 0.0334014185163068 -0.100074045468234 0.0507511123919421 0.00260956694132534 0.00284340571422418
PA04 -0.0412886844090624 -0.00941064122834373 -0.0311892160260647 0.105200222715649 0.0879993050079251 -0.10712594222081 0.0261606185578971
PA05 -0.0829726498951415 -0.0406235770209749 0.0713253980158083 -0.0565089078445301 0.1125300619164 0.00725199312697223 -0.10101411651429
PA07 0.107003360110272 -0.137841005999165 0.0544181126668919 0.0664136026104434 -0.0288199893893426 0.0485232102017297 0.0439585247001591
PA08 -0.0737544285538121 -0.0111866577361155 0.0268659936830365 0.0790950544882839 0.00198760554117117 -0.0631615697489536 -0.0658780157514156
PA09 0.0515601727608045 0.0749316589573897 -0.0924445187579302 -0.0227141216798345 -0.0433660311944264 0.15970883119693 -0.0698473952236946
PA10 -0.0371438448794021 0.077995085350439 0.00162581883327653 -0.0463607030486536 0.0853199515467179 -0.0321827513078957 0.0926593776062117
PA11 0.155423945336728 0.0116697533183625 0.0127198592446939 -0.0642253317535218 0.0700929968350153 -0.0604983998544454 0.0751667353296663
PA12 -0.00508139306020119 0.0369665168519065 0.0424527580727946 0.0452203801796192 0.0292347609294991 -0.0447901740123497 0.150175796094411
PA13 -0.0116884980138407 0.010825175266919 -0.00731071589906279 0.140352462743364 0.0633733905615665 -0.0316308726743294 -0.0636657409771442
PA14 -0.0910673855281827 0.0244228871562438 0.0116993666027165 0.125983265600463 0.0266227405551322 0.0380911163255733 -0.095977809238447
PA15 0.0163071691296442 -0.0605637250492537 0.0641381377446106 -0.136485659506312 -0.0563425413678221 -0.125183611530127 -0.136307240451987
PA18 0.0549212891402285 -0.0293766392755096 -0.0562249801916089 -0.0772326387233061 -0.127884135574314 -0.0195243691475881 -0.0730824972107377
PA19 0.118741695282374 0.108353173990535 0.130700242771594 0.0165823337902044 -0.050396242190519 -0.0866310218554244 0.035406743591936
PA20 -0.0545604543427544 0.0735276183164472 0.0285915924494493 0.054425599437488 0.00596954183557879 -0.0194761302580987 0.0614339128625981
PA21 -0.0216381490124796 -0.0342743478394819 0.0995020929858678 0.0849992730392378 -0.030643830357199 0.0916982151633294 -0.0465190641831632
PA22 -0.0332628816391592 0.0957072927114236 0.0544015422453751 0.0223659514458112 0.0277779218531565 0.111387356445565 -0.0761173084302356
PA23 -0.00244950184287585 -0.0662707906996621 0.0383917555816433 -0.0439354661423084 -0.0126578082630656 0.0449915496582678 0.00486051415794487
PA24 0.0204315536161677 0.0501969071373488 0.139973539390103 -0.00191955535575476 -0.101708823971142 -0.175165526126239 -0.016654128363771
PA25 0.0138803403614621 -0.0158435727425778 0.0181875410872601 0.0736960228569232 0.100294544013568 -0.0193406785254661 -0.0235812684689486
PA26 -0.00463718510161599 0.0272208083802239 -0.0160708519620198 0.0657579192425904 0.0330488370344587 0.0505491562957313 -0.0900100066197055
PA27 0.0989417503980709 0.000596595290798542 0.0526755625200316 0.0514135504468884 -0.0119913571747197 0.010786022681832 -0.143992093034351
RB02 0.084829757922527 -0.0175000652437504 0.0383646524776343 0.0965518937288067 0.0214457870013231 0.0146645268130054 -0.200829562590812
RB03 -0.0474964736615239 0.0135911244038534 -0.0360116077076576 0.026937416076084 0.101846390114046 -0.0889641315353229 -0.169995509547239
RB04 -0.0338479553049459 -0.0210923203291388 -0.0745105954842778 0.0427450395603455 0.0649953418118463 -0.0893513631740552 -0.0712562478815688
RB05 -0.0188859725401516 0.0113288729087609 -0.0582740911337085 0.0203613296248203 0.0514484651058805 0.0201187251934309 -0.102732994820349
RB06 -0.0231699337729768 -0.0145414085686759 -0.165355689073321 0.0452066618342434 -0.0914628414580152 0.0190764922120623 0.00118919076503032
RB07 -0.0120006320618779 -0.0372909087070719 0.0476015372520537 -0.0544425913922528 -0.0713314025957764 -0.0826526342367324 -0.0196638612894389
RB08 -0.0831515792136503 0.0131984247822084 -0.0512559849405541 -0.145597246867524 -0.0223372495579046 0.0406004241408181 -0.022208481976032
RB09 -0.0699559001772805 0.0872555533671751 -0.0490028766235167 0.0123432751054541 0.00425016310218031 0.0637014677834167 -0.0981878456835164
RB10 -0.00581423496406687 -0.054376844899273 -0.0794770900247052 0.112768342929309 -0.152139873792544 -0.016398155120407 -0.0590535613141073
RB12 -0.0367296659129037 -0.161338173706547 -0.0189548605366779 -0.0269402210014183 -0.101656385148297 -0.011262143659781 -0.0749761096268898
RB13 -0.0618290941062138 -0.0393192219978325 -0.0987484814081397 0.00578224517042505 -0.0116966530552968 0.142716947785217 -0.0212931475366397
RB14 -0.020378043490026 -0.0134588077066487 0.0293555941271029 0.00156793994045484 0.00576664693652132 -0.00508975608370095 0.0315254584881794
RB15 0.026612982019706 0.0058490805033575 -0.0308798135121346 -0.0498514352603181 -0.0855651067731981 0.126525574436146 0.0189404112419545
RB16 -0.0595775369044002 -0.0473838605546785 -0.0880514741639709 0.0933042075280623 -0.0521326390182803 -0.0520136596058834 0.0698608912014076
RB17 0.050800391765786 0.127795673591998 6.66387727130832e-05 -0.0884994087978331 -0.0632132878787744 0.0546432205461088 -0.0209777967431483
RB19 -0.0561616542105597 -0.0840808765126544 -0.171554954184166 -0.0839742466760733 -0.00695222346612297 0.0526095876297011 0.154905567096969
RB20 0.0247348131749751 -0.00448805563966494 -0.0467121453986956 -0.0219844253305963 0.00102848784694379 -0.0658251194251775 0.0963886609876886
RL01 0.135828255842132 -0.0416330140471135 -0.0473969079636805 -0.0602973281180629 -0.102550387480157 0.0730363551590148 0.0198328798629687
RL02 -0.00858453169844913 -0.0387885968807397 -0.0618886818948699 -0.085403148349599 -0.0715123921453723 -0.0815568027615718 -0.0334273833532324
RL03 -0.103563531162177 0.00383526898571217 -0.0702871865564851 -0.0324260241520416 -0.0724000050982633 -0.0446114132713655 0.0841943369772667
RL06 -0.0713680985181242 -0.0518810598408711 -0.0277618050495986 0.0554800425474316 0.101031372746104 -0.0667245270560782 -0.0713737310264206
RL07 -0.022491494296162 0.066225099600199 -0.071186937489963 0.0179823061558567 0.0356024578768118 -0.0119246084067773 0.0100814727210518
RL09 -0.0538663515079305 -0.0160369023525789 0.0407947938810844 0.0209910066643468 0.0754196321022625 -0.0181808815144675 -0.135412439576862
RL10 -0.0322819925099811 -0.0389302118226443 -0.138459668379905 0.0509620145376403 0.106461635970069 -0.0874781780611922 0.0722714702731157
RL12 0.0101590339942726 0.0912404976620478 -0.0833311688247808 0.0406290453252423 0.0232979297555423 -0.00332565473189617 -0.0925150647500911
RL13 0.0493360744610496 0.104594376272388 -0.144563865454011 -0.0105509790870858 0.0847651409629008 -0.14306712421807 0.0231954877597999
RL15 -0.127135677604421 -0.00569248722554987 -0.0949250846491297 -0.0750940461611394 -0.00701574183871748 -0.073224385712081 -0.0712544627098579
RL17 0.0129950990070996 -0.0415079831987444 -0.00185703370491117 0.0504609663017827 0.0361512119893963 -0.0551273670725873 -0.122160631414605
RL18 0.23064252905539 0.0382014138521189 0.0196374294675074 0.00297702821964662 0.00262781462053769 -0.045139923933306 0.0357391671163292
RL20 0.00101471656446656 -0.0131820996906553 -0.0927131753025343 0.088274269199439 -0.0275320904235644 0.0660645774200657 -0.0981140068839536
RL21 -0.0621117766123796 -0.0184565982233358 0.032223129834466 -0.00200768193607969 0.109517250101398 0.00645728339190065 0.000161490193825819
RL22 0.0653841428148492 0.0863316302450798 -0.139223136237595 -0.0113536440063978 -0.084874854451422 -0.0614241318409879 0.0150134701895691
RL23 -0.0308016793916554 -0.0309766701444861 -0.140027249155378 -0.0568920181967652 0.117762776652899 -0.066983746451816 -0.0379066494628558
TR01 -0.0402550297404902 -0.0793769087806398 -0.0498065375307579 0.0586121806353559 -0.0886365399636655 0.0487384912329585 0.0313599755963169
TR02 -0.0668031897327939 -0.0181518227654727 0.00707169689652171 0.00535940407750972 -0.0140245262967613 -0.00626924263689633 0.0816898349171485
TR03 -0.0806808169002911 0.00124000657936507 0.0293231095628035 -0.00707206159598363 0.116496551741218 0.0728566946566302 -0.0319045874886445
TR04 -0.106145247037426 -0.0589275551121431 -0.0130979375442158 -0.152429224627959 0.0322944587060042 0.0250757446249899 -0.0139466270284281
TR05 -0.0137124531581185 0.0431811651021574 0.0765303469326581 0.0497039557280072 -0.0259282535641627 0.166763750534158 -0.10874550064476
TR06 -0.0730602887552529 -0.0126563889595759 0.202123172811535 0.0590721787065435 -0.00793265159147917 -0.0508868970975516 -0.0299519631270116
TR07 -0.0083793767598918 0.0174489481199177 -0.030818819077137 0.141477160700843 -0.0242102903154577 0.0415893280434151 -0.0486123163046837
TR08 0.00722913388657912 -0.0755626481731116 -0.0339182158228367 0.0329811699241579 0.0596695746793122 0.0323031321510043 -0.0300543909221838
TR09 -0.132936418741226 0.00146468171023435 -0.0281738012307534 -0.0128459847124819 0.0496480312660416 0.0474990749301923 -0.0275575957794866
TR10 -0.0818046628279631 -0.0229244854476694 0.0492322477160229 0.139459562082391 0.036612648222954 0.0375153700748126 -0.0643824630174342
TR11 -0.0763553368205089 -0.0050708082929485 0.0104893535347037 0.0418366447533059 -0.00743454397584206 0.0717471093975268 -0.00898168765536516
TR12 -0.0138005942014633 -0.0223854685749615 0.00719386741574727 -0.0589084480866332 0.126243283678953 -0.0819818678185325 -0.040686236259024
TR13 0.00997121447993544 -0.0154453800885297 0.150866708861921 -0.162042030121948 0.0630777197488141 -0.0919913709030351 0.0583070646835638
TR14 0.247773211445637 0.0261836751857105 -0.0686458466301946 -0.0727298372027422 0.0681812036221066 -0.10640200988226 0.0880012759146026
TR15 0.0458300004232403 -0.0623239806304368 -0.0265466771011069 0.104958984272578 -0.0806969845919319 -0.0696423842843262 -0.026024983918955
TR16 0.0116086455927107 -0.122247886414112 -0.124291168724934 -0.0476401142814292 -0.0406479111303513 0.00202273205406198 -0.0509331748648758
TR17 0.0219562541820021 0.0179217029167549 -0.117181892194564 0.024800670759861 0.00756070483071423 0.0986334704752323 0.148515047815874
