sample MDS1 MDS2 MDS3 MDS4 MDS5 MDS6 MDS7
AN03 -0.0075737453095257 -0.0390454858306407 0.0579881807399052 0.0226312106807135 -0.0146885489915805 0.0373077578621252 0.0456101468057266
AN04 -0.0372899291824812 0.0106312476873794 -0.0438942692080875 0.0150070272717557 -0.0149971251767807 0.0455296506564417 0.00925149319577896
CS01 -0.0677685063222462 -0.0132078948804225 -0.0350233733689183 0.143271068939222 0.123266960012914 0.0374660575223576 0.0507554593120979
CS02 -0.0569517533149001 0.0115929487621123 0.0275348201490928 -0.0718090901733774 -0.102814589027371 -0.0850605056835945 0.0363039307243881
CS03 -0.052845240473085 -0.0267421468702926 0.0204903546960212 -0.0617948763206668 -0.0350312072750625 -0.0269097749878855 0.0127347979462334
CS04 -0.0249920177473782 -0.0284985167893942 0.0192373082715876 0.00799145580722724 0.00460151363707036 0.0602662617394225 0.116042455320706
CS05 0.0136733379457778 -0.090802162730354 0.0850738973301919 0.0672190797625867 0.117400741725185 0.0599319472477957 0.0292340389599089
CS07 0.0581605212903853 -0.00712507130988449 0.12647391315214 -0.0871912535703085 0.04693129501261 0.113074099837298 -0.0605369637920136
CS08 -0.114851681674136 -0.36296995133983 0.0594243509105759 -0.053472231921311 -0.053367239065877 -0.105288048104241 0.0630518664018625
CS09 -0.069490874511973 -0.00242247217931479 -0.0598896865669508 0.128303393015152 0.00356779584447845 0.0598673889606877 -0.0377680956969199
CS10 0.0122310132988334 0.0718359918672113 0.0160006511255806 -0.0832819193518245 -0.0268057246543846 -0.0358534078990186 -0.0241782905893235
CS11 -0.0964337297563301 0.0656338301480152 -0.00127834740330396 -0.0368859346194064 -0.0935138277075648 0.0305661810051436 -0.0490464582541429
CS13 0.0539868346351384 0.0944115110508841 -0.0422377181533867 -0.117943366231554 -0.0902686484341646 0.0171091199977956 0.0355327715124437
CS14 -0.0299701579411501 0.0362280568542314 0.0340185813283124 0.0735541188737859 0.0226260550794692 -0.00444132683760115 -0.0464070778690367
CS15 -0.0383089163450184 -0.0129591583146695 0.0686652241764196 -0.00772864229235065 -0.0370275409914743 0.0608859299070221 0.0964663449414226
CS16 -0.0477841255279945 0.0355874295986319 0.109151998674622 0.0587417241592624 -0.108666893108915 0.0164141911881137 -0.0261597232642318
CS17 -0.146574194852217 -0.0377938633738021 0.00618318146578343 0.0685910501735436 0.0727598446391045 -0.0685754692027118 0.0184627381856549
CS18 -0.0203990082220901 0.0103549956069842 0.111332507275006 0.101045360611952 -0.0481178434163045 -0.0152620243986505 0.0176309326164466
DK01 -0.031171275030041 0.0648111588589126 -0.005522835094936 0.0444719382422008 -0.0556101346248242 0.0495247290683482 0.0317942597422359
DK02 0.0572083164907022 0.0300575821319597 0.0389476398184481 0.0375860864628684 0.0923411554236366 -0.023358861688198 0.0350259320628028
DK03 0.0949741671745156 -0.0064813855843422 0.126160678496308 -0.0402564316816311 0.0724957417379468 0.025836577815583 0.00411597635070785
DK04 -0.0523593783313354 -0.0483818834117871 0.13289074964975 0.0950004124227637 -0.0525919210151762 -0.0679163972432704 0.155082699152878
DK05 -0.0708653671857452 -0.530243859800856 0.116065898546501 -0.0177015991736071 -0.0875339858257256 -0.145331589363044 0.0090369041245133
DK06 -0.0185669892607516 -0.0447174650885644 -0.0374198284115866 0.0807124958008454 -0.018614432243672 -0.131852048582949 -0.0294715520592477
DK07 0.0597070005992888 0.0506665428077998 -0.0205097042867705 0.0186008699518803 -0.08341872082635 -0.112643232503269 -0.0192041824114308
DK08 0.117008377625116 0.0032304610392811 0.00266857361466136 -0.0674559450696898 -0.00630530063654375 9.91986263499112e-05 0.0682216715168291
DK09 -0.018775404050245 0.0353093439179018 -0.00562659701416747 -0.0449183933823478 -0.0370002905608384 -0.0175474623186682 -0.00541330720364946
DK10 0.22834274218286 0.00523682377577056 -0.0397793602523232 -0.0268662116069288 0.0510534559322121 -0.0333554355926674 0.0463177455038082
DK11 -0.0721255711970609 -0.00280690820905861 0.0557203342528021 0.10026006551908 -0.138749332440539 0.0380776007583064 2.92094707045054e-05
DK13 -0.0269193995044345 0.0511711075791893 0.00982638280832461 0.0376937524348784 0.00889933668399302 0.0271361855401354 -0.103483537338473
DK14 0.0761484703312359 0.00953439870413368 -0.026060417558863 0.0995642280133025 0.00625920389113196 0.0932740972981898 -0.125835964951063
DK15 -0.107370495076684 -0.00772873867204113 0.0633921835209365 -0.0406167216530202 -0.0573088112131393 -0.0108177285961799 0.0641970920788601
DK16 0.0183060115073674 0.00743371872829877 0.0601022107453463 0.0630473332982525 0.0144428688475364 0.0180604970274003 -0.065883819048673
DK17 0.0594720540547462 0.110423808277113 0.0177847118177896 0.00735782311704102 -0.0224828885966417 0.0978388975405353 -0.00138490480720793
DK19 -0.0588527216530777 0.0379736775857278 0.0792858676866257 0.0404829853648845 0.0316188216052701 0.0871052219139636 0.012618309673924
DK20 -0.063829061349357 -0.00872111134069698 -0.0228986228837559 0.113569539313858 -0.0751446126757631 -0.00544570680189825 -0.0510524242726434
DK21 0.0479126758966669 0.0936024870402969 0.0819598168961002 -0.119884559638613 -0.0269187981536987 -0.095747367669988 0.0729591693208219
DK22 0.0659487082621786 0.0564467947387777 -0.062770969391654 -0.0427692451928351 -0.16901461202389 -0.0753746776572141 0.0149011257430355
DK23 0.0688730008414377 0.0589140238297972 0.0848345388125697 -0.0383064202470237 -0.0774601054947238 0.0379887785831 0.0162422586891959
DK24 0.0262642858196269 -0.108664352961466 0.0527105948163727 0.114415999920099 0.0623629608279886 0.157033046340322 -0.0265604015384607
DK25 -0.0315157982077619 -0.0427174185416254 0.00766428898028329 0.0317720926726834 -0.0755620200261415 -0.0254634452460113 0.0983495346499756
DK26 0.109140150221043 -0.0607230188276103 -0.00356867495045202 -0.0219090610121643 0.000895637537674678 0.152743357438911 -0.0529295572232173
DK27 0.0918860353991901 -0.00544904354864029 0.147965559401035 0.0012250741692331 0.0361447966398489 -0.0800915855648675 -0.0131834714655441
DK28 0.160601237215223 -0.0321844791014444 -0.0953825472365484 -0.0269725661828865 -0.101722471117907 0.00735162575008357 0.0685291546912029
DK29 -0.0837220820931454 0.00754165791064283 0.0214814256257283 0.112949995392712 0.0321012644207931 0.0811000723160922 0.0766989606299952
DK30 0.146683516417843 0.0382190858729567 -0.0186056395109378 0.169483024453598 -0.00685433925225271 -0.113005180379897 -0.0743535078093825
DK31 -0.0555972708244695 -0.00167957910441813 0.139243101103212 -0.0474615674135809 0.018782746328708 -0.00620369051674548 -0.0242528556842941
DK32 -0.012965431126078 0.0846077862560357 -0.00099492270010947 0.115866184271943 0.0411949928252921 0.0687313204213496 0.0390399759583695
DK33 0.0938071077399024 -0.0422282567939704 0.119840591903395 0.124450146335769 0.0419192568742917 0.0747085811762702 -0.0169627450495044
DK34 0.0614215332695284 0.0678192735025471 0.0925544013496674 -0.0930804081174502 -0.0487838482880803 0.0900593641228589 0.044919368244938
DK35 -0.0417097519335146 0.0187362043188223 0.144819487327165 0.0150055154157627 -0.0183880121132325 0.065437111652711 0.0719683284714099
DK36 -0.063119199440992 0.0591423949969993 0.0647923322453673 0.00838848013426242 0.0701784108086766 0.0939502551743583 -0.0189732111567952
DK37 0.0130362729611116 0.00188484984151768 -0.0355880845050852 0.0391730213971608 -0.135716160522302 0.0223817475435055 0.239985786087469
DK38 0.0130562498103132 0.0101435908602732 0.050049821888578 0.14535757844876 -0.183947105861102 -0.0264229954158188 -0.0687633443239971
DK39 0.00920389993292976 0.0272852582701831 0.122263515130251 0.00574480465758282 0.067509154503555 0.0174379785133758 -0.0130739203776843
FR01 0.0986834308617062 0.121381742584398 -0.125526913841844 0.12342868434137 0.0702293731667502 -0.137781886606649 0.0110534053177558
FR03 0.0242227272011676 0.0998746452422077 0.0543451718281009 -0.0293392193495886 0.0715736996096211 -0.0473388430912084 0.0434773895634299
FR04 0.0599600689404116 -0.0710390026888212 -0.00982257464262218 0.0513637256426691 0.141478207845166 0.198806925697133 0.0371268079715588
FR05 0.0856126780318286 -0.10472657288547 -0.058965042780489 -0.193929648810455 0.0287598535108217 0.0226668426114487 -0.0980913263571939
FR06 -0.0465740614950968 -0.0123985605864962 -0.0175181753362591 -0.136685876811769 0.089682625512971 0.0911366090957542 0.0915809605038001
FR07 0.113870661349523 -0.153856617023069 0.00761144516743728 -0.104280526396087 0.121748650854038 0.0608661242058791 0.00516043601814489
FR08 -0.0443297383328352 0.0375148443349261 0.0367902588284141 0.0869936228901169 -0.0823444690032355 0.0986363174415096 -0.0893948512792375
FR10 0.0429696677181518 0.031335757276541 -0.0504432747551877 -0.0368916249010874 -0.012341599080559 -0.121923876865652 -0.0567101579057366
FR12 -0.0404540104371735 -0.0390050175599401 -0.0455120099780513 0.0489842346122729 0.0824988960203019 0.0112408571339805 0.0332970864229092
FR13 0.0238933364586475 -0.0773894109789194 0.128165618547415 -0.100042439622177 0.0707617156160306 0.0213223932076936 -0.129596223273613
FR15 -0.0480000262953652 0.0379469184222825 0.0513827939472213 -0.105233990231573 0.0367321705252509 -0.000207219681203311 0.0127174142063591
FR16 0.158421350214097 -0.0765757442033926 0.0431588826274513 0.035180124805649 0.0367208342874113 0.000740367853711014 -0.0330022984240746
FR17 -0.0337151858416733 0.0848297845350106 0.0161936115140669 -0.085903509064848 0.0424936266283522 0.0926483510947912 -0.0187959867033704
FR19 0.0655233355912097 0.0338404874931987 -0.0348333588450741 0.0522860514290017 -0.15884439936992 -0.0659635980996816 -0.0362145534607294
FR20 -0.124625344432659 0.0557996120660113 -0.0624448193721166 0.0275429520366057 -0.00716642470864745 0.0755991200572712 0.0222547144298738
FY01 -0.0226086840914549 0.064929248481292 0.0103140247765046 -0.0639159352902976 0.081968069495558 0.0450514386946977 0.031026119202311
FY02 -0.0652409066045492 0.0900797514111892 0.057794185974976 0.0144267755220363 0.025388982028982 0.0267474039173346 -0.0266850349324585
FY03 0.0675806166097219 0.0292347636589677 0.00285170680994358 0.0529733479236961 -0.0778161328087522 0.0541012740715633 -0.00274642995035138
FY04 -0.00352424311858267 -0.140167762834502 -0.0909605048710629 0.0929414005429657 0.0866453650506313 -0.0715111553292535 0.0521407141795492
FY05 0.00814087093957985 -0.00484900170909299 -0.107289634817772 -0.0301301574663886 -0.0861690783835806 -0.0569004030385382 0.0882190802064912
FY06 0.00943821488628951 -0.0338965417166194 -0.107168672242535 -0.0321913818151364 -0.0695625704137601 0.00234957921969283 -0.0526936115017413
FY07 0.0149745559273965 -0.12245317629917 -0.0144915708455702 0.0453296718211198 -0.0665724727838003 0.0699193401132999 -0.0894106655870125
FY09 0.00620190466249423 0.0389107775724038 -0.0339841645455889 0.140781436493389 -0.0213029153861714 -0.0421709844667868 -0.017407977892701
FY10 -0.0207419713946156 0.029905646973731 -0.0906493203382478 -0.0553842994338963 -0.0917865212539501 0.105512825532855 -0.081935398854684
FY11 0.0945270947338522 0.010838407098291 0.0390506380420956 0.0562074279797927 0.0879119640983232 -0.0508857619973332 -0.042112122406713
FY12 -0.0698483121480343 -0.0215037651834887 0.0891687288651702 0.0125601655074949 -0.047600723733827 -0.0801947519403981 -0.0929222989518484
FY13 0.0831534056017564 0.0756322052338835 -0.146610563219174 -0.128512726850629 0.13196781952462 -0.0423536053098914 0.0646777565037962
FY14 -0.0558224592659051 0.0362761225099189 -0.0222535775444692 0.0329718298902835 -0.051816657324743 0.00848174745222521 -0.0703811920749346
FY15 -0.0541785222150581 0.0688767041248701 0.0516797360386003 -0.0319608797525657 0.00659480533062239 -0.0326230512635682 0.0942119694135074
FY16 -0.00453686476127367 0.0693250743248089 -0.0529708000717177 0.000444150604681361 -0.0301447482662739 0.00954350718354464 -0.0851490907584111
FY17 -0.0284471322023544 0.0234975484238454 -0.0311514513802499 0.0276237543753957 0.0174711533852161 0.0494416024987865 0.130118936725085
FY18 0.0553875750953619 -0.0114315001249051 0.0261170069971021 -0.0923976820278818 -0.0679239592544929 -0.00215239738053751 0.109699289565562
HH01 -0.131691706878374 -0.044246318925891 -0.0502205081925717 -0.0198214733367496 0.181281074148768 -0.0718417670001634 -0.0646961716083478
HH02 0.176954758095059 -0.00797025989278499 0.00228440587815762 0.0468829726133265 0.0939231061375728 -0.0772370883544011 -0.105728081231303
HH03 0.00830993667039172 0.0292267577774175 0.00341112224104565 0.0168189128790036 0.0784165592025007 -0.0601323464597698 -0.0130811162167228
HH04 0.0600703672612402 0.032876796104589 0.0601698355531754 -0.0907649630980215 0.0829832132152868 0.0419785040998939 -0.00426416955539
HH05 -0.0221240458677927 -0.00163143493326323 -0.00889262688333658 -0.0572835431304392 -0.0140532309518222 0.0461921049365439 0.0762993185699784
HH07 0.00180282937029007 -0.0974582881580525 0.0112201022043685 -0.068591020170493 0.00131913865257301 0.0457087299672 -0.0287709994452377
HH08 0.0551688458639137 -0.0538470481359072 -0.0199172757136249 0.0145813246031487 0.00851828493917274 0.0315399606819057 0.00266925656828304
HH09 -0.0704901804139739 0.00320266184608042 0.0210541502719294 -0.0297091434382274 -0.00785052118512329 -0.0939371848736265 0.0153247127005961
HH10 0.0712168139843124 0.0463646233060317 0.0521342206941919 0.160095853324305 -0.0118837155986494 -0.141572790253874 0.0467507014176489
HH11 0.0370586369684953 0.0343296771444417 -0.0435172487006608 -0.00362728428455217 0.102915165594528 0.0403823310042613 0.0147858400055224
HH13 0.0165806616247907 -0.00251857968262349 -0.0819576630531226 0.0035437081523618 -0.0338640284663355 0.00141729010406597 -0.0532917620176398
HH16 0.0196919871058013 0.0713111838385761 -0.0412224063097421 0.022311947650451 -0.0857748565673821 -0.030692351724403 -0.019944664223607
JB02 0.0430108860956813 0.0613749481615694 0.0805196335352423 0.0385067888517192 0.121694299366633 -0.137951534253407 -0.0504704924749522
JB03 0.000930033488164525 -0.0820297262365939 -0.0884667685847594 -0.00570362749455949 0.0196430207375097 0.131713218111238 0.00968382765918938
JB04 0.0581797679277414 0.0288119583895575 -0.0870576432367577 -0.0162622597268107 -0.0757583309227179 0.0292080354215337 -0.0278329172618819
JB05 0.0481817834581744 0.0157388667372661 -0.0761321038981994 0.102844152768769 0.0528983786666145 -0.158873720128066 0.124494586874055
JB07 -0.0053742782292203 -0.000609941055228615 0.0403765951203455 -0.0258036472695529 -0.0370392212164284 0.0469171088140841 0.0202009231901412
JB10 0.0907446959221339 -0.0428518067154686 -0.0453695654587408 0.00168985606761226 -0.0292199826801628 0.0248653494471955 -0.0567739133784906
JB13 -0.0337874210352085 -0.00146871549738018 0.0650659575561421 -0.0484523669823632 -0.116597036673888 0.00736944169346664 0.0817202134904079
JB15 -0.0722896312849882 -0.0316445570266982 -0.168236362966922 -0.0474177061151265 0.062876632247746 0.0105586214748104 0.0768279519212622
JB16 -0.0988446845588384 -0.0266674595769921 0.0193690191414047 -0.0202105361938912 0.0109248901187395 -0.0229310600598475 -0.00278963536235719
JB17 0.0532246089092938 -0.0487671500741011 -0.149334646933983 -0.0387587234532094 0.0864521605214274 0.0160805275441606 -0.124870842017447
NB01 -0.00707954726079091 0.0314761257469276 -0.0420535177058718 0.0118526022111625 0.0573881894260506 0.0174382927300989 0.0882794322763422
NB02 -0.0305888448785739 0.0369339453278262 -0.00824492139009914 -0.0409069492838134 -0.112750884688404 0.0720910116691474 0.148503808346393
NB03 0.03951403148737 0.0249636356184555 0.043833272736036 -0.0961435924837314 -0.0153202824016713 0.119910888562352 -0.0555827703920724
NB04 -0.00235266266873333 -0.010827620778976 -0.0182376846222119 -0.0159584326433905 0.0418241615200895 0.00486211889135966 -0.0634503541376033
NB05 -0.0476841371512279 0.0723836028994107 0.0564207017271107 -0.077318200348168 -0.151509134490711 0.0186143647533026 -0.0208607933410935
NB06 0.00713564670492699 0.0829660338120527 0.0304564739907866 -0.0984480600501288 0.0282399705830814 0.0760794146737895 0.0358946173874064
NB07 0.116834352413541 -0.0166414736456458 0.0264629860618639 -0.0595884772654069 0.0180089979006577 0.0429106705471286 0.000448058543981855
NB11 -0.0106109200983044 -0.029974473233889 0.0293317758602429 -0.0839705114829557 -0.153983085355325 -0.017478487197205 0.0298889464217657
NB12 0.021555475548682 0.0557927687877953 0.0716697828482808 0.0489834004380602 0.068657759329134 0.0108813876996506 0.0506892897106154
NB13 0.0115513316854741 -0.00893359456857288 0.0694647126934826 0.0128688215430971 0.0385403093440569 0.162093208618233 0.0308562319358793
NB14 0.0122039275614359 0.0862617861440485 0.145365234294337 0.0627281140082787 -0.0443661646443029 -0.0464310850352384 0.0963730757230537
NB15 -0.0318699116273985 0.0446409588157926 0.00528733907947326 0.0278204101259522 -0.063941979767599 0.0868457499359725 -0.0304236412668916
NB16 -0.132771543234577 0.0157365683169471 0.00470913642987981 0.0995786143071384 -0.0186126519171216 0.0408032817057851 -0.0266346412564441
NB17 0.0103734495079306 0.00568111075299511 -0.0587261283981092 -0.0160321707690217 -0.0828602022211683 -0.00542060343864724 0.0110915322999629
PA01 -0.0509939464466227 -0.116401980757467 -0.0843432952354179 0.0400952833709254 0.000181263653772568 0.0547113604152354 0.0640076675893607
PA03 -0.0570283995875184 0.00350447249277355 0.00668198074179733 0.0773584323946959 0.0809933449483118 0.00171124675703669 0.0688460873087171
PA04 -0.0265115799282665 0.0362887504616228 -0.0452065157770895 -0.13771180112611 0.0110347862601881 -0.000619049784767092 -0.0068175364088932
PA05 -0.0915012996436754 0.0542496373588304 0.0362502899789913 0.0455188898771694 0.121605836032159 -0.0634604385439829 -0.00336532654054496
PA07 0.122268008357002 0.137007983000317 0.00832017710139246 -0.027035430680626 -0.0583006512333921 0.00330712648122003 -0.02142418909433
PA08 -0.082245016704807 0.0287128661534363 -0.00176248051570003 -0.0710469370647206 0.0072766101368313 -0.116625002295377 0.033686412123768
PA09 0.0340652359973086 -0.104425680050357 -0.0192406348320871 0.0263083927911934 -0.00537351572774762 0.0841478874576876 -0.243062788168119
PA10 -0.0344392778905958 -0.0576639382109366 0.00865935669844747 -0.012247117266459 0.0811557384383163 0.0649035310693907 0.144598273834882
PA11 0.151762107339796 -0.02528894808418 -0.0214230522463127 0.0208645198173875 0.0716470597234433 0.0181187091125647 0.0826672790880699
PA12 0.0031824848240189 -0.00721758894670393 0.0272022833545911 -0.0758710527183084 -0.0172288232183649 0.0660187077140658 0.105763786377198
PA13 -0.0217319553581824 0.0013827970975794 -0.0329710684688145 -0.132453880288642 0.0146844737201083 -0.0829650129441932 -0.0172440386883367
PA14 -0.103451009629034 0.000584859639344436 0.0231758904009826 -0.110598502546181 0.000209143655578067 -0.0485981870494612 -0.084944601384578
PA15 0.0289075863396027 0.0553871970132347 0.0410068799905847 0.143993449163115 0.044531469249122 -0.142986978684728 -0.00195126081468217
PA17 -0.0130350985408491 0.0711434840812213 0.0274925728616258 -0.0301388398165236 0.0376074035339778 0.00822376158703069 0.00453873287082463
PA18 0.0698722102544083 -0.0161162255494857 -0.0447276204873475 0.136295329888926 -0.0437597760446145 -0.0930905837041188 -0.067985511850863
PA19 0.125820998743561 -0.0755552350142903 0.150746477827863 -0.0271853256548108 -0.0555323183882385 -0.0607458557941637 0.0870773350844728
PA20 -0.0383778372307867 -0.0280737844942248 0.0605818034628187 -0.0771663299605601 -0.0368869795295921 0.0672651732962973 -0.0116445175872757
PA21 -0.0144478563072515 0.0622704747911388 0.0997735267873412 -0.0808979317039558 -0.0218391935400903 -0.0120508067872741 -0.0378244533358576
PA22 -0.0515469822651278 -0.0649075807444036 0.103700218945199 -0.0394933319556829 0.014982765060033 -0.00168198163577608 -0.107211440153926
PA23 0.0181900152950311 0.0664136680414811 0.0198100228889747 0.0523208404365817 0.0426880816573269 -0.00974137598377827 0.0209317771101023
PA24 0.0366313377569216 -0.0135956927821958 0.109752249890292 0.0286376849208344 -0.083992594341543 -0.146062419869713 0.148389637873166
PA25 0.00548773719878931 0.0242410958391453 -0.00938371268212233 -0.0985938677967806 0.0614969487108225 -0.0260759429002403 0.0143662376354457
PA26 -0.00597810749564329 -0.0279466485425572 0.0253969667852504 -0.0618265917544504 0.00261171062919606 -0.00635415962669591 -0.128056877068165
PA27 0.091186999925173 -0.0109767852900301 0.0436569288472151 -0.0304083472178073 0.0269783153190924 -0.14476315919505 -0.0378500972125307
RB01 -0.0375980921112598 0.0660100510407505 -0.136614162792149 -0.0591379888927059 0.0274761309599857 -0.0974929753845094 0.123785680264713
RB02 0.0726055468314633 0.00903066001142602 0.0196696998366653 -0.0740712523579878 0.0421373906227424 -0.168001419415041 -0.120504873399176
RB03 -0.0707696056702586 -0.00995255360874622 -0.0579250891185715 -0.0455579454681913 0.104580971505575 -0.149970057308239 -0.0173305643935554
RB04 -0.0400442599162591 0.00614840321494181 -0.0937834126764789 -0.0475753041946563 0.0339512313701244 -0.0872000736309394 0.0043218633484777
RB05 -0.0254862930623394 -0.0291957697444275 -0.032839776715644 -0.0334827003871062 0.0522284624917418 -0.0126845861438675 -0.128408575646728
RB06 -0.0315663664991401 -0.0293396482969893 -0.142187792122254 0.00813786695358175 -0.109812835720498 0.0192403269271468 -0.0860699403238069
RB07 0.00304650615609588 0.0454039298659725 0.0538358303314185 0.0711782753612399 -0.0360972405858794 -0.0504067198791762 -0.0428683282890612
RB08 -0.0814451781258628 -0.0193268417995223 -0.022729336876631 0.132132335286167 0.0483613929882426 0.0456554402922314 -0.0325217486638943
RB09 -0.0820449420782988 -0.07561479123516 0.0160093014224348 0.000954675748836379 -0.00220852362586536 -0.00898451847038227 -0.154673234555466
RB10 -0.00589113919402254 0.0255679598366883 -0.0710750552586794 -0.0274409598526587 -0.154915924343185 -0.0614749909576989 -0.134272316183152
RB14 -0.00818546732859286 0.017497411891287 0.0298236306055331 -0.000349012956384146 0.00206953829828073 -0.010508374309112 0.0703485479070133
RB15 0.0283324613469129 -0.0164935038185333 -0.00254647201602321 0.0734953425950944 -0.0453068350921353 0.0871934084612466 -0.148177228263297
RB16 -0.0510125655089544 0.0317510387724321 -0.111873278091333 -0.0418366980803514 -0.0852427392056351 -0.020712532611965 0.0310244243871696
RB17 0.0385167523299263 -0.128769276715185 0.0691948904144252 0.0671539672560831 -0.0126792340652042 0.0556823918111689 -0.0805892006543337
RB19 -0.0412838301067224 0.0459113707914301 -0.182043275785529 0.0740142457637705 -0.0262208802959612 0.184365598558805 0.0436826244013786
RB20 0.0406886542031064 -0.0120974402449395 -0.0477786866033161 0.00870045256924204 -0.0187207469871069 0.0584800059222566 0.097972494536507
RL01 0.155945262376479 -0.00480178175379519 -0.0297278145953166 0.0965462385537101 -0.0823504379699324 0.0464496500564677 -0.0577546610103223
RL02 -0.000980195414651124 0.00384756297550457 -0.0613730994123694 0.104288670791779 -0.0356161744359038 -0.0723312107768321 0.0320025501753517
RL03 -0.097241367437106 -0.00948215315436945 -0.0617172883007293 0.051148080223699 -0.0796566323946142 0.0659328185070906 0.0492205662497927
RL04 -0.0780365830855618 -0.0183868857958769 -0.058783523414508 -0.11158999962361 0.0877725842922504 -0.0282428425311642 0.0332125947909504
RL06 -0.0801658998312858 0.04933555459432 -0.0647650771988542 -0.0695872522891699 0.0612202973533111 -0.0680944969216467 0.0229439566231814
RL07 -0.0368075165315162 -0.077549744747401 -0.0373917497105954 -0.019165933451175 0.0145227326771681 0.0147489027738991 0.00787404369027883
RL09 -0.060391783992874 0.0217105113876727 0.0322738631244296 -0.0361513901219535 0.0866906297809252 -0.0732402565772487 -0.0670449836098174
RL10 -0.0420125588950925 0.0199379282128425 -0.166504157716681 -0.0855794154600156 0.0410484411150432 0.0466180190901547 0.0678259990710985
RL11 -0.113886491901224 -0.0367014467035238 -0.106834704283694 0.0641782079845155 0.0766825260237036 -0.136726247844651 -0.0186715441226272
RL12 -0.0298741466669757 -0.118090799148234 -0.0515256999602308 -0.0358477437700335 -0.00380754048274121 -0.0682045818558638 -0.0520453592892112
RL13 0.020518160013521 -0.138604623655158 -0.14437508900308 -0.0379059886168039 0.0670179365080659 -0.0211822063735522 0.0906121524964517
RL15 -0.14334413936269 -0.0166919341991825 -0.0921920277091581 0.104279598996575 -0.00639255433905949 -0.0593002519590595 -0.000453212302985494
RL17 -0.000525643097092877 0.0365280144248177 -0.0350011405417288 -0.0392672305987736 0.0278517466819815 -0.115423150950069 -0.0447592062419378
RL18 0.226885307478485 -0.0704198261369442 0.0086012173905981 -0.02686985901883 0.018865638815637 -0.0222034565582484 0.0470630063535837
RL20 -0.0160768712264729 -0.0164249523868182 -0.0698045957986449 -0.0700537229378563 -0.0297412179171288 -0.0244378302255128 -0.0910768169165561
RL21 -0.0650518140566738 0.0386168422416793 0.0177908527473019 -0.0260547703925642 0.0967125289413916 -0.00876801267073746 0.0113296284281744
RL22 0.0588145151235357 -0.156346600823132 -0.11336177877962 0.0561053085966004 -0.201279337972171 0.0508371343011909 0.166588702853461
RL23 -0.0385910504711287 -0.00948851884314849 -0.154113195584051 0.0159848540771638 0.116223185880724 0.00490508509440578 0.0197407033193018
TR01 -0.0259353830965866 0.0712361736667836 -0.0507089314698776 0.00797525264326527 -0.0966115547380699 0.0094947611006372 -0.0904954916527829
TR03 -0.0750842229142942 0.0173514091465837 0.0319862893982566 -0.0299512920649394 0.116609595262773 0.0580089921127363 -0.0524857898649459
TR04 -0.103878284859387 0.0543971762358031 -0.0119638506349092 0.146365672748781 0.070695904177362 0.045337378595418 -0.0454597548483766
TR05 -0.0251376967827758 -0.0121114664061343 0.111810439723049 -0.0230861519472084 -0.000342307114161717 0.0169316683636486 -0.160775552716465
TR06 -0.0484771526301158 0.0800872744480752 0.1901223493457 -0.0542028767032764 -0.000283922467776512 -0.0680468132985974 0.0269276875552105
TR07 -0.00518200543110315 -0.00745340923491455 -0.0164934875611558 -0.101416442018576 -0.0761690526098413 -0.0507607656104213 -0.051513881972442
TR08 0.012582688724468 0.0782285788678 -0.0517745524595475 -0.0338682104637884 0.0299208935350658 0.0178409232450411 -0.120365380100978
TR09 -0.1420239085482 0.00434247034671268 -0.0232495010478758 0.00611898698789155 0.0505198623636316 0.0187446028428674 -0.0178297057856035
TR10 -0.0924174334505001 0.0594275160778351 0.0368802216361176 -0.135640743374785 -0.00418595026569457 -0.0461286989148896 -0.0209662705793372
TR11 -0.071127405287682 0.0311608685573195 0.0259817364293559 -0.0381408243568276 -0.0398867280099238 0.0613664965273002 -0.029245870826746
TR12 -0.0178086739163227 0.0265406692939872 -0.0150607993943337 0.0048543182890311 0.117330930140827 -0.0157361678735185 0.0346883880137035
TR13 0.0282095754137964 0.0452745157558691 0.107433347322709 0.114531375668488 0.124634761462662 -0.00277184199583558 0.148524629740921
TR14 0.255649049114286 -0.0736213102370927 -0.0843347472684354 0.0109520716824891 0.0781829409312685 0.0290994259855041 0.0851656850855727
TR15 0.0454103120178018 0.0483618681785417 -0.050567236276956 -0.0571803718606278 -0.100521293062111 -0.0743649250027463 -0.0504465833961524
TR16 0.0274639978474449 0.0569609000562367 -0.128363111546671 0.081496233236371 -0.00921365666354132 0.00959475419788767 -0.0654840474970393
TR17 0.0256270363772989 -0.0416153258862408 -0.08377426196071 -0.0441002266347075 -0.0280980946206861 0.177192117580647 0.000884263556863453
