sample MDS1 MDS2 MDS3 MDS4 MDS5 MDS6 MDS7
AN03 -0.00254266372487022 0.0386854621862829 0.0486275030563449 -0.0238861355092706 0.0185903775461333 0.0284190886403844 0.0521736196366372
AN04 -0.0446346324124019 -0.012572608021855 -0.0482884781096008 -0.016581694814724 -0.0160376498049031 0.014729811138702 -0.00325567927672633
CS01 -0.086116170716416 0.00682829942478175 -0.064217186678055 0.097623204087863 0.0812944605055388 -0.0422525593655638 0.102688509434823
CS02 -0.0494187615792261 -0.00664443950293458 0.052032673598322 -0.0769069650134268 -0.126223713729102 -0.0876933595522692 -0.0628945601036242
CS03 -0.0458071402107349 0.0338626168138144 0.0280793311558902 -0.0240043916491629 -0.0639039969816823 -0.00541585108279343 -0.0914879149903417
CS04 -0.0377726121109546 0.0254694466960264 0.0175030252253715 0.0157953042362833 -0.0867554922188579 -0.0351228268085317 0.113174188251209
CS05 0.0189336489469358 0.0932637409653813 0.0713855492255598 0.108680953418809 0.0590375007761577 -0.00548661790577876 0.120779676098039
CS07 0.0603001371318892 0.0102944482197935 0.144005536405819 0.0627994881682979 0.0105198620655497 0.149226709325928 -0.00199755563209039
CS08 -0.0907780451172482 0.373174529382631 0.0597250553133522 -0.0445040276103002 -0.0799898497792016 -0.0748222310175501 -0.0483672578344491
CS09 -0.0905861129403654 0.00775593676107739 -0.0788982918727675 -0.00186059413334393 0.0714278241545591 -0.0158264499638917 0.0807044824709802
CS10 0.0248564553337726 -0.0615833001869785 0.0395142472802671 -0.00970752891911056 -0.0566004252131355 0.00884574811026256 -0.0669412440461176
CS11 -0.0877299420799457 -0.0602235145691161 0.0260170151899228 -0.0880718254041172 0.00349736638273077 0.0619762405276593 -0.0418425118892124
CS12 0.0623043411170967 0.0422348737532747 0.024797842622858 -0.0810647135498486 0.0353016615421554 0.0897344289754505 0.0179845378151341
CS13 0.0447270115458662 -0.0951893448104463 -0.00015377182753893 -0.0712724271522059 -0.17944298070948 -0.012631315815103 -0.0216958980839698
CS14 -0.0309232599726782 -0.035928920832375 0.0263934814061828 0.0271906850253 0.0860090930017061 -0.0125396479637298 0.00012181837264999
CS15 -0.0454360983028794 0.00633107360563293 0.0693861755595537 -0.0400632165613614 -0.0557442616565067 0.00627658241087685 0.0419210416420257
CS16 -0.0490756079853718 -0.0331968843876484 0.108695068129811 -0.0959602965141794 0.0984736641371259 0.0155500093661646 0.00279874775274813
CS17 -0.13739577928842 0.0459091849325114 -0.00300293470424758 0.0809344834181591 0.0160519283464204 -0.0969539283942939 0.000321188857529964
CS18 -0.0270597431510223 -0.00814819124711199 0.0967274333432885 -0.0360894976100223 0.0742825920655549 -0.108341062934337 0.0591754145260981
DK01 -0.0379888626914036 -0.0727328670960461 -0.00614189309214464 -0.0659967878154323 0.040173538301794 0.00964554214854389 0.0819531089533727
DK02 0.0514134068645717 -0.0295177707898885 0.031598784881544 0.0886312989458763 0.0446956395536514 -0.0434169060327682 0.061597831242296
DK03 0.0873839777844281 -0.00683398066753218 0.125684538631185 0.0775989642240028 -0.0169594664859662 -0.0140815986057681 0.000571879887436608
DK04 -0.0674406955525733 0.0553694278892825 0.110269769559317 -0.0544577743468559 -0.0182963404174549 -0.156487132055478 0.0984891557036758
DK05 -0.0494177021862235 0.527617571736793 0.106702995770146 -0.101709113053285 -0.0252826869729775 -0.132931189654254 -0.0767307947590179
DK06 -0.0211427511069317 0.0599684349342393 -0.0461168869366058 -0.0239820188881618 0.0956398576389741 -0.0734135840895332 -0.0472250051727791
DK07 0.0699001593679751 -0.0598980932432689 -0.0151999516756991 -0.0822945755721793 0.0112843501902746 -0.108857267281795 -0.0783318477943941
DK08 0.100720829183395 0.00757924132324808 0.0149944558005369 0.00172499566400588 -0.126214795895262 -0.0213353532806951 0.0611400893810529
DK09 -0.0150214064109532 -0.0232510419940154 0.0205088369788232 -0.0179775485033727 -0.0818130464726733 -0.0305435743038343 -0.024167099051292
DK10 0.222734483808857 -0.0262217694504487 -0.0393351667030109 0.0288613278370236 -0.0427087754260533 -0.0319706069563812 0.0123289206573612
DK11 -0.0889473851685325 -0.00568682556234695 0.0411409949292969 -0.132593117371775 0.0536028611682527 -0.0650668706469564 0.0545539136650172
DK12 -0.069800348539322 0.0266426254934714 0.000176575243777036 -0.0339884509133672 0.0274545922426383 -0.0124836338287742 0.0335392183449753
DK13 -0.0231364986127122 -0.0447305826686788 0.0162789486800632 0.0182198516214871 0.0773198584126629 -0.00634754717268149 -0.023490921580833
DK14 0.0769505403320055 -0.0248111652187473 -0.0275882117870771 -0.0050943510020236 0.16005712494618 0.0526293137278331 0.0213186434910983
DK15 -0.10506324974664 0.0203783515409819 0.082248486676979 -0.0373617289806048 -0.0816211211470063 -0.0496677112431051 0.0145287337375146
DK16 0.00396335926830958 -0.010450245686729 0.0517976558303796 0.00737993308785672 0.0823799954060671 -0.0343744212783006 0.0244834269727542
DK17 0.0383104329595889 -0.116932091125002 0.0248822434519887 -0.0267298161512208 -0.0146798690685953 0.0539036479376051 0.0623015468478724
DK19 -0.0493305401656638 -0.0338729919811996 0.0665814142704373 0.02640920352601 0.0832166351233053 0.0834087272119092 0.0591316476148027
DK20 -0.0713018188643205 -0.00303658850743135 -0.0460444478317768 -0.103689425017846 0.116810061093076 -0.0317565284267086 0.0107852562180556
DK21 0.0529298370076028 -0.0826502448211583 0.103576301740398 -0.00557812478924607 -0.115198823853053 -0.0448886269806627 -0.0442124975605883
DK22 0.0725772097616279 -0.0621821497958972 -0.0405825018944685 -0.165474843613072 -0.0570428340536745 -0.0402837671068784 -0.0432667146510068
DK23 0.0673437585779492 -0.0515023392552049 0.0947199040280991 -0.0665983532564319 -0.0201157178610496 0.0216470285134867 0.013591584895784
DK24 0.0180450737346245 0.100757278443698 0.0343467326971532 0.0589547713934361 0.114433835685812 0.0319079628313566 0.156126703090296
DK25 -0.03435610590218 0.0452730213034613 0.00290321004067687 -0.0751327285094262 -0.0433645975116199 -0.0555474857167664 0.0689178885814282
DK26 0.111089870977928 0.0476378688982885 0.00419783112663123 -0.00938045568279532 0.0350695011660049 0.13416061810133 0.0512141254484084
DK27 0.0810700447482812 -0.0150340587566318 0.141439504012458 0.0410477636698268 0.0225374094319663 -0.115301162004288 -0.0284689899790179
DK28 0.167084386519431 0.00779423437748111 -0.0800078716476765 -0.112580439169595 -0.0558464122300862 0.0047607888631335 0.0275544620944836
DK29 -0.104713231254173 -0.0110944319106572 -0.000713099332456182 0.0267170022342312 0.0305147657583716 -0.014362777181489 0.140230378043161
DK30 0.136875693960414 -0.0508693459164962 -0.0573794915484009 -0.0105947579170043 0.179144745234662 -0.128740000073256 -0.00440891177391963
DK31 -0.0415236537251133 0.0149661955704685 0.139637610506595 0.0315817636362747 0.0175222936091832 0.0621573802643192 -0.0727963797020428
DK32 -0.0349822619019984 -0.082846619048567 0.00203902464414944 0.0231367226738078 0.0552022414868586 -0.00439132797640115 0.135462219357549
DK34 0.0524934761091905 -0.0602606092803455 0.121771494367884 -0.0334765692591792 -0.101996101238742 0.0624561497742325 0.073585571036928
DK35 -0.0462320740936668 -0.00114565866292881 0.14054185693715 -0.0068728024770058 -0.0146658243291833 0.0147080776083578 0.0792403135441887
DK36 -0.0697161642871336 -0.0542628723132377 0.0597069863151124 0.0663847782190264 0.0404382624113134 0.0896842200378206 0.0364187385452122
DK37 -0.00312561594278359 -0.00953163805282376 -0.059440242681823 -0.14740837262175 -0.0976037754622328 -0.053617420961831 0.0922645522157256
DK38 0.00817212641371025 0.00251230146314753 0.0453641474319321 -0.167390190322679 0.125963122476055 -0.0786220574015447 0.0364824291255263
DK39 0.0190319841004659 -0.0191051337586248 0.126949404547264 0.0846797689711462 0.025104295820689 3.21149244084037e-05 0.00480154158085328
FR01 0.0825779317628434 -0.124006692080065 -0.139227803617338 0.06032550226272 0.0324229162223565 -0.160109102248343 -0.0163453599638349
FR02 -0.0321732583256031 -0.0519850915487452 -0.0518834958942338 -0.0347281063124944 0.0250432789108706 0.031511003578032 -0.0304757647023998
FR03 0.0146674437639819 -0.101539065738713 0.0614774803458176 0.0704802105678283 -0.0441596147494503 -0.0306714449731164 -0.00957702699755408
FR04 0.0567639545645011 0.0645013016550067 -0.0224168073024399 0.135994131294619 0.0304942260938738 0.0829593566477867 0.173260016892648
FR05 0.111575507837496 0.104625417216412 -0.034503247461496 0.0288569394698152 -0.0627661678601322 0.166980789376971 -0.136287184680203
FR06 -0.0407923043697539 0.0229180705731407 0.00687349872602008 0.0962608520949358 -0.138392067554394 0.118006019153532 0.0527882911972862
FR07 0.129698897700662 0.150138435615385 0.0243962304913304 0.131972410356035 -0.0853696537304721 0.0615568288039776 0.0242119650255946
FR08 -0.0413439474190564 -0.0306852198892257 0.0342566656692345 -0.0886662408518945 0.140900601183888 0.0693126615562472 0.0607054185108085
FR10 0.0557594169039691 -0.030353823818858 -0.0328838260391853 -0.00753787223720049 -0.02717560871053 -0.0668525922249631 -0.135664277942273
FR12 -0.0397008265770883 0.0351108187048129 -0.0774010996544382 0.0557937107777529 0.0363989609158033 0.0203480335412802 -0.00457351493544839
FR13 0.0469508440297342 0.0697391866450107 0.129814016010115 0.0635986408268576 0.0692960701294323 0.115929242876924 -0.125756346203716
FR15 -0.0460985978515996 -0.0305529661629265 0.0692988432799613 0.0485896658640402 -0.0896768711473597 0.0127881341704511 -0.0286755760162304
FR16 0.155003802546149 0.0621626120324944 0.0279928317940896 0.0177532479047367 0.0624544725314226 0.00245769345656491 0.0199938325630899
FR17 -0.021109134815281 -0.0667300238627445 0.0496344095580719 0.0474984300566737 -0.0343508257761922 0.123620254343242 0.0266389816515544
FR19 0.054036020976832 -0.0342447803785991 -0.0329171452266631 -0.163519540539205 0.014271338110631 -0.0581420475279441 -0.0268276532142495
FR20 -0.122224973971006 -0.0598607088750937 -0.0553567973027 -0.0183735240234313 0.00781985350011884 0.0673928375064499 0.0547700299117468
FY01 -0.0119051546609738 -0.0598783319901973 0.0133643110147056 0.0742742732567479 -0.0315501939297131 0.0919085019495901 -0.00300416436226597
FY02 -0.0672427556129858 -0.086759264028001 0.0516116343569585 0.0192565823876229 0.065764704708614 0.0254826731070864 0.00191719341658597
FY03 0.0624630170549196 -0.0365494463632658 0.00359311021135537 -0.093591344262301 0.0698460861957887 -0.00128786748867186 0.0448671583121697
FY04 0.0047641985055973 0.133394635493389 -0.114144028056923 0.0864759851482642 0.0219582497135804 -0.102907595476249 0.004592727798889
FY05 0.0207942104610328 0.00207054864118561 -0.0804109884007283 -0.0959809328375802 -0.0727288257269041 -0.0242079858288968 0.00930351066779187
FY06 0.0202839408678283 0.0369475719913283 -0.0868091737872615 -0.0761775356766704 0.00236711806895454 0.0520670575594149 -0.0488735224611
FY07 0.01988726683902 0.125109968183321 -0.0225831147683432 -0.0670481751082147 0.0690179189904312 0.0284092897377796 0.0265637084501706
FY09 -0.0173826482031167 -0.050198407373504 -0.0597978157371944 -0.0289243432545805 0.0665901960781193 -0.112716828025255 -0.00409138665414122
FY10 -0.018546028635239 -0.0223728378068609 -0.0706531590048222 -0.0992055783955901 -0.00517839223229806 0.162914196968636 0.00988991292839355
FY11 0.0905517226041592 -0.0234598546947844 0.0277113377005602 0.0637732099621137 0.09968549740532 -0.046531550006741 -0.0229553630737702
FY12 -0.0654345214312781 0.02584816311321 0.0773647086062473 -0.028732968383433 0.052569210134988 -0.05596448149514 -0.114593184323152
FY13 0.0844278216604447 -0.0862623084226428 -0.14164594340563 0.130651698374052 -0.153645241175512 0.0295949166783809 -0.0822643905232198
FY15 -0.075272871806427 -0.061371858479756 0.0521378569460658 0.0161754500991706 -0.110375119902239 -0.0596348344313269 0.015384693532761
FY16 -0.00420276841727767 -0.0604122570854863 -0.0506125008460409 -0.0434056182747024 0.0564516542918763 0.0597983538948028 -0.0556968042329603
FY17 -0.0294819378787519 -0.0185040468864239 -0.0280585719920774 0.0350500419757699 -0.0660453974923913 -0.0278170594548384 0.121575885531266
FY18 0.0370373075497382 0.00537137300803954 0.0292737080918214 -0.0739375880009828 -0.130562491579087 0.00938081345632959 -0.00317861404788547
HH01 -0.114699853551243 0.0453043480590311 -0.0636548757295911 0.180258822867112 0.0347836467974945 -0.00271638422428543 -0.119269562291855
HH02 0.17115861643385 4.83361888170635e-05 -0.0121863394780815 0.101379592297363 0.0777399757857777 -0.111178566096563 -0.0545000322929013
HH03 0.00138361042459969 -0.0251685222699323 -0.00887801196798744 0.0726236817534549 0.00578602230888129 -0.013917259188803 -0.0617467417787166
HH04 0.0701306971987955 -0.0402108520151138 0.0775283889732743 0.103388709449414 -0.0685414506823509 0.0164202212425441 0.00338204393367362
HH05 -0.0294001517873937 -0.000232173145609908 0.00822535972964379 -0.0112890302112911 -0.0916081059999177 0.0427261157395405 0.0407281713752597
HH07 0.0208803357922438 0.0999201519955285 0.0123288228950593 -0.0117779738808479 0.0123616604176098 0.118988792453434 -0.0308578291982765
HH09 -0.0508874878115107 -0.00426610648819991 0.0220768292858904 -0.0104889365915389 -0.00375141023865537 -0.037510903641352 -0.0717846286487842
HH11 0.0349107479899648 -0.0257769962839173 -0.0419767113447225 0.0962123689293536 0.002515113777201 0.0770658631234983 0.0436061773132145
HH12 0.0096906570384225 -0.0189061393182005 0.0128693277983791 -0.00993854541969121 -0.0882081459429586 -0.0626284007245526 0.0310903704632657
HH13 0.0165631550777415 0.0174343256422926 -0.0695104426446011 -0.0253999085807189 0.00225695740573112 0.0374151485017587 -0.00112582319642634
HH16 0.0237358642564144 -0.0686446132208248 -0.0458187699817712 -0.106413118642914 0.0546205978750757 0.00357854976296638 -0.013380208874693
HH18 0.0498578225666581 -0.00241955566347406 0.0935862752775115 0.0630112814474758 0.0459071809870033 0.0650777341336503 0.0667624379672898
JB02 0.0366425156048495 -0.0603453232432135 0.0472969593674074 0.127838172828495 0.0474313485504364 -0.138126680023994 -0.116972967248782
JB03 0.0152557208755987 0.0727712704005617 -0.0862195638087879 0.0171940309353711 0.00188460399961325 0.119068184276839 0.078822652300859
JB04 0.065950908264156 -0.0359307067227238 -0.0773204045289913 -0.087830649121264 0.0210040303775572 0.0764782832339388 -0.020898338092531
JB05 0.0399537035082068 -0.0249820505479826 -0.101855948998479 0.0377447506529667 -0.0198540820272203 -0.205208130463113 -0.00596733550928661
JB07 -0.00874655423278999 -0.00142489777683029 0.0412296210687284 -0.0441697260980723 -0.0239405387987532 0.0384307310756226 0.0387330527700069
JB10 0.0984668062011652 0.0442666804255065 -0.0312151677919809 -0.0132043413029986 0.0229904963814469 0.00888433849270168 0.00333549489777444
JB13 -0.0242654900270136 -0.00274003080648557 0.081100735229454 -0.115426462506968 -0.0452184679847557 0.00711535746778152 0.0242833209973651
JB15 -0.0706950527598872 0.0322996721296681 -0.157456910791439 0.0565303910508437 -0.114334274857018 0.0368290005606124 0.00492606131451291
JB16 -0.0819928601822193 0.0261240601765637 0.0205583278914635 0.0112060315945434 0.00465501155896531 0.00581164468282544 -0.077280937497704
JB17 0.0739121211990332 0.0462663151322406 -0.128570326659925 0.0848963901007485 0.0446104078863451 0.0718483867563899 -0.0675748588113231
NB01 -0.0223846817661342 -0.0311094899111314 -0.0484673159263279 0.0353886724099314 -0.0342658892433069 0.00789317698688753 0.0650157359260051
NB02 -0.0440682886182224 -0.0384157241200471 0.0168318264811126 -0.104488935043179 -0.135384806264065 0.0057710547382815 0.124406485877152
NB03 0.0398638208045901 -0.0154640398002347 0.0537298363717773 -0.0174635342594033 -0.0228269086979995 0.16005813839684 -0.0478471669679428
NB04 -0.0032519142685973 0.0193274082128303 -0.00967124789522814 0.0415230141958543 0.0233644747945997 0.0475729478591075 -0.0292385552226246
NB05 -0.0522077500455738 -0.06758803691689 0.0722573453446988 -0.158321795594695 -0.0503433396677919 0.0375618059665355 -0.0408255477500149
NB06 0.0109681553686843 -0.0800324893232655 0.0604575047826686 0.0407630922637327 -0.0893791521829547 0.0650171470614873 0.030997813047724
NB07 0.119590658431587 0.00563049493897705 0.0505926598340647 0.0322068437176055 -0.0459940350890096 0.00915710867767222 0.0336457653513915
NB10 0.193987310477735 -0.00396664992503115 -0.0188716123036402 0.0134748464753119 0.138443523746341 0.0682156897047962 -0.0790317272446623
NB11 -0.00162353854579837 0.0261378808679708 0.0384956347085885 -0.149778587499042 -0.0879723661354595 0.0117815451658864 -0.0645660087535108
NB12 0.0148097978051569 -0.0572477444311937 0.0552505969115392 0.0603077902886823 0.0215387364460249 -0.0122027986780365 0.053710830144312
NB13 0.0068420148720545 0.00583600181561116 0.0730247180751392 0.0372487554931325 0.0164963776235321 0.0976363605103372 0.126797931748957
NB14 -0.00689393092480238 -0.0984069363247459 0.125160309726417 -0.0428940851311359 0.016831386143777 -0.130132443053799 0.0643514218092676
NB15 -0.0506220198460426 -0.0488616131617001 0.0165742101283059 -0.0616503671457408 0.000926606490621334 0.0205356838550301 0.034435845239587
NB16 -0.129811652618243 -0.0075776766285773 -0.00115225959702493 -0.0310429200227451 0.11771268582365 0.0199649769658366 0.0541117855371802
PA01 -0.0567413435890247 0.116754661115089 -0.0826241718022741 0.00605846213622989 -0.0364163615879301 -0.0273464329558817 0.127416992986298
PA02 0.00417943101067046 0.0331840370621306 -0.13979287693418 0.0692750875800819 0.0122832059986209 -0.0484337466374063 0.0102174944161032
PA03 -0.0660247771549184 0.00792258281479195 -0.0061868649438513 0.0612004590981296 0.0459272701434872 0.0016825998854007 0.104128763843923
PA04 -0.0366422081547685 -0.0241261764049761 -0.0142760717096783 0.0304539981231061 -0.162410732304767 0.0055795668683776 -0.0619213521507181
PA05 -0.0888260745922764 -0.0590250627851181 0.0310383234021523 0.120130515151515 0.0564614577283371 -0.0703408566225767 -0.0291558789174771
PA07 0.128187560503644 -0.135084018768001 0.0210253212833554 -0.0390404890089994 -0.0117992912913433 0.0271397272015314 -0.0341806221113561
PA09 0.0422437099268597 0.105999867412116 -0.0280752653249063 -0.0115239295263425 0.149232976781407 0.0846873954595708 -0.076020697571156
PA10 -0.0405906068332297 0.0597306211513862 -0.000191115865622658 0.0637440604233613 -0.077004297172292 0.0318011392354885 0.117731222655868
PA11 0.148841908801182 0.0170450685161617 -0.0044688881899588 0.0807524322032991 -0.0348493120972946 -0.0414342086304671 0.10921305472048
PA12 0.0128654255564766 0.0131582489543149 0.0538540321821811 -0.00939314331636602 -0.0942709020994031 0.0644879984061063 0.115845355848301
PA14 -0.0791946975239303 0.00334742850822032 0.0437817296789965 -0.00682715631014044 -0.00384764990655183 0.0826677070589673 -0.131526201537916
PA15 0.0022675790138096 -0.0625629546037509 0.000283419883505962 0.0400479843790673 0.0596129426803265 -0.20956405706133 -0.0160789714275972
PA17 -0.012347105796396 -0.0617373552114674 0.032507094653089 0.0420124528327568 -0.0208499212358266 0.0190612601527176 0.000599556125593913
PA18 0.0501983717833716 0.0162191800329577 -0.0735711544972789 -0.0466273809261281 0.111887355502996 -0.0992379870224008 -0.00904379348541444
PA19 0.116221497495374 0.0734835450796381 0.14617249507586 -0.0432535139628825 -0.0488181660836485 -0.0855143321101886 0.0446678405191016
PA20 -0.0502015006106331 0.0385470687564612 0.07705223166036 -0.0237387755070148 -0.0853334820962147 0.019371360340768 -0.000179106736942277
PA21 -0.0102039952699234 -0.0657090610962214 0.0886995795539567 -0.0331273677897497 0.0179375918681553 0.0784157138893458 -0.0941448488674016
PA22 -0.0439606875727773 0.0753956315109175 0.10269489671238 0.0319133563209263 0.0717682837140012 0.0466213786221327 -0.0807177577040426
PA23 0.00129051938574688 -0.0650956559386471 -0.00933172212182503 0.0183049152356697 0.0543899264387987 -0.0165554534385056 0.0203318887435553
PA24 0.0212985947599407 0.0143184315010972 0.105637283497498 -0.0860762934757849 -0.0694565056344106 -0.176892265500315 0.0442101137520436
PA25 0.0137557139566765 -0.0296628672378943 0.00743816900179936 0.0618589965287225 -0.0700534077313118 0.0388421724576948 -0.0632120830651191
PA26 -0.0043518876267255 0.0331517231229501 0.0250064993908201 0.0193574890504773 0.0187568804749217 0.0290787927921054 -0.12021030663365
PA27 0.104437052967016 0.0108379371605588 0.039242913777155 0.0270490421500788 0.0507659890136503 -0.0585443626054724 -0.114046370995004
RB01 -0.0461995388312181 -0.0637175269376886 -0.110831883088052 0.0272994593673315 -0.149943168028789 -0.0549168358005097 -0.0213061708033302
RB02 0.082436189875802 -0.00484840580652929 0.0202638371922562 0.0317091896111565 0.0289263230876016 -0.0234714024706577 -0.195083054815686
RB03 -0.0536001043462076 0.0277369286928399 -0.0526686700042531 0.118656206889651 -0.0446508263624042 -0.0557844638762512 -0.109008963700714
RB04 -0.0415292610750003 0.00819120764887351 -0.0933357519195066 0.0487270552025101 -0.0833768975394945 -0.0280235971562605 -0.0812724183098232
RB05 -0.0269925063377197 0.0162269644078772 -0.0383309687901743 0.0426999768975337 0.0295286500945122 0.0172114768360253 -0.107896554810621
RB06 -0.0183991279538596 0.0349413848072054 -0.135364029575947 -0.118903231349435 0.0241800946475605 0.0521947872312478 -0.0424824626714947
RB07 -0.0151481414225242 -0.0389092739509636 0.0423433147984771 -0.00838240873869384 0.0134918318059837 -0.134828576952814 -0.017999710312539
RB08 -0.0883495183101064 0.0232117010956306 -0.0449157844944499 0.0401745160131884 0.120066918387881 -0.00917070537211748 0.0847459083769168
RB09 -0.0736831852909448 0.0965615492202519 0.0166202693734632 -0.00629828713902525 0.077940938290178 0.0465604157746258 -0.080070967433354
RB10 0.00663958957168481 -0.0360593479566779 -0.0530237173911283 -0.158779472293555 0.023091111193543 -0.0146032388283678 -0.132143356053747
RB12 -0.0347709950099428 -0.146253159860272 -0.0827990508185917 -0.0669692757613402 0.0771672736731946 -0.0681633680506509 -0.0635928712852036
RB13 -0.0651837514813166 -0.0194899522229313 -0.0862024548288011 -0.0266573865454515 0.0936590030667628 0.137614609880224 -0.0379403692588618
RB15 0.0260754338932702 0.021707824140825 -0.0069187137189319 -0.0442587084375893 0.12946915641624 0.0448747989548112 0.0172389472737639
RB16 -0.0533675475256507 -0.0351927504784838 -0.0824188981818762 -0.088173646405377 -0.0907924474187195 0.0186840276876633 -0.0332366899338285
RB17 0.0421535508054743 0.126946274706858 0.0532986447945819 -0.00451290209765744 0.10240526296505 -0.00636144703227613 0.0484177068152437
RB19 -0.0528603933807081 -0.0577224424186355 -0.169826762858216 -0.0551295799410675 0.0312581025037605 0.111484356881566 0.167932396169171
RB20 0.0207489294989362 0.002171047678668 -0.0585341992168142 -0.0308772077772606 -0.0683225449999341 0.00908594672457111 0.0775383124428178
RL01 0.148726012765208 -0.0109991242293321 -0.0362097008474649 -0.0983169948916966 0.135985344815316 0.020856592772876 0.0617194320810097
RL02 -0.00875936970208195 -0.00873473538466714 -0.0747725707630526 -0.0248523116095663 0.0501530450697027 -0.102694898593252 0.0404993905980751
RL03 -0.107394912721396 0.00854203516905136 -0.058632424111713 -0.079065034909656 -0.0364484095268397 0.0166924782942367 0.0726595788725449
RL04 -0.0576384180819542 0.018117559178282 -0.0534291089557255 0.0890560126936026 -0.0814273174881497 0.0496959857886647 -0.0643102915649659
RL06 -0.0706414285682056 -0.0510318420367033 -0.0516143458995769 0.0695019447296513 -0.0718347230398764 -0.0185258263232772 -0.0801443306833259
RL07 -0.0251935905828253 0.0785189283326906 -0.0395957209885801 0.014119132631415 -0.0128658129841994 0.0247216545730685 0.00207757518401577
RL09 -0.0603116715282631 -0.0199279262745425 0.0214913347801277 0.0964668186952024 -0.0114153551304517 -0.0438952101786111 -0.130759950924532
RL10 -0.0312692511474202 -0.0194804867184128 -0.135569866153175 0.0526742879750169 -0.135679952594455 0.0439888957125033 0.0302795960113472
RL11 -0.115513647263593 0.0301750853347242 -0.132468538213115 0.0648694725162247 0.0322061028678822 -0.10886373000609 -0.0962710034803465
RL12 -0.00598763241674984 0.121484811250502 -0.0461596824560373 0.0119700680692883 0.00896408258023045 -0.00642431421004075 -0.0901716675780983
RL13 0.0373401785562272 0.14145574726918 -0.125782286270906 0.0745196051013991 -0.116931864393942 -0.0302621319402461 0.0552301380158628
RL15 -0.144506480012886 0.0221615428678351 -0.0994844790336211 -0.0018774317782175 0.0299494342960545 -0.0842230292125306 -0.00544615471601719
RL17 0.00610951239188182 -0.0294326787808259 -0.0310343851910847 0.0356279280032907 -0.0271591351198336 -0.0341463111791895 -0.107840054320798
RL18 0.232964669569775 0.0484351205388507 0.0144520804833602 0.0202280655872127 -0.0339133695138116 -0.033923095885695 0.0289212370678038
RL20 0.00269342703422608 0.0163510217974038 -0.0782796508838991 -0.0401797454770625 0.000350305899393804 0.0734362999344646 -0.149812585220965
RL21 -0.060542552518812 -0.0239456107108084 0.0193685080823152 0.106005573789 -0.00524848531017727 0.0115158617741439 -0.00167224081095835
RL22 0.0572173339758844 0.130381430899556 -0.142086726809636 -0.201661746931673 -0.0897719690482307 -0.0604708082036131 0.0654817965100845
RL23 -0.0390619070405924 0.00583222254879617 -0.16459248437679 0.103319305668618 -0.0186427513322697 -0.00136558577687189 0.0152631303786295
TR02 -0.0540747258223048 -0.0364075248415296 0.0285792741677889 -0.00810313329786416 -0.0146393546382933 0.024967156169701 0.0410357009465717
TR03 -0.0784062156606695 -0.0150020802910418 0.0297314830574641 0.112566995150378 0.0186398449791876 0.0581795274143303 -0.0336810740064541
TR04 -0.113982256672758 -0.0501675469184619 -0.0291979229592846 0.0773523165910379 0.106598881466664 -0.0446711534285413 0.0635328755251337
TR05 -0.00525136320881783 0.0213374793269736 0.117076615198185 -0.00666015381776915 0.126733767877398 0.0669063420676579 -0.0961850447024544
TR06 -0.0642257584807749 -0.073788182779146 0.179155930694064 0.0157745774054989 -0.0727296528067202 -0.0781943138989148 -0.0778625674537466
TR07 0.0128968277963697 0.0221394883008577 0.00869994878531775 -0.0724615527368675 -0.0280117530283332 0.0910728773809982 -0.102304080888487
TR09 -0.127930359440265 0.000483060483848248 -0.0222814909894943 0.0439913327019939 0.0486035896785693 0.0624807267660355 -0.00217661915823733
TR10 -0.0658743344698467 -0.0537702506414165 0.0602146147676399 0.00676347477773167 -0.0526981688078595 0.0786382753834619 -0.133962831368069
TR11 -0.0632390293454724 -0.0247038340439432 0.0311380245326744 -0.0449915774888135 0.0202549950180417 0.0779746786067837 -0.0137822343139186
TR12 -0.0265092949355872 -0.0303616565480263 -0.0174150600565702 0.123745470273049 -0.0545425805707115 -0.057132184456608 -0.00342737392196755
TR13 0.00435541375518278 -0.0525305228046352 0.0860928151257072 0.126492359109487 -0.00524290597480905 -0.150416643004603 0.155605791117367
TR14 0.23242920121215 0.0530323185474079 -0.0843316099060662 0.0754505000845187 -0.0677982637873349 -0.0448644084519526 0.121793722351083
TR15 0.0498953383810177 -0.0533654565160388 -0.0306653641140842 -0.103437949494421 -0.0443176018101915 -0.0113432832266528 -0.0953012197108566
TR16 0.0170166438085639 -0.0766705759299445 -0.147918324955719 -0.0202233499259403 0.0849789990469508 0.00403030377976485 -0.018608948301303
TR17 0.0319668385880905 0.0280597382634426 -0.0714336484011728 -0.0441262986829639 -0.00866811172331989 0.169155897485444 0.0710826924253928
