sample MDS1 MDS2 MDS3 MDS4 MDS5 MDS6 MDS7
AN03 -0.00788172918827112 0.0560304087627854 0.047866013357851 0.0539163090265627 -0.00193865957798633 0.0110450919483759 -0.0394966808380991
AN04 0.0512781079180655 -0.0143273155955879 -0.0501277598460958 0.0199331069330682 0.00188079046770201 0.0446284840588237 -0.0418647770993873
CS01 0.0705772667855509 0.0143564974924907 -0.0600782282446013 0.125803606516054 0.11323006274564 0.0400403941866927 -0.0185892462600614
CS02 0.0554331275738734 0.0171047029192062 0.0187651037314331 -0.10226097207196 -0.0458256358015944 -0.0879720083334238 -0.0424168230248967
CS04 0.0307493676606175 0.047690747344479 0.00155279700295782 0.001373906429932 0.0998727426527629 -0.0121272997204783 -0.098756085201316
CS05 -0.0305781202923314 0.112714673196473 0.0527176933088326 0.0841236180983368 0.119021618156268 0.0420518815540617 0.0227031702458807
CS07 -0.072533256979551 0.042488713718246 0.174216562383283 -0.0305162124175301 0.030732533753785 0.114772595291651 0.0198821458337638
CS08 0.0506636850462857 0.380617316183257 -0.0706743279768359 -0.0704835474943898 -0.022471236379815 -0.0909801406609123 0.0390091962828582
CS09 0.0896221023248636 -0.0058333762480824 -0.0774701203351232 0.113776025532467 0.0212939004607499 0.0272614368186803 0.00517448125370205
CS10 -0.0132847369014478 -0.0586939670403585 0.0572474003441459 -0.077215182591795 -0.0317194457314699 -0.0302479798151243 0.0170597871539127
CS11 0.108138210140983 -0.0481833782853177 0.0497284682218525 -0.0492008517437567 -0.095453272577828 0.0165759355595433 -0.0173777512417614
CS12 -0.055171929019544 0.0399525613081486 0.0381339219107212 -0.0176011606843815 -0.08730727792979 0.0155026101590296 -0.0320867891225353
CS13 -0.0251050414757256 -0.0905148847212269 0.00766543784043994 -0.139806794389916 -0.012575217216266 -0.0196053864005505 -0.129507084224299
CS14 0.0302622529603509 -0.0178161347397527 0.0486382602895918 0.0879329612251609 -0.000935068024418083 0.00800418723611477 0.0774189409869421
CS15 0.0379669635107434 0.0416454958135173 0.0667644370965253 0.0116002359711542 0.00690415671296021 -0.0136612385708372 -0.118473020215955
CS16 0.0524238907613333 0.000661048342826202 0.12208048008857 0.0855347626390223 -0.122431604453205 -0.00177417979732859 -0.0250850057552229
CS17 0.123446791118555 0.0605379256980771 -0.0180801866798729 0.055628463352134 0.0782062241262978 -0.0706301935488774 0.0933164775604667
CS18 0.0179994136112456 0.0243579203182883 0.0777441100898623 0.100270471299014 -0.0354230225938142 -0.0620437535391993 -0.0340381874451409
DK01 0.053634855710211 -0.05676623257308 0.0164424370580381 0.0361119769336826 -0.0360558368901694 -0.00360691400867441 -0.0483277278757408
DK02 -0.0535434205719943 -0.0199418021319263 0.0523750451862364 0.0512761959279213 0.089100106317949 -0.0291442334978571 0.0476612960796384
DK03 -0.101871016573844 0.0309659130196358 0.126465179158149 0.00370086131291711 0.0726753316697493 0.014054366818683 -0.00247517917542095
DK04 0.041907094945717 0.111362451386513 0.0763270808050735 0.0968582442061572 0.0144713746872095 -0.167852798752424 -0.0833054946845895
DK05 -0.0119618021974074 0.538666472778493 -0.0700136141459967 -0.0227973519754541 -0.0957155773976024 -0.15232308334948 0.0746797146534872
DK06 0.0113849092152271 0.0303618283730379 -0.0524359734634029 0.0644728432635015 -0.0617718572227656 -0.0980970607854797 0.0973922725104125
DK07 -0.0569706716669092 -0.0676262770537626 -0.0157472776983114 -5.72282470314781e-05 -0.088771894838502 -0.0975175639937379 0.0220249153860804
DK08 -0.0984042140071969 0.000694275817240801 -0.00129854756643858 -0.0844519219368848 0.0602421463490224 -0.0285061021392975 -0.0924543291933685
DK09 0.0256365841032523 -0.0203990287390501 0.0190284390497225 -0.066745294527463 -0.00733375838649141 -0.0276426471559905 -0.0262133446464476
DK10 -0.216949457767675 -0.056423219722468 -0.0440079933747045 -0.0222903599449636 0.0431078585029253 -0.0441621146729816 -0.00745013905248031
DK11 0.0842103794005462 0.0230757197782245 0.0206172217276159 0.0952707944646254 -0.103264537383767 -0.0161998096059632 -0.0893455093789191
DK12 0.0681262702517898 0.0398620065225347 -0.0163597538122145 0.0443857115991163 -0.0278169609915636 0.0308027342765752 -0.0492323226761778
DK13 0.0221431182182008 -0.0434350661424187 0.0406666175131484 0.050902978580823 -0.0300233960337744 0.0417011376195273 0.0327541398640589
DK14 -0.0771287731653249 -0.0415531926663678 -0.0121737177327742 0.123810709309894 -0.0567048776837302 0.138923378876103 0.0650848518218325
DK15 0.103742312848753 0.0564639096468569 0.0605968627791513 -0.0499921523393751 0.000499248291542829 -0.046527158107759 -0.0897176622351506
DK17 -0.0359011204879646 -0.100030921310415 0.0858151840384857 0.0265092653855932 0.007242994326556 0.0164465206313596 -0.0828621379930182
DK19 0.0469695350159432 -0.00553610451095767 0.0913094538230041 0.0782959865539883 0.0139135012513327 0.059721067793445 -0.00150062030304112
DK20 0.0728644305523351 0.0012512578009411 -0.0480069380089683 0.0956366168653455 -0.101120982265426 -0.00286380919717007 0.0177296859893335
DK21 -0.0411194462756181 -0.0611113933551061 0.114235249890349 -0.123153678350476 0.0132937983605775 -0.117980697115237 -0.0232152629736983
DK22 -0.0440968249182032 -0.0765697674961671 -0.047074440131922 -0.0806366789073329 -0.148842999677415 -0.0786053771432268 -0.0640049862053984
DK23 -0.05287505754495 -0.0311977132256433 0.0933010653816826 -0.0271610629921944 -0.0547717832093076 6.45642510012159e-05 -0.0652676750773441
DK24 -0.0395907796567101 0.111715156648099 0.0085441566559478 0.13054207863456 0.0540069828425628 0.148895601104185 -0.06414921095334
DK25 0.0346023646461633 0.0524900105739758 -0.0194877583824437 0.00583848546904844 -0.0250581802723657 -0.0775160872695533 -0.0776363687626475
DK26 -0.112101229883835 0.0313515355008569 0.0215125044124493 0.0137961896456754 -0.0246096322003892 0.128215654824114 -0.0563836578570922
DK27 -0.087510601790512 0.0308340165983274 0.123705645275661 0.0084830355770937 0.0203754069919333 -0.0901886774651122 0.0423326393547477
DK28 -0.155365007019388 -0.0343537260939419 -0.0945125411980214 -0.0467629178697177 -0.0660134735471505 -0.0114026927573379 -0.0916801588046915
DK29 0.0943487647274139 0.0162691671645067 0.0187866242566118 0.132165143178778 0.0772351363047874 0.00732244922917469 -0.0662174233637313
DK30 -0.137322876082105 -0.0793729568534079 -0.0375441060688318 0.16947967317541 -0.0747363267899067 -0.081367324687766 0.0755783101746365
DK31 0.0284097204473771 0.056152953774034 0.142569230625649 -0.01147436110884 -0.0102806940027329 0.0145569330217317 0.0505972316761687
DK32 0.0402796832392564 -0.0638148899612476 0.0501210168279756 0.11130975987379 0.0640733154452084 0.0077053467481691 -0.0434723463453628
DK33 -0.099404266662778 0.058359311454684 0.0465908456336589 0.164781498972422 0.0467010598340301 0.0545923158239225 -0.053470486586175
DK34 -0.0431886927367813 -0.0256476628539027 0.129055338544696 -0.0763929124642273 0.0137864477282191 0.0213792896150331 -0.107990502283748
DK35 0.0291128337900459 0.0520614142290112 0.146436468972448 0.0508586758039932 0.0234289262878695 -0.00097872464553074 -0.100414690684022
DK36 0.0699785403735864 -0.0233545702181497 0.0905122631103956 0.0422794476829264 0.051111839762446 0.0891815577377335 0.00208733725409321
DK37 0.0074832776355357 -0.0125590034634912 -0.0679767355264794 0.0418490954519763 -0.0380374580614332 -0.128058050266694 -0.264007400535828
DK38 0.00163176624707051 0.0155452784068258 0.0270816957235081 0.120525249656743 -0.191910659756074 -0.0371845544847829 -0.0670630887957699
DK39 -0.0281695337490702 0.0129898334007164 0.142303268164704 0.0498924834999665 0.050624834276637 0.0134839634249764 0.0281648316270617
FR01 -0.0851379124965068 -0.164618838938811 -0.111995669127344 0.0845053338370087 0.0544403914241343 -0.0940265813067855 0.0491394829651201
FR02 0.0455188513024293 -0.0561185370946337 -0.0255100499429183 -0.00277113529328935 -0.0369678141088412 0.0425680903247904 0.00319390419157755
FR03 -0.0127929097771972 -0.0774670248153415 0.0983884606319819 -0.00879961821549912 0.0705746288536072 -0.0786715553760835 0.0357071714606398
FR04 -0.0629717372996239 0.0560352723760562 -0.0255903868018743 0.0645161180865459 0.158324248933206 0.165987943712517 -0.0804599195111091
FR05 -0.111966284899949 0.057688321761363 -0.0426574796247549 -0.1761185519263 -0.0260001571854148 0.114982262328832 0.0675260957234181
FR06 0.0453617523752478 0.0232050848367118 0.0124801347914808 -0.121419898149054 0.135118482098862 0.071763648358539 -0.0554797221167644
FR07 -0.146652892853049 0.129601540519469 -0.0148161034971478 -0.101189057040103 0.119560142816155 0.0796472650640623 0.000297752262959117
FR08 0.0487749035245402 -0.0116249439530014 0.0626965131549238 0.0871774412344688 -0.101888906325736 0.097125542865766 -0.0454920467965507
FR10 -0.0515952035817753 -0.0504931625193818 -0.0394169512198672 -0.0674882868844955 -0.0475744483535274 -0.0732117418625232 0.0760454034904126
FR12 0.0349416248958531 0.020765907923044 -0.0781852319233557 0.0535700575630941 0.0622557910696978 0.0350914010046165 0.0375510936470614
FR13 -0.0597926308850608 0.0911451955355933 0.12400643714008 -0.0649050550730231 -0.0302512700417826 0.0893880422837045 0.111042670756662
FR15 0.0536692305499394 -0.00524338766387701 0.06857189189875 -0.10526144046668 0.058003997281929 -0.00611662590189904 -0.0057470642033119
FR16 -0.172403149086704 0.0540932976838795 0.0190576403964105 0.051128592183936 7.51095317060657e-05 0.00923660106749898 0.0266054335104092
FR17 0.0379796373528571 -0.054357700883584 0.0976956397825892 -0.0840092899877649 0.0507692790880523 0.0684776438333017 -0.0133358038985548
FR19 -0.0477431586862921 -0.044724697210338 -0.0282326426906158 0.0335888650085455 -0.130244172508784 -0.0807293202601773 -0.00881568823206557
FR20 0.133427126494681 -0.0549270343940685 -0.0174625550220571 0.00422850941054246 0.0110802766935524 0.0576019704251904 -0.046271683543351
FY01 0.023356020773429 -0.0524603095051587 0.0463243837323892 -0.0400662370238121 0.0737697294992459 0.0397365295634848 0.0202611650848749
FY02 0.0743240477475582 -0.0606852309836746 0.0777572849625176 0.0439516688133879 -0.00422351950333635 0.0124571900955095 0.0278355762865296
FY03 -0.0469463046236651 -0.0398410625802694 0.000170807311589675 0.063623061623979 -0.083400623420161 0.0253326955856654 -0.0720979432286714
FY04 -0.0336963365742772 0.0993720220314121 -0.15634355643288 0.0834389203596645 0.0833786961079159 -0.0310735323748701 0.056872029716241
FY05 0.00398136292947625 -0.0229305456711612 -0.0911376862617308 -0.068400888148575 -0.0534066727938674 -0.0990661773944611 -0.0314846726168471
FY06 -0.00672610796474325 0.00132546988695464 -0.102074261916601 -0.0589784880944387 -0.077808204826125 0.0338607205106154 0.0312897312488351
FY07 -0.0331891334943462 0.108814276256421 -0.0697127580980666 0.0396514123061733 -0.0787633142800846 0.100431515367638 -0.0332918790250463
FY09 0.00416720288921378 -0.05375750798876 -0.0454830206712693 0.137420768234539 -0.0195992058792551 -0.044313668499757 0.00397722676745393
FY10 0.03972724656688 -0.0409076258260464 -0.0461773436612775 -0.0701948886750283 -0.0834881636149645 0.122211041991991 -0.0220560552023951
FY11 -0.10581034027692 -0.0176968937627924 0.0420299034579723 0.0678616712356536 0.0278077071172335 -0.0294686283848677 0.0778572123006683
FY12 0.0611967189299828 0.0556455595133612 0.0573254675893488 0.00807583496091315 -0.0859010305641573 -0.0249883077231283 0.071874268591687
FY13 -0.0769698651696526 -0.128245777453486 -0.106355023227211 -0.135940347484229 0.154318826967576 5.61682213861088e-05 0.0298349922822219
FY14 0.0542912558440041 -0.0297285599156068 -0.0207894984245404 0.0369814082317646 -0.0768198421048171 0.0474456483579837 0.00014174260972058
FY15 0.0815419014564708 -0.0322862598816607 0.0524418944468571 -0.0417647398760776 0.0551261864704666 -0.0952146842760449 -0.0639883747697169
FY16 0.0193427653799528 -0.0787802765966079 -0.0183646530536988 -0.0150428354496417 -0.0658691467400662 0.0455649842841307 0.0228041742556552
FY17 0.0431969647665524 -0.0175239898327429 -0.020995216265522 0.0053660006112902 0.0968597732975452 -0.0216227417331866 -0.110614181335698
FY18 -0.0343108435692991 0.013399834594936 0.0101889298530575 -0.0919319167864558 -0.0120618805595346 -0.074490344480699 -0.116563093693617
HH02 -0.178647720464964 -0.0276260557664222 -0.0207932015409963 0.0560639046706519 0.0418923038567176 -0.0146318212498958 0.0881052523369617
HH03 -0.0101337692861756 -0.027821760903664 0.0106898625923963 0.0203619898220759 0.0462181394188472 -0.0439324407711288 0.0756488689029434
HH04 -0.0617981556381961 -0.02041192700031 0.0861172920273745 -0.0736847802920486 0.0953754837722311 0.0372234057813515 0.00322587186439125
HH07 -0.0176339621232324 0.0899596273487061 0.00770453821505339 -0.0495427558825869 -0.0343269755958931 0.0600162742810305 0.0188858193708232
HH09 0.0578174782441982 0.00360246160017305 0.0154647965092211 -0.027185290399564 -0.0427364139947159 -0.0883250995285361 0.0555906980261498
HH10 -0.0643532389824437 -0.0387676154622642 0.0310875117055513 0.148141127236187 -0.0244445374708491 -0.193124589292246 0.0349213860304316
HH11 -0.0403723545783409 -0.0438946065697683 -0.00151735888756223 0.00854326997203234 0.0961995935330779 0.0400697991499906 0.0506556973772038
HH12 0.00209064504320113 -0.00542551679254804 0.00264505504957409 -0.0343842265041309 0.0359235770562159 -0.115013044572182 -0.0337697490014569
HH13 -0.0192233616436091 -0.0154145843964963 -0.0491125354719258 -0.0204999806750574 -0.0263315070773082 0.0328770086022555 0.0028605191157275
HH16 -0.00147590469297959 -0.0819480486542274 -0.0238457524929414 0.00452173048990246 -0.109442481005762 -0.0179655604257183 -0.0256880570363498
HH18 -0.059663420722683 0.0210878303473521 0.10986260575177 0.0206455308293177 0.0528960728443272 0.0930368660113867 -0.0147022806348965
JB02 -0.0489230321187208 -0.0488742528301599 0.050395749828119 0.0578123569818613 0.0686788325404967 -0.0915000915484473 0.137700242137123
JB03 -0.00960735590250185 0.0469154966605432 -0.0838846632913855 -0.0102179563693616 0.0339988747644333 0.132483006823247 -0.0430932334970959
JB04 -0.053803084447694 -0.0648709907410029 -0.0543055579742285 -0.0181561785671223 -0.0945479456577746 0.038436163652434 -0.0440436016623659
JB05 -0.0462157677468727 -0.0522915733623086 -0.107958754419782 0.0765431836709926 0.0659320281929712 -0.186868385443729 0.00180141395230526
JB07 0.00615918177539699 0.0239257744045158 0.0342552038381169 -0.0353100602770741 -0.0100566010020459 0.0281117979692575 -0.0704416245014358
JB10 -0.0933535827734388 0.0162835566882224 -0.0475700170477624 -0.00491026154948801 -0.0296554650035475 0.0500207761893672 0.00184319714250213
JB13 0.0349644908458677 0.0273028542749174 0.0694112998448419 -0.0500019280452109 -0.079248715806876 -0.0629628233869292 -0.0897555600556178
JB15 0.0719473289575167 -0.00494018183460812 -0.152236306625668 -0.0879111282241915 0.0987092873814164 0.0229523848138489 -0.0248061207517351
JB16 0.0745742834011318 0.0336037979603453 0.0212705987238947 -0.0171426998998742 -0.00738449004916316 -0.00470439475075022 0.0517579483893749
JB17 -0.0599200639702176 -0.0152769995759186 -0.124358856188181 -0.0608453089436338 0.0261377581932082 0.118287282962325 0.107329678369415
NB01 0.0267116920869888 -0.035532497980543 -0.0341444156288178 0.0183406735223474 0.0755950775309787 -0.013144198862605 -0.0388777557027307
NB02 0.0663522255098 -0.0159581367773555 0.0195696777630162 -0.0661575812801919 0.000925889892938158 -0.0540857733581877 -0.19189120443344
NB03 -0.0427046866866466 -0.0121203470678688 0.0670870947030199 -0.0312101487841713 -0.0351561219790459 0.140108564238304 -0.0419591956082097
NB04 -0.00111826761932772 0.0120073769085885 0.00186095079776447 -0.0105136917667351 0.0169335155949507 0.0324791207639544 0.0716035719872409
NB05 0.0708734334950934 -0.0379519217388799 0.0687027774460829 -0.0790668356734387 -0.134812333697057 -0.0192512095945423 -0.0710999024683233
NB06 -0.000351706665598296 -0.0553434062797785 0.0843440163612468 -0.0782595269823754 0.0630016410351868 0.0393886807053717 -0.0548943602093035
NB10 -0.18917933575718 -0.0437980011407891 -0.000407578799850129 0.0260433426719654 -0.0884097668013348 0.0927606045556224 0.101361629098103
NB11 0.00207013738900279 0.0417559208363712 0.0179802910611093 -0.0936864925008041 -0.119126517991986 -0.0293889961566072 -0.0794678237203306
NB12 -0.0376085484182386 -0.0329003215775137 0.0771636306536795 0.088434100854079 0.0703909262737957 -0.0132153307036049 0.0037569143241008
NB13 -0.013483810546681 0.0316150234492441 0.0862372596663443 0.0503962347035271 0.0591362505396832 0.103455746222885 -0.0726988161370281
NB15 0.0556683245217389 -0.0302275722753483 0.031906333988099 0.0293448853784932 -0.0252997700204622 0.0451648375238105 -0.0504536733058113
NB16 0.135832867417163 0.00697409922948423 0.00759364768680163 0.0925159123384225 -0.0385977677609952 0.0290496128867019 0.0247491752525225
NB17 0.00995910665128016 -0.0209273964044945 -0.0341609608798446 -0.0392798580746635 -0.0707192554295239 -0.0176643111989603 -0.0330415993621958
PA01 0.0584946298357356 0.101242459479075 -0.123855067162672 0.00667971723156111 0.0544326006084033 0.031037132092766 -0.0843793102360988
PA02 -0.0141225528723201 -0.00355244918656008 -0.150911402077008 0.0457564094474115 0.0780267276069354 0.027819927106963 0.0203107458159968
PA03 0.0613952281450423 0.0172258391470607 0.0086845767475884 0.079810220493789 0.0817397776383936 -0.0520513998579853 0.0244250327273251
PA04 0.0433131338252596 -0.028274836988788 -0.0174026138440113 -0.156522078708027 0.0618228720020371 0.0050402869321859 -0.029764085108486
PA05 0.0927542928951523 -0.0355336855964691 0.0596933651772341 0.0540955095638679 0.0784900851249756 -0.0661961927992642 0.101375554997373
PA07 -0.106851498147162 -0.136795725254686 0.0619317644063006 -0.00830916814403255 -0.0586081600002639 0.0148036963429316 -0.0405080034083771
PA08 0.0787693232957526 -0.0100400289537498 0.0075589145396803 -0.0898000453878369 -0.00729859679806034 -0.0917545838411157 0.0511883243324946
PA09 -0.0468071907777785 0.0781303863563737 -0.0496497192711798 0.0537599178845259 -0.0916591651637573 0.165937433612251 0.106410500840822
PA10 0.0377832007394286 0.070597504212713 -0.0036684208327074 0.00477380490138539 0.133805032770825 -0.00459106224406738 -0.0605193851409345
PA11 -0.157139852581491 0.00101688834903471 -0.000792670400606755 0.00885359221282531 0.110964939553504 -0.0295330880819278 -0.0401040556305045
PA12 0.000693079119248774 0.0304680063121919 0.0537997328619554 -0.0897832109323741 0.0461766762291687 -0.012729776091652 -0.104755633853494
PA13 0.0171200844097594 -0.00260955331123679 0.0102496652344097 -0.145150251930542 -0.0130770720062812 -0.0557340320557682 0.0787162292158243
PA14 0.0926190482745156 0.0178188143542586 0.0616315205582696 -0.106782673573177 -0.0664483051876086 -0.000299069876887738 0.118513450237138
PA15 -0.0105213364210503 -0.0479984090339084 0.0025927023972904 0.135035121364495 0.0295888965139502 -0.150489461286508 0.070271114221835
PA17 0.00975581397990302 -0.0504253060123367 0.0528193756548236 -0.00595393192519083 0.0395572232548194 0.0100099940994323 0.0155525058569522
PA18 -0.0533903322351041 -0.0134139865480277 -0.0943611935722404 0.106552520173238 -0.0819827582159949 -0.0245429389047192 0.0464851682581612
PA19 -0.125663597864878 0.105032721542239 0.110213503880777 -0.0163534044837065 -0.020725651424284 -0.135204356246631 -0.0703015869357524
PA20 0.0520539413574047 0.0625180198909457 0.0566007973751723 -0.0768966538695243 0.0124799379124857 0.0409919394260176 -0.0824500492005256
PA21 0.0115288966140031 -0.0355347677934426 0.10068168300099 -0.0518353572550152 -0.0647114124927794 0.0125124281578927 0.0356060213738314
PA22 0.0262267093274874 0.0952950981359248 0.0960471093786585 -0.00604045500435718 -0.0425093508195186 0.0477199221079946 0.0995182854808904
PA23 -0.00188712424941965 -0.0587442400490672 -0.00011294308245528 0.0730675678429182 0.0290647480175882 -5.53196781522478e-05 0.025798290264919
PA24 -0.030361054198653 0.0556914862258316 0.0721440784412174 0.0154266803179758 -0.00988742499669876 -0.240509222124842 -0.0520147234163681
PA25 -0.0136781780266595 -0.0294730102272128 0.0383229229070357 -0.0746260532775543 0.0495099091391185 -0.0317793356649845 0.070543754183313
PA26 0.00097116568478232 0.031908808755171 0.00740551880778259 -0.0585306006181995 -0.0422411700354781 0.065242447235174 0.0703545333101459
PA27 -0.113031823421701 0.000809517120109777 0.0340862719401617 -0.0105959975389706 -0.0421171838798393 -0.0784234022425721 0.13285915303633
RB01 0.0622736443505512 -0.0888671026907672 -0.0847031006147119 -0.0883915308679078 0.0786744654888617 -0.112650152987205 -0.0185521521376479
RB02 -0.0867186901489261 -0.02161772388686 0.0267914140093495 -0.0616289895440875 -0.048291161198314 -0.074756832370628 0.186948836586526
RB03 0.0496349178581293 0.00587428227502338 -0.0368361695803818 -0.0576943925300315 0.0898666039571476 -0.0930471238397518 0.170154266853703
RB04 0.0418894303202617 -0.0229799044096473 -0.0887482737767351 -0.0764908848816893 0.0407579209974648 -0.0408713916938031 0.0340284275017206
RB05 0.0225730977134982 0.00850940743953699 -0.0444353342740312 -0.0427893751609639 -0.00910410667626267 0.0548135136429866 0.0990028981057947
RB06 0.0277374944958261 -0.00717703852268155 -0.143901028879488 -0.0303918512923116 -0.11324053754326 0.0756254529316087 0.00888835563862094
RB08 0.0879691148660839 0.0180744804091147 -0.0368814783980159 0.125086664405819 0.0232893399984728 0.044295675860769 0.0375569954429429
RB09 0.0672603911946033 0.0978760273044901 -0.00577944944859478 -0.00525275075698291 -0.0601039407239117 0.0891417412081739 0.118408818105607
RB10 0.0122605631991223 -0.0504006137412405 -0.0547981987561227 -0.0538458008809273 -0.183168987262436 -0.00584021802610057 0.0542459939106373
RB12 0.0463231095215299 -0.14679339738699 -0.052311407488962 0.065556514079295 -0.083898514918728 -0.0551943309999195 0.0158995845524154
RB13 0.0693530515667935 -0.0384983118204283 -0.0537065428782882 0.0192995624210324 -0.0645188719091607 0.111467986811151 0.0410535082153251
RB14 0.0191500148870748 -0.0127963446387569 0.0250577221389536 0.00477470619293584 0.00629379734895882 -0.0231210072654341 -0.0351526935852202
RB15 -0.0247244038069836 0.0120112533656227 -0.0104193115851799 0.085379227170058 -0.0771315336328177 0.112994713149854 0.0282781137985005
RB17 -0.0524865839357818 0.132571121603107 -0.00198733217041845 0.0587114008976631 -0.0310260174692179 0.0718574493264664 0.00905551993493659
RB19 0.0794036785185248 -0.0938033640999484 -0.128667672686448 0.0402207773321404 0.0182314205499325 0.122884135593588 -0.119095712520507
RB20 -0.0298756368325425 -0.00736715139054194 -0.0628456982135364 0.0102558501664072 0.0446443094987339 -0.00421836755479191 -0.082715322846854
RL01 -0.140892684009493 -0.0342474551038314 -0.026909626248377 0.0778814515132898 -0.107208805799554 0.0495869515139273 -0.0439995034383582
RL02 0.0137168914952847 -0.0253298595163284 -0.0876993882184057 0.0536010257436244 -0.026081764691126 -0.0500103157949825 -0.00260682401938599
RL03 0.114055048944233 0.00726064131551011 -0.0593666444517711 0.0278924975035263 -0.0302686248744448 -0.00257806781040727 -0.0889680306619909
RL04 0.0633084919144846 0.00428741130286764 -0.0446347663008837 -0.109606553423235 0.0856114272458619 0.00821253752176042 0.0568854927565242
RL06 0.0802617376793952 -0.0558349603096176 -0.0328998193390589 -0.0834208355003666 0.0671314210380629 -0.0433303706707031 0.0557847580232435
RL07 0.0263401541711186 0.0697809318029885 -0.0690564009349577 -0.0354161746972141 0.0180928053330704 0.0426806158684298 0.0112914382813753
RL09 0.0500285878471623 -0.00833563869907456 0.0223421351174251 -0.0252434814306632 0.0572383278089704 -0.0207989179927572 0.130082625030751
RL10 0.0452228812551587 -0.0569880664109049 -0.110023745750141 -0.11514734537842 0.101246130426062 0.0342320373881898 -0.0544915593897718
RL11 0.10814789420215 0.00644001445126543 -0.14492563453243 0.0381130588831479 0.0345322330356144 -0.0713810396592906 0.133833971457872
RL12 0.00109676735882 0.0930844893634535 -0.077010791573794 -0.0602659372856243 -0.0394129705672576 -0.00934116281667249 0.0739185288518503
RL13 -0.0393406869970706 0.0922353378860629 -0.167900527235824 -0.0834818005394955 0.113223786043282 -0.018964230657419 -0.0204036356084149
RL15 0.141502943418755 0.0114167248519375 -0.10685119971863 0.0607428147307109 0.0080686183022188 -0.0481758763833373 0.0400538356007289
RL17 -0.00954261441642442 -0.0430962615035223 -0.0130952310100111 -0.0562417126910214 0.0119639196136724 -0.0708046850269087 0.104511842936966
RL18 -0.225940101931502 0.0310279945038287 -0.0203290302255005 -0.0376337656049127 0.0278287874035635 -0.020344349746543 -0.0260686006791298
RL20 0.00651843398945919 -0.0194039392232352 -0.0753028819939559 -0.0613065978438151 -0.08507290853512 0.0393311961750057 0.0692309098213958
RL21 0.0591811031265785 -0.0127948341257993 0.0350743515696764 -0.0267841596913518 0.093250974882476 0.0217391954922957 0.0482849439799061
RL22 -0.0567551679747994 0.091827113564584 -0.205143466714953 0.0375914283090589 -0.100316226995891 -0.0756187962346303 -0.262045048052293
RL23 0.0425843317533822 -0.0324413658951551 -0.154348768034279 -0.0194047330730695 0.130790589582206 0.0375088820796636 0.0388669986932828
TR01 0.044440321255511 -0.0747383568374692 -0.0210048435624242 -0.0098663685046371 -0.106033861593398 0.0543575191822012 -0.00859279563530144
TR02 0.0637933266262043 -0.0171215066449858 0.0406925983108418 -0.0235452825263336 0.0112076797127413 0.0388706607532017 -0.0215046736578381
TR03 0.0724710365596932 0.00136478328728964 0.0575816447723084 -0.00915849805919603 0.0914280066237282 0.0725305683430453 0.0549721921348729
TR04 0.10824456576311 -0.0395717603737283 0.000236137367069085 0.148082023666223 0.0642099796136386 0.0439104874391693 0.039836895269018
TR05 9.65139000699171e-05 0.0358244138791046 0.124506846965405 0.00911834978251897 -0.0953688611638539 0.0581316341564705 0.0989861742731909
TR07 -0.0050212841366631 0.0119756592523142 0.0233581356311576 -0.109571813342139 -0.0964770159610383 0.0112068239478741 0.044335336625504
TR08 -0.00915176270702101 -0.0839827555978743 0.00351156219787344 -0.0510391681487493 0.0155200930487078 0.0716686561900245 0.0857124863472657
TR09 0.135279086813145 0.00782990790474247 0.00225994671665019 0.00819292155224535 0.0289502005355138 0.036035199813581 0.0769288995570697
TR10 0.07334989685901 -0.0350708537712169 0.0940806776631505 -0.113650910446696 -0.0313198910977156 -0.0161730065383026 0.0697636419347032
TR11 0.0751937319257636 -0.0130834268990632 0.0469793737670255 -0.0293567354838067 -0.047013150141887 0.0318345928168592 -0.0221969980856621
TR12 0.0204416240776914 -0.0288305544614069 -0.00201384828423703 0.00581900783662908 0.131306659937882 -0.0377723896017601 0.0397264887156554
TR13 -0.0232783371904993 -0.0110437541061722 0.0833975338542763 0.126662252043156 0.169618297434859 -0.0898970838101399 -0.0652601607326634
TR14 -0.229264526282501 0.0073403144562136 -0.109168462344397 -0.0158869537230963 0.118060272568333 -0.00124284518141559 -0.0863419573173694
TR15 -0.0334349984904811 -0.06389323514305 -0.0283763222493691 -0.0849350338371615 -0.0971470931465475 -0.0654804858334926 0.0530244471756243
TR16 -0.00228967987055251 -0.112094369289939 -0.124075487454916 0.0648072368678253 -0.0480672235383539 0.0443343884602761 0.0328135595880314
TR17 -0.0109526086625941 0.00328158636086514 -0.072760764557135 -0.0474408803052241 -0.0281136658689167 0.168859771631556 -0.117877521960603
