sample MDS1 MDS2 MDS3 MDS4 MDS5 MDS6 MDS7
AN03 -0.0114262211236138 0.0349457661408206 -0.0170603666904035 0.0351133923991028 -0.0547086370095804 -0.0314538319427196 0.0191412606182131
AN04 -0.0420149446480628 -0.041746964740406 -0.00156027675406543 0.0256818402420922 -0.0202952158566496 -0.0327313213217771 -0.0937853220680121
CS01 -0.0631906305822583 -0.0430128322338607 -0.0927022865602277 0.168747469262972 -0.00191684028846445 0.00424672266137092 -0.057972794286716
CS02 -0.0821792079560302 0.0438645881104622 0.0664360296489365 -0.0747366298524641 0.042916720895368 -0.0490092479786861 -0.0451882093908986
CS03 -0.0466397114627325 0.00819885950516397 -0.0117563933467807 -0.0503131477321559 -0.00221619561997793 -0.0175146825701871 -0.146166417239551
CS04 -0.0384393983765179 0.0180606095728282 -0.0685411038730528 0.0357204387002188 0.0377125417368123 -0.126329410669411 0.0516391466235658
CS05 0.0329067504086742 0.0713689187319695 -0.14856292896475 0.0875720278282748 -0.00940430546132831 -0.0174766460401836 0.0470065351330454
CS07 0.0600308666898404 0.129995887437692 -0.118766712409775 -0.103210716483672 -0.0425157470057946 0.0116851162307335 0.0720043888002869
CS08 -0.0641104433875253 -0.0316445761714174 -0.109388150780261 -0.0246762951148943 -0.0180720516439966 -0.0638395512959638 -0.0452943287272444
CS09 -0.0724076715694803 -0.075612948433359 0.0218652221541877 0.127122276506406 -0.0385958332535559 0.0431925454324047 0.119641943311691
CS10 -0.00230163042291968 0.0368554162611576 0.0507282946123856 -0.0940268556577837 0.0511616749720153 0.0228965232136794 -0.00220868278544524
CS11 -0.090644798761791 0.0146069229417641 0.0647358598165046 -0.0899887178808815 -0.0505721526038405 -0.00637174980259886 0.0289491034564694
CS12 0.0477955639213279 0.0190346267212223 0.015640537285588 -0.0564003668369888 -0.0940687198518951 -0.0187980610540284 0.00664240923151024
CS13 -0.00193754101569416 0.000907993088711424 0.0773446173452003 -0.118270017374616 0.0642840867058301 -0.108781314532882 -0.00634539441460899
CS14 -0.0212436348950719 0.0308355033910278 0.00973854668838378 0.0309914517422867 -0.0170701601181434 0.034009550999345 0.0125087632939103
CS15 -0.0617899614176377 0.0678104963043136 -0.0100477436955523 0.00526004375007784 0.00181166637402438 -0.099809055401453 -0.0976928343354588
CS16 -0.0527087883741518 0.115275754805799 0.0629561240662626 0.0124684850429326 -0.13233552711863 0.00347462012484859 -0.0196500755024246
CS17 -0.124791866708853 -0.0157971867605288 -0.0353976280388116 0.0845790555042291 0.0590944450342584 0.0558474075928776 0.0526758226236591
CS18 -0.0215012699277404 0.109564016247768 0.0332509648264494 0.0871495580147895 -0.0335980091086461 -0.0334448228364657 -0.021529793009034
DK01 -0.0469509689640294 3.42714152184444e-05 0.0713377551968972 0.0214898087802501 -0.0154960770513734 -0.0283170449647585 0.113397514095398
DK02 0.0524645716013457 0.0432752980881154 -0.0133152115719211 0.0591195576593728 0.0850227753370927 0.0442627021275846 0.0911590279051732
DK03 0.0698729592971155 0.136587349067836 -0.0658621503242425 -0.0123522881218378 0.0479356025541984 -0.00229120974021163 -0.062302982547594
DK04 -0.0595325706444344 0.106294741927752 0.0174137778562521 0.120533755646273 0.0211481564937621 -0.121508656919728 -0.028225001461354
DK06 0.00578715635048444 -0.059568501263618 0.0654285611798439 0.0559321482754834 -0.00777280900480318 0.0804204723351456 -0.0348881078710524
DK07 0.0713206154455166 0.00763953700818207 0.162313420160147 -0.0171079303356425 0.0453741021440497 0.0142839791884852 -0.0406038345842774
DK09 -0.0327261293988376 0.0207028366321079 0.0348303632625827 -0.0648154765119101 0.0405993528599163 -0.0292437735472447 -0.0119695293263519
DK10 0.221085779875226 -0.011416431871567 0.0289517290921691 -0.0112401180716791 0.115225040933691 -0.0287518595913467 0.0222127636277606
DK11 -0.071599242218757 0.0494081919300268 0.0800587073578214 0.0681080983898671 -0.0976024487739293 -0.0649956568736217 0.0647567337647835
DK12 -0.0695411141552339 -0.00872706166443137 -0.00102346130497128 0.0552743089831791 -0.0688276620651198 -0.0242757715473678 -0.0463608887335248
DK13 -0.0151849733415651 0.0229061712395207 0.0117736316785645 0.0260938344626463 -0.0348979911790229 0.0793559194735166 0.0204173479795695
DK14 0.105069259543451 -0.0126011690035667 0.0214193974258183 0.0328153695417134 -0.089560418112884 0.0638385992979255 0.0959167033959848
DK15 -0.128987631127646 0.0683166876629419 -0.025739661327938 -0.0311577627135491 -0.00322398842725779 -0.0707924805366301 -0.0702437523225282
DK16 0.00811015478166942 0.0559192452419663 0.0109053333916474 0.0685084583608838 -0.0304376915907322 0.0757471086882796 0.0599378350859764
DK17 0.0333065963955098 0.0566997602041607 0.0646198528544774 -0.00931390994726808 0.0377808526548157 -0.015522328461384 0.139151947471056
DK20 -0.0598238105237279 -0.0303005761116367 0.112977211561158 0.0804683908010045 -0.0754247455760372 0.0451541963315013 0.0522447827945534
DK21 0.0121543406834915 0.108051251458514 0.0571555332610991 -0.0919456660292095 0.113972930687504 -0.0180603598945657 -0.0181982138372273
DK22 0.0497006239228291 -0.0307364842986738 0.169644962071242 -0.0959548699865882 -0.00824986367384834 -0.0748754023858002 -0.02691551842118
DK23 0.0495301641791771 0.104696799358974 0.0512460025636564 -0.0461557452732811 -0.0262722609489358 -0.0511861738394249 0.00208056003354022
DK24 0.0298756476624247 0.0342516841172077 -0.148894410673357 0.115656779970059 -0.132097484235251 -0.0254535220647747 0.0614764995307584
DK25 -0.0479329524099852 -0.00634279252751147 0.0328409076518445 0.0268597624044616 -0.0159945802021709 -0.0892808855356939 0.0253079062340912
DK26 0.120743651020681 -0.00296052816064188 -0.0586635943906162 -0.0426718057446774 -0.06710691997476 -0.00739374721556717 0.0807613759263591
DK27 0.0725377779786977 0.160340933447374 -0.0136831226565845 0.0151564680508876 0.0620429519842081 0.0132619602407001 -0.0520128379167943
DK28 0.147598614103358 -0.0641360845314518 0.102169396534092 -0.0633476557444566 0.0176425563708307 -0.0871506515986274 0.0601512117862079
DK29 -0.109550457339341 0.00566384651989318 -0.0313610946245242 0.141779666129863 -0.0161025703976489 -0.041708246002548 0.0777499629318512
DK30 0.16637209327773 -0.00808911749934712 0.113744159763803 0.141398023727922 -0.0233112126166686 0.0914774509633714 -0.027580017090451
DK31 -0.0446666537226491 0.124924480507477 -0.0667516156790455 -0.0446589961181549 -0.0395919141059412 0.0305523295557483 -0.105044356770087
DK32 -0.0369224464948288 0.0276678308424355 0.021984232966691 0.0980951675930568 0.0237056250204174 0.00353478136144504 0.129510126111126
DK33 0.0880541144915561 0.095658327904058 -0.0648469082504096 0.158111619339625 -0.0757658658127056 -0.0201739002883181 -0.00837312526135447
DK34 0.0196073508406904 0.119940611593254 -0.0182124991485739 -0.0976258341219449 0.00883298033510908 -0.0956899270635526 0.100143465175596
DK35 -0.0562601790546539 0.143482815785244 -0.0374055136540541 0.0252982974773008 -0.0213413584174513 -0.0761802778050769 -0.0381223767351425
DK36 -0.0770369622075948 0.0663577383189493 -0.0567908810064436 0.0313166572700496 -0.0289903552138725 0.0272484180664861 0.0130017351965153
DK37 0.005255060849254 -0.0447077458490408 0.07314631622507 0.0640553238850146 -0.00883419825553737 -0.280609369974544 -0.264076207106046
DK38 0.0180834536865407 0.0629597858816529 0.11800758902699 0.0602600226725531 -0.186081419977285 -0.0587140467837425 -0.0582956190013167
DK39 0.0160953615942779 0.123695281591405 -0.0545264262672017 0.0194347752420795 0.0109541542697422 0.0434618633691986 0.0168473202679632
FR01 0.0988802750795759 -0.0876895785037313 0.126420841978656 0.12742729689774 0.134874912298815 0.0839451196085209 -0.00484966871614072
FR02 -0.0361883269615596 -0.0437972229162486 0.0268270977531456 -0.0212775999148919 -0.0519602659008826 -0.0109709631439059 -0.0774875784557977
FR03 -0.00477780636891184 0.0745308640793985 0.0287601957039969 -0.00758758045778234 0.142765247255146 0.0457414062325415 0.0496724689218379
FR04 0.0626197854949432 -0.0142333977224326 -0.203111271108126 0.082257357571357 -0.0400682979175168 -0.062390019686905 0.0358103298629184
FR05 0.105393236056901 -0.0746357507594121 -0.108796190398449 -0.189220317723961 -0.0345346695075601 0.0624890976923758 0.00154459696345395
FR06 -0.0552809379085591 -0.0294784720004318 -0.144805654876719 -0.0855966851028868 0.0626263886737076 -0.0582587503669046 0.0613293780114953
FR07 0.131025714542112 -0.00293447056110097 -0.207325638416025 -0.0683578602505877 0.0347476400081778 -0.0349240087107407 0.012463098478894
FR08 -0.0366298698579386 0.0445371958425305 0.0219977780005233 0.0305243292569222 -0.181266205349865 0.000107338526463622 0.0357939243801328
FR10 0.0429415181543319 -0.0262802952257451 0.0723823547513811 -0.0695285694320438 0.0714170107305986 0.0610536274228798 -0.104620278592554
FR12 -0.00830242340986268 -0.0787759164682048 -0.0524666874124936 0.0744019492927057 -0.000599233376149388 0.00902269464439227 -0.0932023910394157
FR13 0.0508902641146725 0.110148788471789 -0.145758225573555 -0.105598961837493 -0.0814327461730485 0.0910750301418286 -0.127103832251923
FR15 -0.079887440308928 0.0554920805506387 -0.0358495889338059 -0.0579849545751689 0.0701776055840585 0.0184644331647299 -0.0122383504275903
FR16 0.185216883825208 0.0404976748680182 -0.0388244948056401 0.0164183911688558 -0.0175963847162925 0.00646256120185775 0.043741291215891
FR17 -0.0390157875673742 0.0361810059770917 -0.0460895704894022 -0.0936197049217335 0.0171686394701667 0.00573873945646843 0.0715298700931198
FR19 0.0646465263347432 -0.0125564727485231 0.168113545085623 -0.00912801027675078 -0.0346262414139307 -0.0240142365997006 0.0906940318489211
FR20 -0.141309171686739 -0.0469749300350952 0.0189281578977859 0.0217837479802779 -0.0216579296427612 0.014183223627054 0.0849237655095317
FY02 -0.0643379535357102 0.0607575374581183 0.00768719761310143 0.0184112793138367 -0.00971649341059531 0.0458312958187688 -0.00484666539153135
FY03 0.0674923273334481 0.0217339628594238 0.0854811165792316 0.0126371757620977 -0.0588245811627651 -0.0538429773151858 -0.036761675030239
FY04 0.0492656836386916 -0.121859614956967 -0.0850530786618908 0.118474543176789 0.0284324864718869 -0.0152118204759787 -0.0755627793913055
FY05 0.012076366480276 -0.0923887603605683 0.0889439260289019 -0.0626828674064393 0.0450307696552717 -0.0894670727148686 0.0525767959010935
FY06 0.0263032296657169 -0.10450135935943 0.0424255176726203 -0.0739545099375759 -0.0521316293106582 0.00281895166329655 0.0397720429208794
FY07 0.0518260751759137 -0.0338377099266885 -0.0493377615334971 0.0088734898997737 -0.161257825259619 -0.0339489216524658 0.0186082108612879
FY09 0.00284157483618896 -0.0310872975505007 0.0826227071259511 0.114936377083818 -0.00469543786400862 0.0209824729444548 -0.0580554682037124
FY10 -0.0318512876918495 -0.0747359626082283 0.0396361557771506 -0.0976062084401924 -0.105876395258845 0.00872051751463113 0.176115190551749
FY11 0.116537911758384 0.0577696491321173 -0.0156515176824062 0.0479512433974708 0.0379978736517637 0.0798026067192141 -0.0162256402725117
FY12 -0.0571005312810125 0.0805606374742669 4.9550251844898e-05 -0.0141778705927631 -0.068068818565666 0.0460837757483037 -0.153872611123219
FY13 0.0727171743134737 -0.127892152076483 -0.0492294959765294 -0.0670640255607213 0.173052676502526 0.00285791708667461 -0.0806274260138582
FY14 -0.0560374094368394 -0.022895447638265 0.0473497636347675 0.00197257790605308 -0.0835985431813793 0.00876714472060597 -0.121201120974258
FY15 -0.0975049396512839 0.0598300061420693 0.0122436699698023 0.0111231020253877 0.0846642959550558 -0.049022180132888 -0.0348169266367153
FY16 -0.00666782644611366 -0.0374215399062183 0.0430162837204104 -0.027496460252831 -0.0585175036329194 0.0671719120764281 -0.0599608229334804
FY17 -0.0448184959974463 -0.026512524812032 -0.0358459844964623 0.0506356514828433 0.0357879786797252 -0.112831261195781 0.034163755691992
HH01 -0.0831342894788709 -0.0827221488266016 -0.133832747139534 0.0278247763381128 0.0701618232545873 0.157792710001743 -0.104827209269069
HH02 0.1747509669528 0.011254994633607 -0.00646831264519612 0.0752517519957419 0.0419307789398121 0.125868426352188 -0.0556860524130278
HH03 0.0106685173132283 0.00147845225117885 -0.00264303046260472 0.0345469532836985 0.0696362935087711 0.0670625309024414 -0.051655839688165
HH04 0.0413892076455258 0.0791601547601977 -0.0966362394918575 -0.0611472337468761 0.0648421442130216 -0.0110381283819088 0.00493842398150018
HH05 -0.0395705377448744 -0.00327137546964916 -0.00562616488506049 -0.0436091706623297 0.0646856284631102 -0.0700102724174507 0.0925524304326054
HH07 0.0181563899299079 -0.0188251021871207 -0.0639435192211157 -0.0718673901925146 -0.0667481260837267 0.0208016275090602 -0.00888351846435143
HH08 0.0694564803267272 -0.0120402686097349 -0.049837727530974 0.00529224843176962 -0.0133460666491007 -0.0365406761956152 -0.0133597691522697
HH09 -0.0606338138781616 0.00843089243629034 0.0446204832131911 -0.0334843206236216 0.0483456504440105 0.0539529853991956 -0.0491479503107762
HH10 0.0832988507368464 0.0610656441518763 0.125729067927211 0.143095148012524 0.0649502370446315 0.0275769443946398 0.031530493793248
HH11 0.0554771284498427 -0.0341296930978776 -0.0707379833473896 0.00229539878820788 0.0606236208124459 0.0316432391582209 0.14063655167072
HH12 0.0144836123905641 0.0231948710666386 0.0365692136441315 -0.012622903661193 0.12473943249988 -0.0849078734605245 0.0251917863770623
HH13 0.0271356430423176 -0.0804120746999602 0.0136471342411384 -0.0218556155444355 -0.0346423078814495 0.0390754219314432 0.121438827140285
HH16 0.0125710266266471 -0.0220030456785738 0.115868322891432 0.00123643371230673 -0.0573025557005893 0.022843920242938 -0.0352941446464652
HH18 0.0415641726350741 0.0982213576341892 -0.104077586308699 -0.00953102720522792 -0.036871458550175 0.0032036991595755 0.0670048201802069
JB02 0.0490987717166653 0.0695156716037291 0.00104704121311231 0.0894669778282375 0.0991105867690318 0.128344121211402 -0.164849712185935
JB03 0.0246046364676118 -0.0958439550323287 -0.120526698832291 -0.0321043208850596 -0.0904028402000567 -0.0937162038612643 0.0405384257543705
JB04 0.0669331073846107 -0.0660518503626475 0.0769832311284676 -0.0569900090944299 -0.0462202949049055 -0.0220801804940054 -0.0264852947402088
JB05 0.0592380130751737 -0.0738577210063711 0.0947714249985655 0.137431085556536 0.170731916912626 -5.80506563084028e-05 -0.0864105157465565
JB07 -0.0150618461194807 0.0421532473557313 -0.0168845663640691 -0.0151201569107693 -0.0483530762085201 -0.0638715695631828 0.00915537800096122
JB10 0.114699494060398 -0.031284671987832 -0.0350688978332081 -0.0319520212280497 -0.0662038004322703 -0.0296413144812319 -0.00778129229114372
JB13 -0.0555734365060492 0.0697889492489591 0.0596960874320984 -0.0647211383850707 -0.0193613085137015 -0.0987066567372601 0.0133149578594157
JB15 -0.0726191632144232 -0.164871106963654 -0.0602855492561954 -0.0264292184438373 0.0736889967029398 -0.0435579393132638 -0.00648449363843629
JB16 -0.0839606698342984 -0.00203961949582178 -0.0261800503155632 -0.0299808544818068 -0.0110454091667934 0.0281514598645252 -0.0913888934274629
JB17 0.0950841708529001 -0.141225325627547 -0.0938269394127201 -0.0611795222640064 -0.0402060358071505 0.0681056636749744 -0.0368794524463281
NB01 -0.0141251950801406 -0.0394701807068436 -0.0100614725471036 0.04814510676971 0.0739396252717444 -0.0260475798338085 0.00934821275701951
NB02 -0.0681975886460693 0.0201835846604985 0.0388273205927657 -0.0410921447597009 0.0270607667057648 -0.188303246113031 0.0642813971688544
NB03 0.0277768896506952 0.0478048831490853 -0.0418670551784053 -0.0771291872543326 -0.0778821969397612 -0.00275721521559032 -0.0854578797626496
NB04 0.0177935762335091 -0.0139784566384209 -0.0348978777959156 -0.0177212018649598 0.0147182814251045 0.054483354629356 0.0546842222511198
NB05 -0.0857633887033558 0.0611751352508105 0.121440908523785 -0.0992763776443623 -0.0356597040543468 -0.0125165327868665 0.0462400074765985
NB06 -0.00582050401793585 0.0659433059125549 -0.0238550165863689 -0.0906476730384216 0.0855687781119128 -0.0501015611715645 0.0408017636622925
NB07 0.106527699668901 0.047355190414251 -0.0384073045083647 -0.0580223873819125 0.0548764845360604 -0.0392714939412818 0.0424014124028507
NB10 0.210734158720132 -0.0100854193458876 0.00945146983560311 -0.0564372816491084 -0.0663481579610361 0.0983649684072771 -0.0017860355255385
NB11 -0.0292959295902302 0.0237837411605374 0.0690791451686798 -0.116192734542885 -0.0541964773048761 -0.0798850576396374 -0.0550578929211936
NB12 0.0173339593776297 0.0723393743900546 -0.00253911399472297 0.0835049789810266 0.0634430126043913 0.0221101086269502 0.103022745619303
NB13 0.00750694075358706 0.0702726852261603 -0.104405848332442 0.0104540551783356 -0.0569571952945034 -0.0823459545868827 0.077108658232789
NB14 -0.0271861808425253 0.155666210111764 0.0877420724389635 0.0798841163499929 0.0506925715564114 -0.0646705632105828 -0.027311923699373
NB15 -0.0653284265363885 0.0202477648506338 0.048574962813352 0.000843524198486676 -0.0385292920755597 -0.0123614778243345 0.0861266638561226
NB16 -0.117144699401682 -0.0058500042432001 0.0104699465363075 0.0646432615205477 -0.082513440299482 0.031312054556984 0.0511251151308743
NB17 -0.0013631377819171 -0.047698328552451 0.0583547692972001 -0.0560941198039485 -0.0218002664571682 -0.044912997058576 0.0513902686292471
PA01 -0.0487149464355174 -0.10178522251641 -0.0962106794257671 0.0479698025364428 -0.0337810886366105 -0.106145023411735 0.0287690415170488
PA02 0.0311781140576019 -0.132183501986049 -0.0671680748081347 0.0930252420344892 -0.00388130504591214 -0.00188973692002391 -0.0749079698549281
PA03 -0.041874688869745 -0.00597950899978459 -0.0386715721883338 0.102995049493118 0.0546046744449568 0.0187756534504996 0.100028914246505
PA04 -0.0623790741059546 -0.0244068538811612 -0.0242776572528839 -0.103243078511237 0.0813310047760492 -0.0171412509403048 -0.0202107508541919
PA05 -0.0787759126998643 0.0445225588557779 -0.0397237819003081 0.0560576855433114 0.0925475735366922 0.0927020142071311 -0.0643551384858122
PA07 0.0953100446409011 0.0629815188810634 0.0952608062729984 -0.0503361105685839 0.00349904128029503 -0.0116947978148295 -0.0458294043493003
PA09 0.0710024994146828 -0.0442699067797778 -0.0376352249017054 0.000409144141423952 -0.151035884228997 0.137889928156536 -0.000633914483296586
PA10 -0.0430202811994641 -0.0147439249564168 -0.106643614347811 0.0500598618848614 0.0589918994282045 -0.0875043864389807 0.0450140880305201
PA11 0.156285715365742 0.00517972848482371 -0.0614167055174182 0.02281520500546 0.086039542551921 -0.0860776033198598 0.0887235160640188
PA12 -0.0172457747216481 0.0304223860097711 -0.0516755171663723 -0.0627048310296891 0.0256225038629051 -0.108047657489546 0.125865225965696
PA13 -0.0123517629471952 -0.0255415098836153 -0.000700572506385473 -0.137902643795509 0.0858636156318128 0.0524640935143206 0.0134776229640657
PA14 -0.100877418171384 0.0228918738466004 0.00447750419006907 -0.132179859468347 0.0114664049711677 0.104246603644039 0.00829168527797001
PA15 0.0131234001957902 0.0326350866182948 0.0893502747504488 0.157170855034827 0.0778553408841557 0.0556967180245945 -0.0432192328152007
PA17 -0.0279630061015872 0.0316348670232187 0.00446990516500442 0.00153054208310548 0.052529113145085 0.0685987111512667 0.0993602815096524
PA18 0.073699359519244 -0.0556969979348323 0.0694862729580346 0.107208571222126 -0.0793156887685841 0.0479064598251656 -0.0244779983307901
PA19 0.111970886171836 0.145543481012413 -0.00719859966875942 -0.0121241325211985 0.0255876637359851 -0.116308060635455 -0.0352370624755241
PA20 -0.0664037453682617 0.0565028322884958 -0.0398146318160478 -0.0533391844575302 -0.0289033556106782 -0.0513014129285022 -0.0387640941462122
PA21 -0.0281436891552088 0.0922130619370107 0.0445413876746861 -0.0592693737588592 -0.00857636623066465 0.087794249271195 -0.0205898224600286
PA22 -0.0220803077058502 0.0738747722711639 -0.0925835634777488 -0.0510161314845315 -0.084493662639132 0.0718815626308588 -0.0365844028331267
PA23 0.0110805208161984 0.0130556248079963 0.0343100302237537 0.0776763356902638 0.0296752757436343 0.046437970890739 -0.0131419091350531
PA24 0.0135902996816083 0.10729014329917 0.0847233102406844 0.0431479180982422 0.096079060088151 -0.102401978311527 0.00730788128167498
PA25 0.0121880582839816 -0.000452553730636979 -0.0065340694070644 -0.0920159258510306 0.131652745699363 0.0320888873097699 0.0598366633741822
PA26 0.00165794013115223 0.00616774417145972 -0.0453492229170994 -0.06476679331602 -0.060410735994777 0.0588038113331143 -0.1294164057589
PA27 0.116886252318931 0.0326184692249739 0.0269561184416112 -0.0398625614695721 0.0501826386389141 0.0923145456088006 -0.0489173178050855
RB01 -0.0627054266718798 -0.112170626123504 0.0566989695011419 -0.0312367036944833 0.174470245751106 -0.0221063640945887 0.0128759210080578
RB02 0.101141472704934 0.0213169625100338 0.0377645706224128 -0.0764047515197437 0.0600002711115969 0.153505005098593 -0.0655287126425615
RB03 -0.0422120350820177 -0.0766461504560269 -0.0466107915692877 -0.0178448633033775 0.114550147918021 0.110847887545819 -1.66342989411953e-05
RB04 -0.0449038899413502 -0.107225043880999 -0.0220368546868436 -0.0170418880914637 0.0430430630645631 0.0100428614786458 -0.113243717756918
RB05 -0.0233381046668083 -0.050154805393299 -0.0284157806244173 -0.0243448309646336 -0.0138079453538928 0.103991982206244 -0.0419090614899184
RB06 -0.00750593904802347 -0.143752789393632 0.054612971072352 -0.053812859582535 -0.128701125251382 -0.0180972309303891 0.00215974183613074
RB07 -0.0291196425155663 0.0624330196224573 0.0426311265650812 0.0775971776940702 -0.0163625244767785 0.0179074059009882 -0.0616812412767355
RB08 -0.0768882646933993 -0.0484647763971269 -0.0427708855485618 0.129422420098344 -0.0693447469019718 0.0693944434958772 0.074881342740601
RB09 -0.057143135184964 -0.00776588839404744 -0.0756915868245953 -0.0376220468162892 -0.146668661641734 0.0663729198134968 -0.0571392234047192
RB10 -0.0118549617712315 -0.052486239711285 0.17885634672304 -0.0976843753778146 -0.0489930973720716 0.0813162672147169 0.0573381904721786
RB12 -0.0368181070125874 -0.0439981952119154 0.186658452255476 0.0716503224208615 0.0290966412621798 0.0710314166236396 -0.0113166328441093
RB13 -0.0647759156807372 -0.0900547391852336 0.00231722014679054 0.00364986608991691 -0.108463536460811 0.0868822601991302 -0.00138351862449384
RB14 -0.0308446744371675 0.0269974315922508 0.0091450144507627 0.0275718575766219 0.016089724378755 -0.00961282283044371 -0.0483618460451199
RB15 0.0398089715055999 -0.00253972864190426 0.00881708046358373 0.0315346176320342 -0.13670452493256 0.0695729497151781 0.0707013019904386
RB16 -0.0582342114743119 -0.0934743487171482 0.0881204595243902 -0.0837337736293885 0.0303018090413097 -0.0570960777435253 0.0368034806751849
RB17 0.0637894142341218 0.0415956992158316 -0.0831032491057988 0.0507865758174197 -0.134827792522755 0.00576356989362068 0.0168730379959508
RB19 -0.0589194265390553 -0.161167675013086 0.0180281143441501 0.0454554441076259 -0.0560131771994989 -0.0587887354219082 0.165206808513022
RB20 0.026049980463669 -0.05408892177828 0.019236113616877 0.0234090724303674 0.0488226157046371 -0.101255857963128 0.0796614508391521
RL01 0.150772192087134 -0.0127673634430976 0.0711535306186991 0.0420086476114227 -0.130673811894339 -0.00817547106621618 0.0544940239088182
RL02 -0.0157317964798642 -0.0690279573842732 0.0536432487857761 0.0839521073191433 -0.0378020034338882 -0.0200998504043543 -0.00775282889221138
RL03 -0.112408715551989 -0.0625581506133581 0.0381843285403107 0.029739601862214 -0.0333277905517958 -0.0668468379064275 0.0894657912659466
RL04 -0.0627699920640435 -0.0786111303269807 -0.0790342143622546 -0.053411046239541 0.0802022084920036 0.0285229030750269 -0.0404415984923427
RL06 -0.0826800896321299 -0.0658588402423691 -0.0123940389331459 -0.0438428307591904 0.0997768028793635 0.0164626361772992 -0.102026738946618
RL07 -0.0212502855210371 -0.059973410409138 -0.0844669358718028 -0.0199099814052459 -0.0418891833989929 -0.0216104271381431 -0.0281846566827501
RL10 -0.0362225645908387 -0.145020680396912 -0.0560126748479052 -0.0720787319120507 0.0956811734185239 -0.0644607801707112 0.0616460354993349
RL11 -0.0898516272480379 -0.136054203615671 0.00908455007292814 0.0893085056962901 0.0652721459487138 0.102151225888365 -0.087970770820156
RL12 0.0201737963632428 -0.0762981280612048 -0.0738947389664993 -0.0597706620714543 -0.0446280943907479 -0.00119943183638554 -0.119589638046739
RL13 0.0344832503942143 -0.153923736193372 -0.106317973687043 -0.0126103626783664 0.0823668884826786 -0.0762358489221072 0.0269662429400934
RL17 0.0168407940049436 -0.0258080047829732 0.0273575002260386 -0.0423095107429392 0.074882247143824 0.0824060306498201 -0.0114893658723162
RL20 0.00246998950564484 -0.0862280576170206 0.0392653874534065 -0.0751128412747208 -0.0405650761598809 0.0799464911478894 -0.0958045920028386
RL21 -0.0643714661069064 0.0169976119418931 -0.0766768519982582 0.00686378554670459 0.04341718205028 0.0422119843135013 -0.0220968912139845
RL22 0.0990175095044441 -0.142276861263426 0.0249639057341355 0.0343549748741367 -0.123630166155015 -0.356431770425424 -0.308429071887748
RL23 -0.0338088872345439 -0.164997873939081 -0.084657014734271 0.0593656203355361 0.0418809082019544 0.0229389748590535 -0.0037291893114403
TR01 -0.0342992803787908 -0.0276324376725563 0.0823043194672391 -0.0400922548898347 -0.0882939797844189 0.0341864109328285 -0.00375921797738912
TR02 -0.083259071775277 0.024957372275028 0.00535492502840072 -0.0314333268555251 -0.000724814322069912 0.0075485659164483 0.0951485294788169
TR03 -0.0835212676572079 0.0218779595440545 -0.0939024539524397 0.0115608456943502 0.0169188838427557 0.086767708254329 -0.0184991838175934
TR04 -0.0859651629588849 -0.00561759744547111 -0.018902699326249 0.145597844541372 -0.0157772402308141 0.0606603066986387 0.0309988665256959
TR05 -0.00149147311542028 0.102246470388023 -0.0165401981761799 -0.0513011244916674 -0.101474543326375 0.151828096039507 -0.0186603539461197
TR06 -0.0841685545149244 0.188443072301839 0.0246301621392842 -0.00309726148927783 0.0697463166298784 0.0196225681133731 -0.0919817736412883
TR07 -0.00936485329566528 -0.0105813085250657 0.0252463709207696 -0.14450202442609 -0.0685149466346641 0.0221143220472019 -0.0110081861732259
TR08 0.0200699711268761 -0.0294255780640688 -0.00412530691593948 -0.0588181181303151 0.000771357198995979 0.111450900712335 0.11548299137281
TR09 -0.118298591843455 -0.0357463112998246 -0.0420041654687957 0.00271990445741417 -0.00501989160782396 0.0518678192587602 0.0299624488723886
TR10 -0.0901300993373384 0.040953298943983 0.0253203293293 -0.137541176312248 0.0546384898600025 0.0701502402782113 -0.0220704296657427
TR11 -0.0692353107693766 0.0142364853070005 0.015656668388268 -0.0385977213978528 -0.0469140410469767 0.020484684098549 0.00558241729885396
TR12 -0.0247973973733443 -0.012680274520773 -0.0522725820852271 0.0345735332575117 0.128584921868413 0.00585691188538362 -0.020592718505302
TR13 0.00793801642984637 0.123554228734619 -0.036163533640681 0.173225448472375 0.144540209713283 -0.0495771857498298 0.0349926873814784
TR14 0.234818061926844 -0.063564953702459 -0.0886851843522991 0.0447739420961868 0.0593021503747147 -0.115774481656446 0.0375581159884374
TR15 0.0465879570699744 -0.022575167532576 0.13958892544666 -0.105050129696881 0.0493783545140437 0.0198373846900495 0.0950461330152773
TR16 0.0350027000338507 -0.121191949430693 0.0832585070074688 0.0569218363736987 -0.0280779844577019 0.0545891149615693 0.0216545587483915
