sample MDS1 MDS2 MDS3 MDS4 MDS5 MDS6 MDS7
AN03 -0.0142977418145287 0.0390584998407941 -0.0451256939664549 -0.00950694264986261 -0.0155200669470332 0.0111308823437453 -0.0153923378413515
CS01 0.0699106985010788 0.0314314571042346 0.0311409816059445 -0.143901976999323 0.0832566250620312 0.0205345089639757 -0.100045822834635
CS02 0.0532272817809675 0.00511345739571573 -0.0677243265158387 0.073379599516205 -0.0805400806246484 -0.0816180518612678 0.0105115399683153
CS03 0.028494292585072 0.0461090433315804 -0.0278868456955457 0.050405491592107 -0.0177532394756403 -0.0231272292449251 0.0460192056015083
CS04 0.0194040663024623 0.0386710788376362 -0.0339104522046604 0.00446353139710966 0.0264889321917609 -0.0567283262873409 -0.14417751648742
CS05 -0.0565595115304467 0.0972544429012274 -0.0634480731356395 -0.0739794689272149 0.111002183291868 0.00856186098308404 -0.0653615359203061
CS07 -0.0980432135861959 0.014280872678499 -0.111175916425142 0.0777961045563937 0.0976072824366389 0.103233108462007 0.00308223794175039
CS08 0.0115198063586315 0.381390375163088 -0.030113022681184 0.0394184690391037 -0.0755986135454869 -0.109354993910512 0.05626226546324
CS09 0.0898066587687602 0.0146464914207843 0.0469446880324099 -0.0990780486828639 -0.000369349743759982 0.0564750394248634 -0.0310899872131008
CS10 -0.0103429700113717 -0.0680459414567049 -0.0350607651815549 0.0755284390839562 -0.0221261636081707 -0.0161484144791309 0.0508298212530968
CS11 0.108444495426021 -0.0384363986401874 -0.0456550998813856 0.0708143395157351 -0.0356912344979159 0.0556731399149079 0.0146825884969382
CS12 -0.0553590173075966 0.027771226128436 -0.00393892102077757 0.0447078709983028 -0.0617949089025314 0.0645665221147376 -0.00797303164951564
CS13 -0.0136658877641711 -0.100562777012549 -0.00521531168443651 0.14036579163489 -0.0700469224844278 -0.0392057534694416 -0.0754091500222802
CS15 0.0190319789281901 0.0310355759594262 -0.0756843657758773 0.0222313614207911 -0.0156442159186445 -0.0259905028085227 -0.0976867167868507
CS17 0.114604843203634 0.0718827153915991 -0.0272786620773095 -0.0963032370102393 0.0724111146456891 -0.0637487447280813 0.0290762876774986
CS18 0.000265538776085616 -0.00033098755749029 -0.0978883902536575 -0.100031184240269 -0.0560693393208421 0.00976385031016839 -0.0395408666886659
DK01 0.0598364317747409 -0.0595344453914281 -0.0178128814096921 -0.00974505914389023 -0.0345713149221335 0.0341358937371392 -0.0535795365119316
DK02 -0.0502895820249048 -0.0352400673413595 -0.0282030545718461 -0.0654005074960502 0.0676733364928846 -0.0339086091265101 -0.0136970294459529
DK03 -0.119934333420127 -0.00252876337047024 -0.0977762551237283 0.0100458420526867 0.0697546004270417 -0.00672932210582802 -0.0145976281349819
DK04 0.0163232128289011 0.0768211220383764 -0.133018228322259 -0.0992009468580612 -0.0925219669484994 -0.116293683230258 -0.0675007081590163
DK05 -0.0645759353104915 0.527620846418241 -0.0551943556651221 -0.00462743964163359 -0.162482978550747 -0.10009039102004 0.106365381859299
DK06 0.0306310729325392 0.0500807247317704 0.0461478168350652 -0.0856214153238946 -0.0631669964429047 -0.0504204667485095 0.102720420335238
DK07 -0.0385658411100314 -0.0770781418869584 0.0197566730864343 -0.0146857340251719 -0.138712848913858 -0.0400224784593269 0.0586496925130414
DK08 -0.100336497836895 -0.0210196751492891 -0.000213308319334164 0.052368170485434 0.0101105496024265 -0.0540763780503545 -0.077366029958331
DK09 0.0257414486319804 -0.0233549339190415 -0.0252187906995971 0.059850257320894 -0.0323192363318193 -0.0221776110751369 -0.0236455461933772
DK10 -0.202716995085498 -0.0753047402419477 0.0789709932060019 0.015258845400738 -0.00238553848325622 -0.0821508915043297 0.0210029326288523
DK11 0.0731380547948422 0.0164666183192655 -0.0624998622966004 -0.060443394433908 -0.137748631357469 0.0613735924849994 -0.046035974897849
DK12 0.0612102884225594 0.0411344178557817 -0.00855619138140827 -0.0307312767059211 -0.0457184307136917 0.0353007589066048 -0.0346935001572618
DK13 0.0226695274358758 -0.0385468037653921 -0.021886045506497 -0.0472669548175379 0.005511709902291 0.0824219608473178 0.0436103338058214
DK14 -0.0668970026216859 -0.0376743134862622 0.0557978942305579 -0.0551865541183024 0.0115513402736267 0.166819227477016 0.0260295193336102
DK15 0.0880467242100926 0.0516396748058761 -0.101951130038057 0.0411896706688871 -0.0278068541563115 -0.0449394162508472 -0.0651490656901363
DK16 -0.0158180237367098 -0.0100873888958715 -0.0590709650220301 -0.0773527940465323 0.0100799344638003 0.0587972776159193 0.0256167006972944
DK17 -0.0340512697535147 -0.117511668702852 -0.0288869120216331 0.0164620804420064 0.00657863005593726 0.0430740064346713 -0.0691594734034472
DK19 0.0345864496243056 -0.0137398019544933 -0.0821082452883562 -0.0319087293494033 0.0614221379343411 0.0762518456646189 -0.00627222068278133
DK20 0.0851553535098787 0.0119705973932957 0.0118507680871395 -0.0842589245496799 -0.111895682699243 0.0636344508894147 0.0257916726441872
DK21 -0.0525047693690748 -0.0936157632119706 -0.0909033729381594 0.0847989192048378 -0.0241419450129382 -0.125137429926328 0.032544654990448
DK22 -0.0224731942547866 -0.081335745582091 0.0474958132067532 0.0866219538094254 -0.171882878421128 -0.0467379832179045 0.0129252365907012
DK23 -0.0682868420605528 -0.0623553098572581 -0.0808091225449371 0.0473794486376235 -0.0664622804706999 0.0266629521479708 -0.0240487994795219
DK24 -0.0567441129775467 0.103656930305299 -0.0224621345767959 -0.106402009816957 0.0810593414616684 0.156739970735991 -0.134528706457804
DK26 -0.126764385643698 0.0244816665591097 0.0405511414329182 0.0568919955564735 0.0140796339941402 0.127078795183125 -0.0260889419728963
DK27 -0.112627705150588 -0.00816917267876556 -0.128904475796934 -0.0492716762720189 0.00891858112292657 -0.0616267006341358 0.031535007933703
DK28 -0.135020691872375 -0.0391284567357237 0.1254482120818 0.0724539504682629 -0.104103392012535 -0.0202645275514189 -0.0524409142732538
DK29 0.0849516894810005 0.0173277895506315 -0.0386085641364838 -0.107185810199023 0.0497228513212942 0.0262549533675659 -0.114039878722927
DK30 -0.117911307881119 -0.0864357307303293 0.0808136328774058 -0.190640857165096 -0.070553512185115 0.0175134992068204 0.0769625446931064
DK31 -0.000427092437577449 0.0373522409031651 -0.136796959250481 0.012922112348255 0.0469317441877492 0.0266057353508946 0.0491464565921469
DK32 0.0356898413651496 -0.0683787026605138 -0.0226050955955755 -0.0735333718608108 0.0458029525828082 0.0269398556603939 -0.102577301435524
DK33 -0.106069012276215 0.0258245498730688 -0.0709513834559182 -0.162842408446323 0.0241818013447198 0.0791616242309714 -0.0525904417777971
DK34 -0.0667919370702755 -0.0652527253159861 -0.11257679836469 0.103233206721276 0.00809040932371156 0.0296868041011971 -0.0852414475036751
DK35 0.00439763514722101 0.0237108271122491 -0.151293349354626 -0.00904117672471776 -0.0177679920058527 0.0177185079604131 -0.0909128260744866
DK36 0.0558301304005386 -0.0258081714814933 -0.0789403703596009 -0.00969507478410086 0.0871765855297978 0.0684795819061924 -0.0245348392331228
DK37 0.0149405325426154 -0.00635486994957076 0.0362773820836858 -0.00274459499122237 -0.160346734281041 -0.120953116902777 -0.179401453801511
DK38 -0.00439468054845204 -0.00265419809260595 -0.0358818342704076 -0.0902547798905895 -0.210081132533256 0.0930459020619341 -0.0394771598816223
DK39 -0.0524473981261072 -0.0116165948853802 -0.111449042253684 -0.0337135819790717 0.0744116152379369 0.0181361027881022 0.0208141033444059
FR01 -0.0298026913813661 -0.152114524926349 0.122200233252837 -0.140499615612174 -0.00571281485685498 -0.0938065534803429 0.0453031188916004
FR02 0.0588786823424534 -0.0426110538393643 0.040492875141727 0.025386530326147 -0.0221745722388407 0.0412569972799883 -0.00426101584087272
FR03 -0.0210278787268093 -0.0958335234324445 -0.0699990371853524 -0.00772931271212561 0.0689847232717244 -0.0779086738236326 0.0278657457726513
FR04 -0.0784936488661162 0.0584872261470241 0.0380378256996818 -0.0480386511315901 0.164191257150237 0.0984384090680749 -0.17863056031253
FR05 -0.108504503690789 0.0689841501946018 0.0938065115983052 0.168394058233149 0.0652787445872701 0.0443897288340804 0.125922800415436
FR06 0.0338482467725273 0.0276948757605441 -0.00185361093412315 0.12555962996469 0.142346991907106 -0.0304105618135569 -0.0597388118368217
FR07 -0.159298598700039 0.120293583496532 0.0330167385703472 0.0776225351531504 0.131974103917795 -0.00871497280538173 -0.0363712381288202
FR08 0.0403794748639635 -0.0195802585062617 -0.0414142781205894 -0.0453025466734281 -0.0575118959865463 0.178495330234059 -0.0311060524272415
FR12 0.0366904956049496 0.0413845553632945 0.0632089294555672 -0.0565222772290653 0.0467415153892881 -0.0040231156472448 0.00848063810559532
FR13 -0.0829401758702191 0.0778090609564873 -0.0908317019827645 0.0603959877548504 0.0773518017068583 0.0743306133856796 0.112363912689093
FR15 0.0425095026435544 -0.0124592341877984 -0.0865426959171138 0.0765141367547364 0.0595900697122582 -0.0402702884786616 0.0160816114462754
FR16 -0.16668027656919 0.0324280688384244 0.0138821076917645 -0.0449249205998072 0.00867700316918707 0.0206490150576686 0.0292536852535154
FR17 0.0351218105517067 -0.0562651798651443 -0.0510840626063267 0.102086110378449 0.109597107271434 0.0376129384302103 -0.017223733553475
FR19 -0.0314461954079422 -0.0534712912821966 0.0341085724689748 -0.00362705307861857 -0.179589607152317 -0.00114216866923367 0.028657692597052
FR20 0.14047879177687 -0.0344171049236243 0.0186333397575429 0.0118622598627462 0.0255599381507135 0.0577183347769557 -0.0618476680973684
FY01 0.0197809546708351 -0.0534815584708764 -0.0258905361518806 0.0502327642219794 0.0994260792671219 -0.0137648946072526 0.00791516823636915
FY02 0.0668704927983845 -0.0620704024640775 -0.0713736426649808 -0.0302930609401563 0.0377868844975702 0.0353613592234239 0.0193104533768469
FY03 -0.0478649093435926 -0.0468796859329357 0.00962104828814838 -0.0119797051745804 -0.108758827722254 0.0750430120765224 -0.0446712638418261
FY04 -0.0265271596316275 0.120588759191437 0.131202105328989 -0.115017125256591 0.0263467970179973 -0.0887613305661158 0.010361414215656
FY05 0.0155200347521535 -0.0112403123216809 0.0837689677977213 0.0725391233577763 -0.0738008884482559 -0.102069712592157 -0.0190756818305193
FY06 0.00995172911072339 0.0167189554941929 0.0995316190475566 0.0656378297023729 -0.0609247344026347 0.0341612757797694 0.0415226117842335
FY07 -0.035318730700832 0.111754848135783 0.047346525949646 -0.032017924632696 -0.0568728600682726 0.133017094964786 -0.02665416087198
FY09 0.0251062659328366 -0.0466751882032597 0.0358883124850753 -0.137861091082036 -0.0346235408087319 0.00100610120316327 -0.00515281169057229
FY10 0.0600003817900857 -0.0284480683146891 0.0594704184727777 0.114216438350577 -0.0165358210981979 0.1175780797479 -0.000701183232102754
FY11 -0.0985730475920334 -0.0277611416620387 -0.0111991249201192 -0.0908979675491192 0.0387945453883788 -0.0084443106278013 0.0462876818259745
FY12 0.0482601595019755 0.0519809947727958 -0.0826715869448835 -0.0212402328480415 -0.06855466320072 0.0265351360143353 0.0678650225273184
FY13 -0.0401418095857173 -0.103439564645634 0.135184624790343 0.0805346943628674 0.135833656378781 -0.132031649201432 0.0170248185100737
FY14 0.0639826930435614 -0.0218977143215412 0.0169976714905748 -0.02567333308945 -0.042223710418759 0.0754984540596215 0.0135305315284701
FY15 0.0690302486201741 -0.0418433979166708 -0.0874779689314023 0.0103979925542251 0.0168161031766517 -0.0952432904627271 -0.0505938192636449
FY16 0.0309519201305812 -0.0632871221579957 0.047876715696602 0.0271314174020203 -0.033460298826842 0.0643283432553367 0.0492807430099553
FY17 0.0398696600734862 -0.0154975693961361 0.0201136873901127 -0.0060143829894566 0.0401964805136584 -0.0676613956811176 -0.143131081138915
FY18 -0.0400278175401169 -0.00164459802085372 -0.0268935551279547 0.0958721624634103 -0.0640770562142505 -0.0948497020466394 -0.0390050356707695
HH01 0.105054297249684 0.0693915123683183 0.0447411565153351 -0.0470123089149838 0.157412554781986 -0.0282579085369821 0.130259880467039
HH02 -0.172256316482988 -0.0356205452831074 0.0502773300980301 -0.0999293690887295 0.0303420680044475 -0.0128849761898713 0.0949417776824815
HH03 -0.00472358497464215 -0.024422098314127 -0.00385554876843471 -0.0496340443001076 0.0402558899040853 -0.0432001631953306 0.0601620130297913
HH04 -0.0818070968060647 -0.0410498797843632 -0.0585302894347781 0.0625161381854982 0.103290350968582 -0.00779247267527496 -0.0269817175996694
HH05 0.023626302046842 0.00911326897597771 -0.0234279948527516 0.07167842549194 0.0239191125127186 -0.0339330812027387 -0.0438719299671973
HH07 -0.0263243912689695 0.0944727022683364 0.0139578865116986 0.07325640892254 0.0137158291016666 0.0404521825909416 0.0375757945601342
HH08 -0.0688866240243197 0.0341581962418586 0.0456842312176494 -0.000802763161100682 0.00371701157781494 0.0216768423728963 -0.0364259836964857
HH09 0.0598095153237936 0.0120222104733516 -0.0437216583259365 0.00578751874083428 -0.00177419664966047 -0.0499979550620724 0.0736822875140336
HH10 -0.0593662271284127 -0.0597646063463174 -0.0300570711675137 -0.168171822501141 -0.0830700771077472 -0.0942798467129541 0.03788573590735
HH11 -0.0280282770114788 -0.0407804506695612 0.0381320867911385 -0.00103772832900908 0.127202438740897 0.000878318619241232 0.0165930926064505
HH12 -0.0112245226140141 -0.0185613450806539 -0.0216435673873705 0.0214533696343235 -0.0336979235813889 -0.114765637398471 -0.0480162368003577
HH13 -0.000894869225113613 -0.00628418057639852 0.0807140549944303 0.0163098878063142 -0.00345763852888037 0.0488423735720567 0.030087597727572
HH16 0.011298724226507 -0.0831907967253121 0.0396145874644979 -0.00412304755309639 -0.124292997787996 0.0357835753915182 0.0202409943279995
HH18 -0.0732372649994942 -0.00118678471078507 -0.0694730967978298 0.000732122640013061 0.0902825759504704 0.0768970169723597 -0.0514512486663458
JB02 -0.0520852561961299 -0.0600499121725119 -0.0527992667881992 -0.129443416521628 0.0463717159110475 -0.0802166246652523 0.133372166680024
JB03 -0.0132979593293898 0.0672166710709873 0.107644746913558 0.0443548425810321 0.0684755551836146 0.0797926384207002 -0.096355612502933
JB04 -0.0233501622689219 -0.051419339506805 0.0840613352250567 0.0513251398946555 -0.0720293279997661 0.0464299604506741 -0.00403382896224691
JB05 -0.0190235923543473 -0.0375358497828573 0.0824778450613777 -0.137319679171137 -0.0399702104610977 -0.171573224340502 -0.00334104843725169
JB07 0.00818671569011542 0.00903967475244532 -0.060028760362767 0.0270125160974835 -0.0203110361969176 0.0223205737487915 -0.0508292258921507
JB10 -0.0985806171634137 0.0164733409004798 0.073233867089344 0.0181984551944628 -0.0251479292810609 0.0507822447593309 -0.0146086683415832
JB13 0.0216531407761907 0.00997840081759913 -0.0853153972085541 0.0799006076159863 -0.0968758780572185 -0.0293285674619151 -0.0545943773228921
JB15 0.0975035508431907 0.036182346284906 0.133619569616492 0.0548306400471238 0.0805080569808573 -0.0699339015176041 -0.0608524636161808
JB16 0.0703430917387593 0.0483065863546373 -0.0202464352569076 0.0183592054638816 0.01680937061156 -0.0126545330613759 0.0334439518374841
JB17 -0.0377964425197761 0.0203332263233392 0.167136778048101 0.0443107505791376 0.0845243491361095 0.052115429368698 0.0499278321357488
NB01 0.0310727095782271 -0.0312026283587821 0.027557525644249 -0.0160838484307471 0.0434108204328415 -0.0492272499974246 -0.0401396778142003
NB02 0.0487940683974846 -0.0281885714707118 -0.0332900386239979 0.0975636904187487 -0.071310357201914 -0.056782343280979 -0.169895699858504
NB03 -0.0542398710474414 -0.0232684146046216 -0.0338303367518867 0.092632502360765 0.00114552216127706 0.10766967684168 0.00762311790142485
NB04 -0.00138247583185754 0.0199512280421674 0.0118474020183588 0.0117785705743769 0.0300851189964164 0.0219498705801275 0.055743842725081
NB05 0.0650699226868698 -0.0492766193284792 -0.0968456542848475 0.104699059676202 -0.127035334700705 0.0502145597865442 0.0214692191992914
NB06 -0.0101955222621182 -0.0686537982770453 -0.0651461342726499 0.0985169471374568 0.0618316814007472 0.00307089786414677 -0.0605750176207824
NB07 -0.129862612833922 -0.0129944696663368 -0.0135129750977667 0.0669948847760211 0.0218919050588879 -0.0111021608969391 -0.0288116042882271
NB10 -0.173329652586815 -0.0474669825933758 0.0843276818194249 -0.00227244354161056 0.0114835994849061 0.113456675456224 0.112268981555304
NB11 0.00127810595900937 0.030684483750204 -0.0329448621728009 0.111358756531998 -0.142519879545044 -0.00245611467015265 -0.00649107251859347
NB12 -0.030508055080843 -0.0510741356424801 -0.0750354597509751 -0.068140233220013 0.069934599728247 -0.0121124224801746 0.0155737154371258
NB13 -0.0390664657458846 0.0154599657994433 -0.059810579140261 0.00865610867775053 0.0836905066117165 0.0974498044548061 -0.122842879998194
NB14 -0.00687776732343018 -0.0768623145528459 -0.15498693811772 -0.073510282613013 -0.0734278336039091 -0.0581123460940863 -0.0434839165334293
NB15 0.0503269780917136 -0.0305323205924846 -0.0314111123525282 0.0232581093686496 -0.0340198014484436 0.0653301990289756 -0.0558132272153474
NB16 0.131101488153864 0.023614381119999 -0.0323057030587665 -0.0618931452120841 -0.0118668761628732 0.076007367466394 -0.0161669439468282
NB17 0.0123709680751554 -0.0145971615947761 0.0466873928883564 0.0545085604782251 -0.0693034134072999 0.00730286547907771 -0.0228272061231512
PA01 0.0504607563238408 0.121915043203849 0.0820657657703048 -0.00366085610043447 -0.000193890110721903 -0.00775044606261387 -0.131973824918211
PA02 0.00424937472528601 0.0220470018873058 0.132491078073574 -0.0839485737165586 0.0417992344294426 -0.0172513035150638 -0.0108568404835626
PA03 0.0544899227189028 0.0215155570400322 -0.0218608573330531 -0.0742401094453208 0.0622979398752329 -0.0424081040169268 -0.00825738485154748
PA04 0.0497367255210259 -0.0179233136340395 -0.000856179487516305 0.123230327148696 0.0382835938007188 -0.0561194588768822 -0.0144441344972439
PA05 0.0795477683711778 -0.0222339391221705 -0.0559207609558559 -0.0784864424910183 0.106331690136965 -0.0527135316808454 0.0291447561591413
PA07 -0.0945938074236952 -0.158388591337234 -0.00864857108499487 0.0322905725609027 -0.0520101772428818 0.0301569378679172 -0.00613023225580309
PA08 0.078931853864851 -0.00690239880869493 -0.0283230837534571 0.0424359322077416 -0.00987525558490592 -0.100262561021482 0.0940114962876114
PA09 -0.0485769195178773 0.0901234969367293 0.0593312384083652 -0.0183622918740183 -0.0294296506992253 0.182925210815849 0.107164995596661
PA10 0.0184907599046333 0.0679419688519044 -0.00906019342699723 0.00803541066780384 0.074734775307843 -0.0666574714991238 -0.104632451319868
PA11 -0.149608153481075 -0.0140788070774963 0.0418681408838667 -0.0183640778560813 0.0623423329202636 -0.068639315032123 -0.0974690226756237
PA12 -0.0128562484459056 0.0109730252992866 -0.0475427437439105 0.105202888249074 0.0324458779825851 -0.0492588740926029 -0.092947275567411
PA13 0.0191502395353741 0.00293553584027611 0.00843862062378282 0.115308418282172 0.0234893493375966 -0.0702814098256324 0.102333509068306
PA14 0.082852979078085 0.0244941242960078 -0.0549580229681952 0.0939962013980765 0.0227249896117343 0.0283504815754712 0.128141385209689
PA15 -0.00289408459846092 -0.059513610467822 -0.0304039916984153 -0.18930450797887 -0.0283885965137617 -0.0864002065575964 0.0490963170054538
PA17 0.0134429202627275 -0.0611415396271761 -0.0420425978337323 0.00771119726184842 0.0592081401132403 -0.00645251457467877 0.0394910614744967
PA18 -0.0355673742950402 -0.0109532124402418 0.0806073312199863 -0.137407092481559 -0.0901980423101834 0.0363276181037647 0.0546094742809512
PA19 -0.152482375471457 0.0572720480677234 -0.113330036906768 0.0118740303396049 -0.092500803736343 -0.0977774953649889 -0.035352592302629
PA20 0.0211340601273376 0.0514633978685057 -0.0782490790210576 0.0771180395036839 -0.0217652434053641 0.0400674050574681 -0.0540785341725299
PA21 0.00647465375770433 -0.0512827667615249 -0.0955051491728042 0.0576178893117667 -0.00766005606074674 0.032437405227851 0.117614273820751
PA22 0.00387519143569633 0.090125367345344 -0.0865131819847749 0.0100308121795391 0.0275161030807854 0.0807697063412231 0.0986994284817592
PA23 0.00887269675544932 -0.0619751369074868 -0.00956903535987284 -0.0618978402834208 0.0104940234973331 -0.0203659271859188 0.0418771220438669
PA24 -0.0442456020514342 0.0165084651205873 -0.116190241262635 -0.0453919679587457 -0.102286226344858 -0.176679212713592 -0.00217535458709563
PA25 -0.0112543721282708 -0.0305632500547883 -0.00463806560474006 0.0772064158898595 0.0752460888619542 -0.0572742295902907 0.0522781997439929
PA26 -0.00553409872136518 0.0357209808670035 -0.0092182982396704 0.0385680676895607 -0.00687591370666076 0.0568696374557645 0.0698120978285573
PA27 -0.0965570250536771 -0.0105043288517531 -0.0123950960288185 -0.0193319383185357 -0.00158132306546096 -0.0504843651001889 0.16188022273366
RB01 0.0772851159114766 -0.0653571990698211 0.0932808966444316 0.0592970626999109 0.0188774551188797 -0.160442074215539 -0.0148434133934236
RB02 -0.0763600976265753 -0.0278916422596588 0.00104021629901875 0.00731335723646492 -0.00252058775428025 -0.0417714768730564 0.217562236787687
RB03 0.0634385295103143 0.0248927850979791 0.0438525372113031 -0.00878220374720356 0.101756710221679 -0.138970790674253 0.143315716575398
RB04 0.0584907657233707 -0.00155381161771934 0.0824592434732222 0.014244526138773 0.0287664900061552 -0.080686498853163 0.0454611511939813
RB05 0.038537399329321 0.0255790309433075 0.028419785606179 0.00659308575081875 0.0540174126360898 0.0416470427252074 0.0978080579128973
RB06 0.0606917494492444 0.0240811970397432 0.137022218142072 0.0443973821548674 -0.0869367365255418 0.0742327240914046 0.0161414180871926
RB07 0.00216821094614676 -0.0340997817923802 -0.0509397321609841 -0.0851309078759262 -0.0641925541383517 -0.000300945043706959 -0.00150338725041466
RB08 0.0794588944949984 0.0376291385242695 0.0350523180402657 -0.117339312818333 0.0600675848168969 0.0715408432699196 -0.00984398283392634
RB09 0.0656001413282763 0.110954120249208 -0.0191350411474294 0.0040502045921227 0.0163090338848031 0.0943738337929584 0.0782299419673938
RB10 0.0366316286747187 -0.0455807208849336 0.0490877468138077 0.0544025020398894 -0.151067958810846 0.0570884120543095 0.102019692288763
RB12 0.0802202063536544 -0.135265242982295 0.0443944134851512 -0.0784418927041365 -0.0831304237938968 -0.00673883355228614 0.0601134328277001
RB13 0.0878574006664327 -0.0143054242068518 0.0698335233059046 -0.00198186848756882 0.013400393114721 0.113705093353301 0.0484944331727532
RB14 0.0111709209856415 -0.0168440982526792 -0.0279372776810776 -0.00830418378092042 -0.0188207884332575 -0.0308637774334576 -0.0250865608514132
RB15 -0.0282126401308331 0.0125453348542447 0.0230885273820031 -0.0412829785658663 -0.0555588557224792 0.16476043376179 0.0215285826198526
RB16 0.081052514898147 -0.0277457108940317 0.0699825777529561 0.0870027968513861 -0.0692556945508433 -0.0242994441153556 -0.0199075498893283
RB17 -0.0827730229991012 0.114940990416277 -0.0167464748180624 -0.0599508394178785 -0.0113442035468822 0.103647763702211 0.00360937785120722
RB19 0.102272751522879 -0.0579499208190524 0.145716345877484 0.0100817254099395 0.0216493944838807 0.104408966399139 -0.152456219775802
RL02 0.0542877442302025 -0.00741190942264183 0.0584663061280783 -0.0799349643584897 -0.0221967743609938 -0.0552224170472538 -0.0309962648658577
RL03 0.103392769868562 0.0206852131495812 0.0350949165723134 -9.23259385294805e-05 -0.0572284522750032 0.0271062445475707 -0.0936547336914894
RL04 0.0685589377703166 0.0265676585370099 0.0460853873740419 0.0777446770796288 0.110288058497973 -0.0817482761856435 0.0631823406761235
RL06 0.088607464824714 -0.0323440032625775 0.0308841230359571 0.0437028738018855 0.0538874337149298 -0.0948095338005942 0.038941269696089
RL07 0.0254000019354475 0.0823234963362338 0.0408130340881946 0.0246104619483617 0.0249600467135265 -0.00310120568589716 -0.00849532644800023
RL09 0.0454346070796047 -0.00370306323626842 -0.0325008125600024 -0.0278545539092625 0.0613613361837807 -0.0476070249945132 0.108016454014037
RL10 0.0611399133901102 -0.0264862690903915 0.130638955584918 0.101621712930246 0.0731468392403305 -0.0532448726601434 -0.0714163874394078
RL11 0.121946397945871 0.0472659102091267 0.0995241263756225 -0.100354169994653 0.0132995295055241 -0.0819177013042514 0.0988625837908774
RL12 -0.00201666917497484 0.11520158185279 0.0820618116862573 0.0337907515597924 -0.0236857273962589 -0.0258321008585317 0.0562877322204967
RL13 -0.0268207752998467 0.116030856598967 0.147876532145937 0.0427551054538522 0.0631544264013111 -0.114036903610644 -0.0702553416323377
RL15 0.144067149441787 0.0453016011722707 0.0732012665369048 -0.0862543636635623 -0.0219101559622394 -0.0370535808534258 -0.0251818554824003
RL17 0.00499115735540972 -0.0396030211712747 0.0264691831658382 0.000765498752254785 0.0114462866992221 -0.0628715273637893 0.106243225768581
RL18 -0.231138640815763 0.00109764417468241 0.0452391771958336 0.0144711635925319 -0.00792165884554841 -0.0505894509032889 -0.0376768054287343
RL20 0.0282079769296754 0.00822315661003636 0.0829299656809845 0.0627914942846699 -0.022576805511698 0.0277769807774276 0.120536560384182
RL22 -0.0386586501847019 0.114207783475011 0.139740660154715 -0.00223479544404061 -0.206084422529677 -0.0829688557282839 -0.199053974892177
RL23 0.0654605821536525 0.00547570475380699 0.147306295569838 -0.0270397801203844 0.114581083348914 -0.0554741582392576 -0.0189998267218283
TR01 0.0537518595526967 -0.0617541825658494 0.0385677021967427 0.0266649829802565 -0.0704165337232501 0.0833211256439032 0.021455311653829
TR02 0.0553515517197111 -0.020333156024618 -0.0326014182503573 0.0390644290069021 0.0256855911104694 0.0242875862292639 -0.0444446828993799
TR04 0.109127615118145 -0.021740244777951 -0.00455943942978439 -0.140606007325448 0.0604847599295793 0.0609914857844601 -0.0402335561950947
TR05 -0.0147619422374585 0.0337673149077765 -0.09586167219329 0.0158056456146647 0.0120584923724607 0.118614603347387 0.130568701329603
TR06 0.0265435069999574 -0.0400793559810355 -0.210872907835442 -0.00959889418744161 -0.00727748325592477 -0.0562125808446647 0.0448809320493201
TR08 0.00374626608513258 -0.0761296878795692 0.0316335911916165 0.0303928216687989 0.0577756033119745 0.0717817435909977 0.0726252516455301
TR09 0.125755569155429 0.0274198443076832 0.00255225843578597 -0.0033208880948504 0.0630490776296072 0.0266767332850341 0.0323183741038811
TR10 0.0700059837585481 -0.0309072875677636 -0.0696776874833382 0.104089535013167 0.0355626348182385 -0.020340748229592 0.1020636525009
TR11 0.0678647219026339 -0.00762920654623573 -0.0440827638418705 0.0454102744416549 -0.0118159761997024 0.0626935620361368 0.0161813018878401
TR12 0.020244454184151 -0.0192634155633959 -0.0042556640009874 -0.0372687250752734 0.108060538312054 -0.0662742700154455 -0.0151922540736758
TR13 -0.043078545799359 -0.0413338659298366 -0.10840087956028 -0.158762285040216 0.0759317092807004 -0.0814929349913627 -0.121686879185834
TR14 -0.223124072308677 -0.00667988308767024 0.132917017900383 -0.0249183274333369 0.0460075606107967 -0.060047308991833 -0.121125325608602
TR15 -0.0144186199581941 -0.0683778590587984 0.0342027337122062 0.0759040359622595 -0.101774281954875 -0.0215141083810478 0.0780433008900696
TR16 0.0272740262554868 -0.0871534089540723 0.133018277578622 -0.0725072867009919 -0.0295784273359847 0.0641965825845573 0.0172631570036149
TR17 -0.00788180639287228 0.0195053666212212 0.0783760609748552 0.0933678662305136 0.00669821656343663 0.122003329381345 -0.0987647155353569
