sample MDS1 MDS2 MDS3 MDS4 MDS5 MDS6 MDS7
AN03 -0.0060035679690611 -0.0532253896407008 0.0482998225616446 -0.0371903683805671 0.0106281019825503 -0.0349798067651106 -0.0783563712256643
AN04 0.0489100097487957 -0.00345908967462059 -0.0544557321063857 -0.0201300262549604 0.0162674588406767 -0.0494628612424544 -0.0661925158859131
CS01 0.0701783368055299 -0.0061695537142559 -0.0676887372561899 -0.104561000246067 -0.128291866394893 -0.0225039643113074 -0.0593884636577746
CS02 0.0630081898048857 -0.0261677820555172 0.0433631016457321 0.0525144979577795 0.102094039521451 0.102751761996971 -0.0291677905511472
CS03 0.0341804012850548 -0.0624809032437731 0.0194858388239921 0.0582785427098682 0.03178633663894 0.0146488719453073 -0.0459296934975659
CS05 -0.0396145531689868 -0.098625303534784 0.0427729071649454 -0.0418088769340494 -0.141241381816277 -0.03977213645265 -0.0324320927660671
CS07 -0.0672328171317391 -0.0344407620771491 0.127037799508341 0.107227320888229 -0.0607020846711254 -0.121359459804678 -0.00742506389665046
CS08 0.014218465997661 -0.392456355883199 -0.0291889829778413 -0.00867009275964292 0.0589908596724696 0.0930283703623855 0.00866180343023992
CS09 0.0746985019984091 0.0204379753156574 -0.0694257571469996 -0.109669352086663 -0.0343763000457001 -0.0448014376892599 -0.0196334509002628
CS10 0.000433300595459223 0.0539746612286263 0.0543257464214486 0.0795156610816958 0.0349999106459328 0.0451698016756026 0.0280375319270663
CS11 0.105018060984354 0.0439131639594201 0.0368793450848804 0.0470318462647731 0.0991198761142359 -0.048264047932606 0.0337472368574102
CS12 -0.0658869997602698 -0.0371717376238135 0.0335272307370358 0.00570632771457558 0.0881093107892239 -0.0549400466522883 -0.0102241763816477
CS13 -0.023665070806646 0.0867507848670875 0.00607615798059941 0.11258930607463 0.115851798678222 0.0505896440447578 -0.0947784709493623
CS14 0.0391804319202636 0.0241451750573925 0.0376930142990422 -0.0492940133758849 -0.0470500637577872 -0.0187664004008567 0.0714220055793608
CS15 0.0258671177357851 -0.0450740244715339 0.0631249949421347 -0.0123840436649411 0.0274185451033446 -0.0189007861558879 -0.134313103090534
CS16 0.0537896159348857 0.00611303813952387 0.125703690062351 -0.0691887317860983 0.0762944043363731 -0.0704508702803868 0.0175582110590388
CS17 0.120595711827598 -0.0589192998132312 -0.0175253268650876 -0.0465303641881513 -0.0902148169424521 0.0792064951671284 0.0511580502668848
CS18 0.0184333734816032 -0.00801859443163401 0.095818264412437 -0.12621815806204 -0.00258532966396847 0.0221437672617003 0.0374302333518209
DK01 0.0438859004707386 0.0796577308577274 0.0206534354555627 -0.0458310020826607 0.0553408099165328 -0.0224523133152496 -0.0214338194029366
DK02 -0.0459841522470816 0.0245963168448667 0.0257753561770654 -0.0253877474128067 -0.0890372740894516 0.0234736514301874 0.0092742992209906
DK03 -0.0941312258677684 -0.0121764788369965 0.109489548130351 0.0392143896495761 -0.0716533921633906 -0.00614397046282708 -0.0362794559547834
DK04 0.0314929791896295 -0.100621853261842 0.108935970557226 -0.143157278262305 0.00756588281703827 0.117424736068854 -0.0771670346655471
DK05 -0.0606692752992706 -0.538915859806798 0.00164394823037304 -0.0829633382082496 0.0955171915861995 0.102888925598633 0.074276201864788
DK06 0.00207368112527331 -0.0309647542228123 -0.031604714755128 -0.0906335746920034 0.0213852102733671 0.04509713830837 0.096187499022567
DK07 -0.0484462545484953 0.0724514926232508 0.0152241913603193 -0.0339254763931895 0.0888326013074844 0.0690484017743514 0.0735611151283653
DK08 -0.105232722171367 0.0128388449418327 0.00279288451935327 0.0678113345183014 0.0222850777131758 0.0631927768314227 -0.0986868001972267
DK09 0.0237626943896404 0.0214143517122364 0.00757336861260758 0.0493366718326719 0.0599556024911573 0.0323300791792678 0.00394771083697898
DK10 -0.221629979561775 0.0757690727068322 -0.023783384899675 0.0178615326987556 -0.0117583407066673 0.0544233012653509 -0.0420809136083277
DK11 0.0779892557739034 -0.0188701310499584 0.0573569342545246 -0.11801090501433 0.0878166466235697 -0.0465867086311115 -0.0346751841540467
DK12 0.0655212142955581 -0.0443142655156477 -0.00492167035590065 -0.0506901975201908 0.0191314189690964 -0.0430372517463665 -0.055477908325954
DK13 0.0338375183127353 0.0431820599627537 0.0255927565896254 -0.0155371944383247 -0.0342563255931469 -0.067821287078742 0.0592916943186566
DK14 -0.066607707858005 0.0526215347796701 -0.0163194346882007 -0.0623210200476467 -0.0170543765756171 -0.158470005673396 0.0737373530966328
DK15 0.100607265708803 -0.0663739035476952 0.0594881846381077 0.0195423952907912 0.0477770456094464 0.0381973245836519 -0.0820285114868593
DK16 -0.0141209145237781 0.0223698009160279 0.0638609971662954 -0.057048496271704 -0.0366782068371834 -0.0430720574612571 0.0143681807064669
DK17 -0.0325491156214961 0.111630332788303 0.0518673805637844 0.000597984454541295 0.0130391127912089 -0.0596193657464447 -0.0674864620503117
DK19 0.0567191968089713 0.0228308045576186 0.0806208328163889 -0.0282569271065825 -0.05421876253408 -0.0730105930486991 -0.0394579193330544
DK20 0.0628943865699885 0.00520963821274175 -0.0143473029760946 -0.125175989128379 0.0674560308917206 -0.0528172298510217 0.0387336625454206
DK21 -0.0361256959871356 0.0615847577966472 0.120352344288418 0.0990116696865241 0.0317150439626106 0.121903622401338 -0.0317851604707301
DK22 -0.0452912154895151 0.0759994400264475 -0.0124969536731973 0.0171862869110822 0.200065158000194 0.0655704325138647 0.0269284043809351
DK23 -0.0523623553346398 0.0418409984468315 0.102788966587797 0.0115516612255407 0.0721344378798891 -0.0234276290407659 -0.0295494747490977
DK24 -0.0455482359622016 -0.0974608811280211 -0.00252974092511338 -0.088564417017324 -0.101874731845566 -0.1602993451927 -0.0632067172049884
DK25 0.0197343900644127 -0.0443062814370458 0.00339003774558242 -0.049139356669368 0.0632760425501084 0.0583136860034158 -0.0651238515102217
DK26 -0.116622690658595 -0.0256129628849705 -0.00391029348827971 0.0336469807485866 0.00604858539066775 -0.155481091989928 -0.0708186832665462
DK27 -0.0865449821107374 -0.0119178215900687 0.140251612401538 -0.0164143320218999 -0.0602687980267405 0.0755882584036816 0.0715637716561613
DK28 -0.161264641623724 0.0415886256649657 -0.065644968315876 0.00817623451263352 0.136302773276059 0.0110286756702702 -0.0583790110033614
DK29 0.0913472337674658 -0.0136944842377188 -0.00762178267210464 -0.108511656541189 -0.0600876133645618 -0.027819630098598 -0.0933006169274762
DK30 -0.131848386233426 0.0969506010414832 -0.0234937531626519 -0.174810034724182 -0.0170588608168013 0.0240328665430516 0.146989045696884
DK31 0.0347971660716976 -0.059807283390624 0.135962963557159 0.0442293890884564 -0.0369552635218978 -0.0218339178130583 0.0300540415315646
DK32 0.0333845224359003 0.072602329013238 0.0139889715889239 -0.0873302306867277 -0.0593375545261732 -0.0599391173917558 -0.0563245453256026
DK33 -0.0904307120936579 -0.0344651854161149 0.075215789463463 -0.122837080739075 -0.0989176632332339 -0.0675058690033707 -0.0720349598854656
DK34 -0.0448293185682584 0.0426406779892971 0.128514930814571 0.0810396160912347 0.0334435928414398 -0.0128509306549283 -0.105481105772665
DK35 0.0339980186871606 -0.0502244308475835 0.14095448900713 -0.0260457519673688 -0.0185539626131038 -0.0293937026162631 -0.122340704629561
DK36 0.0764488978811945 0.0154897739113612 0.06472377433 0.0187720193050015 -0.0797259478824555 -0.0786143262848946 -0.0469182705354537
DK37 -0.00717421827698289 -0.00719629389615635 -0.0504703215131219 -0.120960729435105 0.126632158052009 0.0806258284395505 -0.177807288795815
DK38 0.0035569426628762 -0.00513298338583455 0.0568376250275921 -0.166127819526307 0.140148580724803 -0.0463316839637397 0.0757763101084524
DK39 -0.0159867358243693 -0.00907388784746137 0.122200572357575 0.00588303956814946 -0.0915003050460204 -0.0288165188883513 -0.0173955821255234
FR01 -0.0701140630571985 0.171999074778817 -0.0903274123465263 -0.0854553095184172 -0.0529651541782243 0.098737873305707 0.0116087181993031
FR02 0.0476069893247032 0.0501191197609998 -0.0418956351371201 0.0104878408446532 0.0498410161647355 -0.0391085316375663 0.0292847401196764
FR03 -0.0039344601294143 0.0836256860603656 0.0851280528465898 0.0405332025253507 -0.0663153293696944 0.0745501050016897 -0.0387166760866004
FR04 -0.0740078566411609 -0.0427285477740283 -0.0550505128175524 -0.00862767882870651 -0.153699940831759 -0.128401261615057 -0.120641578383709
FR05 -0.11238939301663 -0.0719008183773096 -0.0621745479595123 0.197900351525021 0.0270495272290679 -0.0670348607633556 0.0370397876064909
FR06 0.037557216790054 -0.0321306367380729 -0.0207099051457763 0.154666433345789 -0.0568715617720703 -0.0058742181232664 -0.147631889795531
FR07 -0.160272939185492 -0.123866899123739 -0.042122895290732 0.113205777708119 -0.0952877963174314 -0.0216377374275255 -0.0226426452732953
FR08 0.0488575058657363 0.0224976308849171 0.0579841063458542 -0.0639911879156462 0.041060133233859 -0.146920906784697 0.00481410263635294
FR10 -0.0486396094975008 0.0467282658720459 -0.0204527931133612 0.0351958249459139 0.0462791084115207 0.0817185887309511 0.121406852414082
FR12 0.0278700281505293 -0.0230944080006537 -0.0804780156820832 -0.0362302990511504 -0.0567186165636383 -0.0143718201538523 -0.0154854464990807
FR13 -0.0593446964435222 -0.0828523245920178 0.11370899822434 0.10730121846859 -0.0560645281592291 -0.0866682193126478 0.115250984754484
FR16 -0.177104918126048 -0.0255981551386272 0.0312929544038498 -0.0339470136771336 -0.0282991007782884 -0.0332473453402607 0.0230515353168591
FR17 0.0345189559953136 0.0561740922885518 0.052847094270851 0.116575249711308 -0.0454728166193829 -0.0559251522370435 -0.0497797823707259
FR19 -0.0512624205455091 0.0479677956963933 0.000961243514817804 -0.067622046789317 0.152805099615736 0.0258807613104148 0.0517370492158482
FR20 0.124718086085657 0.041447498888553 -0.0454934388618137 0.000377770601451231 0.0179226635486153 -0.0738044757356693 -0.057488410915726
FY01 0.0301792432852583 0.048510572302235 0.0281444847028938 0.077723751687145 -0.0672686283181231 -0.00263447635652172 -0.0421224004107777
FY02 0.0868484406703668 0.0618010585938172 0.0708322766456526 -0.01362586849856 -0.0393788416631796 -0.0176603595273905 0.0286924586432068
FY03 -0.0489206664833078 0.0487962465113992 0.023686325959656 -0.0696038427360186 0.0745170154425873 -0.0638629260007061 -0.0415938737095353
FY04 -0.0326991677054094 -0.108017606805085 -0.138178769154504 -0.0845758639769459 -0.0866349215465169 0.0664891307639269 0.0116044638997515
FY05 -0.00597075799547392 0.0140333831694528 -0.0666225568252198 0.00556881179164718 0.104020172139444 0.0966596154221788 -0.00545326447323158
FY07 -0.0420612368631176 -0.103143557229383 -0.0477512138548385 -0.0447890358782979 0.0538418419345088 -0.112126299036753 0.0211956839860955
FY09 0.0133841956726815 0.0549475649609549 -0.0334563353184208 -0.126627215256913 -0.00179599645390528 0.00656236897312808 0.00937941043921036
FY10 0.029833945096382 0.0397513006084943 -0.0572082317693924 0.0704170263874691 0.104337918875126 -0.124733987618734 0.00145012221545701
FY11 -0.100396911395472 0.0288536103362037 0.0497569208711305 -0.0509772694492679 -0.0960251726151809 0.00683360572624226 0.0766188390288031
FY12 0.0670783372407741 -0.0716902956415835 0.0592812067933502 -0.0280453047816622 0.026611012761082 0.00704469637701234 0.15095265379359
FY13 -0.0673440465769747 0.113188373912371 -0.135888875078769 0.160112896921755 -0.0714121473312733 0.106092793510291 -0.0501215332658905
FY14 0.0699008673766847 0.0121341718048419 -0.02615880152257 -0.0281173495881015 0.0521503810332024 -0.0540527183069521 0.0193380714248653
FY15 0.0766381060685594 0.0235590660006637 0.0489416824840841 0.00688517007871762 -0.00652352252219445 0.0999499337857997 -0.0614003292368191
FY16 0.0229219752809174 0.0786301417665207 -0.0298842149812074 0.0162501353707193 0.0475812105707942 -0.0596778606308608 0.0566965554456615
FY17 0.0340393071345623 0.0193577061741352 -0.0372574786450369 -0.0171258381566096 -0.0329734561676895 0.0382287952566495 -0.121933644148967
FY18 -0.0480919889192102 -0.0131028666595611 0.0286319970948582 0.0397389792230829 0.0828668641446629 0.0550559776333265 -0.100124991106992
HH01 0.106909018699757 -0.0568667348178324 -0.093667860816975 0.0543848422193021 -0.151418659821792 0.0262622952608248 0.112394425044683
HH02 -0.169779643245914 0.0437528053516855 -0.00798919626985222 -0.0311370771159748 -0.103542742878524 0.00709512619684801 0.0810067701065679
HH03 0.000850795186254256 0.0239090228902364 -0.00289837703802996 -0.00132670818628676 -0.0634246994679871 0.049506941741566 0.0462789049182313
HH04 -0.054873692562711 0.0228741481695931 0.0620291750579482 0.106136403077909 -0.0883815514695259 0.00818303076295751 -0.025074165839212
HH05 0.0230046458382885 -0.0221027475788823 0.00756368629319816 0.039198995284784 0.00963706705496284 0.0316853695631817 -0.0821878151548035
HH07 -0.0214283361192034 -0.102053028943173 -0.00320815211515892 0.0567482645851844 0.0150278196761875 -0.0683835531691549 -0.00401144644770728
HH08 -0.0643082275811087 -0.0297279368851654 -0.0410874521012738 -0.00621516688584927 -0.00162684406530948 -0.030944314604757 -0.0069411498365734
HH09 0.0613359680274095 -0.0138121198451292 0.0255681558380263 0.0142891179676328 0.0362256378884888 0.0747610918555831 0.0493726557709021
HH10 -0.0617732357377247 0.0611054226631975 0.0601756736109266 -0.171749772496408 -0.0093452463262364 0.121696310887548 0.0641601636593531
HH11 -0.0389947781552875 0.0532600860731737 -0.0362426659522773 0.0357735187242438 -0.0965624528693372 -0.0226839573839151 -0.00207569785924822
HH12 -0.00516040645166165 0.0132413052596884 0.0137209681004938 -0.00529744009189332 0.0193599591417977 0.123314453633888 -0.0229027279154955
HH13 -0.0199720674650172 0.0218103832832363 -0.0642148253488484 0.0299934502437109 0.0389238336065094 -0.0364633838217171 0.0169296944973332
HH16 -0.000157166711979711 0.0818358512202275 -0.00588039089899491 -0.0348547848631262 0.0918972116023946 -0.0166911500430852 0.0230667317099821
HH18 -0.0555504811860134 -0.011914696751879 0.0784674420800909 0.030615602173293 -0.0801920773312914 -0.094833893963698 -0.0170824248961479
JB02 -0.0320090713750974 0.0522743962987421 0.0617274973787121 -0.0364151124265969 -0.131168496280679 0.0997070266811972 0.0928958102667922
JB03 -0.0265253476059086 -0.0513636827666247 -0.107300549659625 0.0338954479765111 -0.0158279813633024 -0.102210761130638 -0.0623800959711382
JB04 -0.0520145623840124 0.0585208219393703 -0.0538230102693052 0.00854002043347669 0.097909705480485 -0.0580831804778419 0.00251309478006466
JB05 -0.0506803347111392 0.0517713250990236 -0.0899009796870276 -0.116929386621127 -0.0327109460560874 0.165405413774146 -0.00781610162900681
JB07 0.00263216875699324 -0.0138877910983206 0.0430345112822944 0.0175228803789423 0.0310091027336074 -0.0248430567600519 -0.0499446532635245
JB10 -0.0977334928420764 -0.0126326717841806 -0.0425427031882764 0.00857670379466179 0.00899300194273263 -0.0388352423184844 0.0430996168264615
JB13 0.0301989816969509 -0.0219614345163577 0.0862771308074465 0.0151889541289239 0.114987967220959 0.0396465296309207 -0.0374288709994773
JB15 0.0628141652784297 -0.0186099122136004 -0.173170266409717 0.0745457905001079 -0.019195957903514 0.0408871471821952 -0.0647822894753463
JB16 0.0758323844746249 -0.0405578254412433 0.0140972900253738 0.0289964028417042 -0.00353785189900031 0.0141130461428174 0.0568270296156789
JB17 -0.0660108075939623 0.00435246043123022 -0.151582091735874 0.0873949209900047 -0.0519049074119244 -0.0748494778069275 0.116317600077616
NB01 0.027768869308984 0.025332081957014 -0.0380222653579373 -0.0168887634135181 -0.0405926634891255 0.0282153106004852 -0.0891530575759209
NB03 -0.0220851452771898 -0.00753697154994144 0.0482595333263196 0.0826743365699417 0.0149489967704748 -0.121260623259825 -0.0470074325044712
NB04 -0.00298903983395142 -0.0174895851102449 -0.0137581849161722 0.0317840343330361 -0.0392613524021961 -0.0272382441839033 0.0504095490429964
NB05 0.0652290913898758 0.0356529309001194 0.096151112875072 0.0334972902665025 0.154630991790017 -0.0182428356935677 -0.0239874070155252
NB06 0.00671910767528544 0.0567070525032 0.067002042791233 0.110479845946449 -0.0210782060270625 -0.00398924940909446 -0.0997979377437904
NB10 -0.172972319865954 0.0529943141926365 -0.00842034499215661 0.0224892038527205 -0.000796471834959958 -0.100723612731632 0.140009802637915
NB11 -0.00355480965474423 -0.0489368967434734 0.0359895553388485 0.0482642705724016 0.178481090039662 0.0143753356599605 -0.0258655019660274
NB12 -0.0169407071027293 0.0438115179496633 0.0811993844216505 -0.0343106822369022 -0.0926506834713034 0.0168320272334282 -0.053858019800361
NB14 0.0166167418413146 0.0608128975083684 0.157003100623107 -0.0983687820019186 0.00534688910452485 0.0883747745482144 -0.0514548585252238
NB15 0.0498095984264281 0.0375935664320038 0.0262904177295538 -0.0162339547829316 0.0406438084994642 -0.0753633285824379 -0.0439012482932711
NB16 0.12932374356976 -0.00687103816853068 0.0128761392405893 -0.0899935058426712 -0.00972293588820537 -0.0659353849793365 0.0348132446172044
NB17 -0.00101504283087242 0.0208429911537701 -0.0396574207221962 0.000924555139379785 0.107364530350707 -0.00673747130358127 0.0110628010139925
PA01 0.0333884728349538 -0.0963744487631462 -0.126430307428383 -0.035439684622719 0.00669336803970787 -0.00915308063242778 -0.0752674630030898
PA02 -0.0228705644705361 0.00310522550776763 -0.147969298598176 -0.0425038890068399 -0.0736176378467055 0.010928349370863 -0.00119047501412815
PA03 0.0526724908063342 -0.00872302801600798 0.0109674527348946 -0.0751936676340085 -0.106569587923021 0.027778548018105 -0.0475595445674433
PA04 0.0360623140572773 0.00524200301005464 -0.0291170512579258 0.137500765580182 -0.000967403615458121 0.0450888508275102 -0.0418628714272288
PA05 0.0998004125993896 0.030999659167519 0.0337544391131899 -0.0245578737788313 -0.126688749867534 0.055360116688403 0.0874462168084113
PA08 0.07900562283002 -0.00466352194875914 0.0139843589579326 0.0528987325870272 0.0199176447117662 0.108457447708495 0.0334863084664374
PA09 -0.0491744142402771 -0.090281141885695 -0.0489478033770614 -0.0196525545556628 -0.0158060282829233 -0.188927505943323 0.132521989767616
PA10 0.0264675094677124 -0.0773182637420222 -0.0237562504447842 0.00807291551986628 -0.0712182103930483 0.0278487764093726 -0.140541486781345
PA11 -0.167411502980942 0.0203645193484179 -0.0151482716577656 0.000827361453656827 -0.0756544012502257 0.0489475487517182 -0.0391756569497347
PA12 -0.00697233596344412 -0.0168171218908781 0.0424642564431477 0.0791485670311871 0.0183926991839592 0.0344628118316901 -0.113588131746863
PA13 0.0157962646174597 -0.00610226061916924 -0.01047268153337 0.124643320547087 0.0368531107073958 0.0743416479991822 0.0732094662314492
PA14 0.0959414261400773 -0.0378114339415718 0.0312645442778192 0.105879258748779 0.0384680820955449 0.00484292604304614 0.131049831616001
PA15 -0.00450778348607444 0.0564881832539218 0.0262002240616041 -0.15001772672549 -0.0667631099819671 0.120284937223775 0.0553978867056118
PA17 0.0267827046318218 0.0507423612896741 0.0360390260644425 0.0419307310860027 -0.0315473265810598 -0.00299453523329488 -0.035017252472763
PA18 -0.0500582142030087 0.0203549172071868 -0.0640091539300525 -0.12871258243433 0.0518030370757377 -0.00557872853711907 0.0794213607192703
PA19 -0.137922895343836 -0.0942498316741844 0.136361362570028 -0.0308933721603881 0.0328584079312239 0.0909458088907621 -0.0338830918676749
PA20 0.0442934619455651 -0.0689004572298432 0.0433265427129642 0.0658554518626554 0.0355732709368367 -0.0349037683738418 -0.0827718733679519
PA21 0.0320435908092404 0.0356653842567035 0.112483949841908 0.0647540962031586 0.0280490386963998 -0.00235698191143718 0.0387062271194985
PA22 0.0330200856632828 -0.104297715183702 0.0770355385496693 0.0338626211926506 -0.0392774887179344 -0.0533354112295424 0.108568288815615
PA23 0.00585887757507767 0.0603951711377965 0.0321790662998825 -0.0571497444287364 -0.0548585062461946 -0.00373621172222947 -0.0611276125189962
PA24 -0.0427134249278975 -0.0354211158022596 0.122801869431293 -0.0806074748430285 0.0593135632720855 0.192158233752847 -0.0556804179359048
PA25 -0.00465451854109532 0.0226831502978827 0.00503176162528025 0.104999484305012 -0.0297900188773237 0.0558344543497547 0.0278496520554394
PA26 0.00702925589689457 -0.0424050717026963 0.00740354224928142 0.0586687500933421 -0.00623896738342367 -0.040588196102956 0.11419553121973
PA27 -0.102841889181599 0.00696924097232525 0.0498196051621937 0.0163923145671499 -0.00660447628287641 0.0704054136105575 0.1275346442838
RB01 0.0621796455181356 0.0678614853129186 -0.102443757987259 0.0627318520566799 0.0269202604684659 0.143580589805786 -0.0720627063884919
RB02 -0.0653718504576241 0.0171581314480876 0.037514074515212 0.0691317543128156 -0.00812005336279129 0.0944475449241521 0.194022864422032
RB03 0.0526286461226045 -0.0159051372309609 -0.0544849327798721 0.0775784105226066 -0.0900000742957609 0.126962338380782 0.0899946597756969
RB04 0.0452003660817389 0.00130486549111019 -0.105183136861903 0.0555747059994828 -0.0108820390447784 0.0927597359465089 0.0179444851134332
RB05 0.0232203809732078 -0.0083154157550819 -0.045086139522687 0.0444935211551444 -0.0302694600653326 -0.0227293890964574 0.102009692410539
RB08 0.0767895397065577 -0.0166011926696046 -0.0486054916190998 -0.0994476719151606 -0.0723385032045062 -0.0720804026270768 0.000172649127294798
RB09 0.0643172000014836 -0.107852728312696 -0.00311245901802492 0.0181747982833373 0.000341293261479144 -0.0821924357009537 0.123534205172396
RB10 0.0207247512141595 0.0441431240729858 -0.0302316193184921 0.0157047958963285 0.176075134777094 -0.0171967677357177 0.128526352632159
RB12 0.0541492853316091 0.154240898807897 -0.0258799179525096 -0.0939288167083968 0.059152980663634 0.0234020695698798 0.0685848138914301
RB13 0.0728935936387921 0.0228965573792634 -0.0673163308737059 -0.00230683288745059 0.0272069537823088 -0.119856124513736 0.0448004446378266
RB14 0.0188859705320023 0.00223309524660839 0.021438285848237 -0.0112464686497691 0.00730202641948481 0.00532975226505937 -0.0426026835620334
RB15 -0.0270175197675201 -0.00253834697078038 0.000841312998237808 -0.0582286241960856 0.00963145564388413 -0.149865369330845 0.0463338199686655
RB16 0.0592924457661392 0.025689439599668 -0.0762319469833373 0.047084400170742 0.120789024495231 0.0175754199411554 -0.0310400154801931
RB19 0.0570272215620442 0.0940107579371082 -0.147317462915843 -0.0428116277690844 0.0222200369404065 -0.137694529852062 -0.133268084186388
RB20 -0.0394210232607773 0.0150836119066729 -0.0551566780330053 -0.0207705310006587 0.0282739444287323 0.0178603599785641 -0.120819012567287
RL01 -0.155889179314552 0.0554566247569016 -0.000201910923237454 -0.0955956829966293 0.0658890530575011 -0.124482900637756 0.0235304306738562
RL02 0.0100929027933416 0.0356814634385718 -0.0620284243189867 -0.0870888621097744 0.0330896761192187 0.0497537997437238 0.0308863424493213
RL03 0.097174327046656 -0.0146489538030037 -0.0639080750131056 -0.0586936074755287 0.080871434530625 -0.0247831361377053 -0.0647085894453349
RL04 0.0648454062565082 -0.0214084036647452 -0.0679246574234839 0.116060756053295 -0.0637983207421308 0.0595021971849513 -0.00484318891227687
RL06 0.0842481691646852 0.0294309078466362 -0.0507072483718006 0.07692204198965 -0.0456410652415255 0.0939312843200063 0.0216486002002297
RL07 0.0161888360240996 -0.0722298450718027 -0.0621993847896336 0.0236079630072678 -0.00495683254510104 -0.0199400199340515 -0.0131676116905026
RL09 0.0636341940574425 -0.00010149888397527 0.0177176657692792 0.0474285596024509 -0.0891630407239495 0.0671206548301775 0.0888856390936719
RL10 0.0387613806140505 0.0392189986946019 -0.158418555459556 0.116888524285028 -0.00200426202920262 0.0263055597737572 -0.0743414955661082
RL11 0.109309094108927 -0.0279945631945266 -0.137174026328954 -0.0626070023475132 -0.0596133906562881 0.0923678797510483 0.101245829121192
RL12 -0.0117022130132681 -0.105040620623821 -0.081624038644041 0.0312162872890449 0.0186098474896872 0.0249105061955891 0.127976641845127
RL13 -0.0571201519048948 -0.0985658021263932 -0.174023746213493 0.0434650868290151 -0.0270626611252354 0.0846035014625352 -0.0584396476925452
RL15 0.131574918036377 -0.0187752677328192 -0.0984896079502234 -0.0810309622108322 -0.0132332737133919 0.0510495093006164 0.0560071263722131
RL17 -0.00155448697126519 0.0350758720549445 -0.017410884219844 0.047971675838745 -0.0259513397979024 0.0855951117027881 0.0981044999774993
RL18 -0.232697345213357 -0.0137460065560815 -0.00183116572392001 0.0127030102389361 0.000648892420607955 0.0369074695653955 -0.0289735180681344
RL20 0.00653611237513491 -0.00356476483031894 -0.0734405341525523 0.0563319385356057 0.0644824097796285 -0.0279865346136267 0.0764014563083701
RL21 0.0620183362977944 0.00812653527961983 0.00802443325464587 0.0558864212914295 -0.0902143787756901 0.0106575507635468 -0.0110234822105849
RL22 -0.0794224264867816 -0.109107746549998 -0.150788770730227 -0.139441053075126 0.168202691713649 0.0545575885743338 -0.125061506059243
RL23 0.0332052027822057 0.0291433389961218 -0.168179482009574 0.0193882749812919 -0.0982499852159962 0.0222665179473934 -0.0111107094613671
TR01 0.0491072060107729 0.0625516100443543 -0.0165732825073169 0.0112073499828728 0.0898630469092455 -0.0707322964495546 0.0269669063276003
TR02 0.05708237948258 0.0245211547984664 0.0235276659210654 0.0343056152433596 0.0153157630007139 -0.0419816428882202 -0.044723185016614
TR03 0.0707055600427803 -0.00951102964840238 0.025143654095959 0.0554831073915805 -0.129516543445633 -0.0639526739009109 -0.00558798717052597
TR04 0.112338661780256 0.0402526646834301 -0.0248748898974829 -0.106095422205004 -0.109960280818305 -0.0546666867702188 0.0244189427586226
TR05 0.0092827811754384 -0.037046098872021 0.114980114059418 0.0345605494098258 -0.0059942144040469 -0.0992310141457328 0.130364338076095
TR06 0.0680755366737096 0.0093062157721417 0.193163765138472 0.0255645181184111 -0.0200552340268907 0.0963307238848059 -0.0257083210118292
TR07 -0.0040610759792715 -0.0291793307502993 0.0192137781142312 0.102088641963862 0.0986787727212715 -0.0159947584072986 0.0611191222217001
TR08 -0.00958015900273508 0.0898608119090236 -0.0115052779956871 0.0813124507625207 -0.0339528330142495 -0.0553534861475775 0.0767612274483058
TR09 0.133084366228407 -0.0153047399530717 -0.020260256108765 0.0184828360561753 -0.0490501927635624 -0.0163431803860838 0.0327752788738277
TR10 0.085226104235646 0.0156074634499557 0.0640541473786386 0.130288078710896 0.0357581593049676 0.0241905116085341 0.0467995537768747
TR11 0.0693644582329107 0.00856668527184992 0.0391523031621293 0.0246062056725069 0.0303493782264705 -0.0584594721936033 -0.0115308291173357
TR12 0.0220212190756426 0.0229043877838422 -0.0337689872586751 0.0191241956775101 -0.116411160415071 0.0732618688751194 -0.00470047625044251
TR13 -0.0174191684667291 0.0230726173825441 0.0882600651181307 -0.10645070640673 -0.157142372917132 0.087144560785015 -0.128902772054379
TR14 -0.248789000780855 0.0143482229219878 -0.112056274269597 -0.00644719433171651 -0.0449110688230183 0.0293848764301968 -0.0963041404857301
TR15 -0.0410273029120848 0.070178998836741 -0.00360922706118684 0.0430638159149934 0.115855166710109 0.0568443265874492 0.113230542541565
TR16 0.00119283372330231 0.117512999896586 -0.11731438131789 -0.0586421066522526 0.0273976565405477 -0.039157275126957 0.0580472637825328
TR17 -0.0170149446419096 -0.0210384471171063 -0.0978237367894429 0.0445230724095592 0.0595954704958911 -0.158976818041364 -0.102009036497387
