sample MDS1 MDS2 MDS3 MDS4 MDS5 MDS6 MDS7
AN03 -0.00687543475295316 -0.0283138743257625 0.0746287575514331 0.00648809265999538 0.0287222767152663 -0.00607228765055173 -0.123846132050317
AN04 -0.0566771523513318 0.00681500137043567 -0.0626705270237503 0.0673673625854641 0.00492483945791544 0.0295141515453128 -0.0297062361058953
CS01 -0.100903886183271 0.00412211946868501 -0.070384744082857 0.0158381880346446 0.058254752348562 -0.117216882114803 -0.0220496331429249
CS02 -0.0462816071091858 0.0208530213838232 0.048649414752929 -0.0265343538183056 0.0398695590283998 0.128826149457388 0.131491730064768
CS04 -0.0368275469971978 -0.0139046782265458 0.0164681981287562 -0.0146247104897693 0.138260668189823 0.0342906559748151 -0.0346530760778436
CS05 0.0142881636961426 -0.0623669396348939 0.0783139362284245 -0.0818882353895884 0.0404278428080682 -0.105218776939219 -0.0632976215922616
CS07 0.109605942748347 0.0241337471764662 0.118844310370875 -0.0642004449095621 -0.084816952686781 0.00741698143411745 -0.0692456493779872
CS08 -0.143999778971585 -0.352515684569267 0.145616140802702 -0.0787049486244553 0.0553499977301818 -0.00208333345381168 -0.00467446107471517
CS09 -0.0975952438637655 0.00633888756442731 -0.0481521320491522 0.078171760513152 0.00517583615657417 -0.0652535698815674 -0.0630189754897611
CS10 0.0344084126611903 0.0664400671234275 0.0258557106003403 -0.0251054198380086 -0.015788954371675 0.0710561306191101 0.043304315926932
CS11 -0.0676024284728665 0.0855532326398794 0.0248482979136305 0.039958369362951 -0.0858585346536368 0.0756364516924129 0.0433981686611289
CS12 0.0550087056146774 -0.0450553017176404 0.0446043176099233 0.0558958943126241 -0.0574406040232884 0.0368327752475423 -0.0313706476550249
CS13 0.0628232865338264 0.0761805675083781 -0.0207248716518736 0.0275553237112 0.0423081515087315 0.191811785416829 0.0415977907224724
CS14 -0.0120019569129132 0.0554348948033032 0.0254866958924949 0.0165825309211698 -0.0220178893870612 -0.0618187385938 0.0873135258349042
CS16 -0.0400765911590963 0.0597084800698393 0.126433381146447 0.0802718528194138 -0.0469775901458804 -0.0250134467172727 -0.048626182443136
CS17 -0.15017656595808 -0.0111310236215341 0.00292082950975022 -0.0762736745341243 0.0240771672923161 -0.0431674644336783 0.096138431755273
CS18 -0.0142442044230656 0.0323525788219938 0.103887584012911 0.081500575738175 0.0480740232136292 -0.0306251072539542 0.109601286635779
DK01 -0.0332751961090573 0.0617395666095778 0.000228434930598379 0.0419291037071446 0.0105482354000776 0.0217555894999776 -0.0416125155638443
DK02 0.0499495496605565 0.0347422968985457 0.0222089862484919 -0.0659055265642437 0.0573647203616042 -0.115809432778691 -0.0207162404399809
DK03 0.108280104568127 0.0162642460467544 0.09877136320248 -0.0658008230796448 0.0242173004720515 -0.0313841755875919 0.0769959655306068
DK04 -0.0705660019940447 -0.0404896782602215 0.138801831400113 0.0604198891714161 0.206742763153794 -0.0746676690138364 -0.0231138894966099
DK05 -0.134805583820153 -0.506341135081823 0.230625177759945 -0.0222441288626886 0.0282267718519108 -0.0414830419533365 0.0606713826162445
DK06 -0.0376934835179938 -0.062026561431455 -0.01076392779863 0.059708954993685 -0.0106640489239385 -0.13339878939735 -0.0255565789654026
DK07 0.0415298573946835 0.0348235227131149 -0.0164686413545253 0.0772486656276922 0.0168160205440105 -0.004785441418309 0.106613155867455
DK08 0.0929143146758934 -0.0072999335777046 0.0205116845488699 -0.0484214295418112 0.0938674300177451 0.108408624979141 -0.0458490745995752
DK09 -0.0146174034168174 0.0356014230288964 0.0124871625012752 0.000481398209488388 -0.000650969994540921 0.089844558030342 0.102142675351547
DK10 0.233801685659828 -0.038300655978782 -0.0848220153112123 -0.0201622970241913 0.0656105862151669 -0.0256487319179438 -0.00831640756464146
DK11 -0.0849632937119788 0.0100200555265047 0.0898603699151235 0.136703713148131 -0.002754630102904 0.00767155166514152 -0.0363299183449132
DK12 -0.0804859838887472 -0.0217458492305207 0.0250352334217425 0.062405805672939 0.0155942787374197 -0.0105186876818827 -0.0731940722470887
DK13 -0.0201816380788746 0.0587733056955503 -0.00676692319289923 0.03594395754621 -0.0959845225407385 -0.025451270690882 0.00799192110802675
DK14 0.0839378312493789 0.0167520816514485 -0.036453457860858 0.090300532212182 -0.129447397466805 -0.111450723981539 -0.0106318140160244
DK15 -0.113217235901864 0.0192404619294779 0.0885271483048782 -0.00359577837780566 0.0389311085656429 0.0791325099909704 0.0316234398071043
DK16 0.0120426717979453 0.0330677821671466 0.0571163095858025 0.0200895977248776 -0.0208806244360313 -0.0567514036774815 -0.00675739674699855
DK17 0.0762684514093259 0.107500758726369 0.00875142371809681 0.0522669449983768 -0.0127579307357962 0.0400674277986471 -0.0581805217794719
DK19 -0.0281092912345661 0.0723916573123826 0.0568928233213799 -0.0096257580278247 -0.00992895926103621 -0.0601249204664991 -0.110151744431146
DK20 -0.0966395702118174 -0.00835618413438849 0.0162674388918189 0.114963286974973 -0.0283152904931003 -0.0874791344262182 -0.0478081164067089
DK21 0.0786515886585779 0.0791311186501247 0.0719861073762652 -0.0793891429211255 0.0730053545251629 0.0526039261061871 0.0304942746822337
DK23 0.0777498031531393 0.0537407571815699 0.0979901853977786 0.041771522440664 0.0380802172831399 0.0174371153162282 -0.0409980009853596
DK25 -0.0575199098936812 -0.0312518615074829 0.0378568179993327 0.0298209111012763 0.0688183835782814 0.0789123702369915 0.0260185728607188
DK26 0.120412988406569 -0.0649604005290667 0.00950486726091696 0.0263079821093325 -0.089930195249021 0.0228425125983496 -0.146038741717132
DK27 0.0903881130076358 0.0147250895702429 0.130382583346414 -0.0403932358468204 0.0220185733645976 -0.0540347976659361 0.166966035754458
DK29 -0.102352566977275 0.0326870297850325 0.0133472781524992 0.0410449975345595 0.0734005208705592 -0.0476918273684736 -0.0839341880863535
DK32 -0.0204778450546221 0.104508340101264 -0.00958798721936599 0.0596705392121489 0.0295497722326402 -0.0414723879682128 -0.0539174844812393
DK33 0.0751954115554201 -0.0257540012463406 0.0712881836794087 0.0710682093912565 0.0415972603827591 -0.136582300905964 -0.118942759799665
DK34 0.094244472531658 0.0858314842623005 0.113971449548135 -0.00270446159070754 0.0337185656080135 0.140791581608551 -0.0327783409889456
DK35 -0.0317729503091129 0.0456086046089339 0.144260285420021 0.0159312996537549 0.0866029529141874 -0.0305501077709018 -0.0902776656548702
DK36 -0.0508049609355162 0.0826917587742566 0.0454043809026148 -0.0387776906227275 -0.0192020499299159 -0.0446165682536904 -0.115174019906225
DK37 -0.00900647219506772 -0.0299492172590483 -0.0567009011198575 0.239493309904181 0.239865775000368 0.0580122060918657 0.000770240473858063
DK38 -0.00861391608520312 0.00946719497983739 0.0964236706417772 0.218434151454738 9.98742037366358e-05 -0.0123892774058663 0.0495973221083778
DK39 0.0445879116842842 0.0502745071431548 0.102163735004988 -0.0695376869033753 0.0105687592242518 -0.0580947871986764 -0.0316639540438975
FR01 0.0754737976880276 0.0804198891225505 -0.18459152397121 0.0398290067666088 0.0843441594090673 -0.14239982806386 0.0254755295834162
FR02 -0.0328985665090425 0.048536788585587 -0.0491849188946318 0.0426825224262318 -0.0666395182058275 0.0394871018615745 0.0643749826251466
FR03 0.0512883116618877 0.111418398601396 0.0142490823056157 -0.0940702516326187 0.0386028923211874 -0.0241480421411458 0.0502833049207597
FR05 0.101241017756975 -0.125916193927089 -0.0341805617160014 -0.113935985223811 -0.145829472032752 0.0591523050238382 -0.0883523557618684
FR06 -0.022430436035376 -0.00260985282493794 -0.00830305036550761 -0.152854117520665 0.0458045710869498 0.0754396575748879 -0.161930879970895
FR07 0.131938933404125 -0.156658819027928 0.0201094848772191 -0.155714934608462 0.0143681619205302 0.0583374737335346 0.0252266482634389
FR08 -0.037939432533241 0.0555912295652731 0.0542273363619956 0.124254746857925 -0.104727760570013 0.00856093497560538 -0.0592414448790931
FR10 0.040877699744022 0.0142216887193158 -0.0527955111141583 0.010325513835216 -0.0388814961918376 0.0130125287476095 0.221939581659929
FR12 -0.0412509098858853 -0.0373303942227514 -0.0959575762413307 0.0116634295807944 0.0145161826415765 -0.108003691861152 -0.0581614441380315
FR13 0.0628186421210369 -0.044352100969724 0.119427689587125 -0.110041610574632 -0.138447640248786 -0.0472197702451921 0.0466774578998361
FR15 -0.0324376897647775 0.0567081953483496 0.0641396328143146 -0.102798458459665 0.0304973305964305 0.0573778951533963 0.00519175855652229
FR16 0.158150288816112 -0.0795078980987212 0.0350066475096015 0.00244667426086788 -0.0308306063025069 -0.0967405727021119 -0.0388172856147375
FR17 0.00600933069677837 0.104941705407078 0.00651791053037188 -0.0845717608445049 -0.0577520899864699 0.0682040646894184 -0.047030639410013
FR19 0.0419051515194813 0.00428250051073379 -0.00636272724140944 0.134390128496876 -0.00321203384944292 0.0164919283358255 0.0138489562820024
FR20 -0.120611425394291 0.0683438750625697 -0.0325251678354448 0.00392724211956125 -0.0576700246459252 0.0687245997368019 -0.0745877234875656
FY01 0.004630325346016 0.0711770831503222 -0.0184203178577076 -0.0794405757074567 0.0153158607728117 -0.0136357004752674 -0.0794137837981335
FY02 -0.0509390948983358 0.105203840221432 0.0355446205747987 -0.0021395802497333 -0.0167094940352442 -0.0385434314247919 -0.0112661431642598
FY03 0.0662628527797401 0.0145141126675775 0.00120760192457894 0.159236966517922 -0.0101712801183449 -0.00420124722949569 0.017014990498462
FY04 -0.0281722793642598 -0.160424199369397 -0.112209575288156 -0.00346663612835463 0.0797907412114769 -0.140860613998789 -0.0237359539721059
FY05 0.0182288911296595 -0.028406190865881 -0.070891525698107 0.0549209836626435 0.0529372701141404 0.0938889018919571 0.0787095503088504
FY06 0.0114774361926934 -0.0554019540510489 -0.0618395114262914 0.0481754776561059 -0.0568213499697736 0.0368534088877761 0.0149111653726522
FY07 -0.00974619476335171 -0.132131251416801 0.0211193415299303 0.0797792586137447 -0.0897907106231287 0.0241422380500429 -0.0334302853775517
FY09 -0.0052660812516098 0.0394952513932987 -0.0770064449146378 0.120357048459794 -0.0142849686885912 -0.0700833721948735 0.0951574991740053
FY10 -0.0098337022824002 0.0190370619879894 -0.0441758319963887 0.0509804943269287 -0.148550334484459 0.147156866298704 -0.122913192555904
FY11 0.0895573847802291 0.00231805699489389 0.00954668614745043 -0.00963901961771537 -0.0283231813137343 -0.156176614369099 0.0848201321479381
FY12 -0.0692839554628298 -0.0099535690199904 0.0935995078265156 0.0321198535991398 -0.042396855082587 -0.0387499150679083 0.179864933359145
FY13 0.0895859180133013 0.0407539717839966 -0.227728926563894 -0.130800344992273 0.0605489657550656 0.0379047007476242 -0.00931619134576582
FY14 -0.047217499830856 0.0328087457469837 -0.0248973402897233 0.0706174731371566 -0.0793467065525276 0.0458347187734101 0.0730648284665204
FY15 -0.0606300771916568 0.0814491143031029 0.0456491590714409 -0.0342657962543876 0.119187220586052 0.054305955884595 0.0639498098194948
FY16 -0.000810348168347062 0.0582400017875237 -0.052532211844788 0.0699922753406376 -0.0727799849070701 -0.0239935119517255 -0.0155465905757593
FY17 -0.036463520250602 0.0291489591327577 -0.026725908375779 -0.021518715148907 0.122936119282694 0.0599735599386121 -0.0309134120857569
FY18 0.0619057132716609 -0.0286925294466393 0.0348573677963198 0.00380945166176496 0.123841595696391 0.0928990472026666 -0.0481403974039242
HH01 -0.12820736640955 -0.0339815685961082 -0.0797726989348143 -0.155876596004913 -0.0599995338302992 -0.09437921814593 0.040195665110146
HH03 0.0177821968040518 0.0294282527184223 -0.0506527399680224 -0.0374235415270379 0.00627874001727499 -0.069109992080749 0.0439523411166705
HH04 0.090978073234416 0.0497886253705158 0.051546579253615 -0.120625732298237 0.00573939284422021 0.0512176954510724 0.0745442703716945
HH05 -0.0132834566810585 -0.00197906072337108 0.00597469773800361 -0.0312720256408867 0.0440428496850036 0.0674613251892588 -0.0371782410700527
HH07 0.0116014222230946 -0.0972021109382222 0.0510271552166747 -0.0539924799595637 -0.0491342435252075 -0.0122000659275804 -0.103002696010894
HH08 0.0526703531866514 -0.0651444377710497 -0.0276548126534815 -0.0130043280267163 0.000110554870160423 0.0232572156292484 0.0534226463217555
HH09 -0.0573003294378315 0.0136596123707028 0.025714221016613 -0.0412208235093026 -0.0229835702729752 0.0239227555522867 0.115018929037331
HH10 0.0535306525292623 0.0299993323746758 0.0174848564047363 0.0962068255630794 0.124692525116188 -0.156758778880131 0.0503315243750874
HH11 0.0565604030253338 0.031993837022277 -0.0797832080379906 -0.0618909084086054 -0.00805076282339292 -0.044087778542464 -0.0969907466567662
HH12 0.0131167374840346 0.00192244769527524 -0.00399962709688554 -0.00855447619920262 0.120526009051476 0.0114620180014765 0.0923135000785116
HH13 0.0062194797282753 -0.0126922550802349 -0.0597216055114692 0.0350708767211087 -0.0487446248202862 0.0275867210502957 -0.108399249794625
HH18 0.0660989760460964 0.0207412475423646 0.0771401462058741 -0.0574338462971204 -0.0415659710836688 0.00511252238601821 -0.054813049325646
JB02 0.0551938046043009 0.0542432305857545 -0.00188512748643665 -0.0454322150437381 0.0504549088316912 -0.179940831307814 0.10152305765388
JB03 0.0116031226307492 -0.0816369692635644 -0.0869666870838268 -0.0166886051020995 -0.0856147330501131 0.108578887982891 -0.0214091941796115
JB04 0.0612599044925485 0.00154978898109476 -0.072955385275312 0.083002229126876 -0.0372831811878233 0.0427868189368583 -0.022844933067133
JB05 0.0188418518146619 -0.00994514337921245 -0.135816313529418 0.0516698081629382 0.182030068153539 -0.128836554298958 0.098220901297112
JB07 -0.00233258691898662 0.0134562777013009 0.0668670635578393 0.015058086881882 0.0240942967812583 0.0579673186110395 -0.0699046643113085
JB10 0.0863011166795692 -0.054099644415744 -0.0237718502066037 0.036597943399275 -0.0339430974592455 0.0298122331702344 0.0518477401356367
JB13 -0.023994702844593 0.0166038679732337 0.103780908332109 0.0226339973203759 0.0514915527924315 0.0991899470192305 0.0421677117235963
JB15 -0.0765049969795933 -0.0542205068823553 -0.169580273775775 -0.0519894297142293 0.0290675826492645 0.067103124063864 -0.0198816257046519
JB17 0.0660051111514624 -0.0702627637815939 -0.136864531278893 -0.0492369528648704 -0.12718070852253 -0.00566816004141893 0.0680412799587413
NB01 -0.0260381303554276 0.0131215319129522 -0.0483197392038383 -0.014963278197712 0.0961197891292624 -0.0418951284159004 -0.121436224553931
NB02 -0.0386803050731253 0.0384684980185206 0.0338235865038458 0.035966826532013 0.126721108960551 0.177249992340372 -0.00646590461084171
NB03 0.0566118464853407 0.0184562832486049 0.0404283847196063 0.0218400738021321 -0.0356021560999307 0.00363376613023062 -0.149843483076091
NB04 0.00725978791674037 -0.0204426871711453 -0.0193762287613609 -0.026821317274491 -0.0391868651175119 -0.057580417575536 -0.058105954906485
NB05 -0.0434238568546049 0.0750644263576802 0.098402282235263 0.0476475732872083 -0.0390946530139592 0.148353127847684 0.020475168280466
NB06 0.0288669990554063 0.0937398717532938 0.02252679811693 -0.0681779351429982 0.00711615387881821 0.0821441258776509 -0.00207692432804293
NB07 0.117254662265611 -0.0132761512344275 0.0354002579781904 -0.0443668326054193 0.0382098555819717 0.05776992230438 0.0510013625796254
NB10 0.191886568219665 -0.0266362104027491 -0.0392488080396512 0.00232900430087334 -0.144937173812193 -0.0710674476771818 0.0333325954127119
NB11 -0.00036329236118358 -0.0377425125871572 0.0660857390766768 0.0702937904328451 -0.00944311991964663 0.122413703981569 0.0274192739352008
NB12 0.0242872941735823 0.0686900461313616 0.0286924631662387 -0.0347209567796974 0.0546162621225564 -0.0842019240887844 -0.130444241258036
NB14 0.00313367204455712 0.109494474293947 0.113043056014199 0.0419262907188567 0.124447818272249 -0.0446968553896034 0.0581971312484339
NB15 -0.0218492838834497 0.0664468263536973 0.0253528756806184 0.0759092134094984 -0.0142639419111189 0.0402707967997974 -0.00373129606995978
NB16 -0.136986636421393 0.0414909477990077 0.0192410084488978 0.0698489836483405 -0.0385724043631565 -0.0684896337966575 -0.026159942814279
NB17 0.0128587422849625 -0.00908014047593357 -0.0105949995293789 0.0649470864705959 -0.0331036928577062 0.0857157552177102 0.0164975919033857
PA01 -0.0925985358292888 -0.113065390511579 -0.0448007508702263 0.00670845278338482 0.0588932930987283 0.0609126837235715 -0.0463578114222224
PA02 -0.0205778925452304 -0.0578763681498311 -0.147692470307221 0.00305194971093166 0.0344979960376355 -0.0263154182066424 -0.0212238616334451
PA03 -0.0660890726807748 0.00931516993319554 0.00331083881240687 -0.0234715757570865 0.0675253310340352 -0.0994428157333473 -0.107530975095309
PA05 -0.0864041300648129 0.0878186900148154 -0.00973255712716078 -0.0511570960729802 0.0176864478003359 -0.104374355214476 0.152322883696843
PA07 0.143673730634058 0.109867764269979 -0.00382634177984874 0.0745122459818353 -0.0018450918988241 0.0266103989675365 0.0325024775589683
PA08 -0.0949355391095884 0.0222256220271224 0.00467009320023538 -0.0885524956222902 0.0221400648786287 0.0267720008217258 0.0049570667082031
PA09 0.0380786437411062 -0.123397847324915 0.0188075739524339 0.0780895104345194 -0.171312158421449 -0.0852516080477252 -0.0728917809818698
PA10 -0.0368019775640942 -0.046405397750172 -0.00695348007818955 -0.0813744779778313 0.133946432771636 -0.0153164196673196 -0.145098055209412
PA11 0.157816861476732 -0.0398965140407186 -0.0319648991895983 -0.0500598905725138 0.112809570709679 -0.0258907612809964 -0.00842248126950539
PA12 0.0240030488954516 0.00347004517312408 0.0548923530922166 -0.0730645103918386 0.0836327950780813 0.122650317099913 -0.100871068625211
PA14 -0.0862035692956538 0.00994637270453979 0.048863560164733 -0.091094006488395 -0.134091587621882 0.0599458296863555 0.086227308941673
PA15 0.0065609383504279 0.0514685566592505 0.00510731817912867 0.0331229014920594 0.0686926977832874 -0.15005139944995 0.119485049077595
PA17 -0.0038854475979714 0.0759855167555647 0.0177220118707652 -0.0670929732199637 0.0399202178142054 -0.0335183917555299 -0.131379151279155
PA18 0.0425291352339379 -0.0431395841935431 -0.0606193634256441 0.117653956249744 -0.0318412459390791 -0.0838635709056011 -0.0234971739239468
PA19 0.124119874671491 -0.0795004476720656 0.168462292704394 0.00915686824830162 0.118304653880744 0.0171298889998051 0.0568559826699627
PA20 -0.047688925777628 -0.00469277304511189 0.0819036296929797 0.00768355272265568 -0.00867924759114069 0.10233401254725 -0.00788316496303021
PA22 -0.0319361582689874 -0.0447188869665785 0.11934498660425 -0.0231005209214665 -0.110818011914466 -0.0551665862914959 0.0277364360738583
PA23 0.00682634722328547 0.0525472792684973 -0.0158438522023472 0.0165611915430689 0.0505022757181916 -0.15050735283891 -0.148166448974926
PA25 0.0317175500757469 0.0247376486027681 -0.0253682137745229 -0.110781867224622 -0.027109477821538 0.0305985238241085 0.0709625316569272
PA26 -0.0036299438744974 -0.029781635219038 0.033326505754405 -0.00451201089509824 -0.0803279662270637 -0.0109319216658443 0.0880507837578989
PA27 0.104178930093573 -0.0250991741310713 0.00941252897040745 -0.0516319124630688 -0.0260505131796525 -0.107252495329998 0.0641659074140415
RB01 -0.0552645642553789 0.0402439684986782 -0.132933851122958 -0.0538313315047317 0.0993968982389306 0.0464769686541405 0.00607513542624888
RB02 0.0725777873336197 -0.00994944665592084 0.00449121431603165 -0.0628206146141828 -0.0800567888779165 -0.0960788081179379 0.0894040324361026
RB03 -0.0558719085748859 -0.0156911776174985 -0.0740861646636696 -0.14391309333584 0.00328176362928262 -0.0743183139345085 0.0140254228286162
RB05 -0.0260232286046957 -0.0196497064213757 -0.0384470794120532 -0.023359379428899 -0.105275017166661 0.00973043010963695 0.0836128976396571
RB06 -0.0430192195211676 -0.0583218766104831 -0.0933323845283606 0.0929151836292894 -0.116902080935698 0.069113347995889 -0.0203466364998075
RB09 -0.085544298472754 -0.0630948760127032 0.0584369861108689 -0.0140799478551697 -0.158772355006146 -0.0604813328075901 0.0397311500931913
RB10 -0.0129495726314472 0.0138532408244134 -0.0137215694643888 0.0889193751200918 -0.131080012484 0.0754859046997147 0.093362254975435
RB13 -0.0500640259314488 0.00333073458432135 -0.0632167168902792 0.0578463898415665 -0.11079034698536 -0.0371239742623697 -0.124491317029749
RB14 -3.39930225521469e-05 0.0121798293957334 0.0311939344380246 -0.0150976424100376 0.061238124100248 -0.0200492696748058 -0.0702814159297233
RB15 0.0180717965381578 -0.0222443677851138 0.0299205570620332 0.0996975602168464 -0.0892119269992855 -0.0431793665755535 -0.0877514242250969
RB16 -0.0590743547754797 0.0172569238142517 -0.0851172722853327 0.0359307665350367 -0.0225257577168951 0.109607645307666 0.000943103391550523
RB20 0.030155773721553 -0.0248629456852953 -0.0613543524629199 0.0273809170138155 0.0501218835836936 0.0324418626392633 -0.0988319483434541
RL01 0.151825829201179 -0.0235386367005852 0.0110764901717526 0.139982768653402 -0.065744902482645 -0.0530540592559864 -0.079448085898304
RL03 -0.105346417186617 -0.00824404903443803 -0.0269731570430533 0.0766494593210306 0.0164311547974351 0.116800444717298 -0.0181142880878325
RL04 -0.0696208540748283 -0.0180273806827655 -0.0725863518137038 -0.157683142976374 0.00549849564832118 0.0258239097158055 -0.0141499299018956
RL06 -0.0690193166209409 0.0391199652789974 -0.0782257313748737 -0.0810079005167603 0.0163862424159401 0.0272841116523742 0.0660097868388581
RL07 -0.043482654084973 -0.0700131807470686 -0.025981993409895 -0.0375890925054177 -0.0224548777678163 0.0202312304173385 -0.0226146714121711
RL09 -0.0501764573208454 0.0333396884321903 -0.0123465707033977 -0.0828084403222182 -0.0218058117050801 -0.0623966198572157 0.0848483475910241
RL10 -0.0365791097447003 3.0563155812163e-05 -0.167712846294749 -0.0826507686042736 0.0258587996951711 0.124431749086931 -0.0268251523346998
RL11 -0.141410321460693 -0.0475819593220443 -0.125076491407092 -0.023694775532881 -0.000422755063308886 -0.0786208948250737 0.0962769048627069
RL12 -0.0306899192370465 -0.125241630316004 -0.0218595973249068 -0.020323811676184 -0.0571965103303044 0.0140231311691304 0.115768914414548
RL13 -0.0137180868121445 -0.158222400985085 -0.112814762326664 -0.110219010140359 0.0867153087277401 0.0868710695096041 0.013735477307315
RL15 -0.169469470445002 -0.0115540024862752 -0.0911240101573921 0.0481184603997158 0.0136655363654105 -0.0265721648282368 0.125877180714726
RL17 0.00509066122342103 0.0249893415590844 -0.0509666397482927 -0.0586381883650361 -0.0254542540117604 -0.019090097931928 0.092856754085229
RL18 0.209279078742629 -0.0846561410590551 0.0113588321672065 -0.0471602396864244 0.0497519989151185 0.0344462995085494 0.0519291509450344
RL20 -0.0153748875035602 -0.0417653979623408 -0.0736732155386121 0.000744073336014533 -0.104796630508114 0.0224964408408129 0.00779825396679018
RL21 -0.0660403670233504 0.0458812199180165 -0.00959429576315302 -0.10421593904181 0.00136286985339176 -0.0249484590474119 -0.0305669045310951
RL22 0.0464311580061219 -0.194478328259082 -0.0988236737209511 0.292146709626482 0.165662407649075 0.125557061971933 0.0993579591249881
RL23 -0.0567447135155525 -0.019174251400249 -0.177624915523479 -0.0701950176660081 0.0148182518153652 -0.0237831721545536 -0.0514837941976242
TR02 -0.0516041787960598 0.0654311478714017 0.0292417201846202 -0.0557538810790585 -0.0277984737487061 0.0529305533578046 -0.0244581882927262
TR03 -0.0674241467194427 0.0418454654879727 0.0193391202147911 -0.0888316786663855 -0.0337649277378757 -0.0699832877831888 -0.0735684226787977
TR04 -0.111582221288127 0.0739012619397517 -0.0236059762441766 0.0392187919344599 -0.00513002833874573 -0.115810673912475 0.00557076987699824
TR05 0.0151838216349724 0.00953098638244413 0.13040169196268 -0.0237872152808913 -0.132681982149118 -0.0795989007183124 0.0255932198322758
TR06 -0.0382231495152563 0.104106318254155 0.13647884758293 -0.0558956923119216 0.0743927736698863 -0.0252043538917095 0.0616672417831823
TR07 0.0174375288674207 -0.0146437935094598 0.0297275861985214 -0.0255273395046166 -0.125673636970558 0.0903992599850947 0.0068892142489559
TR08 0.0407964579247771 0.0750942879976451 -0.0434033439143178 -0.0347842446026216 -0.114672194504481 -0.0148387631762041 -0.0279463599585016
TR09 -0.134439533822768 0.0148984291778019 -0.0273879954688655 -0.0613302733830093 -0.0467216283097756 -0.0236962413678087 -0.0590635940109204
TR10 -0.0583070907706656 0.0748352269692476 0.0312160462626318 -0.111684483054931 -0.0784795875511793 0.0728269277365779 0.0428342410286303
TR11 -0.0549659015575556 0.0462188429226795 0.044031516101176 0.0268059105529175 -0.0384346314723829 0.0318071867521037 -0.0547821437163499
TR12 -0.00471978580016159 0.0318597780753412 -0.0642954483813203 -0.0846203109583948 0.0491132860984376 -0.0143970599965094 0.111969928293911
TR14 0.22240710313689 -0.104437176994912 -0.101936514096569 -0.0318214074367711 0.0972976072929866 0.029076091408355 -0.0407438465325906
TR15 0.0698284426037911 0.0184421859858892 -0.0280211666455078 0.0421738875648428 -0.0569591812689937 0.0719865910497972 0.145675942532132
TR16 0.0218621803096155 0.0341867635746138 -0.167532013106591 0.112212152742988 -0.0560411021972283 -0.00877918452635724 0.00621876210678089
TR17 0.0129803806887082 -0.0499875315712259 -0.046327465030624 0.0186830983945319 -0.0624762694034354 0.123987687178579 -0.116334275625799
