sample MDS1 MDS2 MDS3 MDS4 MDS5 MDS6 MDS7
AN04 -0.0429339306868586 0.00115407607876039 -0.0404116178696813 0.00749744863222943 0.0580664935029607 0.0209193199177607 -0.0490240862527766
CS01 -0.0828875553799333 -0.00788872956107665 -0.0319297367245651 0.0212982018014621 0.186123388498614 -0.0569664654076322 0.0350333962513859
CS02 -0.07133139936197 -0.00346662951769855 0.0800742238994154 0.00454170281805547 -0.133271177283743 -0.0470312009078459 -0.0471246190006505
CS03 -0.067024590731726 -0.0380682410689695 0.0420776822574554 0.0326145993523319 -0.00326912943320229 0.0952841067790819 0.00461827479453047
CS04 -0.0372228200745245 -0.0280034388901623 0.0134155383573154 0.0652130651584482 0.0363319938552883 -0.0924365254294781 -0.127281457697377
CS05 0.0252769394267904 -0.0967352938702621 0.0791185324122148 0.0384217256998422 0.107988764303882 -0.0659995153939421 -0.00671116489308678
CS08 -0.148406441390434 -0.379833914755157 0.101773585586955 -0.037609516059806 -0.0924435108997853 0.0454043433275752 -0.0067383746106352
CS09 -0.0813061958829512 0.00604071201980466 -0.0743893924898088 -0.0932084725550667 0.127146682134066 -0.0245347920515605 -0.0652949771219291
CS10 0.0148591940516585 0.0598697896513513 0.0249111428139141 0.04668746125608 -0.0746708545999363 0.0582390737907971 0.0137189398063802
CS11 -0.092054030199869 0.0894734167204211 0.00823689265379185 -0.0602879227608713 -0.0745214668001028 0.0490482222584559 -0.0418761588762862
CS12 0.0471486115132239 -0.027912381849104 0.0325069734179333 -0.0667251154430594 -0.0843465471624527 0.0487786591766506 0.00410591599700011
CS14 -0.000205142652450387 0.03824555676131 0.0233883662172333 -0.0294352745654988 0.0603096804433549 -0.0557853786031811 0.0761118538966466
CS15 -0.050161624513107 -0.0117906034859509 0.0903254572863796 0.0181928037814938 0.0338240204206015 -0.0424449118921553 -0.0932674748127165
CS16 -0.026071000184639 0.0560651646941806 0.111517980744568 -0.127941900992675 0.0224751724672432 0.0520194530355326 -0.0136639512935473
CS17 -0.126981912062731 -0.0379591087912312 0.00379086255048355 0.0158050257492085 0.0236602062541572 -0.133236093710592 0.0508054447791042
CS18 0.000583494704591165 0.0251288983681265 0.116201094002998 -0.0718985761829476 0.0550958582524744 -0.106355661999502 0.0159766039152644
DK01 -0.0308735235773246 0.095876460265861 -0.0268846323474496 -0.0499229370478325 0.00225317855482515 -0.0464787968711675 -0.0725246352169568
DK02 0.0692602886472496 0.0208118778759531 0.0248775637350073 0.0465513690628422 0.0100310998290087 -0.0424203529007603 0.0284940555324085
DK03 0.0924974672534689 -0.0185411395095574 0.131499689588087 0.0969754273806395 0.077400676595799 -0.0109086668292976 0.00841845597622037
DK04 -0.0662831245420189 -0.0589771224197296 0.127300429086402 -0.0459016581871664 0.0447084831921827 -0.123890716665315 -0.0152933855147059
DK05 -0.109792898758387 -0.515092979735888 0.17305561010584 -0.112875260243771 -0.101378248522611 0.0189509228368585 0.0297895784967435
DK06 -0.0417134188035347 -0.0510724716600995 -0.032100202171157 -0.121379476219281 -0.0304900066169924 0.0227807178574769 0.13313772499739
DK07 0.0677173045911242 0.0452634178984481 0.0072481796103675 -0.0624105286193515 -0.0830464079253788 -0.00477494857174277 0.0649873501774674
DK09 -0.0151906742679517 0.0241547812134865 0.016210205546547 0.0127680844632858 -0.0706987024621808 -0.0634239277707083 -0.0235474337016914
DK10 0.219146166735082 -0.030151358274542 -0.0419831693344544 0.0520161380409299 -0.0501927211262227 -0.0470881014151952 -0.0312193372752849
DK11 -0.0659939347991139 0.0212711442013699 0.0574599464343198 -0.140460675231356 0.0299707488711249 -0.00391654606610142 -0.116268028617118
DK12 -0.0837394396877479 -0.025234563799922 0.022503964728346 -0.0551058129009912 0.0599035658186387 0.0315364613887463 -0.0431645362205822
DK13 -0.0166559662316618 0.0542193668462354 0.0121651561416677 -0.0214042067190656 0.0813285229568087 0.0790061330893593 0.0143828732808173
DK14 0.0996108363447516 0.02805979882598 -0.0346261091239641 -0.0713499480024763 0.113596025300449 0.0722170407392079 -0.0452974283906355
DK15 -0.119384919510275 -0.0177392016067187 0.0948649801769926 0.0136992540935244 -0.0516054382947798 0.00485036188909629 -0.0606688953601323
DK16 0.0162533507704724 0.0156322117625974 0.0630202454210526 -0.0392572153355624 0.0837210603032696 0.0421941397142522 -0.00321305280832329
DK17 0.062208531751786 0.0981334651186606 0.0195568436242707 -0.00326116386503293 0.0521007915338107 -0.0076867182676671 -0.124477674975395
DK19 -0.0350281459735037 0.0539042668398868 0.0456818897683619 0.00395808912343954 0.0937478704077699 0.0360102867282569 -0.00704623299023654
DK20 -0.0612109157364682 0.0192053529841317 -0.0206782190489761 -0.148900065775478 0.0206017838256809 0.00376955522223704 0.00505500287694758
DK21 0.0438412440822203 0.0738948022696557 0.0898718350056953 0.0804523702889588 -0.126332765796232 -0.00644399364319211 0.00640050055681301
DK22 0.0504362868627996 0.0610899032199446 -0.0425157839736015 -0.0801017554350984 -0.184672143985556 -0.0208994739807185 -0.0200648185486897
DK23 0.070262596418272 0.0726417152325235 0.0965922265330563 -0.0129026750582743 -0.0485532462070844 0.0195762781483067 -0.0657897143392936
DK25 -0.0390197445060956 -0.046655036268959 0.0185771398855629 -0.0526884415573407 -0.0546420681563221 -0.0961468041945316 -0.0419463520657543
DK26 0.11144215648285 -0.0728906013154875 -0.0280973298329229 0.00525839189689982 0.0446572904288607 0.179040592993006 -0.11248584805883
DK27 0.0919182143329035 0.000159048953582225 0.145023722123609 0.0386808094342086 0.00323242417645176 -0.1313615457497 0.0505792788869583
DK28 0.161799687851693 -0.0341055117166381 -0.0790663434529795 -0.0422717229940456 -0.132121813771633 0.00897248898306903 -0.0974432528427291
DK29 -0.0786347601064636 0.0158257963731921 -0.00877628833826683 -0.00614881687979599 0.134395946111712 -0.0725246616033489 -0.0638190049650094
DK30 0.168751284965181 0.0406930723263475 -0.048559583442701 -0.129391413495837 0.0668549917332331 -0.0891517950216134 0.186341889927803
DK31 -0.0332243494307659 0.0069928772450847 0.135652379445631 0.048806939206094 0.00645528774360601 0.0702718515823788 0.058025113520462
DK32 -0.00713857517407141 0.0772887543125167 0.00446530722630743 -0.0125307307946405 0.0994099668233006 -0.069990549272059 -0.0612267577470797
DK33 0.08692479721743 -0.049050600357136 0.0701559795387509 -0.0205877614828537 0.212816747196202 0.00386815590611355 -0.0584905727324325
DK34 0.0620666426548498 0.0653025957776215 0.0686907256844371 0.0509168244070948 -0.0561153807115207 0.00254655194340226 -0.14105157467198
DK35 -0.0382429304562377 0.00448028113897323 0.154117560535215 0.0149689617505717 0.0601449689868735 0.0282612512763441 -0.077579913432943
DK36 -0.0651802239524437 0.0701275418721773 0.0508700829708073 0.0357959101415026 0.0900915801209559 0.0458921486082652 -0.0153302993231889
DK38 0.0165961510897743 0.0345419641263802 0.0619909423663889 -0.236524155157505 -0.00776032679010489 -0.0356069796416955 0.0249564315674294
DK39 0.040274020623644 0.0111251267564886 0.112083327583985 0.0619766856467128 0.0676479698013919 0.056072365769896 0.00258045167521004
FR02 -0.0247136140782755 0.0545019198146017 -0.0543215273199787 -0.0352113301618327 -0.00893003311848274 -0.0117396999194964 0.0397259355086616
FR04 0.0620235819341403 -0.065449280859366 -0.0412562508530425 0.0961712978856239 0.180967732369324 0.0179213800995139 -0.0882547310940683
FR05 0.0913544177372045 -0.115915359999903 -0.0662323718294626 0.0939351270947571 -0.0850957546616414 0.249276755192277 -0.00191260818788684
FR06 -0.0687828123275353 -0.026599036823233 -0.0401878572139757 0.168974491066942 -0.0339915961506288 0.0790343311340774 -0.11958983984974
FR07 0.118242797318559 -0.179308386923118 0.00428767052728338 0.134832332783214 -0.0199901523271107 0.000743549063451247 -0.0492925338272024
FR08 -0.0295647615307806 0.0619519772852576 0.0320815059757377 -0.140592708195625 0.0761329022218379 0.0748284744424822 -0.0376366065210053
FR10 0.0491988626135567 0.0220052139809522 -0.0195662653481458 0.0108219925432294 -0.10197586228663 -0.0193545287388721 0.123542315168366
FR12 -0.041255072375419 -0.0421211890225942 -0.063053509006716 0.015220871476752 0.094764424587997 0.00881508575035214 0.0469295111655641
FR13 0.0418529092569449 -0.051798216797981 0.117386388997347 0.0689271475526247 -0.000323067624373258 0.136728195706524 0.0981460714064373
FR15 -0.055107944857054 0.0318022084646281 0.0663733384480083 0.107191437530554 -0.0452574546272883 0.00234186014645686 -0.0307628021400415
FR16 0.165762213931727 -0.0934759723083464 0.0199478263873064 -0.0306488109539468 0.0313005090937482 0.0175413598317011 0.00832485371480747
FR19 0.063091963184025 0.030511097640266 -0.0214301192688036 -0.148841224272265 -0.0849702289937972 -0.00701049145843012 -0.0236585032231439
FY01 -0.0191191649183365 0.0657374063274573 -0.00380925400709425 0.106107213904795 0.0173433990358074 0.0507241102660788 0.012084510219783
FY02 -0.0528565503288496 0.116063249761451 0.0427922421181649 0.0148973516767141 0.0477796474734382 0.0168530570307282 0.0266003917821567
FY03 0.0668428433341051 0.0394483035456311 0.00976573826476117 -0.0826953272199276 0.0113428211210001 0.0420349928184147 -0.0523956000964872
FY04 0.00199555140017554 -0.16559086343377 -0.0917322393396696 0.019724685985818 0.100744057553266 -0.0223738523985734 0.0612857774629934
FY05 0.00918525469261124 -0.00325560554364141 -0.0860038658004274 -0.0349444622377516 -0.150631150441151 -0.0949884202535451 -0.0362142371740615
FY07 0.020180607888619 -0.114407869751243 -0.029391524058972 -0.108920733662241 0.0521099509498415 0.0906245643399206 -0.0725598393199196
FY09 0.000271019478103061 0.0363380780117205 -0.0350833812642327 -0.0776096589298575 0.105253610036353 -0.0844388269679978 0.0440897180087931
FY10 -0.0245664697808783 0.0537064413307345 -0.106950908865084 -0.0674336631789429 -0.0600937781505459 0.0708336157240043 -0.105887134292855
FY11 0.109443331354579 0.00403724033946432 0.043872843838606 0.019573145633714 0.0487450826387896 -0.00878246643406027 0.0952283808387235
FY12 -0.0628559894426079 -0.0061522670029317 0.110781711980366 -0.0600868005208976 -0.0155045573778443 -0.024432032763877 0.118314075576028
FY13 0.0553726742334237 0.0466359931922731 -0.167077189818808 0.202731920975297 -0.0218887387155152 0.00670133434833984 0.0432631932987542
FY15 -0.0747292405229322 0.0696366937492971 0.0599474328525976 0.0803623306193216 -0.0258330147743065 -0.114604808107667 -0.0328848257574709
FY16 -0.00205410224542893 0.0808918019299764 -0.0428832935985045 -0.0533823202302936 0.0013610768758898 0.074107328852559 0.0563011652296225
FY18 0.0238054484566788 -0.00927833214979661 0.0347087478509012 0.0395793005612471 -0.0938803246025008 -0.0107676887613721 -0.0845575737700183
HH01 -0.124327694297387 -0.0441121409905436 -0.065137430279644 0.117071265202695 0.0755955971190679 0.059015065067691 0.188217072141182
HH02 0.172603561744313 -0.0279384644345071 0.0018107674139987 0.0221461778251443 0.0840017099373568 0.0340051906670043 0.111696824613864
HH03 0.0141179483486176 0.021828781983601 -0.00696627933221511 0.0489716633646877 0.0263376374228361 -0.0597466616930641 0.123156676027943
HH04 0.0767628963675781 0.0221659113548497 0.0551882210233916 0.140635313591529 -0.00451970678053976 -0.0415141292705039 -0.0356159003509847
HH05 -0.0398226742909035 -0.00892605365171328 -0.00285299741788173 0.0644414058100798 -0.0256420730230591 -0.0188540935737127 -0.10685169023061
HH08 0.0561890184707566 -0.0598568485814147 -0.020213538385392 0.00311893655014167 0.042794002123689 -0.0257369080681377 -0.0342615662646247
HH09 -0.0741513350844236 0.0191514801738659 0.0181473531550929 0.00987707598807387 -0.0992109526159551 -0.0182169195839588 0.0995315389594584
HH10 0.0826235377564241 0.0365799400479449 0.0393339699740342 -0.0964394126483692 0.00795660147733951 -0.143482175370352 0.109355249917639
HH11 0.0487537908852154 0.0235207517313063 -0.086263482167997 0.0837626518478909 0.0661250856562992 0.00586848432067752 0.0012718769919558
HH12 0.0149802448299684 -0.00301120713056762 0.0185798855816502 0.0563948700549558 -0.0747981014592982 -0.132271389439633 -0.0429894762928748
HH13 -0.000788865167346957 -0.0147619625990529 -0.0828095789917113 -0.0450751623419489 -0.00722067503988749 0.113689208488448 -0.0350077026337598
HH16 0.0198124317078271 0.0892170746608793 -0.0249641945466844 -0.0912228184510124 -0.05116247493724 0.0170175906453541 0.0448470825151188
HH18 0.0653308245555935 0.00672411532889813 0.0648828881438335 0.0576188169313524 0.0638116476557992 0.0602058741125463 -0.0283156691495386
JB02 0.0554768681192377 0.0350848981076034 0.0697129871052115 0.0705932430087621 0.0978338300476646 -0.0280176577857376 0.181277189361881
JB03 0.00997118879584321 -0.0794779631115852 -0.134102279442449 8.14425762403691e-05 0.0229462360023291 -0.0170892831153153 -0.0890836127331244
JB04 0.0519638568833078 0.0462111717929135 -0.0887519679764821 -0.053072970191643 -0.068912090976953 0.0675267954870394 -0.0138028604425271
JB07 -0.0136038275719847 0.00623425975766196 0.0403412165347167 -0.0229836453303611 -0.027112399085975 0.00752677242949305 -0.0650247304333534
JB10 0.0870397420284193 -0.0355731515946369 -0.0548547823523979 -0.0278633636439353 0.0141474416912509 0.0236973539923229 -0.00146489801858191
JB13 -0.0369450403977116 0.0304146402713795 0.0853853251603061 -0.0336696647242182 -0.135178274641588 -0.0331339776956759 -0.0584404772137627
JB15 -0.0929451572022472 -0.0407847306497214 -0.172197207899716 0.0899814673343566 -0.0363859332155853 -0.0232424659667319 -0.0199785332060375
JB16 -0.0874121512330407 -0.0111500448733908 0.0370709986585995 0.0171975060545062 0.0136626229147559 0.0320120257567101 0.065970386203425
NB01 -0.0195542196468152 0.0293459794428751 -0.0432418306928147 0.0867989364532283 0.0302519776039822 0.000458919042517165 -0.0240121251041404
NB02 -0.0487650054040459 0.0427544803457536 0.0121601860048089 -0.00167783228927591 -0.0878840143112262 -0.106557957503954 -0.179817352775904
NB03 0.0350355864451623 0.0360508534647679 0.0509473096893029 0.0649283942130664 0.0629644851951163 0.208710711079657 -0.0652043493762051
NB04 0.00205908576066609 -0.0240042161374431 -0.0271156081169996 0.0205961532081886 0.0145875148603946 0.0666029336418949 0.0247233318238942
NB05 -0.0578566999603129 0.0809937342426382 0.0666302196939943 -0.0688368277162136 -0.121813566880849 0.0449881378475856 -0.099968500147352
NB06 0.00661551702360711 0.0648770178781137 0.0321178480291917 0.117402122647819 -0.0197624508095865 0.023288984302153 -0.101246336854576
NB07 0.107141232334399 -0.00984175418222813 0.0115496160786225 0.0744216893199528 -0.0294990043203464 -0.0211249355529337 -0.0435355155028767
NB10 0.199263468465861 0.00350783820284967 -0.0385338299980626 -0.0282718540789815 -0.00225955802756836 0.13630591397838 0.0881780893387044
NB11 -0.0202191922327559 -0.0266802884135371 0.0330729340046219 -0.0587834640828728 -0.140529581819725 0.0505024043276587 -0.0664377745837025
NB12 0.0465111549477765 0.039411155602888 0.0392967041586236 0.0510505579434373 0.0806992695762024 0.00678267550930778 -0.0274922529813046
NB13 0.024672535728465 0.0046222580904145 0.0400440706731536 0.0531697218134574 0.116381884299317 0.0274837606953567 -0.0955206187502043
NB14 0.0190108980259011 0.0879884149169698 0.142624154758561 -0.0238923804973713 -0.00658323700065686 -0.1480655261531 -0.0185237545352134
NB15 -0.0330088397181361 0.0584907507177581 0.0141712995972534 -0.0371151230880809 0.0391372905516409 0.00662577517525009 -0.119700622062665
NB16 -0.11305788447017 0.0345622351386872 0.0103882683182246 -0.0856502920429433 0.039933186734529 0.011280428999131 0.00792278884350361
NB17 0.00654898537791887 0.0134974899139187 -0.0518300580841961 -0.0595501635783142 -0.092217499257552 -0.0111028978699076 -0.0318915983815616
PA01 -0.0769553310261142 -0.123414279225555 -0.0905196169441252 -0.0136846827705011 0.0258427905143794 -0.0538215546202232 -0.101248688583509
PA02 0.003530826905396 -0.0501286655796287 -0.149422959689638 0.00577420085967229 0.0914984877901317 -0.0441147453143215 0.031721652018155
PA04 -0.053094582469929 0.013003249351414 -0.0165406881669358 0.109089237387403 -0.0671923937862483 0.0227119451956879 -0.0727763304491599
PA05 -0.0827156779339634 0.0679377768209455 0.0266942184723833 0.0759371155350801 0.0601934223546292 -0.0693334964183087 0.152072962445705
PA07 0.140660450187065 0.137894089270931 0.0195073005371527 0.0215924134965381 -0.0484680229465474 0.0171997085824532 0.0112708092979861
PA08 -0.0814784077747321 0.0268079625519815 0.0273329808009599 0.0510330066623782 -0.105409710856792 -0.0112264880017736 0.0788994391429765
PA09 0.0279601828096287 -0.0848717160647246 -0.0249847863121124 -0.0843638147466792 0.116320189115214 0.198878223402656 0.0221107375836429
PA10 -0.0555702241920711 -0.0607694807441019 0.00142695023290495 0.107867490610288 0.0653413910217736 -0.0409082299407834 -0.0719664173836885
PA11 0.146673019557825 -0.0558216103771222 -0.0265508781700183 0.0676015597623424 0.00768016441123166 -0.0717575838233166 -0.0486557368680902
PA12 -0.00837748525045807 -0.00760881652128416 0.0180222843523559 0.0372076978499824 -0.0932524896837175 -0.0285322543888896 -0.134373826475963
PA13 -0.0288396265455903 0.000678473772649682 -0.0393955639488992 0.0771687927913373 -0.154653524968348 0.0462857450358975 0.0828210728529407
PA14 -0.0886054555307331 0.0270494416818124 0.0172747842269788 0.0296588394645178 -0.119596758399774 0.0618665020804686 0.101683314405767
PA15 0.0254136710338252 0.0284759900949707 0.0195981168749058 -0.0553182469887474 0.0686654451311147 -0.175377796257096 0.103718802323336
PA17 -0.0176957554857037 0.0684632571399011 0.0211278036546381 0.073068535322498 0.0182165202723335 0.0818122778770846 -0.0559161070785483
PA18 0.0527952767217233 -0.0231049682306896 -0.063352639246274 -0.14815759137962 0.0291954164338932 -0.018072750599137 0.0857128656974259
PA19 0.109029907577384 -0.0847929075268211 0.154965974910634 -0.00975283923957872 -0.08085289910356 -0.0995821080550923 0.00394836906121729
PA20 -0.0677967251072614 -0.0412001501188412 0.0890058615594223 0.0154315856934724 0.0150455047888968 0.0795267837811013 -0.0929222612307556
PA21 -0.00814588925479072 0.0897693357177987 0.0919346365381032 0.0165839803217752 -0.04194835687629 0.104882152209317 0.0423312502488743
PA22 -0.0339870072470145 -0.0426645162058246 0.0765123768368335 -0.00345339690212216 0.0243886647129919 0.102848691000149 0.0695587555505473
PA24 0.0304515536680424 -0.0432178129213693 0.115899528852148 -0.043686978591706 -0.0746256809434851 -0.18144996121809 0.0127718556334946
PA25 0.00711753684522328 0.0169709213185582 -0.0195317577983808 0.109943879471079 -0.0529217107807568 -0.00533981199861214 0.0241185921454618
PA26 -0.0147323718013261 -0.00769718688596934 0.0252803362218117 0.0126996797096779 0.0283907772516329 0.0837427610822997 0.0819811145511473
PA27 0.0888075525397143 -0.0131316645363956 0.0361000265706908 0.0197535537715429 -0.0663444282125799 0.0481206591276416 0.141326924144527
RB01 -0.0730548305965825 0.0412571584864801 -0.109500722325397 0.090243341270282 -0.099059936796545 -0.0589008194685815 0.0019193186577209
RB02 0.0768248211122178 0.0172863393011125 0.0145863200589293 0.045176810096319 -0.0776831586751 0.0617621663715322 0.21393535973647
RB03 -0.0762212211841978 -0.030844701626935 -0.0696875915227515 0.0948661134196378 -0.0329983360636913 -0.0104108799263557 0.141517601045163
RB04 -0.0637536448698258 -0.00698524012978465 -0.102790418615426 0.0444158863061054 -0.0266792408630865 -0.0309715007106175 0.0939511246310848
RB06 -0.0328594785696983 -0.0338729821745379 -0.134858727592149 -0.125990204912495 -0.0540716248065508 0.0675772756861369 -0.035451353328673
RB07 -0.00678641556409576 0.0224782349654406 0.0625558430944785 -0.0617614166350208 0.078789989175209 -0.070124004988517 0.00254859420743964
RB08 -0.0742433798803797 -0.0133703475009226 -0.0681294727119588 -0.0712873462580285 0.122938672532601 -0.0324939204747536 0.0132011771167489
RB09 -0.0859150857073574 -0.0653249638752665 0.0143258574230517 -0.0789436386115773 0.0204296468609856 0.0573030525352545 0.0898925399747058
RB10 -0.00930704735650875 0.0594187104886944 -0.0375964483968485 -0.12299122839452 -0.127760278977234 0.0361733391944869 0.00632000897843321
RB12 -0.00189463550739755 0.153199455815009 -0.0603690436281064 -0.0738480128516214 -0.00374628720550069 -0.068003874426717 0.0490196806443999
RB13 -0.0665330176935045 0.0623692408507683 -0.0908315809009577 -0.0432547089506813 0.0343681486663848 0.12069633875379 0.0449143310482095
RB14 -0.0185600476777311 0.0338166895620204 0.023980854314369 0.0142714991345313 -0.000175187402898559 -0.0191033908776961 0.0435932916147316
RB15 0.0310404362726543 -0.00247633066623407 -0.0214818722004899 -0.111172685924739 0.11483325327729 0.121537155793172 -0.0248436744663058
RB17 0.0385792781081302 -0.113572602513693 0.0532600928910435 -0.0941342135603517 0.0671187285286811 0.0218990953057106 -0.0322021199790709
RB19 -0.0455932932804394 0.0687896069985862 -0.186727582003494 -0.052370627749291 0.0625069866958084 -0.00117967784537171 -0.167232338329272
RB20 0.0293366842809709 -0.0254884822800338 -0.0653366538627794 0.00102431416791259 0.0151626944350711 -0.0531705123063822 -0.108632935602935
RL01 0.160788988050373 0.00780311333262788 -0.0285637020930037 -0.155209039563864 -0.00744238316527283 0.00854636773317869 -0.0215167076838845
RL02 -0.0052093839559978 0.0179245613208676 -0.0731154596377275 -0.100013912095011 -0.0442944530860873 -0.149771828641807 0.0643307337991926
RL03 -0.0942823804848238 0.0103245030009818 -0.0668602058555909 -0.0563340915639275 0.0151156636197903 -0.0744529117979823 -0.106316805563629
RL04 -0.0847873333947022 -0.020670051360465 -0.0585782331627259 0.131695102360837 -0.0164965795545768 0.0228755296894368 0.0319381255320209
RL06 -0.0729561084512856 0.0381513130943945 -0.057017300775944 0.102234722093613 -0.0279976944994218 -0.0252121711608428 0.0767454873123511
RL07 -0.0418561661180552 -0.0704037983548349 -0.050671059622502 0.00896021582418822 -0.0182829824107981 -0.0164307078038816 -0.0147674775406708
RL10 -0.0435949872078409 0.0023103146588434 -0.173491666944449 0.120509915149756 -0.051964501117152 0.0166866719895652 -0.0840039933513408
RL11 -0.11273204885157 -0.0434770474839275 -0.117603185462484 -0.013979767637591 0.0300674900619182 -0.0895873471812407 0.158999852930822
RL12 -0.0233525025992258 -0.10905183721157 -0.0565356785136588 -0.0187189085185561 -0.0691018537065071 -0.0095311149162449 0.107194764305302
RL13 0.00590706554421183 -0.163808901446541 -0.136808205251229 0.0852647506081966 -0.0603056490895033 -0.0767514008544395 -0.00347579578433545
RL15 -0.143140564010565 -0.0152919785715565 -0.0843101495695655 -0.0655221957193895 0.025014047863161 -0.115711677290289 0.0549982012103642
RL17 0.00824936621914885 0.0334665451196174 -0.0306753021644364 0.0392022707557663 -0.0582310306419054 -0.0211551601987847 0.104773904838408
RL18 0.22078854353425 -0.0776382262760604 0.00523559892883495 0.0413478378631571 -0.0485805099495774 -0.0797530891313465 -0.000992491230620335
RL22 0.0425702812628805 -0.135118012545449 -0.113844836242217 -0.097291986763092 -0.00393814700468974 -0.0818717183763294 -0.0719189365352511
RL23 -0.050148444699543 -0.0105745232505315 -0.164999714710457 0.0733282935445244 0.0615859400306939 -0.0534021536078084 0.031938802511173
TR01 -0.0327456162686732 0.0749816783242618 -0.0372727657145294 -0.0862445257982575 -0.0282363617318094 0.0885131139925197 -0.0243797813323508
TR02 -0.0641184198343051 0.043844595002739 0.0166475888202869 -0.00772918461925214 -0.0157477211652094 -0.0205706382959841 -0.0763916747157392
TR03 -0.0704061832182986 0.017720639238359 0.0266206174769115 0.0949590745315932 0.121310469711206 0.0979308374495187 0.0125897849854494
TR05 -0.00399431001086926 0.0148558203954404 0.10095886166648 -0.037156455299476 0.00546833558046547 0.179085229121016 0.0935708102320664
TR06 -0.0554779992410527 0.0791827833730808 0.209445068536089 0.0828206017620121 0.00423509025635339 -0.0312432811639831 -0.00200886461970754
TR07 -0.0104749319703913 0.00514493907768186 -0.0142938245477922 -0.0308292084537215 -0.147676923263007 0.0866451591330554 0.0668929346173
TR08 0.0202142461745571 0.0735219003800403 -0.0603711614999512 0.018354029480455 0.016514103061732 0.11212623590207 -0.000777407029839162
TR09 -0.128982939092973 0.0230016896603021 -0.039392553440246 0.0168074952993615 0.0369084089812809 0.0211745567267427 0.0607380493280329
TR10 -0.0674716615128475 0.0696980600882856 0.0398103445916778 0.0794542266374368 -0.116023338129234 0.0735783109763482 0.0471660323367491
TR11 -0.0598827168312428 0.0491073197156251 0.0208455497486112 -0.0151550983091723 -0.00797762998350957 0.089141436754878 -0.01938629515967
TR12 -0.0199540801617024 0.0110795026547561 -0.029911899958763 0.110812191805509 0.0565679291338399 -0.117161704415695 0.0294298511729651
TR13 0.0359354771884444 0.0206016868621361 0.0859424008287905 0.083752104108946 0.116673720050343 -0.175406026169052 -0.0314036146573605
TR14 0.233906429261987 -0.103868687142298 -0.113555154332348 0.0627028698337157 -0.00260247273642614 -0.124037407418299 -0.0507025801977631
TR15 0.0534698060996847 0.0504272471723404 -0.0385851001457337 -0.0471088205133619 -0.15121111833909 -0.0444109019935162 -0.00742914760623815
TR16 0.0202093923995432 0.0789123818347685 -0.168274919976929 -0.0626025398257139 0.053246073931234 0.00514871462712001 0.028747107519001
