sample MDS1 MDS2 MDS3 MDS4 MDS5 MDS6 MDS7
AN03 -0.00622290754202037 0.0377036542381739 0.0404058029006609 0.0274049898702242 -0.0654516960273654 0.0161654535782995 -0.0204154940853874
AN04 0.0455550499442192 -0.00277805861165364 -0.053944123443193 0.00606960541342202 -0.0268332531318626 0.00356143653167015 0.11766293889742
CS01 0.0710927400424758 0.0542242310321851 -0.0447430461192585 0.146009565289901 0.032059680077172 -0.0749142567565594 0.0213750947800682
CS02 0.0638456953507925 0.0318607190167375 0.0398705645035887 -0.144217394356143 -0.0259039927588903 -0.0192343566908766 0.0745235570446487
CS03 0.041709965645513 0.0551948757303589 0.0218352869539971 -0.0743450430587958 -0.00677079761757138 0.0416986944927183 0.0642408534154128
CS04 0.0236689208598071 0.0438368169986744 -0.000410078278667667 0.00160459207420956 0.00367853135012391 -0.123548634302068 0.0868131142125399
CS05 -0.0402369112048432 0.100483500106142 0.0609162384485104 0.109222592298599 0.0610121311190342 -0.0629077497593153 -0.00129064297349984
CS07 -0.0702095271437102 -0.00384026164144252 0.130808746359606 0.0273763454861502 0.0649303936336229 0.109221808677048 0.0798756636364927
CS08 0.00193746992675258 0.401813734612159 -0.00192255344278469 -0.126827146249365 -0.0138818086602 0.00786831283484096 -0.0468775903034829
CS09 0.0733306018355012 0.0187371648129553 -0.0572069003486961 0.133576884586956 -0.0457523778689266 -0.0535561081379753 -0.0184615378778878
CS10 0.00366854475451539 -0.0621094207822355 0.0445894656693956 -0.0804105038897954 0.0209591331103518 0.0272280350486592 0.00376388718410237
CS11 0.110247573988586 -0.0469844544689851 -0.000904141240742729 -0.0463809142414879 -0.0345279980406533 0.0843625324551227 0.00013083986043955
CS12 -0.0511757707649602 0.0214730758813346 0.000339334220005233 -0.0322019290883232 -0.06877975812515 0.101030763292231 -0.0390065343244119
CS13 -0.0148218839131204 -0.10004567598318 -0.00211081765491085 -0.142473889646088 -0.0319942336408968 -0.0242756190600725 0.190407795597871
CS14 0.0349028208599842 -0.0216933002627181 0.0304099179229333 0.0695025818909516 0.00630856443918366 0.00931049527659482 -0.0515140388001724
CS15 0.0427840636589084 0.0421801522368971 0.0520958536524633 -0.0370274519461214 -0.067630228445793 -0.0170380379100978 0.120094383587262
CS16 0.0618583881307241 -0.0196023956950928 0.102048106595069 0.0240482327800614 -0.132009136351047 0.110640495142326 -0.0434816267614959
CS17 0.111800738909354 0.0880119347500566 0.019645290134941 0.0467198829610314 0.0534908787806903 -0.113050642200444 -0.0741906548072065
CS18 0.0214448080892468 0.0108219981059665 0.0968061456977789 0.0546627183818909 -0.0693884635897355 -0.052964734251726 -0.020681833813003
DK01 0.0567240139337036 -0.0594178068002484 -0.0201454902626929 0.0231647380010027 -0.0540720429764429 -0.0212057954420445 -0.0455834670396428
DK02 -0.0400857702360723 -0.0274531822120459 0.0396548658322254 0.051894340046838 0.0661057820670204 -0.0827025608875995 -0.0832818102373914
DK03 -0.0834977129303514 -0.00349491758605285 0.121781201818311 0.00322330188350078 0.0549702616388738 -0.0231735870872599 0.0953662548278696
DK04 0.0381140074068748 0.0987368458924114 0.114623212156295 -0.019008144436247 -0.135090223536963 -0.133556144227246 -0.0480154324164707
DK05 -0.085316480103828 0.542871135004816 0.040893445572898 -0.132235044733004 -0.0733273071003645 0.00222261028714921 -0.0967887227191942
DK06 0.0103630707540754 0.0570943434572399 -0.0329466170165621 0.000788481818261522 -0.0511003054631551 0.0431384093044663 -0.200656849434023
DK07 -0.040228621123261 -0.0658206601188251 -0.00236937391688764 -0.070802200185604 -0.0712283185233318 0.00297943458478128 -0.06912033722488
DK08 -0.101093489446944 -0.0227940918492104 0.0234346665253248 -0.0566467831175935 0.00336086514046135 -0.0784584664176452 0.0865174024949638
DK09 0.0286183837777373 -0.0277982692105082 0.00311035236858313 -0.0693353619608994 -0.00523390517121503 -0.0281290657911762 0.0723788258344987
DK10 -0.211801511955126 -0.0854002417745452 -0.0226261774563738 -0.0416346967942615 0.00077940039678092 -0.0498756064768771 -0.016702816669212
DK11 0.0812989755480137 0.03266285652917 0.034070644681777 0.0373067705158926 -0.15591619799506 0.00830900396576967 0.0302640329189572
DK12 0.0651915537215618 0.0522621293101919 -0.00933184141085665 0.0294143081857783 -0.0679031713768456 0.0335872627511165 0.0589311765766019
DK13 0.0389917288628988 -0.0351635213247327 0.0304310178590021 0.0691948587507853 0.0130215298642358 0.0288538765152023 0.0188785493017625
DK14 -0.0682272263931116 -0.0504016145481472 -0.0381146204858987 0.133214418934327 -0.0135101173518486 0.0911488397528558 -0.00253674896305911
DK15 0.102755636981875 0.0651163093249174 0.0621855974562024 -0.0791897264223944 -0.0393082963318854 -0.0108686779430702 0.0929141330540848
DK16 0.000506099004302407 0.00133015722732593 0.0692004697482271 0.0754657955074002 -0.0119708916717718 0.00423816073020336 -0.000649823888005224
DK17 -0.0112168285414176 -0.117521755400289 0.0424282865493444 0.0315234997442372 -0.0353847223679323 -0.0340433970633951 0.0688008212091134
DK19 0.0552672471337931 -0.0112556630069689 0.0641802404158084 0.0945777292061464 -0.00894545025942764 0.0499775653280559 -0.0375449219191865
DK20 0.0712160056581259 0.0179473614365265 -0.0390455089756766 0.0529280511860907 -0.0949772510590698 0.0331661944050444 -0.0703020895278154
DK21 -0.0202135015926801 -0.0827625689163676 0.113448658741934 -0.145334066661046 0.0188437312170671 -0.0335478932667207 -0.0165923341093057
DK22 -0.0357357008460612 -0.0799641201920899 -0.0577197709927812 -0.134918642386112 -0.104357659980762 0.0276860042162788 -0.0448304236666052
DK23 -0.045086711512024 -0.063656150073449 0.0811003826102416 -0.0496461002624672 -0.0587412363471684 0.0454549391272658 0.0524090016900318
DK24 -0.0529319919749609 0.107996154805562 0.0254938290668909 0.197606378860541 -0.00555520582936726 0.00232905860439887 0.123139003706625
DK25 0.0264212747389744 0.0547647453620971 -0.0163119044107094 -0.0345598083708638 -0.0869156793531563 -0.0618179079308433 -0.0176010561806125
DK26 -0.116305748347993 0.0179932486689121 -0.0111867971516356 0.0514463719335852 -0.0176726944666025 0.104224817357556 0.0910501586902261
DK27 -0.0872790480540775 -0.000616808866433235 0.157681849108575 -0.00563132733285408 0.013745321939468 -0.0629804848214729 -0.00504046112211827
DK28 -0.154517114361253 -0.0459734947863821 -0.111775107904358 -0.0862532678600194 -0.0707827406316651 0.0129417916364573 0.00778795249993369
DK29 0.0859116201573716 0.0201337018845003 0.0175898510945315 0.120561194306078 -0.0507833472660388 -0.11692670992557 0.038868470302384
DK30 -0.129284132688262 -0.0911167917038168 -0.0114959631789876 0.107475101870284 -0.0913599171646092 -0.020192469943574 -0.166681567190603
DK31 0.0350457873278281 0.0413069981007328 0.132548923886296 -0.0196122647221574 0.0397145038858576 0.0872696294652612 -0.00757557396150917
DK32 0.0458341279572494 -0.0690594082378236 0.0180341421750799 0.103794858232473 -0.0372477511586274 -0.0747464088261511 0.0333805278574784
DK33 -0.0817985836265356 0.0441314916568957 0.102864481151556 0.162455060036354 -0.0602598891872928 -0.0514349098404558 0.091380153642462
DK34 -0.04150559571831 -0.0769258808794787 0.102820121485485 -0.0475162565619736 -0.0294624519441567 -0.0123417677633316 0.120313334944136
DK35 0.0486588391031962 0.0404946213118232 0.129724096402332 0.00843080761359621 -0.0619704453036194 0.00871069644984572 0.072658078094913
DK36 0.0810445889406909 -0.0226011766852983 0.0627389032913993 0.0831234601384491 0.033438321966147 0.0354525458759867 0.0298754442369058
DK37 0.00564026581243951 -0.0123649194427105 -0.0817525276352416 -0.0956176387223959 -0.203744748599027 -0.10082210329317 0.0521204434227846
DK38 -0.000191297876712678 0.00439214297972436 0.0411149771277445 0.0477139302945757 -0.215557201879265 0.0753285108045602 -0.0395166374881376
DK39 -0.0149169710385707 -0.0087362030364647 0.146246772267196 0.0506638275086253 0.0395896442125355 -0.00167451360767655 0.0158471185726258
FR02 0.0496438924825096 -0.0531768952433251 -0.0665926413542337 -0.00321993146254866 -0.0054974912246706 0.0525384434820921 0.0220427724676021
FR03 0.00183800114137381 -0.0903774277966034 0.0905604274133883 -0.0265885432445823 0.049291593133242 -0.0837285512964061 -0.0344149710949269
FR04 -0.0789098042576777 0.0535735410558633 -0.0430386806169592 0.16803107737046 0.0860604796881141 -0.0509991800237053 0.132538642191742
FR05 -0.124377337905342 0.0363474861295532 -0.0565813803621328 -0.0903802562476738 0.135444303368317 0.146951499206422 0.00883937128552347
FR07 -0.169159971253903 0.100861379239846 0.00465596625296774 -0.00836129140882654 0.135526445194574 -0.0110889662875141 0.120445581972193
FR08 0.0584512903859797 -0.0150279625256765 0.0218669632429236 0.110782512363487 -0.0861022782009147 0.118439610459443 0.0142410834183871
FR10 -0.0391359419209115 -0.0513833464647509 -0.0275368753319464 -0.0972238846150529 0.0334753067906703 0.000710997397065637 -0.0529474456660757
FR12 0.0239717041742033 0.0376529872196393 -0.0717060175337169 0.049886791306187 0.0279520378582543 -0.00166255672957888 -0.017811183499417
FR13 -0.058573903497383 0.0606021248807305 0.113451496581167 -0.00951316258207277 0.106862889628966 0.166083902637453 -0.0236096428237225
FR15 0.0552439016255868 -0.00928263148764241 0.0759770089674636 -0.0725216355336053 0.0778998123828525 -0.012531427482566 0.0882177291205318
FR16 -0.166828573802076 0.0231466737108922 0.0293752448175777 0.0538113316640163 -0.0236689998699828 0.0260902732084291 -0.0689322927438215
FR17 0.0484654396451739 -0.0639994306024029 0.0307562165383655 -0.00735126127749373 0.0840609715377246 0.0531413291914119 0.0280119851146053
FR19 -0.0409381431926673 -0.0570270272172481 -0.0288050102303851 -0.0549614102491388 -0.143757883648276 0.00309089519930721 -0.0735389758859013
FR20 0.132973503126178 -0.0396168551588358 -0.0576968993754576 0.0359752010982774 -0.00535498449871097 -0.000725732385254818 0.060675314170966
FY01 0.0315447303027694 -0.0523265166085383 0.0211609002738635 -0.00572084442551995 0.0936556143933651 0.00622791748835173 -0.0111901863960821
FY02 0.0847368156075835 -0.0673351640447895 0.0606555497904797 0.0454455307793307 0.0130578660925183 0.0114405490869301 -0.0478484601411717
FY03 -0.0428480349481573 -0.0529559064365168 -0.0229997776664611 0.0171980354693885 -0.111493236932626 0.0568214927138855 0.0216593400440602
FY04 -0.0473179429576544 0.12907610994927 -0.0977144915755249 0.0620505872890162 0.0307023247880098 -0.0863946992861192 -0.0712374286748504
FY05 -0.0153352318246745 -0.0269655859548778 -0.109407374434177 -0.117564855383296 -0.0463980986178313 -0.0545918126361872 -0.0854651212093595
FY06 -0.0183537353709478 0.00450418265632465 -0.108172793755178 -0.0470685879425546 -0.00572262689021099 0.065332528630814 -0.0361662556464243
FY07 -0.0455472494729728 0.103479465402697 -0.0496802483855399 0.0699539385315471 -0.0543804241823662 0.0689953249651247 0.0453996229653373
FY09 0.0174335038364177 -0.035085569677047 -0.0178532607265086 0.0737063515014156 -0.0838884230291966 -0.0633027724053074 0.00306617144212648
FY10 0.0367460378839185 -0.0478804702969188 -0.0965486977302429 -0.00280315859814014 -0.01082814988372 0.0856186269229749 0.0503056657985905
FY11 -0.089626224715981 -0.0277922649471233 0.0527021572864369 0.0525096182795428 0.0462832375168229 -0.0165065021813666 -0.100937729974463
FY12 0.0574500735878031 0.0473136233497394 0.0774643438943322 -0.0248047269087852 -0.0173038303843378 0.060742530599313 0.008697940375547
FY13 -0.0597529289534244 -0.10672219571551 -0.107139353988478 -0.0811695152293272 0.173494435120256 -0.0844338028872107 0.0328648343664924
FY14 0.0631758782173196 -0.0193627553392015 -0.0260154767003354 0.020634597424443 -0.0470775892414031 0.0688923661807857 0.0588424558767902
FY15 0.0807943887755656 -0.0325786854767457 0.0706791956349136 -0.0664135612482184 -0.00440282868766049 -0.119996119224009 0.0640329919798793
FY16 0.0242950719024042 -0.0818116232946538 -0.0470797666258825 -0.000189844602793728 -0.0184830999201826 0.106418224474465 -0.0159867081894687
FY18 -0.0411010789640733 -0.00654501696000559 0.0203540429182937 -0.129918485331679 -0.0594858803811693 -0.0277911037327652 0.0593160212402636
HH01 0.0923940189089358 0.0709643267319448 -0.0306302067674318 0.0447214591641724 0.186871420317417 -0.0069395240679843 -0.0629441410627276
HH02 -0.165654288233357 -0.0393035228642479 0.0454166796669604 0.0692063564712318 0.0573705939069938 -0.0331619891691139 -0.0211264653984104
HH04 -0.0598886002736501 -0.045438105128845 0.0780561724711895 -0.00909794440120504 0.115552782695554 -0.0416309249344271 0.118857156041588
HH05 0.027299990585468 0.0171947347725779 -0.014997967530168 -0.0546549792441518 0.0183916783270252 -0.0580020332605399 0.0401366649519779
HH07 -0.0338442010684499 0.0793662613016457 -0.0126652320850065 -0.0202003073474425 0.0316726083673813 0.10354906781284 -0.0464310103758163
HH08 -0.0653412327300272 0.0208494182858477 -0.0336124339600153 0.0125332709533959 -0.00505281459168923 -0.0198744829254886 0.0698449504856564
HH09 0.0567705441637876 0.0162259873835275 0.0298446641430668 -0.0676480468011121 0.0121022940698168 -0.00857044680941909 -0.0876586410484616
HH10 -0.050138624115704 -0.0511380412831627 0.0670718355809097 0.032350285569625 -0.121476779353346 -0.107132741657255 -0.200868298990911
HH11 -0.0365138823527058 -0.0569444713506891 -0.0358575197421367 0.0544486478850028 0.0984017935806751 -0.0542795617966732 -0.0574630720063212
HH12 -0.00774337323304734 -0.00980289378348241 0.00609105318197275 -0.0805251943214806 -0.00932718708831536 -0.113973587415566 -0.0210745184644634
HH13 -0.0126187603193222 -0.005706379161101 -0.0585614294971885 0.0254446885409106 -0.00351820188043827 0.0448487030986409 -0.0279158428122079
HH16 0.0132483580467256 -0.0787874223517296 -0.0453525220607276 -0.026255106054668 -0.074500535775935 0.0564899915958025 -0.0594429780430393
HH18 -0.0512592715530431 -0.0069388610917801 0.0855398901256244 0.0781359573136769 0.0579764068334592 0.0255865233794714 0.0673619804368118
JB02 -0.0301765316073875 -0.0521402289768038 0.115418539154827 0.0326663987316365 0.0649060168788181 -0.0603292700860523 -0.0769285220084439
JB03 -0.0319040462164368 0.0495036576305352 -0.123049149975666 0.0618732422608257 0.0274402697461574 0.028486710356874 0.0739362704525026
JB04 -0.03849219399053 -0.066156041898164 -0.0960961063654533 -0.0330162769764913 -0.0511582370680903 0.087837188501097 -0.0185187619525463
JB05 -0.0343050448475261 -0.0170510594964341 -0.0542377648241152 -0.0253797901850047 -0.0327022859388576 -0.17149447402015 -0.101191247593429
JB07 0.0112831549612413 0.0111947745280619 0.0298245543729934 -0.00717130357323363 -0.0281552697260344 0.0261482463128075 0.0441334329381426
JB10 -0.107192841500957 0.000731594658102402 -0.047122386321067 0.0187663939582048 -0.00543959797967784 0.0304767716004993 0.034940694345126
JB13 0.0359840602210206 0.0165447921098616 0.0446733254461541 -0.0989382989369915 -0.0673275827573737 0.0090701419409449 -0.0139821277936252
JB15 0.0601057878528681 0.0312136822858438 -0.165937508296325 -0.0445541108534279 0.091652958365767 -0.0638811550454884 0.0475946450237643
JB16 0.0731560003226531 0.0450409390433796 0.0136051847979571 -0.0330345528232281 0.0422503442619155 0.0400633433720156 -0.0153196792914976
JB17 -0.0716792311738434 -0.00551758048286877 -0.137499270059941 0.0299467901690128 0.138157599506018 0.0772115937932727 0.00941153958198396
NB01 0.0261282217376489 -0.0253543424471167 -0.03840572410205 0.00511879834150359 0.0114849370729046 -0.0673216574762478 -0.0190059709817707
NB02 0.0548297611981264 -0.029114213353452 -0.0221662783426264 -0.094273601652999 -0.0900060929047563 -0.0862389275738394 0.11202163313673
NB03 -0.0263977375476076 -0.0306005235434084 0.0418543256158579 -0.0118662955947241 0.0161124699501441 0.131609190767472 0.13145342312649
NB04 -0.00166820338057346 0.0129421577408992 -0.01465055726061 0.0156143277321339 0.0540060530114821 0.0221318884413514 -0.038268481350459
NB05 0.0780547394381661 -0.0468469292226844 0.0518020105243877 -0.1098053125414 -0.0909735572389545 0.0742806249823381 0.0529118159876034
NB07 -0.123778599424029 -0.0269310457074431 0.0377109017028279 -0.0260724733163668 0.0386439035211736 -0.0452592350310622 0.053644278702769
NB10 -0.177539739159183 -0.0688377905752691 -0.0169430317898904 0.0586620534124249 0.0441295088301449 0.14553486246737 -0.0900954032516903
NB11 -0.000878841265938605 0.0288063642739766 0.0164057390998598 -0.133941514403238 -0.0917655151113581 0.0693985513842404 0.0655615949069936
NB12 -0.0104435020395888 -0.0407655785017857 0.0836691609274346 0.0761781352215782 0.013475173524464 -0.0714105936155098 -0.0557690602142848
NB13 -0.0186771846973466 0.00446806053185451 0.0497865285002955 0.0930716347748619 0.00948718566688477 -0.00721440435766861 0.0843172088721649
NB15 0.0587169812037467 -0.0333130034822926 0.00982504055559764 0.024140032615437 -0.0500390277993614 0.00177087858590567 0.112212788882655
NB16 0.131124253384807 0.0217173451951545 -0.0194925732725855 0.0767741963382228 -0.0301944170776918 0.030167877868674 -0.0713453061370991
NB17 -0.00115169611285998 -0.0225005514172092 -0.0650004270102688 -0.0478296195381523 -0.0530188137718902 0.022796375741894 -0.0230244823108918
PA01 0.0263118312380833 0.124054230053877 -0.115106248076935 0.0384570554213751 -0.00874293265894108 -0.0815162515359696 0.0777219944448231
PA02 -0.0238950023608442 0.0189174941808924 -0.125215978248287 0.0806580369876642 0.0380681487506013 -0.0688332806694143 -0.00502591721559451
PA03 0.053652256679148 0.0212683197661676 -0.00190572567962133 0.0676578034059074 0.000308189376046273 -0.084348684419243 -0.135526061691577
PA04 0.0439305957651725 -0.0193209330019165 -0.0138624893873429 -0.107686918454314 0.0851597621888522 -0.0465885510366505 0.14492344998357
PA05 0.0936588300415734 -0.0210910294592973 0.0482569524135563 0.0370109979698779 0.0878089364553832 -0.0803481422722907 -0.082259732337966
PA07 -0.0808374930292773 -0.1649666401793 0.0391694619059037 -0.02959614772263 -0.0286679196953554 0.0468121518341142 0.0543084486470302
PA08 0.0849118215574844 0.00161482578280922 0.00970097822305463 -0.11273213212571 0.0336714043289112 0.000619430495863898 -0.0896506430977511
PA09 -0.058723460528999 0.0744888607937209 -0.0281137708451145 0.106913140361678 0.0205814249694606 0.16335814820141 0.0360353653956183
PA10 0.0229997796548487 0.0690224944079474 -0.0102724953094155 0.00498621412370903 0.0278861030444866 -0.105480164005398 0.0273830914182378
PA11 -0.15468280991375 -0.0137558785982409 -0.00584487112233437 0.0250286471484719 0.0336678778077063 -0.0976821021487028 -0.0156313679676239
PA13 0.0109315510321266 -0.00508971468473379 -0.0164135339387405 -0.124332350381472 0.100904752390971 0.0101532254081122 -0.104197373504159
PA14 0.0858272358386978 0.0157195007288966 0.0225371291244338 -0.0887861116283877 0.0973930089914795 0.0872691525664479 -0.0731916297064132
PA15 -0.00327559242583256 -0.0357770471352024 0.0684284208239691 0.0672609128846204 -0.0529879933141231 -0.13602184534153 -0.100969817696683
PA17 0.031795196189791 -0.0509727018039035 0.0551182298929509 0.00667605714030449 0.0458466661315045 -0.0212641636194075 -0.0096066464408885
PA18 -0.0514607766918814 -0.00193485741893601 -0.0449423996288922 0.0739508605404126 -0.0999529139100988 0.0262488517668445 -0.0954195918182507
PA19 -0.13198814020785 0.0583527879964757 0.129861824098234 -0.084869823895516 -0.0853861792667949 -0.0510415474457019 -0.0180829435372451
PA20 0.0421096736655237 0.0626575036551111 0.0578814841322796 -0.0526185999237708 -0.000559336611527077 0.0350514485492574 0.190743215891312
PA21 0.0292121900729806 -0.052094903828451 0.095332336945078 -0.0420333280845728 0.0139747884341224 0.10804579839718 -0.0550149260930252
PA22 0.0181063814706918 0.0768476922686745 0.0882662046892483 0.024536720009651 0.0584217794037422 0.0920278846561028 -0.036143821603046
PA23 0.0161784037736785 -0.0579103231461391 0.010200596130758 0.0437323912119142 -0.0250447407175641 -0.000136321536759957 -0.0682453828885007
PA24 -0.0295314682606661 0.0282334331532107 0.105264577935174 -0.110247812239048 -0.129980936803063 -0.147489276514291 -0.111027662065879
PA25 -0.0080247602871193 -0.0333670009909672 0.0119042176869451 -0.0716634435522493 0.109675089734934 -0.0364681180225865 -0.0356526350843457
PA26 -0.000439016519415588 0.0284311292663044 0.0143185332892898 -0.015486686250851 0.0697665830711492 0.0948358137251403 0.0461541427584257
PA27 -0.0932590391837545 -0.00972491189481802 0.0475540590583618 -0.0569345077921218 0.0438057863089997 0.0354924645688198 -0.181084803621674
RB01 0.0637827890527243 -0.0533139724832627 -0.0921195819065783 -0.120812103585094 0.0462167321804824 -0.112690072073005 -0.0192659258751898
RB02 -0.0735350196986325 -0.0413585468312979 0.0460219037022593 -0.0743492201966904 0.0788610776055249 0.0419946727780155 -0.185154467401387
RB03 0.0509529701042093 0.0256318204778225 -0.0270873126390753 -0.0445085408211238 0.137044212269931 -0.0718198783342838 -0.158592870270226
RB05 0.0186350860079456 0.0226254121514666 -0.0214855922364103 0.0177036983311411 0.0940242708315117 0.0433648041043701 0.037883135362188
RB06 0.0220865089117339 0.0147699685962557 -0.159489737246024 -0.010774227757973 -0.0533266465791439 0.11854184781834 -0.015820904718005
RB07 0.0189390446936996 -0.0189344726821471 0.0812936119444057 0.0372933018701973 -0.0635667640582361 -0.0368364772215925 0.0959831810083839
RB08 0.0729440808593124 0.0345003933220597 -0.0367222528632848 0.153983579286145 -0.027900407084925 -0.0146667225233772 -0.0590702264320601
RB09 0.0534143279917998 0.105799025954362 -0.00215128003455881 0.031259492474788 0.0516882533252018 0.116978525881106 -0.0199157787298284
RB12 0.0643300599029479 -0.135648136700647 -0.0475453036143943 0.0247208110883639 -0.0597513061659035 -0.0209139487228403 -0.0830644804990266
RB13 0.0700369809189877 -0.0309044143866053 -0.0780938666103704 0.0541697344706937 -0.00176524053620265 0.126875877626961 -0.041026928901385
RB14 0.0185029911099515 -0.0183699235357208 0.0217756986717287 -0.0167979360099365 -0.0155804544930005 -0.00820291595306177 -0.01566170795103
RB15 -0.0285259501252204 0.00120415982750773 -0.00694199195126966 0.113724404693562 -0.0452731977685335 0.09892573391027 0.011180685431626
RB16 0.0689194286637299 -0.0283389204123843 -0.104966217143912 -0.0969705398875266 -0.0344344665860357 -0.00216385902811388 0.047897156634693
RB17 -0.0742714675427047 0.120451816930601 0.0318204226096639 0.102922142621549 -0.0243136310604418 0.0639663662632367 0.016756719511241
RB19 0.0643940557415806 -0.0726572892209167 -0.193683136530413 0.0944939791686558 -0.0391724279195065 -0.00541581395657949 0.0587137363427684
RB20 -0.0306296459017573 -0.00667980660775247 -0.069917611096702 -0.0102673337449497 -0.0454836826416029 -0.0719004428493033 0.0326409149158996
RL01 -0.127253282339637 -0.0562488268685383 -0.0488933881231444 0.0744438729237393 -0.0951857018125923 0.0798222120454374 -0.0524515600180497
RL02 0.0128658860946084 -0.0101109425144537 -0.0745279059607131 0.0402557119176674 -0.0560569487721971 -0.0366180618675527 -0.0860032251607996
RL03 0.0934555161300219 0.018500374997095 -0.0757890111743486 0.0151248357856354 -0.0861809737493654 -0.056238249712761 0.0599672939359602
RL04 0.0608007868944493 0.0229090884521627 -0.0567555393891774 -0.0613891087811444 0.141680891912499 -0.0125332833231224 -0.0145107968025514
RL06 0.0833607056678907 -0.0329709791980181 -0.043521058578941 -0.0696683306812778 0.104666658215561 -0.0423043708702087 -0.017297038029529
RL07 0.00340830333711838 0.0721622252419565 -0.0575308707422626 -0.00164338055541077 0.032496842458037 0.0119558119992141 0.0143726581592413
RL09 0.0551786459155121 -0.000581012521279107 0.0557508757052924 -0.0107648425060879 0.1050408426112 -0.00982875183827861 -0.0118126347483403
RL10 0.0387734422875832 -0.0314000877241259 -0.151783119949502 -0.0573563867918659 0.112428886093339 -0.0734933376127116 0.0780580533675433
RL12 -0.0237473737325264 0.0948931146589968 -0.0679919752765736 -0.0465860063422206 0.0370755226465332 0.0591545481259614 -0.0543673296771495
RL13 -0.0691974299042257 0.112950795071647 -0.150266717208134 -0.0483319314808909 0.092991382305038 -0.101342476561922 0.00958636364462991
RL15 0.128286118511197 0.0542980272047594 -0.0928866958031703 0.0290243800926682 -0.0184775754326659 -0.0583755597728434 -0.0484084244408102
RL17 0.000196680686206374 -0.0382790977271504 0.00474323266719646 -0.0533047100595795 0.074843329622185 -0.027651125766988 -0.0818173627482312
RL18 -0.233797018945603 -0.00805806738999087 0.00964396526417035 -0.0328800597554338 0.0137577366287856 -0.0366620474740846 0.0396627042067222
RL20 0.00742189558761001 -0.00542755426169489 -0.0734419997548588 -0.0570172489545296 0.0266773448723669 0.110345877597035 -0.0355802408445882
RL21 0.0623346258520239 -0.0083615810778962 0.0234110384941721 0.0122390336199805 0.0948782674691818 -0.00559826354446665 -0.00350893724339782
RL22 -0.0945522497587765 0.0898378479069002 -0.184783250352338 -0.0726988582681798 -0.233250920991789 -0.0604219030858691 0.0769956506324345
RL23 0.0324016360183915 0.0019922795585866 -0.141834571829963 0.049056912797155 0.110063775641182 -0.0726489364639676 -0.00276741326440317
TR01 0.0554325123954007 -0.0632164056931625 -0.031280085968187 -0.00353977596652818 -0.0659476115473193 0.11119457570886 0.0292530583696629
TR02 0.067260711566238 -0.011368133082435 0.0144237769173589 0.00724679940663932 0.00724748190209035 0.0128322444730635 0.0475369940965238
TR03 0.0780864749194079 0.00979477435763475 0.0422042088813752 0.0518104630333266 0.120547378748552 0.00950152252501714 0.0563267783100635
TR04 0.111575480223728 -0.021190499975241 -0.00407564573271442 0.156444486859657 0.00361696206442065 -0.0469544636453442 0.0147431670550029
TR05 0.00783442838708678 0.0135776669302863 0.119201178900371 0.0250226756913749 0.0309132318294392 0.150187669700028 -0.053185593246018
TR06 0.0739545558539333 -0.0209979527713904 0.208473176687724 -0.0699113016750861 -0.00714538674392769 -0.0430840572583986 0.0553811361283804
TR07 0.000575360113940142 -0.00305307905838491 -0.00648894610933108 -0.0940773423167015 0.00864475704741068 0.115524561384513 -0.0652077502117014
TR08 0.00437767955396942 -0.0881518709333967 -0.0133630655574053 0.0236607307606948 0.0942640197152073 0.0436448471882219 -0.01081077829726
TR09 0.129450603593528 0.0261046247253207 -0.0354564296112683 0.0377274839504429 0.0653833032700432 0.0339444862953309 -0.0781168367652358
TR10 0.0910504677167513 -0.0337525539094935 0.0485096072551928 -0.109237247402382 0.0853716143696248 0.0690066667011797 -0.0488687744080098
TR11 0.0738360802074468 -0.0135221892414584 0.0216669903944981 -0.00878641027609334 -0.0115105599190293 0.0672219212065723 -0.00322213139724017
TR12 0.0193175870457912 -0.0143723163539108 0.00603045214284206 0.0248125723436876 0.097121812803672 -0.131978464504957 0.0300728764160211
TR13 -0.0128580898085954 -0.0145021413912012 0.11801476937062 0.094463248418024 -0.00534354996366658 -0.208791153368547 0.0226420571969535
TR14 -0.253026649205661 -0.0256970318914572 -0.0797438046610702 0.0237401501678455 0.0144659433284273 -0.129772790423557 0.0734147636999834
TR15 -0.0322778147648714 -0.081611978805251 -0.031957037193403 -0.114900890744711 -0.0292101799823248 0.0149880187106922 -0.0534419071510361
TR16 0.00378191179969236 -0.087715728607614 -0.128551313348797 0.08378635196992 -0.0192063438922242 0.00648025821963486 -0.0383343542678771
TR17 -0.0241085608802565 0.00608672850399803 -0.114492752472082 0.0176236753863679 0.000396762967588048 0.0871128789786688 0.171773369645938
