sample MDS1 MDS2 MDS3 MDS4 MDS5 MDS6 MDS7
AN03 -0.0165849396666491 -0.0564257106465326 0.0410916138575442 0.0509124382688384 -0.0129715817889849 0.0113911703479115 0.0483019728730622
CS01 -0.073987077736116 0.0221850549773543 -0.0382568790215073 0.0513890773510118 0.0349476666918081 -0.189768115701828 0.0590127457027072
CS02 -0.0691583393797314 0.0145713974215161 0.0335355944501144 -0.0574552657914827 0.113136637185756 0.140711954156648 0.0140050030528601
CS03 -0.0696043123124177 -0.0326723548009462 -0.0122710754237508 -0.0449232946052466 0.0432181700709355 0.121113753912311 0.0219207516749597
CS04 -0.026611818074536 -0.0230180574043082 0.0218316379321907 -0.039882680943719 0.083878063670725 -0.0305088955593309 0.124947931799115
CS05 0.00691812416727086 -0.110913953941805 0.0657085178339066 -0.0170322853125378 -0.0279517653344348 -0.14421952508131 0.00523533130496567
CS07 0.0496152607975497 -0.0773602030029677 0.118058852410328 -0.0903744767799673 -0.147631698089727 -0.00643439513935648 0.0307827033850214
CS08 -0.0997121587644043 -0.374071246808961 -0.0858821792839118 -0.00982799813859975 0.142586691318956 0.06417663407692 -0.0904571071579932
CS09 -0.0717671992829569 0.0204448305470558 -0.0854227959824497 0.0977458446192613 0.0214548429432015 -0.133378501522241 0.0363263186078192
CS10 0.00242212502881646 0.0586650847844982 0.0565942860998617 -0.0604518525157512 -0.000727907825501983 0.0844702174300215 -0.020943487482556
CS11 -0.0891024716251219 0.0426518530607833 -0.0164002880408965 0.0144304951501794 -0.0662378147846607 0.0873617618711799 -0.0262890938392961
CS12 0.0575097694201709 -0.0598299970078225 -0.010652968448984 0.0549425965053738 -0.0588291891692096 0.0542659488684131 -0.0286703614703262
CS13 0.0400335083769459 0.0872135797138293 -0.0061338792590464 -0.122540711527513 0.08563465646465 0.14563905472667 0.140664435633887
CS14 -0.0217130675522603 0.0221214278542655 0.0458390089916086 0.0431133453200522 -0.0490488499953745 -0.0371244522162561 -0.0837788227730493
CS15 -0.0619743682841803 -0.04313626435338 0.0372588336713559 0.00688239714475264 0.0215322983223499 0.0442729207021345 0.056704763253054
CS16 -0.0782620870348042 0.0103670930218176 0.0908901242331922 0.117863253862275 -0.0878887848945816 0.127061268826283 -0.0115780902285662
CS17 -0.130092700578666 -0.0405172389907365 -0.0139757083992747 -0.00643923180359819 0.0696013396137966 -0.119698072385129 -0.0727255558418081
CS18 -0.0313287454634688 -0.0187238919630004 0.11096251743777 0.0778413506669224 0.0498535632684497 -0.0512220121346505 0.00960562187656515
DK01 -0.0351706319195137 0.0772975754494967 0.0164733002249266 0.0801860284303958 -0.0287357500851408 -0.0490110922804625 0.0402012703317268
DK02 0.0422182036701438 0.00818038683245417 0.0743414641092531 -0.0182172219063871 0.03354308479638 -0.108045708815579 -0.0476125005245496
DK04 -0.0704311784770846 -0.0866978788417526 0.116345126093289 0.118972084095846 0.159788451597567 -0.0112194286995826 0.0451010931110793
DK05 -0.0713934444677958 -0.545249731568819 -0.0789332520274316 0.0772401685478319 0.168901813209381 0.0596188827149827 -0.136435020046955
DK06 -0.0175221143291246 -0.0268920342247903 -0.0481732799714384 0.1235094123527 0.0453341330331599 -0.0110251624141962 -0.186977161406206
DK07 0.049610120417174 0.069119878249966 0.0163155672379822 0.0497750917865218 0.0802009583422458 0.114865272302388 -0.0770607763867698
DK08 0.0918587378535345 -0.0102070446702488 0.0167139402661333 -0.0780520107479824 0.094458712643325 0.022141108731442 0.120988405507069
DK09 -0.020411272780271 0.0225448932219356 0.00301660695264557 -0.0726500304617862 0.0550982220031246 0.0793054335263911 0.0116909250961171
DK10 0.236780765894143 0.0286109195168478 0.0185800036345905 -0.0330177322212338 0.0384738174859014 -0.0131971878992165 -0.0607323723613595
DK11 -0.084428545512844 -0.00960877815355265 0.0443195821580511 0.121870108225567 0.0267873517782763 0.0429372034729522 0.112909056396667
DK12 -0.0718376036110891 -0.0177956988787496 -0.0115763287325074 0.0603513116686013 0.0183702267526798 0.0326295370913666 0.0556612600733464
DK14 0.0988607939612939 0.0256517706032126 0.0101175381982052 0.0710233591290128 -0.149995920773933 -0.042524555028632 -0.00704885164051777
DK15 -0.12493307027537 -0.0303391145424218 0.0356610270366471 -0.045736951684539 0.0653114492377662 0.0801641751937712 0.0576580590703279
DK16 -0.015743299722097 -0.00184449865891276 0.0574767126412369 0.0444983207941304 -0.0307462620371506 -0.0613386715446945 0.0136482433458912
DK19 -0.0643709326666786 0.0116335837644084 0.0696912652867761 0.0491461484587518 -0.0971795742948488 -0.0675789289530058 -0.00192370270418648
DK20 -0.063456483417713 0.0132763893693944 -0.0259626753467567 0.181477418632184 0.00554476322649814 0.00264300182453088 0.00648969425213388
DK21 0.0152881540300838 0.0577116359843125 0.123279728608975 -0.0909847273698267 0.0694942250194948 0.111212921766114 -0.0335564349287569
DK22 0.0737454791950807 0.0827420056642175 -0.00892329911340693 0.0574984290833405 0.0580645922389186 0.180276729488795 -0.00177435807700278
DK23 0.0506012341256807 0.024588093378151 0.125391406092825 0.00619311397859075 0.0122065952838568 0.106333265186149 0.0709046660600281
DK24 0.0261209917032882 -0.129281351632379 0.0313421563784382 0.0378583007013349 -0.0535533852175833 -0.163695216389504 0.137914783322643
DK25 -0.0402439020256609 -0.0378364517737667 -0.0293958720287272 0.0531520729638993 0.0837389219519424 0.0174710288979169 0.0174499570933991
DK26 0.116066949168512 -0.0709913568862586 -0.00838339702956119 0.00736551523923078 -0.114325134258346 0.000630037446691545 0.0607018680377524
DK27 0.0597183151702269 -0.0445575388396623 0.168817759739315 -0.0410810160149842 0.0224731741174588 -0.0441816670251627 -0.0653135079038687
DK28 0.175407156779475 0.0159363340001085 -0.0659675552299506 0.0184583741732298 0.0388249940226987 0.110675053053046 0.0189826450764121
DK29 -0.0875047899847902 0.000521636021319298 0.0146795232833903 0.0522854163375489 0.0267914866706958 -0.130547950536108 0.132601413112479
DK30 0.156634565384711 0.0680190284502488 0.0251152746529977 0.168332109163065 0.00856219441666076 -0.0831931869878065 -0.114413278790266
DK31 -0.0655389509377507 -0.0619727854222929 0.116193829759509 -0.018460610108929 -0.0619897043560381 0.0418267476771021 -0.0555415466855314
DK33 0.0590468746775717 -0.059074206571616 0.114985265836649 0.0834333540828376 0.0133694200397881 -0.0849229139249033 0.162830540014769
DK34 0.0464826760759563 0.012022359168186 0.121205502516027 -0.0895286450746585 -0.0288106106643225 0.061851395036815 0.139576786932856
DK35 -0.0778282984282768 -0.043194710952298 0.125072116217983 0.0287944671289074 0.0218252673064214 0.0313246910912389 0.0755747274201164
DK36 -0.0839948471786163 0.0272983540070642 0.0604003073099446 0.000387381786946386 -0.0745941521899564 -0.0515557946221505 0.058706893824831
DK37 0.0121279035482753 0.0111091395147801 -0.069095148516574 0.134080350088089 0.197809215764904 0.0941208670265718 0.115060423483601
DK38 0.0117103504165374 -0.0040482421547189 0.076794709986713 0.21444466540777 0.0181711528429349 0.102778114019259 0.0557054164787273
DK39 -0.00457423693798405 -0.0276886850409113 0.146405219072636 -0.0400148644415166 -0.024656484049133 -0.0104511514693499 -0.00514822644586036
FR01 0.0921909355753595 0.168970870401625 -0.0290454460755092 0.0409066478741973 0.142415921151345 -0.0701077822137902 -0.0909072823336295
FR02 -0.0159146536646089 0.0679064712913991 -0.0590769965872055 0.0129606401723829 -0.0399612631864104 0.0344887119697369 -0.0165084379874081
FR03 0.0102411214054871 0.0630394022472268 0.0951753701706242 -0.0668205817233613 0.024566448204532 -0.0318958203602196 -0.0825441445360743
FR04 0.0610813418743502 -0.0681985612885274 -0.018628381003605 -0.0502786759161503 -0.0522924313463004 -0.17664753087506 0.167560749271345
FR05 0.103679954603837 -0.0936003226810442 -0.0875158312257689 -0.132445424094151 -0.125867909284307 0.101684553995226 -0.024012047247526
FR06 -0.0554180441647152 -0.0197733086863734 -0.0350595673481467 -0.170830903412524 -0.0194821787906231 -0.00720222822122864 0.0805047046141358
FR07 0.136009964259835 -0.156140201321816 -0.0240774823973997 -0.167366878676447 -0.0112434125285673 -0.0722069952206576 0.0186066776798979
FR08 -0.0578700013868278 0.0197084981318775 0.0151833948694045 0.131877540849258 -0.120093741468122 0.00043911594443519 0.0715420974401823
FR10 0.0587622306719197 0.0393266495176793 -0.0294383720365701 -0.0413442646812588 0.0471903680935014 0.0632820606479795 -0.136185356738455
FR12 -0.0233997465077528 -0.0054168149575481 -0.076174532509321 0.015946180876981 -0.00491790759089887 -0.0562058945629028 -0.025469837518917
FR13 0.0204658060021321 -0.108496536302747 0.0853263977708136 -0.0583306802067021 -0.177150127903086 0.0241679796296694 -0.117838744734784
FR15 -0.062413962769704 0.00643748840859898 0.0501030621620668 -0.118908648890487 0.0234327173279766 0.0173733688816174 0.0297118632084246
FR16 0.156528700949126 -0.0749095522550696 0.0285516483101131 0.0323035073553261 -0.0496996567536007 -0.0481141851567754 -0.0780681855728593
FR17 -0.0388607368267564 0.0496630594330333 0.0077952001806838 -0.0840427156709153 -0.0960316601603564 -0.0209927511990137 -0.0196927985958904
FR19 0.0700768047637964 0.0395536449445921 -0.00939814788700227 0.11412862955715 0.0487784121863221 0.119141131891966 -0.0105700700335385
FR20 -0.104522892314561 0.0659821266088674 -0.0492927693948642 0.0115560686251426 -0.0633685653338653 -0.0167476743739159 0.0886244521696988
FY02 -0.0793920097524919 0.070444995057658 0.0712514060374902 0.0213039543222459 -0.0656917957190388 -0.0325514564061844 -0.0243040152929225
FY05 0.0431644811460741 0.0107149407405029 -0.0838687081274418 0.018888704720053 0.0652910080692464 0.0706803700930537 -0.0573318127956638
FY06 0.0288002159599394 -0.00959426017326768 -0.113994163643504 0.0259099199498431 -0.0374854833475937 0.0600777289394551 -0.0165605915175137
FY07 0.0287772019780656 -0.106471282967499 -0.0525423410874928 0.0859975590951958 -0.0407278864341821 -0.00951977421819106 0.0765414744160011
FY09 0.00242590519612694 0.0504843193365909 -0.0201061423919557 0.0937586601425102 0.0504074005974787 -0.0508778498301404 0.00253530970400106
FY10 -0.00720951625143908 0.0327209905866958 -0.0988332860475187 0.0163825572983694 -0.137725366651034 0.0497491847770474 0.0764119638765296
FY11 0.0848556871138287 -0.00522616325689871 0.0634524107917309 0.0288271631564599 -0.0209462599038868 -0.0917279533963076 -0.0966356200045782
FY13 0.0820114588772208 0.136075801579468 -0.0949204961191915 -0.187799979329917 0.0685506444209607 -0.0265928142292164 -0.0216282560162388
FY14 -0.0424700279338397 0.0466718669264085 -0.0266726185005375 0.0504957945060451 -0.0185196820824952 0.0658430984815262 0.0109398218753857
FY15 -0.0785236801599509 0.0378983347830412 0.0609247340672405 -0.0686965572418202 0.109102113459949 -0.00704768805619259 0.067022100005824
FY16 0.00376109622950423 0.0883071867151383 -0.0456099161293411 0.038736285906068 -0.0896607656368437 0.0784891427217595 -0.0272208658046638
FY17 -0.0385639427485803 0.0368472206498563 -0.0256174225894795 -0.0304407361808254 0.0836392723695452 -0.0576374609639425 0.0879702905709792
FY18 0.0431436491426403 -0.0259885612447941 0.0074602982417436 -0.0389417460101953 0.0844671275164676 0.0867532038680483 0.0405314473890634
HH01 -0.111106697165389 -0.0120853958425618 -0.0674477290383195 -0.0860292476221539 -0.0207079505767005 -0.108072774142039 -0.127706990464963
HH03 0.011590707519277 0.0266386721882452 0.0145858205606346 -0.0279467793193769 0.0156355955678087 -0.0401488907274395 -0.0781817035197986
HH04 0.0546894392231545 0.0128224675455202 0.077663432307692 -0.15651570360275 -0.0144236362305458 -0.0258883575955217 0.0464593096928984
HH05 -0.0213344188026364 -0.0218817379174049 -0.00539942941572635 -0.045601191851686 0.0179613342801314 -0.0157364594136396 0.0453672471716189
HH07 -0.00155107790689766 -0.106492049774916 -0.0396173517600686 0.0108165383788976 -0.0818363885444583 0.0440770051859452 -0.0145973381035001
HH08 0.0734056542766232 -0.04227076734467 -0.0268188639864853 -0.0196703329701069 -0.00215521435334812 -0.0279626898210355 0.00168618332082251
HH09 -0.0575009040294367 -0.010785664876517 0.0047967405609333 0.00615533968645157 0.0367331600786068 -0.00904864973869416 -0.12302879306805
HH10 0.0677874519656034 0.0360789798172346 0.0941163875184411 0.158587854908151 0.116856225775713 -0.0622001713616235 -0.136810674609192
HH11 0.0491601837569053 0.0304818410788938 -0.0200934003819406 -0.0591779155143028 -0.0607435739276657 -0.127002672600845 -0.0112457930838543
HH13 0.0186573445363609 0.0131935001050628 -0.0866356238279774 0.0122813919680324 -0.0286591130189271 0.0246016392483871 0.018250143498488
HH16 0.024231250836216 0.0903152760438769 -0.024124110568376 0.101055893835044 -0.00591191003595208 0.0566490031520071 -0.0161048514491769
HH18 0.0371368616726481 -0.0362343277309718 0.097272199072037 -0.043263495105635 -0.104726719936775 -0.0502605752580519 0.0713673479845609
JB02 0.0117473411690008 0.0623995870707486 0.103836330822109 -0.0171575177039828 0.061132693361331 -0.0590636713033405 -0.1188211214218
JB03 0.0420724350264078 -0.0504827239884849 -0.119999450947735 -0.0161449370593221 -0.0931956028797032 -0.0778268780215191 0.0434026433183445
JB04 0.0760093593134623 0.0536992305183344 -0.06845742124056 0.0788203143462143 -0.0467336845513396 0.0707321509737602 -0.030132934858451
JB05 0.0630946935240123 0.059123704176522 -0.0432867347825878 0.0447686174502016 0.246158411986229 -0.0654553190117404 -0.136300751417889
JB07 -0.0103217254471322 -0.0141457413512798 0.0413900724265774 0.00986609117712842 -0.00555029554993748 0.0307500487844751 0.0736092598995739
JB10 0.102405654678062 -0.0243497371896356 -0.0396085648207163 0.00103919472782024 -0.0383195335738818 0.0142820303866001 0.0340422718132767
JB13 -0.0465889055917948 -0.0334178733171343 0.0508814012106939 0.0245564544952643 0.0418744397715862 0.0811051843036017 0.0112507892939968
JB15 -0.0382834094311298 0.0151426939714198 -0.174567805479591 -0.0882506972887334 0.0645464899324738 -0.0371066508735677 0.0370330746808355
JB16 -0.0908098690297123 -0.0200347036343123 -0.0119664056205373 -0.0321867464069992 -0.0174459782344912 0.0377432314607858 -0.0673956690280918
JB17 0.0892305401358122 -0.00241537347906003 -0.154922918335076 -0.0797876256004304 -0.0945695150889151 -0.0381034276421379 -0.0708169690800085
NB01 -0.0144054086610021 0.0368824899149348 -0.0127343868066909 0.00141860028358422 0.0419258866385597 -0.0413509781138103 0.0647883853252988
NB03 0.0235649032840785 -0.00679177024633597 0.0446826885075334 -0.0371839460618685 -0.0995618865391914 0.122796076594954 0.111437646746695
NB06 -0.00550214806388201 0.0490726840659275 0.0636267371882062 -0.105177422713952 -0.0144215125301551 0.0136905659581664 0.0522215701637494
NB07 0.118507412887651 -0.0314924785139198 0.0639269758662296 -0.0753196496325859 -0.00681972286167343 -0.0204880740831162 0.0276778132629359
NB10 0.195951840725498 0.00868921119389671 0.023994366742073 0.0306967810212842 -0.14392585801356 0.0206750820145741 -0.12118152154674
NB11 -0.00367303786048014 -0.0417982930790036 0.00720745356543622 0.00658465536671773 0.0406371917790119 0.178805117526191 0.0571751481073534
NB12 0.00786052935120457 0.0363748070292935 0.121895951062166 0.0121363103344964 0.000235776834971519 -0.0726614797169206 0.00687547051591608
NB13 0.0140071724935552 -0.0404673022168689 0.0620042572484574 -0.0133174704162747 -0.0870148737059929 -0.0702578941442889 0.124106310542024
NB14 -0.0191474342612496 0.062836649014666 0.181144043680588 0.0514164640930197 0.0860136531057578 -0.00122633272048103 0.0109618507588853
NB15 -0.0485864812242485 0.0294705172557794 0.00120290655421551 0.0151195080575643 -0.0182892722090973 0.0295312379477934 0.081258072762023
NB16 -0.117350403762492 0.0134928539503578 -0.00792258340822694 0.104051430644068 -0.078608077362906 -0.0523167232490075 -0.0233886545720855
PA02 0.0306231244166837 0.0233934911677712 -0.120336595177722 0.00824301887910495 0.0524986805812168 -0.11341905128615 0.00814010902625447
PA03 -0.0627397839894646 0.00377384051926954 0.00694518982300697 0.0607918443722166 -0.00876484978161495 -0.138043333943254 -0.0534382436057125
PA04 -0.0438516640443413 0.0218678231073631 -0.0422891813194 -0.168098019184028 0.0621470415553726 0.0615311487396638 0.0650426835660948
PA05 -0.0960921856265808 0.0510826773682058 0.0483094888123104 -0.0281971312294344 0.00372001756720129 -0.0964838864794823 -0.127614294370107
PA07 0.129387614264399 0.112269870654351 0.0920077065790103 -0.00648399962371673 -0.0172118378779541 0.103422930431616 0.0680143814386932
PA08 -0.0857192714161257 0.0337910702460698 -0.0112564281675421 -0.0356686818638246 0.03289287228521 0.0662637868666663 -0.103237058020941
PA09 0.0520747289538572 -0.10824931000763 -0.0602478173389537 0.0860218127074773 -0.129798371973771 -0.0090633779734689 -0.00571279166130527
PA10 -0.0401458713888083 -0.0546936405626584 -0.0149187382639826 -0.0439946191810995 0.0347333823634367 -0.0772167675134639 0.0856111321163227
PA11 0.163502173356911 -0.0194142214146319 0.0290051677098699 -0.0454742311576548 0.0529114182668206 -0.0909039375642767 0.00732530788353994
PA14 -0.0948443343654271 -0.0214102200596719 -0.00630488160684138 -0.0472142244789409 -0.0866513493829265 0.0372040043895409 -0.110158415860814
PA15 0.00921898010201662 0.0591155225528664 0.0809429672455 0.0769206706563304 0.128905819550864 -0.110347744468475 -0.0873406436836997
PA17 -0.0272894299198151 0.0507722510165918 0.071701536750624 -0.0451081543582666 -0.0133604950335912 0.0027720518985196 0.011303242069091
PA18 0.0699750409253066 0.0253777710730697 -0.00884464191322435 0.12321015985451 0.0166094781325483 -0.00801960472292925 -0.0195148823304168
PA19 0.0968387132831065 -0.125527333436431 0.11713528112978 0.0212355440167386 0.0900801608970258 0.0195431946695725 -0.00131720295452349
PA20 -0.0686137779722421 -0.06563988598699 0.0118789051210914 -0.074429219869118 0.0419823641649684 0.0773102305126803 0.124695022584896
PA21 -0.0388176498422003 0.0468748625958326 0.0838462304853879 -0.00311213292104771 -0.070202504063532 0.0760202199014148 -0.0245823291517876
PA22 -0.0510812912943883 -0.105706149186359 0.0693693089094579 -0.0201704545419022 -0.0830841672539105 -0.00106093639072245 -0.0412990800083824
PA23 -0.0125313481898004 0.0739497608837381 0.0309516506252428 0.060715340220719 -0.00850306203153935 -0.010087790492458 -0.0105628472340731
PA25 0.0117688389201778 0.00945901626762263 -0.00420854636964784 -0.0973922955399871 -0.00548540569219963 -0.0314485202072651 -0.0912601909460383
PA26 -0.018306878014871 -0.0340215853749912 0.00469215952690959 -0.04184004329507 -0.046009854280499 0.0563437441976412 -0.0187178632272401
PA27 0.0867774714584345 -0.0194596012379007 0.0543007050017463 -0.0157244340283141 -0.00561971089817677 0.0145494379982912 -0.189319054151511
RB01 -0.0388822190020961 0.107931033759753 -0.088943982609877 -0.089408074029022 0.136800359638278 0.038761089561176 -0.0171202084205047
RB02 0.0663022275043196 0.00956518376816233 0.0304182724525476 -0.0331072325108081 -0.0229155458629655 0.068769844046083 -0.167064260699793
RB03 -0.0685089347732611 0.0137895820359257 -0.0647428957285036 -0.0784794236642897 0.0296119895775946 -0.0456632292039876 -0.163537098393672
RB04 -0.0375009216498998 0.0455913955153616 -0.0978510829358035 -0.0651807873589761 0.0669438907841065 0.0227061898107584 -0.00631434942170681
RB05 -0.0228203593733999 -0.0158433312126327 -0.0557983587433304 -0.0518064692769558 -0.0472832152371097 -0.0418784827188947 -0.0317872001978506
RB06 0.00610597964878789 0.0243103630030882 -0.160512870494913 0.0704370025780096 -0.0555713649305076 0.0920235753319334 0.0130589006869509
RB07 -0.0142251659710819 0.0364204893190636 0.0739858373450334 0.0211144949967229 0.0791771730498643 0.0262089769227608 0.0508115078005859
RB08 -0.0775474602796391 0.0108563135945475 -0.0452410953582503 0.0948207865175597 -0.0791778556315442 -0.135950563681184 -0.00708776449866855
RB09 -0.0675872827028976 -0.0890836949857009 -0.029212785060976 0.0154933959462144 -0.095869489578968 0.0192233167598985 -0.0374811889931181
RB12 -0.0231370086500731 0.157134754083041 -0.00921799672576396 0.109860266124336 0.0244300338025189 -0.00401965293666812 -0.0607309356107339
RB13 -0.0459128690764796 0.0407913749514184 -0.0789569714368093 0.073978460367221 -0.136489406548778 -0.0100848544214756 0.0340151917033174
RB14 -0.0145823495995255 0.012756414590891 0.0419959743892769 0.0156066605013611 0.0419745468688621 0.00481566470214235 0.0193043536453407
RB15 0.0250018709104914 -0.0181682488554538 -0.00324876155311189 0.10947913342623 -0.100174336784722 -0.0151986880165631 0.0568578196895244
RB16 -0.0382427483605979 0.0537187930067483 -0.108957441598814 -0.0128690500254544 0.0235405023413452 0.118634672720315 0.0160834093554545
RB19 -0.0186284529401494 0.0997192356030988 -0.181020770241561 0.0700506828652287 -0.0769413201705833 -0.097522474949777 0.141803814897392
RB20 0.0408560845637439 0.00547898660227466 -0.0675216246626891 -0.0086484139725623 0.0548090282172134 -0.0335569368571475 0.0815123501943553
RL01 0.157345967603916 -0.00828266207117336 -0.0072784018393823 0.133844690845536 -0.0755519744897185 0.00889676867500966 -0.00359443587853916
RL03 -0.0769515411688204 0.000359472767558 -0.0720433222640149 0.0532062543915501 0.0341700771941869 -0.00286091440450382 0.0853893962025501
RL04 -0.0731155312879643 0.0142811578787264 -0.0897077619772246 -0.113280625373318 -0.00127689429477131 -0.00615775870273773 -0.0674582605456834
RL06 -0.0746657301871155 0.0746180912710219 -0.0525617444851953 -0.0853071115523427 0.0319560847666964 -0.00419577215960136 -0.0667391767068718
RL07 -0.0181514607885371 -0.0502064698284642 -0.0574739839569555 -0.0279377445016978 -0.0432365797638425 -0.0090463911450796 0.0227434896987867
RL09 -0.0763199534053278 0.0247338890707556 0.0307614675678538 -0.0821347506169468 0.0163518583854455 -0.00484225880200441 -0.0654828547975689
RL10 -0.00965688382188441 0.0671209468369623 -0.141990991390495 -0.127095393487033 0.0391309003043684 -0.0153684791422973 0.0727593842353536
RL12 0.00830385062245931 -0.0904210418588191 -0.0890171524503249 -0.01218671554313 -0.0135717360657862 0.0298628074238078 -0.101957336239769
RL13 0.0512808217842078 -0.0879529227339432 -0.152426519878872 -0.093043710110862 0.107870565911824 -0.071591537540468 0.0128199931540378
RL15 -0.115898826652954 0.0288196824056706 -0.106608021151411 0.0636856172729414 0.0612393419506545 -0.0498332729057193 -0.0524261832443516
RL18 0.216477919717437 -0.0586317221261132 0.0350406048040116 -0.0466223103523803 0.0410521879142054 -0.00503986582930061 -0.000748769609796126
RL20 -0.00251086994414085 0.00629500938098139 -0.103633000247392 -0.00174036013184473 -0.0454854124820239 0.0917357177760576 -0.0823178689299567
RL21 -0.0651712141653693 0.0282304577282308 0.0293380261751901 -0.0801006342819175 -0.0198074424465939 -0.0329806316283901 -0.0099079641564356
RL22 0.0925152001847596 -0.0895917503892298 -0.171942083585325 0.174511190186677 0.163375109691478 0.0840390149246222 0.129095107148073
RL23 -0.0203456169746443 0.062155933340349 -0.141699534253518 -0.0629106713362892 0.00804809885174345 -0.117473245649786 0.0130862237806958
TR01 -0.0260105795986772 0.0847096830700674 -0.0195084720237724 0.0416783200415199 -0.05795612138173 0.135963963610403 0.0455367644355733
TR02 -0.0660058132165499 0.0343385758029124 0.016839662020583 -0.0428177527367038 -0.043271287324302 0.0086644441146867 0.0132153889307437
TR03 -0.0997906703283621 -0.00587641697008642 0.0202542108110917 -0.0703264323476838 -0.0562177413686442 -0.0528135276540359 -0.00802218695086413
TR05 -0.0328896075298231 -0.0630984237348799 0.0902043928751246 0.0282640223240467 -0.148006765352513 0.0525354592729175 -0.0803787713750407
TR06 -0.098625368974177 0.0245563800153086 0.200450942658981 -0.063552600503807 0.0683166981676232 0.0676791452057166 0.0238170676661612
TR07 0.0023475454664144 -0.0344030978995468 -0.0254404152780346 -0.0225688080587989 -0.0807594426096611 0.134095194739309 -0.0489270710234395
TR08 0.0174544696927614 0.0645495134796354 -0.0233320514334058 -0.074217697059106 -0.0853523366430994 -0.0114608031772284 -0.0268444326925514
TR09 -0.139142438838937 0.0255483825353525 -0.0569109313057657 0.0201137380726733 -0.073916888931969 -0.0608233862704328 -0.0563508635180867
TR10 -0.093411101862882 0.0307353153535746 0.0300488298811068 -0.0846996877285351 -0.058513468726579 0.0852227905411224 -0.103798972165627
TR11 -0.0848660738829413 0.00645620431849316 -0.0102541405513079 0.0215813686277513 -0.0576534769884124 0.0222785978454247 0.00189816997820302
TR12 -0.0191477369158079 0.0287849222234897 -0.0145806677961718 -0.100915321468283 0.0780194823274839 -0.132355795233353 -0.0393401454115525
TR13 -0.00533660132738597 0.0138123748069838 0.160949200680457 -0.0150605453197034 0.150288707598457 -0.169752020921479 0.0627747002747426
TR14 0.259510761331824 -0.0330256990768353 -0.03338968446621 -0.0718765364312982 0.0816664809166945 -0.104571915418146 0.109869423465887
TR15 0.075570829659559 0.0554264396876755 -0.0317938518445219 -0.00171833765063445 0.00535356432855596 0.0757776277951109 -0.0851785537828198
TR16 0.0369191517225254 0.123542623798624 -0.0870228607937322 0.0803858821906004 -0.0188733850362068 -0.0577164657829022 -0.000100240307005367
TR17 0.043602145380836 -0.0192023075542792 -0.10420028343075 -0.0118844972514841 -0.0882222832199766 0.0282172041184823 0.152020546512871
