sample MDS1 MDS2 MDS3 MDS4 MDS5 MDS6 MDS7
AN03 -0.0131946430294616 -0.0414396592417911 -0.026025891778958 -0.0278585821792015 0.0238745758668841 0.0265486289936956 0.0323591547500209
AN04 0.0503801758105157 0.00384042549079303 0.0636651111890952 -0.0328702022464421 0.013757997528508 0.0160300306144191 0.0517500077375485
CS01 0.0746620449787266 -0.0379825308322239 0.0332059775759281 -0.0928112192860581 -0.139476580240096 0.0777970685808291 0.0544050244622281
CS02 0.0459037796573713 0.00689396333239234 -0.0454335595939943 0.0571380764445726 0.0590713823571994 -0.11376383556495 0.0354643946235692
CS04 0.0191519008002899 -0.0430169974589477 -0.0302804410983842 0.0377812910664507 -0.0483327318562621 0.0164124617399889 0.146754167438072
CS05 -0.0486360997721419 -0.102329364319677 -0.0867471819377865 -0.0159160330430706 -0.0961981887395801 0.0765957187408822 0.0250358814184276
CS07 -0.0799774873399082 -0.0166432386821908 -0.119509822548032 0.0685334739032523 0.0257919011408669 0.13081501717622 -0.0335957410089271
CS08 0.0171418851330012 -0.385477455751041 -0.0188909050841006 0.0642412321169278 0.0424868592185418 -0.135198063820107 -0.0163893300227829
CS09 0.0866047479074697 -0.0261257895889448 0.0550732018947213 -0.103556480734898 -0.0312510236791311 0.0481401714142107 0.021570585941276
CS10 -0.00218988709765073 0.0697519406430081 -0.0312892253589672 0.0650981445335637 0.0294424823220618 -0.035787095036987 -0.0320359105225919
CS11 0.0972560117603807 0.0473186298484702 -0.0491129919336986 0.00708666373461529 0.108595918626091 0.00447992281831407 -0.00683961063592864
CS12 -0.0631968536774789 -0.0281938453377237 -0.00459503869805167 -0.000126341016807266 0.115688853405851 0.00353487300520849 -0.0137487349004022
CS13 -0.0192801804251867 0.102970427757204 -0.00201399976505595 0.110519241901303 0.0685181513448103 -0.0348962843281661 0.10108524216027
CS14 0.0293267370071551 0.0162138389600001 -0.0511385162679363 -0.0517370919901598 -0.0178607746250547 0.0117477363128441 -0.0334381424643348
CS15 0.0195778531911589 -0.0253787329559259 -0.0572885482137962 -0.000218818869380577 0.0262571031212808 0.00249655389293982 0.120634832280246
CS16 0.0306273818543694 0.0187166172337628 -0.104539350577792 -0.104915131962981 0.100732303926059 0.00735283529637791 -0.00671238172956887
CS17 0.124789420721753 -0.0790741719322436 -0.0254121386991671 -0.0164410772423421 -0.100755560624988 -0.051693427525559 -0.0307751080957914
CS18 0.00233602931155434 -0.00541280899284755 -0.114148127553011 -0.108497611020733 -0.0208161029198051 -0.0384128207395865 0.0507106861850643
DK01 0.0486159612216679 0.0566995055973236 -0.0165495623152488 -0.0351034712783347 0.0341580325647102 0.0227295929352581 0.054759715895599
DK02 -0.0465318013691381 0.0240475843266805 -0.0410430829693987 0.00212314074116091 -0.0942308724135393 0.0103620288044188 -0.0104687505669082
DK03 -0.105347774496151 -0.00107386228330957 -0.105794574438439 0.0304297964267815 -0.0532206511542353 0.027562903579395 0.00846301346087811
DK04 0.0182956409523927 -0.0903286703331636 -0.112932900725961 -0.0648477937767204 -0.0441041395832055 -0.123220586247518 0.128670779634913
DK05 -0.061103223573794 -0.536328608205926 -0.0422115838688177 0.00169601212025028 0.0778616734891875 -0.216023949134359 -0.046812478192042
DK06 0.0152536455406643 -0.0444744363993859 0.0495535647319107 -0.0875973032196906 -0.00768388701225584 -0.106975826565294 -0.0768321012301811
DK07 -0.046596913839637 0.0811880982235817 0.0204166121752357 -0.047422456885035 0.0412916291354321 -0.131561761072803 -0.0225957680718418
DK08 -0.107834547515309 0.0182177159962675 -0.0070748316557356 0.094958160054602 -0.0160225581330947 0.00648687438802298 0.0557127878131261
DK09 0.0227373057933878 0.0256439804334276 -0.0303492215411033 0.0530132896132413 0.0299271931166423 -0.0397766412370662 0.0227196178917616
DK10 -0.200813193294193 0.0687638819705604 0.0718460583593308 0.0363987081719383 -0.0452154598805291 -0.046682063598625 0.0143053078997194
DK11 0.0632081750460641 -0.0188711433625692 -0.0605400703282769 -0.126267727636092 0.0754975962209933 -0.0129626016177374 0.071329443087397
DK12 0.0645338164226072 -0.0441486967503716 -0.00637737027981432 -0.060216944652616 0.0224070421909824 0.0183032024061527 0.0486250670432393
DK13 0.0315149533779977 0.030544914581596 -0.0271629363661467 -0.0587768856583727 -0.0069468639738241 0.0463835536885122 -0.0602117635758134
DK14 -0.0644890171346752 0.0329469686032392 0.0312999322153141 -0.115258289549025 0.035165511785378 0.110971530144845 -0.0603188252306164
DK16 -0.0208190636376237 0.0055988876750828 -0.0572759716609826 -0.0730088968828563 -0.029080854031935 0.0392187314301899 -0.0500836268716718
DK17 -0.032423900658252 0.102582400804305 -0.0264546410765422 0.00170172525011906 0.0232657424971166 0.0579156418793174 0.0473108339072158
DK19 0.041376828833765 0.0104562192264728 -0.0838542016626922 -0.0412924916492257 -0.0106327617530875 0.0955385127311886 0.00313336288890622
DK20 0.0717856179754549 -0.0149092258795207 0.0215824337903752 -0.13248197954202 0.0598331551502588 -0.0258220766879042 -0.0157279017940407
DK21 -0.0474710960098798 0.096286980515225 -0.093154227798053 0.112088860447063 -0.00296551121233312 -0.0896190634281508 0.00254413823437176
DK22 -0.0433986141306828 0.0859746232471615 0.0446150873978077 0.0233415931800864 0.137718620847817 -0.111747248179709 0.0282400961971171
DK23 -0.0677575852108963 0.0652781904940462 -0.0922885307435026 0.00659023674129195 0.0695668506305193 -0.000250958305883599 0.05387091935753
DK24 -0.0561624040566657 -0.114942215140146 -0.0305161329268471 -0.0893673811851024 -0.0406316512070085 0.183898585225351 0.0355088341763982
DK26 -0.119678395377468 -0.0343547127670911 0.0542313735409847 0.00444863379919747 0.0638656223495525 0.137794074251108 -0.020719388403898
DK27 -0.108270725225417 0.00612547449019866 -0.153823312579598 -0.00973480948879822 -0.0731985002897774 -0.065083538727398 -0.0234647541124999
DK28 -0.151896626378944 0.0453855433426399 0.129201199261614 0.01960785712358 0.0946830704945579 -0.0296844932039332 0.0456325573888894
DK29 0.0853348071814105 -0.030462191681659 -0.0260881735325696 -0.0715848912036516 -0.0690546951055176 0.0699337920888064 0.0906039178219992
DK30 -0.123621653754127 0.0753130662312803 0.0569157599647045 -0.186030682971674 -0.0549799906545168 -0.0629299572911976 -0.0812863866869573
DK33 -0.103603717885214 -0.0385549686296198 -0.0555878415862243 -0.130617482309591 -0.0788586820893363 0.0953054579085315 0.0300548763531743
DK34 -0.0631472764012407 0.0616717634689737 -0.11376023413456 0.0976888525732991 0.0523318575733445 0.0534849813597062 0.0680661758708018
DK35 0.0131578015741739 -0.0214347941189276 -0.139558970704465 -0.0249099664334013 0.00387102683906784 0.0322166133309651 0.0981793165032589
DK36 0.0715840144776802 0.0225834462208603 -0.0932085363861712 -0.00773660230201909 -0.0274828421878463 0.111104427738171 0.018758591152438
DK37 -0.00184956131457648 0.00611599694572755 0.0755084528490349 -0.0542836544852301 0.0352767990100566 -0.112072635854466 0.275730235621268
DK38 -0.0177825559434807 0.000375916025411079 -0.049105895839349 -0.177873496731891 0.128444165561023 -0.0556167363326856 0.0353435080050434
FR01 -0.04592247536914 0.147361831978023 0.132933823688269 -0.087010568929246 -0.131425961348049 -0.0767133193792527 -0.0339063162893705
FR02 0.0516330191026834 0.0512199120275239 0.0394732483648465 -0.0194404640834944 0.0458924234856318 0.0139144526992139 -0.00186607275070448
FR03 -0.00997613069129094 0.0875734122906064 -0.0542338301614695 0.05982660601278 -0.0712208138813476 -0.0339953760945622 -0.0297272431777929
FR04 -0.0699581690178803 -0.0666987807962908 0.0327968488960205 -0.00110860811218114 -0.102211270277117 0.216876093205348 0.0817758902920622
FR05 -0.100328205065712 -0.0625048417470555 0.0948214246216322 0.151488372575269 0.0772177637875479 0.0704505164623153 -0.153018469294482
FR06 0.0446241039879771 -0.0262904986214938 -1.64748407463918e-05 0.168266823258397 -0.0374930453127025 0.101437928509584 0.041940879963365
FR07 -0.144947619045335 -0.123998190015347 0.0169366207674475 0.126580325590354 -0.0604657387051623 0.06956154065275 -0.00736062709737806
FR08 0.0388658061463186 0.0179622033888163 -0.0558392618838634 -0.125148443363428 0.0946229536118139 0.100729079771116 0.00350603269977582
FR10 -0.0381703577300889 0.0521191700065631 0.0504621414206462 0.0315850146799474 0.00924836491292897 -0.110857117223685 -0.0876262880144447
FR12 0.0451628690229007 -0.0429518931476252 0.0643721237967817 -0.039163685233709 -0.0629671396418993 0.0195312189623645 0.0148868002643432
FR13 -0.0639796928318926 -0.0652080942805267 -0.109033955515208 0.0439805677437171 0.0290708070542822 0.0580030222604304 -0.138145094435284
FR15 0.0485867098260578 0.0158242962463537 -0.0726570464206129 0.103753743600789 -0.0230429370742503 0.00019345014100488 -0.00545215775049595
FR16 -0.16907284964848 -0.0396583897767879 0.003568707896187 -0.0348009036798395 -0.0114639002296712 0.0143923629420823 -0.054456582260711
FR17 0.0370465367753321 0.0591142157682465 -0.0450827532131691 0.0984239503065248 0.0135507821765872 0.0980493730288236 -0.0143099198345997
FR19 -0.0469508906495096 0.0539378064559757 0.0377302464405515 -0.0682304791828328 0.113620060029404 -0.113041381145329 0.0102809193242225
FR20 0.13625794846966 0.035343688353566 0.0237348964190981 -0.00762708753617638 0.0290766057394281 0.0703876471532427 0.0324348341170544
FY01 0.0339907961013179 0.0482627643230433 -0.0247785187480291 0.082645210306471 -0.0333163459524365 0.0561646475297951 0.00147169968151943
FY02 0.0712692135561319 0.0609890725224604 -0.0870785739976054 -0.0294830118400718 -0.0182290404932847 0.0320189257322461 -0.0149267681800748
FY03 -0.0536292086132305 0.0452172011728743 0.00890617836131046 -0.0981516916348527 0.0692755651672013 0.00539735857570794 0.0696334762712078
FY04 -0.0151776745626277 -0.128672502253796 0.133422286074239 -0.0529117208826998 -0.118703323799627 -0.0408080683551469 -0.00613311428114151
FY05 0.00283354773335454 0.0064947774510505 0.0833865096994844 0.0694716304882163 0.0699830587939581 -0.114938773977242 0.0482169572509214
FY06 0.0024290401998874 -0.0168509963490684 0.0986818241265802 0.0190386917839828 0.0949321747328267 -0.0141135818597012 -0.0373727952622937
FY07 -0.0381866233684168 -0.116065597615969 0.0466169964150466 -0.0842786753584089 0.0723128261031507 0.0714354503270491 -0.0135915976731587
FY09 0.0121911765892548 0.0454960900135119 0.0455350137308582 -0.135864498995862 -0.0421945736301985 -0.0297650118446541 0.00176729068200015
FY10 0.0401737283619029 0.0274882323044232 0.0493987602355606 0.0446720051326278 0.145678767943002 0.0888740649305124 -0.0325325520622847
FY11 -0.0954565909683781 0.0254607783516572 -0.0272973936511828 -0.0589968021076172 -0.0792887269203747 -0.0160708811529638 -0.0637225875355152
FY12 0.0530087312267749 -0.0428269834715532 -0.10277799810745 -0.0561635650973542 0.0422507534487156 -0.0787040772764184 -0.0502128579200018
FY13 -0.0364440091821819 0.106075760054602 0.160263363085608 0.164735120342391 -0.114908671648756 0.0041682770346009 -0.0100834757675968
FY14 0.0610428670920408 0.0287971757267696 0.0348429962422804 -0.0717345646703304 0.0570858456339227 0.0124761798143805 -0.0237210303608292
FY15 0.0684812980688116 0.0395282134491555 -0.0785527892507787 0.0537233488565369 -0.0516466352630968 -0.058843124614441 0.0816953300678379
FY16 0.0253767635666477 0.072579997382075 0.0358324281307109 -0.0303613306492193 0.0637008672912461 0.014992123926216 -0.0503941138203868
FY17 0.0375090858936291 0.0105987430226733 0.0242242099414521 0.0273132797337072 -0.0579267380554783 0.0289670594459703 0.130398671239596
FY18 -0.0470489780335632 0.00193976798702506 -0.0118339177062578 0.0790509321269561 0.0489623386404557 -0.0734101890742311 0.101055221891204
HH01 0.119583156757912 -0.067003675867582 0.047862028042574 0.030792895824451 -0.141260131760972 0.0185300889156384 -0.149514911037788
HH02 -0.163789847919323 0.0322577000490039 0.0330180380384319 -0.0595304483947108 -0.109213807834821 -0.00966122865905541 -0.118261130901143
HH03 0.00284328069290758 0.0202222579060422 -0.00428520763796727 0.00413407786414868 -0.0743699371878813 -0.0365948159870488 -0.0477362718038676
HH04 -0.0668319415334456 0.0426012115055335 -0.0781208335778357 0.0985410807546929 -0.0624887951023907 0.0545921553544648 0.00538571472520961
HH05 0.0268094984450809 -0.0152999921138095 -0.0132623604538906 0.0814071921325342 0.00561394600484719 0.00550472901295938 0.0687716031175483
HH07 -0.0274229622681733 -0.090034321272595 0.00868838340956393 0.0490962562652339 0.0730534470119656 0.0415844787706001 -0.0456638074998039
HH08 -0.0594252472254033 -0.03587761891241 0.0391958726892265 -0.0139394916179475 -0.00923465795237917 0.025553964781743 0.028826104151595
HH09 0.0516405276013641 -0.00855338776750291 -0.0289005389536951 0.0266451182812494 0.00477565308298947 -0.0832607370798496 -0.0627556655980513
HH10 -0.0627437923115615 0.0458701939930971 -0.0301919119828497 -0.128637246760746 -0.0747073062062367 -0.148288142877725 0.00657646143374327
HH11 -0.0251350023832265 0.0280479850645419 0.037137276334957 0.0559268216952197 -0.0747981660030949 0.0753491749467956 -0.0381484464056961
HH12 -0.00773819283314352 0.0110422450924763 -0.0193456804221429 0.0559158122909714 -0.0294392922149327 -0.105259985629509 0.0867386049770198
HH13 -0.00349604104716913 -0.00501597188006658 0.0717220607613473 0.0123915085421574 0.0431543339989006 0.0365120876600689 -0.0573925053515355
HH16 0.00949338803698509 0.0872203362763591 0.0361297697669008 -0.0610021374670343 0.0836388814629384 -0.0403557753792173 0.000986564254168349
HH18 -0.0686017242344615 -0.0031994437468841 -0.0769624660205628 0.00677127542292025 -0.0260321714902277 0.126557547979486 -0.00562314437628208
JB02 -0.0360505530486539 0.0617035895691037 -0.0587294500622322 -0.0631877380832275 -0.16234951796745 -0.07628632402785 -0.0964232549241769
JB03 -0.0102590035518331 -0.0651234642962734 0.0980087263758901 0.0205745575144965 0.0247144278151149 0.126586324581031 0.0389129688051703
JB04 -0.0335649463247153 0.057673491404182 0.0968671003138541 -0.015165721135801 0.104166480812238 0.00211780616438069 0.0120157153423932
JB05 -0.0283025006335223 0.0320421403152592 0.114093008554478 -0.0640091187907465 -0.13653837003103 -0.16422642292515 0.0457379402708466
JB07 0.00428642722315733 -0.00898817003809062 -0.0616714016782738 0.0219700647588913 0.0417172093216631 0.0285646607608522 0.0524007537152657
JB10 -0.0937237076945296 -0.0182685701578462 0.0429138568506425 -0.0113036463080991 0.0295123632001823 0.0303550176422066 -0.0127260893349797
JB13 0.0161910727423857 -0.00673359517373201 -0.0887426268220167 0.0416438633528759 0.102761295128454 -0.0566677882334476 0.0803124042969015
JB15 0.0859766929140897 -0.0340951897559811 0.158365938433473 0.100076322199144 -0.0469340168957545 0.0185563492251955 0.0362456962651569
JB16 0.0770421924853638 -0.0385245322823253 -0.0284694142384438 0.0115285954084177 0.00874065283898169 -0.0246040043295192 -0.0248667408980973
NB01 0.032118628596001 0.0214159435247089 0.0401774880741095 0.0246529415788513 -0.0563530985218177 0.0106482134197097 0.0565775729718731
NB02 0.0425613726023813 0.0218014504771207 -0.027615366692202 0.0700942099152951 0.0707489258822563 -0.0323595778843158 0.192032909273383
NB03 -0.0346265709594506 0.0230222176126156 -0.0221561537431366 0.03269679993125 0.0836599785491452 0.100611190004516 0.0127512877566096
NB04 0.00573065187929442 -0.0262719823415588 0.0122289917333332 0.0205600200489454 -0.0149072190903351 0.0263624063976224 -0.0526556295996844
NB05 0.0558675810329888 0.0552501281385485 -0.0784629191586374 0.0267178310985364 0.15339454831773 -0.0383308188164186 0.0179381795065679
NB06 -0.00116229458720172 0.0689798894754244 -0.0531125738417251 0.106028955188942 -0.00854085966863201 0.0617246775537056 0.0460585955321632
NB07 -0.118803339154877 0.00567108104128813 -0.0268371424972731 0.0706569481949821 -0.00726951089129827 0.00785286175653988 0.0222564600131184
NB10 -0.1692383120046 0.0508700538422047 0.0607716377514452 -0.0474270848672352 0.0463927068075965 0.0609534048330404 -0.144216439065223
NB11 -0.00904407978150249 -0.0211621735813703 -0.0135802745772018 0.0429088726306786 0.150508912076713 -0.0689407254453223 0.0340105955205524
NB12 -0.0230488075080583 0.043790118266264 -0.0564660888022016 -0.0222825689191974 -0.0852522626124325 0.0342053664488061 0.00538218793099832
NB13 -0.0288860892448391 -0.0289756974113554 -0.069568254582583 0.0117317903190457 -0.0112459075812388 0.147855385680506 0.07411291788676
NB14 -0.0108240344636959 0.0764970601139322 -0.150843294646964 -0.0663211237764063 -0.036641777233711 -0.0767451457993776 0.0949214760716665
NB15 0.0473581189792461 0.0264531091122678 -0.0213084723567796 -0.0285374435468095 0.0620340529582178 0.0411760829933459 0.0517834105098599
NB16 0.121823710999381 -0.0187585819541791 -0.0362932316849761 -0.0956642017312991 0.0215600130508344 0.0307985847877736 -0.00191547068780037
PA01 0.042833339161542 -0.126353619271642 0.0795682059251565 0.00448912061929792 -0.0212958897461583 0.0347121417951195 0.0899192387221633
PA02 0.0033112240609563 -0.0220268061141825 0.137126263111127 -0.0502786062356306 -0.102234524724162 0.028678193164524 0.00750145271613668
PA03 0.0556958703767191 -0.0315104710529992 -0.0196049030131798 -0.0235708495660005 -0.0937745680557683 0.00406860546956803 0.0217148542927974
PA04 0.0456212039094585 0.0272050441656836 0.00714509298414094 0.135653836814558 -0.0100053042457939 -0.00601178231235587 0.016174357982952
PA05 0.084770568433926 0.0251230715395961 -0.0542889073958144 -0.0134356677275946 -0.125971366232112 -0.0329709058236853 -0.0566851881197533
PA07 -0.0952372149236664 0.158398451103121 -0.0103654444129358 -0.00148391267134295 0.0544490144001638 0.00361831109882626 0.01508363072855
PA08 0.0870784643716544 0.00771458162856242 -0.0263023977950578 0.0709854269969398 -0.00106309336337245 -0.106228988495337 -0.0394944417364271
PA09 -0.0369802795303358 -0.0990584230688668 0.0481998507694547 -0.0945849186455003 0.0771192311638008 0.0889109199182804 -0.119282338812374
PA10 0.0285891943175255 -0.0775142470806925 -0.00619657808098095 0.0697550733916024 -0.0691753256261418 0.0405753451217594 0.107440071760143
PA11 -0.147982475497441 -0.000992159971600303 0.0276752726278704 0.0441171288580364 -0.0895651554886821 0.0190031947588332 0.0734471082077956
PA12 -0.015904266768434 -0.0170352153074982 -0.0566185165198175 0.119495209452375 0.0303100792363987 0.0278773482825567 0.0872360490110487
PA13 0.0193650176051975 -0.000902937431201877 0.00273252071252718 0.140812411175798 0.0215460716111013 -0.0608349701601463 -0.0969351838193476
PA14 0.0862299977782263 -0.0201542778771611 -0.0568137641340932 0.086461411462074 0.0609081921823171 -0.0242179535364976 -0.130416465255159
PA15 -0.0120342397060752 0.0545931351502263 -0.0290273465170395 -0.129133119453978 -0.13386570662119 -0.109082214664532 -0.0278234905155436
PA17 0.0170186198722371 0.0546304629359569 -0.0332611227011988 0.0400550247879071 -0.0286768961681893 0.0366316830439787 -0.0448868446910193
PA18 -0.0445403441441223 0.00588593395910514 0.0773304511126903 -0.142644942603508 0.00107573661320727 -0.0376851881754185 -0.0587047709201708
PA19 -0.148649489612868 -0.0641549975363324 -0.13394843801477 0.01805578602239 0.00741645267048208 -0.1092582789452 0.0832271289534886
PA20 0.0294842507091746 -0.0493120578255805 -0.0744350800592614 0.0446338689193848 0.0366883034611894 0.0323369861448808 0.0610614906979201
PA21 0.0135664787619866 0.0561630565463959 -0.106620960308944 0.0249316906688921 0.056154467080041 0.00221428584592324 -0.0645341650159419
PA22 0.0154284858390128 -0.0908293971006835 -0.0992479463018982 9.78006642272287e-05 0.0174846871351164 0.0396574010568508 -0.112708808350046
PA23 0.00689689524145148 0.0653003695444431 -0.00634103394231898 -0.0606587781207154 -0.0455287294504541 -0.000483662705152904 0.000153217376945322
PA24 -0.0585862935235397 -0.0177766724352174 -0.105171039468829 -0.00731861559158277 -0.0251057694395177 -0.191735111328592 0.0810884588527628
PA25 -0.000244289092887109 0.028722506603955 -0.00335529928495236 0.11141751463383 -0.0339421527298886 -0.0250028019331063 -0.0425947981198754
PA26 0.00692791079095761 -0.0322171114536782 -0.0323761288341403 0.0116671056161539 0.0256113421151928 0.0130492834865086 -0.074573965112025
PA27 -0.0982373516839658 0.0119060688691791 -0.0136282594967748 0.00865026713276701 -0.0224289124087538 -0.089421305233859 -0.13273006855027
RB01 0.0779151620201958 0.0635368830284645 0.118097712959682 0.109582055357728 -0.051254290211808 -0.0945852636582855 0.0473167802380152
RB02 -0.066843692369037 0.0291392536202979 -0.0250666017350369 0.042526257316244 -0.0127213346500108 -0.105720214035992 -0.187316835632054
RB03 0.0674816249837531 -0.0233983906339393 0.0393141738575408 0.083296819269035 -0.107650676148012 -0.0782811401789432 -0.126435498400835
RB04 0.0604189408919097 0.00114091743131074 0.0810373610839286 0.0564808540163749 -0.0525512537318077 -0.0520374418244775 -0.0265053978570328
RB05 0.0401110251195639 -0.0246448920463241 0.0311748881003847 0.0140180512684603 -0.0112161906898642 0.015720346764525 -0.105377827291177
RB06 0.043292958421576 -0.0142973950784662 0.13671951598206 -0.0340814659409531 0.129452804985395 0.0126146014068509 -0.0249187389482906
RB07 0.00519342288666986 0.0338155639217003 -0.0542696569532621 -0.0899387480065735 -0.0298981939862173 -0.0388601698395801 0.0134268641021769
RB08 0.0825234912438377 -0.04410824905787 0.028959385339303 -0.106991989757747 -0.046486450080682 0.0807930006976052 -0.0322757686704271
RB09 0.0613798474779505 -0.098683911932359 -0.0414046294697522 -0.0237950257217388 0.0577149468981409 0.0314517970581012 -0.105383814299554
RB10 0.0235035166017748 0.0482009851810677 0.0481920505077996 -0.0149172745260433 0.167688882616501 -0.0805014021188046 -0.0953831954545155
RB12 0.0702263953040387 0.132089187010051 0.0386902353056649 -0.109401001992849 0.00557124859588252 -0.0659144421946426 -0.0158691809890988
RB13 0.085895311322998 0.0112344965521151 0.0570680171428445 -0.0377040926044259 0.0616807170201828 0.0891015711287516 -0.0709558800876009
RB14 0.0137404169288194 0.01632547151099 -0.0288219663997891 -0.000224312771953501 -0.00954552932417704 -0.00575851028588366 0.0378849470929981
RB15 -0.023356696027616 -0.0185130325989283 0.0220113986645044 -0.112700756575251 0.069690984875344 0.0847017205281881 -0.0471004770620323
RB16 0.0750217641824003 0.0307829291814932 0.0931583794746466 0.0495480900654556 0.0918399812755077 -0.0550688195723363 0.0328589405419762
RB17 -0.076754104004449 -0.11786043536971 -0.0458755003808239 -0.0848472445974466 0.0105582770949164 0.0735976712073614 -0.0306969340428772
RB19 0.0856988167678221 0.0500425852187466 0.148783450040973 -0.0362364254447712 0.0454325978325177 0.142981672703178 0.112416464058681
RB20 -0.0228604155082369 -0.00279067702679207 0.0552586627058279 0.0186971980137746 -0.0100573188878111 0.0108732287493923 0.104822373642258
RL01 -0.145380475974863 0.0388605655599554 0.0369131751729162 -0.0986316383461099 0.0917381365856095 0.0531805849776972 -0.0126130276597223
RL03 0.100758641735873 -0.0317944900269551 0.0569525227208709 -0.02305458911803 0.055782524243941 0.00333530727460923 0.0832396088417451
RL04 0.0815814683427657 -0.0269820051323989 0.0464448213076628 0.124165751444647 -0.0525881492469209 -0.00242060957196236 -0.0385547371826219
RL06 0.0949944055304287 0.0404649560282851 0.0346105108193291 0.0805752267047977 -0.0676302535125654 -0.0491811921720844 -0.0155014818149205
RL09 0.0641072721142448 0.00953828395907455 -0.0410997705690787 0.0167647256189191 -0.0853973888009337 -0.0361157422520434 -0.0830073851074168
RL10 0.060941848376487 0.0247505607553945 0.149667160426165 0.129854687843789 -0.0319057231585086 0.0418629185568749 0.049953423002481
RL11 0.128153027226711 -0.047384035424035 0.108130590992418 -0.0458653979325923 -0.0973028777082932 -0.106664568008361 -0.0760920077160417
RL12 0.00691880971504671 -0.109919638083319 0.0491224890818841 0.0200654027977395 0.015812982281802 -0.057536614623728 -0.0613391519874132
RL13 -0.0286209006190042 -0.121218736651562 0.157337869348193 0.112262669324615 -0.066352864059509 -0.0240178854579006 0.0428916951306985
RL15 0.139990239786851 -0.0400631384436851 0.0721243786264002 -0.0786978515910862 -0.0404596445005914 -0.0609874950604325 0.0130969439156217
RL17 0.00824846678350592 0.0407342944771307 0.0205855324134536 0.0444523747017833 -0.0368557303687517 -0.0804798008526176 -0.0957140144206604
RL18 -0.233497133020711 -0.00706088067252474 0.0343183403781028 0.0426810447558087 -0.0206342882995468 -0.0130967240243782 0.00968131168178071
RL20 0.0260419418537802 0.000428846877233919 0.0942400329980717 0.0215722572669868 0.0820366776953668 -0.0184839327281489 -0.0978447695976351
RL21 0.0664646542578056 0.00781072871904405 -0.0433906588131187 0.0447963625620325 -0.0803306963428606 0.037364206655023 -0.0274036975906256
RL22 -0.0667362394971506 -0.101173071549665 0.17730286804629 -0.0950564112633552 0.0921544139031963 -0.110937280404615 0.285498297234381
RL23 0.0654813045998394 -0.00550324625309721 0.138811427167673 0.0318877211466232 -0.114972658099937 0.0446650717411107 -0.00160571524030259
TR01 0.0506026499698081 0.0691983119127513 0.0318651830965472 -0.0397692202772891 0.103996221749332 0.0256235585536631 -0.0358564908962931
TR02 0.0560341490946978 0.0216222187814453 -0.038522323810665 0.0312521629912471 0.0356164589127519 0.0443572707035048 0.0142591873116624
TR03 0.0757078516077031 -0.0115902273518428 -0.038849823176252 0.0278170018941599 -0.0679935870120108 0.0809668052366893 -0.0494772663749641
TR04 0.113703155622959 0.0153885787123485 -0.0073719589594086 -0.119567678878959 -0.0898419893614497 0.0649459540964905 0.00657430653952718
TR05 -0.0102360805531928 -0.0256507502917602 -0.117718303618411 -0.0337982530768043 0.0676626316835567 0.047822445439396 -0.151932003335167
TR06 0.0422363008847711 0.0496001912916213 -0.200529723819392 0.0198876006440874 -0.0378192324918702 -0.0749060420332985 0.0165783708282364
TR07 -0.00330376239277855 -4.27855651038173e-05 0.00693506462896153 0.0808954897477047 0.126822333681229 -0.0123445464803199 -0.0956570305413307
TR08 0.00473831595263242 0.0716959842551729 0.0193911644548836 0.0368531893492527 0.000862131482450791 0.0652322421006334 -0.111474276712946
TR09 0.141428309395808 -0.0305757306516571 -0.00949439689617779 0.0057391952080026 -0.0209318024217807 0.0419489465237908 -0.0291186684295682
TR10 0.0767758826625281 0.0447860699731921 -0.05604594267248 0.102704048940822 0.0457447806947442 -0.0232686421236006 -0.0872761671989271
TR11 0.0643229556837367 0.0130143492687862 -0.0394377307345148 0.000200527911099044 0.0582913195091521 0.0359228365664799 -0.0111664963475457
TR12 0.0283883615300895 0.0165747906446031 0.00534461686749253 0.0383199050887267 -0.136491434265658 -0.0100477161981454 0.0203750607760324
TR13 -0.0310349254330427 0.0253632313130563 -0.100239625440048 -0.0493175985442374 -0.201995207911444 0.00634837255071546 0.108712257371983
TR14 -0.230773580442665 -0.00775786074539406 0.11676071158273 0.042428247171359 -0.104401636346208 0.041115880209629 0.0758906313579544
TR15 -0.0227770310879836 0.0681868403203433 0.0259079211998835 0.0388463380836769 0.0928168872410346 -0.112528738315976 -0.0397342551689204
TR16 0.0209970930493648 0.0776284976957926 0.137123440340343 -0.0905871490684025 -0.00122152012519252 0.0283201360622341 -0.028704112058009
TR17 -0.0131888549466315 -0.0214993386013047 0.0806202013801186 0.0331850494253982 0.0984794441764252 0.147385454970248 0.0615209842575943
