sample MDS1 MDS2 MDS3 MDS4 MDS5 MDS6 MDS7
AN03 -0.00969542275349866 0.0541529132740069 -0.0335596215541055 0.0120632781830665 -0.0358285185825369 0.0342331598618385 -0.00737477531930405
AN04 0.055744557852702 -0.0152190147501903 0.0547903607942809 0.0146000958492966 -0.0425582955298437 0.0604692600594783 -0.040872573828432
CS01 0.0681654625339898 0.0268054051256874 0.0771428429903677 -0.133599796946953 -0.0364813951328226 0.0656979089013084 0.0656790337813068
CS02 0.0678959332115484 0.0146328277712032 -0.0325187319791227 0.100242803677823 0.0811197707660174 0.0350166025279752 0.00668442110479583
CS03 0.0641571250597504 0.0519854437489543 -0.0222489474765609 0.0486367853740914 0.0123506197705666 0.0255877210596782 -0.0887251076237452
CS05 -0.0611169071212249 0.116754140700822 -0.0352966497082179 -0.0881267380479211 -0.040235866858955 -0.00631998379600116 0.0951887711087162
CS07 -0.0659630075652509 0.0322473982984232 -0.166591695066132 0.00721229196779281 -0.123727678780281 -0.0724858112187973 0.0366256857093612
CS08 0.0445395611976864 0.398658314913171 0.0376887298704388 0.0795766940158031 0.0969819638629333 -0.0227304187500225 -0.0261282659225992
CS09 0.0707286850531041 -0.0091869146872865 0.0940063219644367 -0.10600667197314 -0.0308880965165681 0.0714773668555824 -0.0290388983864078
CS10 0.00242200163093954 -0.0604580444440547 -0.0792229489134996 0.0450699757938965 0.025003592608871 -0.0605799388350601 -0.00075179333745317
CS11 0.100057722680097 -0.0603385816248918 -0.0393818314257467 0.0679147279808329 -0.0382938879585523 -0.0224906049202819 -0.0656159975155805
CS12 -0.0832165189587046 0.022397893276238 -0.0216678037489444 0.0931975768777277 -0.0282590649506179 -0.0293303922776985 -0.0354226582209406
CS13 -0.00281151559824823 -0.107717373211344 -0.0274714402530012 0.128056036817689 0.00185963891798668 0.0521235790694192 0.0545795867710423
CS14 0.0196609707418493 -0.023047186505911 -0.0091868329617132 -0.0689936853852869 -0.00455332035157399 -0.0342450095478024 -0.00637613602209383
CS15 0.0403071815735001 0.0453135222284407 -0.0270111991308414 0.0546923905914639 -0.0318068485393419 0.10631702792372 0.0084858929096001
CS17 0.12899292530765 0.0727139458061709 0.0307503359520067 -0.0938469920626968 0.0710031451576025 -0.0304881151077993 0.0652880749651855
CS18 -0.00926065997582337 0.00599784012108655 -0.0642990537682668 -0.0729602180765233 0.0386920546996283 0.116988138506631 -0.000467210898744699
DK01 0.0288224680509716 -0.0657130743328895 -0.0140174072872743 0.016091830202328 -0.00738394600641618 0.0255799275281615 -0.0106867824347885
DK02 -0.0648651858425554 -0.0100456950720433 -0.030739408846059 -0.0782559116465586 0.0307392696325384 -0.0557247766049966 0.108532745993703
DK04 0.0270532595955768 0.100424914519283 -0.0636257141616203 -0.0106599870403361 0.146082575768356 0.183461717092339 0.00336328878315093
DK05 -0.0205478580384321 0.549609532594742 0.0450396909666764 0.073552110626798 0.139356658114682 -0.0125541290634315 -0.0962890603674353
DK06 0.00334787219445469 0.0228951053871669 0.0794977255904935 -0.0461793417134408 0.120205719801018 -0.0766919423238543 -0.112082553341322
DK08 -0.108019680043867 -0.00661813604071314 -0.0380516988487186 0.0524741115506155 0.0193352374679045 0.0380676810023405 0.0984739335496022
DK09 0.0247838882591809 -0.0336332401137524 -0.0145977275869549 0.054330098532811 0.019498154932378 -0.00945084789340572 0.0253518349673118
DK10 -0.210244972937191 -0.0579541534173829 0.051814051096601 0.0512810393804567 0.0638218367526813 -0.0548976967792969 0.0487808357637378
DK11 0.0692912637789503 -6.6436537376982e-05 -0.0202730229897542 -0.0118300981692716 -0.00391023657236818 0.171824801543481 -0.0626540818930218
DK12 0.0653110552008723 0.0291129110541801 0.0325522767632131 -0.00641294831971521 -0.03151927958039 0.0632289263867006 -0.0537440474580192
DK13 0.0295254765947536 -0.0493011283781237 -0.0296732766830906 -0.0986181464665267 -0.0421628042081835 0.00346485294137151 -0.0535165912313861
DK15 0.101622505396784 0.0450004588313959 -0.0623508548855575 0.0506650261421518 0.0198812399454451 0.100986642668403 0.033362745976491
DK16 -0.0208968974966137 0.00569895973357724 -0.0683026835675167 -0.102030971113304 -0.014377429550832 0.0583591040759928 -0.0440436874041197
DK17 -0.0336728794729198 -0.10940882159547 -0.0470752409389843 -0.00340622458698334 -0.0628270836025273 0.0690634458331616 0.0562633358276832
DK19 0.033491912696724 -0.0037384601255191 -0.0833162592695555 -0.0584118105708414 -0.0653876757658579 0.0123096271151954 -0.0356070263276352
DK20 0.053541005771389 -0.00712683583850039 0.0636464938887246 -0.0372188908190096 1.1910723464417e-05 0.0318318938161867 -0.109841964082932
DK21 -0.0322903495728026 -0.0603826819948756 -0.13357267869173 0.0724842340423467 0.10809786426651 -0.00802348571991435 0.0311804471118665
DK22 -0.0569505536351482 -0.0876272541131944 0.0202362723003474 0.145125067002599 0.0698175779892344 -0.00401014335713844 -0.0692183408854365
DK23 -0.0727568837398333 -0.0614343008021603 -0.113797658390633 0.0652607762814281 0.00466692445885549 0.0362936779367365 -0.0349230374995836
DK24 -0.0685660826445198 0.115419468265037 -0.00293534206735128 -0.129157050769488 -0.182539191486328 0.0739010407559852 0.074031279231523
DK25 0.0170580140026974 0.0546419229264753 0.0365915630438271 0.0497706580880885 0.0567773554171803 0.0723370610082474 0.0404328599708645
DK26 -0.109028574284274 0.0295054208105394 0.00472262663114638 0.0220105670213145 -0.144874298087025 -0.0161358807824649 0.00361490126176021
DK27 -0.0924787537656305 0.0209138651811423 -0.133730985315909 -0.0556724482287094 0.0836791988253957 -0.00114284497520458 0.0140534733824764
DK28 -0.149247228290957 -0.0404610857720019 0.119726554806685 0.157678050787677 -0.00664084847362663 -0.0371318594724423 0.0272807584772762
DK29 0.0756135026644992 0.0179542300064792 0.00401807801246991 -0.0874851211109215 -0.0297366065472742 0.134434952178819 0.0972136193740904
DK30 -0.15922005823267 -0.0934888946959347 0.0772777722459223 -0.140994224144326 0.0840041074691801 -0.0152317742468055 -0.0862332805196969
DK31 0.0219420688602316 0.0613946989470886 -0.140002674006252 -0.0143707356775489 -0.0182676769675588 -0.0450971975464571 -0.0606524466858031
DK32 0.0217546011155779 -0.0693175510158107 0.0138959038362243 -0.0633355999811342 -0.0450466851329149 0.0581823923689813 0.109720000514313
DK33 -0.0940941868402742 0.0522032282208618 -0.0590413522159334 -0.159107875221508 -0.0516308034088489 0.180423514005031 -0.027604553897606
DK34 -0.0448965774374245 -0.0479215812055541 -0.142390674782221 0.0827235611385266 -0.0471179633718788 0.0668402630872534 0.102799435616076
DK35 0.0183713009572629 0.0402948480252968 -0.125921783366998 0.00186997695742247 -0.0351531185421684 0.100726884953047 0.0357714233582525
DK36 0.0698073693712811 -0.0209655145237994 -0.0776823492389262 -0.0598783696463703 -0.0974670007369465 -0.0014564399528438 0.0239503219585765
DK37 -0.00908545684179759 -0.0272391794890035 0.0890104197798253 0.144163341442698 0.0676075345819645 0.26616078215548 -0.0700299429640767
DK38 -0.0555733190619504 -0.0258157937927923 -0.0305994381323546 -0.0261384429757112 0.000477129179994171 0.143177985379143 -0.129930112768291
DK39 -0.0153440190211631 0.0146560942057188 -0.116945391504849 -0.0914071669317256 -0.0179795585858483 0.00510761063268653 0.0463008716991877
FR01 -0.064579093274955 -0.147015645035097 0.111320290486677 -0.112833440568878 0.122435338392755 -0.00849810814888825 0.0293593589132854
FR02 0.0500447476631082 -0.0732256721956494 0.0607252528176662 0.0244462393353034 -0.0414542794755762 -0.0189461587334711 -0.0526484908557833
FR04 -0.0718227683243156 0.0582319645757113 0.0438155236707959 -0.0910686407781663 -0.187722748399376 0.0352507652935073 0.142239787018858
FR06 0.0628597600084813 0.0255779847736592 -0.0384254930216664 0.0654359262695281 -0.0565322057083155 -0.052120648005195 0.176227129863851
FR07 -0.142403897619691 0.128559832966025 0.016585574825389 0.0199730692434014 -0.0663317589882809 -0.102960255216296 0.136303413288319
FR08 0.0223304117570871 -0.027392447658643 -0.0321776151177799 -0.0462694400789466 -0.140876608390961 0.0855064322212662 -0.116693842230726
FR10 -0.0339140409105131 -0.0575501290771378 0.0304141671150447 0.0349559195696056 0.0917147113421968 -0.0918272657322681 -0.0435652153105278
FR12 0.0216872517246107 0.0291904680969706 0.0840410995059312 -0.0442757252539681 0.00332942431301327 -0.0247065736173068 -0.0203385550719345
FR13 -0.0557945784878983 0.0826528600164693 -0.135453826850411 -0.00947926459637228 -0.0786606783507255 -0.141222736753323 -0.093932389380007
FR15 0.0637705657436866 -0.000613376343880609 -0.0959142692364949 0.0248024467141779 0.00964033299584043 0.00252831911313043 0.0498995230800462
FR16 -0.179963206132434 0.044560458036663 0.011468393571395 -0.0339356542309178 0.0112781644786961 -0.0266983522241409 -0.0064068598140667
FR19 -0.0541809288924198 -0.0646740718643524 0.037707100243506 0.0714602659603877 0.0598873143530652 0.0405414431927554 -0.0809680184756242
FR20 0.121039183317587 -0.0580526764764411 0.0569827926408609 0.017665478371774 -0.0859705400666715 0.00821595537654686 0.0600401311965567
FY01 0.0279446314935998 -0.0343753416948125 -0.0551822197233542 0.00995908354680552 -0.033077402394516 -0.0725099444337809 0.0343517852004726
FY02 0.0736392107572315 -0.0652881077253096 -0.0922446794364371 -0.0498548057355312 -0.0134703597375647 0.00611182669804838 -0.0314865551389164
FY03 -0.0572941495399521 -0.05624128292301 0.0217525277447535 0.0350353520461955 -0.0446815563972327 0.0544440348125799 -0.0737856922883147
FY04 -0.0239997408849067 0.120245525812561 0.154660242156746 -0.084749992174152 0.056296962586331 -0.0215107663560114 0.0294284001632841
FY05 -0.00958879247003062 -0.0269319912027268 0.108072717857743 0.145615591286534 0.0853908906571013 -0.0518681692576167 0.00839850251749985
FY06 -0.00368223941598144 0.00193894446374814 0.0637733430308088 0.0804279167583254 -0.0208520003570448 -0.055777851909902 -0.0702550557361011
FY07 -0.0441059721347506 0.104559116172582 0.0602843942595731 -0.0157556257185366 -0.105077999563204 0.0598669702254851 -0.106804095341899
FY09 0.00777499700961173 -0.0465363884275734 0.0668422414015461 -0.0980415102313416 0.0346512982537884 0.103913558372773 -0.0398753010763381
FY10 0.0301314840458059 -0.0421449445991823 0.0175859581978668 0.0866998558311565 -0.124513391330148 -0.0244277687468553 -0.0503563825352067
FY15 0.0822625405123576 -0.0316242594822494 -0.0786385298361346 0.0161030261805032 0.0860617911964649 0.101690198572194 0.0878485154716163
FY16 0.00687863905629407 -0.0964746841244479 0.0207590811126152 0.0264378811883668 -0.0413297565505308 -0.0419776071498573 -0.0972825384660509
FY17 0.0261253932503959 -0.0137052734216642 0.0290308984068891 -0.00333642792093733 -0.00519057368749143 0.0927004765288314 0.129878143535561
FY18 -0.0416889836561711 0.000569263091027407 -0.0404948718426458 0.131086360498436 0.0621477381645527 0.0680032498671304 -0.00190140182627161
HH01 0.134671796442929 0.0525439233212373 0.0478007860591039 -0.131269200030143 0.0207351982878778 -0.135530560463933 0.0190211808426344
HH02 -0.155984828297169 -0.0233880033331104 0.00168168408647642 -0.149816180639388 0.0467130192305598 -0.0243674624055413 -0.026302021504102
HH03 -0.005097627638039 -0.0253284374948354 -0.024717258001423 -0.0590063644294489 0.0659227164910991 -0.0379427919869943 0.00948904049442782
HH05 0.0394845497455489 0.0289154192155294 -0.0191356373361071 0.0802099991277084 -0.0105309258323239 -0.000243105045947169 0.076272111782528
HH07 -0.0270714173250282 0.098660744885237 -0.00986843622792859 0.0570923266746784 -0.051672224667088 -0.0750046230801857 -0.0418052115549855
HH08 -0.0461984095820501 0.0192571215217823 0.0514808605345276 0.0034587687257625 -0.0316358941940984 -0.000265100643700651 0.0368074550355322
HH09 0.0656921475233066 0.0125852941722063 -0.024602260393373 0.0146853078113682 0.0832939974759325 -0.0634271792469798 -0.0150204053987805
HH10 -0.0963996830614929 -0.0563727296722981 -0.000500365725027168 -0.0847562343510082 0.182104111717056 0.0465106118818774 -0.0167091014440497
HH11 -0.0344922094400279 -0.0420460870386736 0.0124668558130965 -0.0466615455929962 -0.0233655452039576 -0.085208538170053 0.0951460499419732
HH12 -0.00625614729712519 -0.0217577145726439 0.00669163702590749 0.0701482299956236 0.089644374034492 -0.00702429737331916 0.0871195561172396
HH16 -0.0213538706347611 -0.0919780242116931 0.025729454358856 0.0466527938836206 0.00550113004243659 0.0136087320903318 -0.10309559861159
HH18 -0.0539143462725307 0.00889798527313663 -0.0922127179315785 -0.0553296420200165 -0.121219608770068 -0.00696337600947619 0.065898578008193
JB02 -0.0334402090295184 -0.0464280093347184 -0.072756216246303 -0.167948309295592 0.150031374504446 -0.00431896579658064 -0.0429276276303155
JB03 -0.0178851612389829 0.0547136214415931 0.118007904541595 0.0432623928749478 -0.16782153487973 -0.0299572929823107 0.0432317188755715
JB04 -0.0522834161736844 -0.070235793402947 0.0740395659229851 0.0873249513837307 -0.0737409307270201 -0.046932179919582 -0.0993875331158891
JB05 -0.0347158388794926 -0.0311666405455818 0.132745986782876 -0.0531779726885299 0.200436092075021 0.0511945156359237 0.0361294855191506
JB07 -0.00812683723419119 0.0105363554553197 -0.0515138631299597 0.0455785042534842 -0.0519833540899222 0.056987050519615 -0.0525988044679245
JB13 0.0121311122738116 0.0152497481355448 -0.0864808535649893 0.121291878529168 0.0068587353250699 0.0334285257540263 0.0153238278072129
JB15 0.0863899066980803 0.0124935794311668 0.141750812422988 0.0472416804913346 -0.0263945162517239 -0.0471236663136845 0.0999322000446161
JB16 0.0798296453590736 0.0406544871717202 -0.0189120788612556 -0.00114925256389285 0.0123970002671375 -0.0563310588351472 -0.0142988716920073
JB17 -0.0518066029877758 -0.0218444946227131 0.116326630085387 -0.0146791745993403 -0.0844058198518851 -0.172643340080817 0.000747280052258541
NB01 0.0274946183756404 -0.0368562026221715 0.0259392320119232 -0.000324918124726873 0.00801031488584023 0.00729024195944078 0.0980614216568853
NB02 0.0409771741467474 -0.0379190531729382 -0.00358295911124864 0.153723866543814 -0.0140639233205128 0.115856325419216 0.0957814231407431
NB03 -0.0324697981400548 -0.0209934933905826 -0.103090538032069 0.047461525790302 -0.120733154249855 0.00853127442014797 -0.0611254183321509
NB04 0.00430960612460892 0.0125936212211995 -0.00123203494875466 -0.0248603561069045 -0.018738682931043 -0.0815934015490013 -0.0290285910866688
NB05 0.053452342272878 -0.0535868726869749 -0.090632465250158 0.127929031202977 0.00267707007230478 0.0552353674488871 -0.103913429213185
NB06 0.0285205598971391 -0.0376711492593866 -0.076901950194003 0.0652260951727742 -0.0728137468702835 -0.0238836829842548 0.0704252105193179
NB07 -0.111593232737071 -0.00274077844894603 -0.0484468530154836 0.0234660457722957 -0.00994921858571445 -0.0429214660753596 0.0948918881448569
NB10 -0.176631126403685 -0.0463150979746143 0.0189824059133574 -0.0393090397944149 -0.0672450416411553 -0.162365753119119 -0.0767754986283474
NB11 0.000455914162146157 0.0303553306808378 -0.0344418718074037 0.149061093757253 0.0106136872821214 0.0542641108314745 -0.0599425927655002
NB13 -0.0273203615430904 0.0183184556105557 -0.0792185217534504 -0.0204798248246474 -0.12702127121765 0.0375522439184198 0.108299379232698
NB15 0.057462900789084 -0.0412187856620238 -0.0275112234730584 0.00316729426599583 -0.0568995875362352 0.076910606880288 -0.0101589266936579
PA01 0.0308173552030592 0.102351242694765 0.117509610470555 0.0103829636704471 -0.0504567062205472 0.059670936133908 0.0795003251872682
PA02 -0.0148982269551187 0.00090398940118512 0.143521933763875 -0.0898950261612827 -0.00984816730031039 0.0276580143974012 -0.019236389413783
PA03 0.0443131726972915 0.0272715367987216 0.0190742025616614 -0.0404407572878651 0.0315075143370231 -0.0161212626721255 0.027173233106162
PA04 0.0763680800031684 -0.0256048961810533 -0.0259428329191107 0.0673786323379973 -0.00258055996504201 -0.00356229542326871 0.0546685240915215
PA05 0.103138656968688 -0.028928411113684 -0.0225274164079764 -0.104643337779407 0.0694562850865159 -0.0747453309348009 0.059515710536897
PA07 -0.108018837473559 -0.15342799580836 -0.0619108165960389 0.0454004686023262 -0.0158549766899985 -0.00184636707504229 0.00267600546214563
PA08 0.0921612511029799 -0.00587208682553243 -0.0316779729923274 0.0601801791371156 0.104835465835767 -0.0619793379959227 -0.0353423009569166
PA09 -0.056264606747904 0.0716247198029932 0.023770937082732 -0.0931338909734315 -0.136026240521519 -0.0617083467544261 -0.186839486557935
PA10 0.026036891358082 0.0737690729895127 -0.000200716337197584 0.028839548804653 0.00901465194602344 0.0151853506292633 0.153780948487387
PA11 -0.160208242414117 -0.0079181450454926 0.0184070060802541 -0.0129173107739625 0.0128699052619859 -0.0512874394519509 0.157849159436922
PA12 -0.0157724645935607 0.0196987037474242 -0.0467669117118444 0.0999095197112159 -0.0242794238840371 -0.0133221105873256 0.0822510823964723
PA13 0.0279475024177808 0.00346500722996638 -0.0334037895232111 0.0777616510514375 0.0693909233773862 -0.152770953072508 0.0204654109918539
PA14 0.0993248128119622 0.0175492886454064 -0.070325270233354 0.0497101090307321 -0.00862656345453208 -0.159306564270367 -0.0335228491843172
PA15 -0.0210652455968489 -0.0446342301541223 0.000761233375693233 -0.157161405404507 0.157057548582738 0.0866616885875649 -0.00166413750956798
PA17 0.0331879818074495 -0.0437155094110276 -0.0777128073900076 -0.0393503718549918 0.0271628628977535 -0.0115369625863375 0.0803329627483206
PA18 -0.0822272299733816 -0.0180656441575111 0.0656455604748176 -0.0979765793660769 0.0717196229265224 0.0272076680619763 -0.0726244327483661
PA19 -0.151584126381929 0.0810435640088944 -0.108526625415517 0.0616765175520448 0.097905742340474 0.0667841741793214 0.033811759106053
PA20 0.0526959941433292 0.0581995440988944 -0.0752199619235493 0.0400830200892868 -0.0573146288422814 0.0875027667383833 -0.0106722028237665
PA21 0.0158898926869545 -0.040428151501807 -0.126509538613351 0.0297160948373928 0.0171740793888925 -0.041401637632793 -0.10531047047144
PA22 0.0279076849755432 0.087917987937801 -0.117115673017476 -0.0573341460498904 -0.0341049496712693 -0.0390897099225944 -0.0644185784667993
PA23 -0.000368854810737246 -0.0588951681121251 0.00759711152002427 -0.0296000356427123 0.0434962123091691 0.000431146007514004 -0.0293564344338275
PA24 -0.0453271259966236 0.0491946354305368 -0.0716142409949532 0.0656601322271215 0.221200953078365 0.122483573826708 0.00425683102490746
PA25 0.0173669630568789 -0.0165729405886276 -0.0263150236206906 0.0353338483111577 0.0280157783387081 -0.121715604056963 0.0760417913657821
PA26 0.00305255019136493 0.0322510883343843 -0.0612548393542267 -0.0283343383820864 -0.0406332300935928 -0.0447753091886296 -0.0952902403974035
PA27 -0.0954697742627977 0.00739008850090402 -0.0518920095301287 -0.0147142781451485 0.136939002604535 -0.125216669132496 -0.0553529114897765
RB01 0.0855317182001682 -0.0818306473766742 0.0931355723062396 0.0760994158419146 0.111901112805773 -0.0592291039877429 0.140194615845492
RB02 -0.054987376211118 -0.0268098820376063 -0.0642518523050464 -0.0132729159144953 0.1384766230934 -0.162186831417599 -0.0963231953179716
RB03 0.0783044446393529 0.0287616042001524 0.0232853498720312 -0.0595626231633605 0.140977984664953 -0.134409168589612 0.0267955896821478
RB04 0.0575804272044484 -0.0197336817421013 0.0611060343840166 -0.0125630101754064 0.0677530739630212 -0.0243030098778391 -0.0143780869960322
RB05 0.0372774691617759 0.021380878840159 0.0152689464496901 -0.0579340474213821 -0.022406286942657 -0.0670131199858088 -0.0513569852103947
RB06 0.0265660117069011 -0.0123831211422574 0.146195766263244 0.0717710193068161 -0.0640313264987139 -0.028303071750426 -0.146916336715112
RB07 0.00179561031207298 -0.0303426549050661 -0.031128087888914 -0.0963808002026847 0.0337778939976039 0.126390861722008 -0.045862441070211
RB08 0.0625044911921275 0.027357328538883 0.0737306371815613 -0.118303810544547 -0.0377824440240771 0.00103807580352732 -0.00177142129217472
RB09 0.0565937971695323 0.0958700136030008 -0.0116773096959478 -0.0332744112486148 -0.0565003299381326 -0.0675311385727288 -0.106499999886494
RB12 0.0470467579349964 -0.149740795959281 0.0635125376467439 -0.0465451684255457 0.0492289395142549 0.0150146959601855 -0.0866173371551209
RB14 -0.00760688188663271 -0.0207838069915818 -0.0393424908748859 0.00792615717257934 0.0196774706553536 -0.0138879882441234 0.0517250894751254
RB15 -0.0328893762544301 -0.00527887844458801 0.00198360394833554 -0.074324410659472 -0.104806154006475 0.0248838845113569 -0.105639834418892
RB16 0.0869257957608571 -0.0448465762284838 0.0880624049008728 0.127582622142088 0.00492927972824609 -0.0182155182759393 0.0153081815432439
RB17 -0.0782761509590596 0.127941369604699 -0.00835489087879626 -0.0833241932126197 -0.0703779888581138 0.0277680363586822 -0.0776390675818295
RB19 0.066035287751379 -0.0965650887514214 0.16781284011849 0.0425624095134114 -0.160954639536427 0.0505003060268999 0.0435716855107235
RB20 -0.0325933209017461 -0.00471940244345811 0.0708508082147452 0.0530517753131947 0.0101030448497206 0.0547885520031863 0.0449795664419332
RL01 -0.179016693186461 -0.0545581773560496 0.0565469350393734 -0.00690785690771537 -0.0591249611225147 0.00941996801981783 -0.104247013413763
RL02 -0.0145839572246898 -0.0303223096825573 0.0954036366685571 -0.0404686700037211 0.055985489125914 -0.00229967302277263 0.00384452274875546
RL03 0.0986309547733187 0.0050011471680587 0.0806699681417295 0.0264108325537005 -0.0329218667248551 0.0837719957648991 0.0353583888148052
RL04 0.101611242400179 0.0234873712337458 0.0459350755279724 0.0338559604575782 0.0152813349997843 -0.101559067553326 0.0219354735828584
RL06 0.106178889513198 -0.037406078486986 0.0271519433071178 0.0172562941779995 0.0507034912400577 -0.0528647794236104 0.00283152478299775
RL07 0.0188716176921486 0.071637218677841 0.049325259677122 0.0262764231687649 -0.0381220525132746 -0.0309108265074516 0.0170730246722879
RL09 0.0758489815375199 0.001678766502177 -0.047680328741295 -0.0871188193625558 0.0634918047691659 -0.0404598725347089 -0.0337370766145814
RL10 0.0737116262735938 -0.0507086927249005 0.106943753341545 0.0644909372821032 -0.0563489946222871 -0.0506909127033114 0.149182624340432
RL11 0.117444169985004 0.0215414686125969 0.141409603179295 -0.0793129275789674 0.10433860291243 -0.050804102407363 -0.0208610085277868
RL13 -0.0303309056322176 0.10633532899961 0.163552710243682 0.0568131706458932 0.0102094940034874 -0.0755945253935605 0.135384001463754
RL15 0.135674896066689 0.0083882167779573 0.133041461283272 -0.0486160362698158 0.0250075492243013 0.0247281817624502 -0.0132272007860133
RL18 -0.23378400690317 0.023313722967727 0.0178377665086582 0.0391402192696177 0.0172432293279292 -0.0339068013167477 0.0582659293312894
RL20 0.0188012372342138 -0.0121521316644233 0.0576786812583303 0.0377396518071101 -0.00900741198598229 -0.0688394354826882 -0.129114106285011
RL22 -0.0767382614301915 0.0695027007899725 0.19240418215104 0.155892672224263 0.0020703170354319 0.279991479271135 -0.169305906784597
TR01 0.03966643185837 -0.0951235665669875 0.0181467732508176 0.00905467733260258 -0.0324116574115555 -0.00938974203103681 -0.0680940760113918
TR02 0.0654056697786339 -0.0117956499864413 -0.0203942861741574 0.0242454449334542 -0.0595039134591596 -0.0202226596649169 0.0678661383458958
TR03 0.0915225103405524 0.00289960103417162 -0.0614159176885202 -0.0957924490232472 -0.0669262837344543 -0.0174664922339246 0.0090784425098412
TR04 0.0956846724517627 -0.0567790543585968 0.0443549223274346 -0.162920119170694 -0.0439615474441865 0.0414995495804374 0.0387952975490012
TR05 0.00324353446544286 0.0337788968620203 -0.132239171080849 -0.0483559133085296 -0.0521839921608704 -0.0668886395832366 -0.125951580844452
TR06 0.0712103560866156 -0.010145323216642 -0.206857804345061 -0.0116511320376811 0.101245142334908 0.0789264053230716 0.000763859560767969
TR07 -0.00806064649774558 0.0151492282107456 -0.0450055341575229 0.0921109679697843 0.0035432728720361 -0.0914641227784017 -0.0501326514255498
TR08 0.00758666543606251 -0.0924437243779978 -0.029834948813049 -0.0485186473801521 -0.0380995250511049 -0.0825439353977558 -0.00658328137945917
TR09 0.136396226363035 0.0166882919773455 0.0160364988264894 -0.0325885526718029 -0.0345189909572933 -0.0952261258698266 -0.0122658818434205
TR10 0.0939108490054252 -0.0323481347600775 -0.0918782419980979 0.060667169602639 0.0167832304754049 -0.12557874147884 -0.0148391050917716
TR11 0.0591558912344511 -0.0134552482433814 -0.0535216916033796 0.026576534540414 -0.0454971400696888 0.0166602694573536 -0.0859181521383707
TR12 0.0405149415254156 -0.0155701123492384 0.0149754435816313 -0.0774494358725065 0.029098779665843 -0.0250518460902948 0.102653381780501
TR13 -0.0221145138943393 -0.00954515631768527 -0.0498551754581566 -0.120273450344594 0.0609683682911276 0.101116637902483 0.190646070694343
TR14 -0.255554109540169 -0.00848196779499159 0.0955095542625648 -0.00845416383632545 0.00393446635511381 0.013958478938373 0.179836685266933
TR15 -0.0211914423706192 -0.0779772958876761 0.00308766809087887 0.106378310129218 0.0827444192217501 -0.0644861500787049 -0.0579253617830284
TR16 -0.00522199241992085 -0.0920956333977593 0.104536020327826 -0.0777167400804183 -0.0405375851174011 0.00283254920564225 -0.100715274877173
TR17 -0.0287553106329999 -0.00466446786406567 0.0760907783680373 0.0938411364808056 -0.187682274106112 -0.00966098788735105 0.0147978559099136
