sample MDS1 MDS2 MDS3 MDS4 MDS5 MDS6 MDS7
AN03 -0.0101329897051874 -0.0298139739711682 -0.0623365558458219 -0.013669828671792 -0.0527277812678964 0.04753136080533 -0.00497708024719966
AN04 0.0535845195391605 -0.00592325460426929 0.0481974267280281 0.0179965922877601 -0.0601129272880526 0.0101094734840811 0.0707287506046632
CS01 0.06434539321978 -0.0536914074428421 0.01800057700482 0.170545683194756 -0.100791213366033 -0.0379375452934796 0.00874950120972559
CS02 0.0626996395731751 0.00653379401539306 -0.0338211457448785 -0.139523493573842 0.0138311668475225 -0.0565398614950396 0.0407474064334537
CS03 0.0481519014188897 -0.0366541833469062 -0.0125372406593204 -0.0336594983380515 0.00344545980070569 0.00671318178438082 -0.0026829301373533
CS04 0.0184797790221192 -0.036094597356199 -0.037937527913543 0.00867459770363459 -0.0602312704526636 -0.115080451771208 0.0887516430732853
CS05 -0.0407956983849611 -0.0817211637357201 -0.10089496441762 0.116934151776801 -0.00989117835620193 -0.0257584110604053 0.0427797007268494
CS07 -0.0662685348290076 0.0226268376129468 -0.138088517003327 0.0443835868884634 0.126485181726077 0.0153512145343148 0.0511856650553936
CS08 0.0138307462717553 -0.375771662784384 -0.0900681908186673 -0.106166114940881 0.00886506006797275 -0.0514185012935728 -0.104040580104886
CS09 0.0582258372727706 -0.0376150342858898 0.042098171620021 0.065161083447498 -0.0869117083341129 0.0532864668588822 0.0406005279340117
CS10 0.0105897156044239 0.075454541890527 -0.00637754119217815 -0.0543466719743298 0.0663408819357821 -0.0271790091386616 -0.0144996646347291
CS11 0.108450664765628 0.0430230553569221 -0.00960565853281131 -0.0734038999767024 0.0382664753959019 0.0567775907746766 0.0307130179054304
CS12 -0.0616294844912323 -0.024450626425804 -0.0141505583960258 -0.0854717868345135 0.0246425748695129 0.0709594942470299 0.00228461927082047
CS13 -0.00715056873010792 0.102749144236612 0.0321977400145968 -0.120322726804158 0.0304604501331702 -0.108190423534602 0.130120088770078
CS14 0.0364065301622486 0.0294928448455684 -0.0248118965519687 0.0587751248879034 -0.00771657376967003 0.0478872049674972 0.0126387891407931
CS15 0.0395979694834615 -0.0203185038940744 -0.0833681893932906 -0.0282660597855967 -0.048701636771802 -0.0473932883320367 0.0511104256534447
CS16 0.0520188861648387 0.0384744598466008 -0.112692813510832 -0.0425754079450999 -0.062633230406316 0.146598428459405 -0.00831356872210028
CS18 0.0220094967973317 0.00763104751209178 -0.104653638906787 0.00708517184449864 -0.0932610424486951 0.0137603453016356 -0.000716238269432033
DK03 -0.0874090797881822 0.0391107100134014 -0.120165441834728 0.0560153403646922 0.0372365792967115 -0.0672956126705664 0.00728923530591817
DK04 0.038014138587864 -0.0642446507172739 -0.142402714685374 -0.0375261837595662 -0.16449982455883 -0.0671451839964874 -0.0814146589350671
DK05 -0.0761421656221148 -0.507918427303349 -0.143465296994049 -0.162034689731182 -0.0113212375067327 0.00275424714817325 -0.146953945368572
DK06 0.0121651399366284 -0.0551571703145193 0.0514854497242269 -0.0113153772180947 -0.0660868097626331 0.0820567304515896 -0.180217531171682
DK07 -0.0354173041883135 0.077321742598356 0.0457830387887227 -0.088221590007951 -0.0628840445196553 0.0489096640687129 -0.0638661303019353
DK08 -0.0990568843336008 0.0255668732446283 -0.00243337340302595 -0.0479742628963959 0.0234016575482218 -0.115889742278451 0.0673978208090618
DK09 0.029694707302096 0.0344406631897531 0.014315653164502 -0.059502434058339 0.0207657280424318 -0.0379195800876709 0.0795617690592992
DK10 -0.209111603728309 0.0853473630489797 0.0593980612722871 -0.00245067452456805 -0.0241312386278364 -0.0518195363343566 -0.0709630427286257
DK11 0.0685417663953333 -0.0177256672676243 -0.0681247885785912 -0.0566896276231372 -0.128230891141118 0.0858456037641325 0.0656666783554561
DK13 0.0272881779692615 0.0427674592444429 -0.00853951732320494 0.0599587308916368 0.0103924598042995 0.0587843025444087 0.026264259625694
DK14 -0.0783508385585967 0.0353005627983064 0.0193466423759923 0.0768384696617079 -0.0136693908847234 0.171821657792473 0.0711624877454307
DK15 0.107359098088805 -0.0360117966642871 -0.0706031589610947 -0.060046257920309 -0.0238783937558443 -0.0555928258715568 0.0515332457291326
DK16 -0.00959513084586792 0.0154414232895699 -0.0772168880983854 0.0537026115909758 -0.0137973450944153 0.0415249613343327 -0.0176401353685611
DK17 -0.0227349105705047 0.120306327986078 -0.0224244530502513 -0.00105145168160167 -0.0154569684013932 -0.00755135591854529 0.0814748902225912
DK19 0.0482257774819465 0.0232523381500882 -0.0889345196132201 0.0752488745296737 -0.00947624929146851 0.053817088237762 -0.022333407791663
DK20 0.0633353117906299 -0.0304868815009041 0.0159463254057622 -0.0241201959978716 -0.087035791826514 0.1298595462008 -0.0214018495819091
DK21 -0.0105490543687784 0.110006481748672 -0.066410624299354 -0.0880207879618973 0.0496354371418109 -0.111989938378088 -0.0818548186441492
DK22 -0.0385811667839777 0.0679640017751276 0.0673614013964767 -0.186151593298407 -0.011420811504194 0.0190075093886298 0.00527634207270226
DK23 -0.0478676726160072 0.0823191327826085 -0.0846064868786077 -0.0714563517604127 0.000532477688143618 0.0195441834764845 0.0307141598282582
DK24 -0.0690256580342831 -0.0976231096412518 -0.0819974854987677 0.131765790858212 -0.0260929962597122 0.0361137373126551 0.169114015907569
DK25 0.0147542715647139 -0.047574940618371 -0.0111120184197155 -0.0809292497906269 -0.0686202236876703 -0.0321883338297262 0.0141295129501323
DK26 -0.126328863053896 -0.0171110961917779 -0.013705458879035 0.0234616222023625 0.0234740754505401 0.0727813914090008 0.0687240930898463
DK27 -0.0798493528397869 0.0367117585443294 -0.137065145246429 0.0161384238329003 0.019111039026389 -0.0634182991479103 -0.0608585937489829
DK28 -0.1532645209417 0.0297358647493832 0.101524925999991 -0.127821045585355 -0.0555978674395841 0.0287172076820831 0.0310466788061557
DK29 0.0824416319675307 -0.0308764682035717 -0.0373852362083577 0.0794324860195673 -0.110279624657634 -0.0126358963458187 0.0736689594798864
DK30 -0.130785230941973 0.0738112315147324 0.0615080350800436 0.059760554849026 -0.114733907412313 0.107490410878892 -0.103236738345825
DK31 0.0400095624322432 -0.00884744642998061 -0.136211066822505 0.0231794135524992 0.0668488085967351 0.0121770568718449 -0.0583276736911755
DK32 0.0410094315699639 0.071961378639022 -0.0131385146896732 0.0733380070336448 -0.0971225976447083 0.0100479826787167 0.0622932794217169
DK33 -0.0910320209878845 -0.0170031052673116 -0.11404742400215 0.121217445383747 -0.0945905524927007 0.0288572499395407 0.0737336642885035
DK34 -0.0428715161553896 0.0944163140422402 -0.115953638077254 -0.0691924534934278 0.0456931087191319 -0.0657104631687294 0.098701899570717
DK35 0.0478321489567226 -9.63308952865084e-05 -0.149261800151412 -0.00155953953527228 -0.0631467731724588 -0.0123334737713132 0.0409262683951193
DK36 0.068766584610501 0.0390653832471092 -0.0591244272914808 0.0870131734602384 0.0280229563764511 0.0192199153916349 0.0533829524666437
DK37 0.00829987517057579 -0.00328509982433655 0.0479914833295626 -0.0899991593741096 -0.248889355615804 -0.0942283852736906 -0.0302219489832215
DK38 -0.00452853941277713 0.00512746662770183 -0.0500510040877468 -0.0855451096389161 -0.12435838543371 0.152095454696309 0.0551020300744421
DK39 -0.0188037713574077 0.0451831052619313 -0.121913357672684 0.0681400732685754 0.0244960047166558 0.0203359080347736 0.0100318118042443
FR01 -0.0546739652146765 0.12767490962532 0.148850124626133 0.0697223016952667 -0.116039650598495 0.000627982370333412 -0.0868369507605453
FR02 0.0528749152467608 0.0318138367932981 0.0602958709723775 -0.00975656803539571 0.00115600507712757 0.0448052220030099 0.0503516168308102
FR03 0.00811524368225539 0.110360098720777 -0.0428176157508063 0.0194945594461012 0.0250823826374822 -0.0661748763738053 -0.0637293011482451
FR04 -0.0877556339862584 -0.0588144775157629 -0.016971964937997 0.18080642396342 0.000620903160290088 -0.0656357228609293 0.16246209905909
FR05 -0.114616989336177 -0.0646676772783308 0.0681259962732959 -0.0285736455899487 0.200956033880504 0.0336136489258411 -0.0258174648718664
FR07 -0.160461014496699 -0.0987217177591784 -0.00955259851925109 0.0648288211972688 0.106526521065566 -0.10899887563342 0.0629360502406005
FR10 -0.0264007515788574 0.0440686300011274 0.0690280752836124 -0.0486010433016786 0.0376659488715477 0.000859529291157968 -0.0656452490136611
FR12 0.030661806308779 -0.0577206299781843 0.0608482687901768 0.0997986341135707 -0.0528518065930587 0.012479384449515 -0.0456354709123951
FR13 -0.046033022400417 -0.0456745003944094 -0.118263701477007 0.0491981204101129 0.164670734426504 0.0676760245821308 -0.0627391523065181
FR15 0.0702110951448712 0.0257386727242147 -0.0511388846412366 -0.00273112369365272 0.0774500226350112 -0.0828341009696073 0.0147768821059816
FR16 -0.168635543694137 -0.0152763735028586 -0.0402600162358156 0.0337982488862483 -0.0170670012165177 0.0483391743209251 -0.062666594241563
FR17 0.048639839015297 0.0670703253847892 -0.021196863151586 0.0218261246296063 0.113463679083389 -0.0399345300807257 0.0500012426706913
FR19 -0.0393811281451123 0.0430621320117832 0.0448841549211534 -0.139941412923032 -0.0907607672399161 0.0911728989079388 -0.00471625468471194
FR20 0.132440368668811 0.0188682317955922 0.0487854535320566 0.00806263246278877 -0.0155315706217402 0.0269449091806185 0.100614059876394
FY01 0.0351758112840724 0.0599343067341804 -0.00364971665896854 0.0519421020210113 0.0636214034333791 -0.0372672287973487 -0.0164216403285163
FY02 0.0795397211430689 0.0678710813885939 -0.0531833729651931 0.0483326550254698 0.0106718545017116 0.029541468767153 -0.0368755736274164
FY03 -0.0500910886827843 0.0431757920625024 -0.00523576512555981 -0.0386727306226751 -0.090808791054721 0.068290298742031 0.0115279958296595
FY04 -0.0415027589123381 -0.139893433531782 0.0894508234355858 0.0975508375582932 -0.0992936870452974 -0.0191876811964239 -0.0706467078381025
FY05 -0.0134875030160852 0.00341730414737907 0.0924686634978165 -0.137103169911523 -0.0175021757250764 -0.0384364345518425 -0.0420891923313005
FY06 -0.0237611329593645 -0.0335811327413094 0.0918107026338227 -0.0683511069353963 0.037830942747652 0.0539532987174364 -0.0202745164139982
FY07 -0.0581124800339606 -0.118994667497224 0.000350816406797811 -0.00355386774189038 -0.00749894037291133 0.0856348980523222 0.0951751068709928
FY09 0.0117844855296649 0.0285444230923913 0.0354502610570091 0.0347152320006794 -0.116273961416201 0.0536333039781147 0.00985456564972653
FY10 0.0270609973720145 0.0106534532800541 0.0718990562866872 -0.0784037394283127 0.0900987914472364 0.0666836965938185 0.135212142537172
FY11 -0.0951697305134684 0.0423508450060448 -0.0319602038030378 0.079650413535199 -0.00339189176148207 0.0273353875599477 -0.113396957061201
FY12 0.073817778203037 -0.0326346880089402 -0.0611678305992093 -0.0216050105143515 0.00620376496270153 0.0725206431870133 -0.00149740871577827
FY13 -0.0368526623190357 0.0728894863656502 0.155845066038369 0.0552927073242371 0.0844553028874501 -0.17602829475934 -0.0286207540163547
FY14 0.0589585322978169 0.0134988964340332 0.0358919188299972 -0.0145320923580269 -0.00500165493192094 0.0842165050083824 0.0885296207554893
FY15 0.0901164789348308 0.0439874174998765 -0.049517562153591 -0.0293451073193374 -0.0208504369872983 -0.12029188236242 0.0150702307498323
FY16 0.0240470028366113 0.0643532035726914 0.0654375174934674 0.0024334100295894 0.00692763751182599 0.100785241402198 -0.0124177744062662
FY17 0.0320145638350708 0.00578270359708226 0.0139882291590773 0.0220476850441514 -0.0591857381136304 -0.111195557351297 0.0689038496724714
FY18 -0.0373090371072976 0.0149552910507403 -0.0309271913475543 -0.106714790958945 -0.0322994040290014 -0.0783702383773748 -0.0403513642845751
HH01 0.105599208640564 -0.0788447487462913 0.0687958005723347 0.16082565471398 0.0860134945883361 -0.0178919227418288 -0.09629267467073
HH02 -0.162479116340661 0.0449295226303518 0.0262264520801778 0.102566916378815 -0.00386309247771307 0.0323508842728817 -0.0510465038384425
HH03 0.00873223602793152 0.0289908789947771 0.0147457732607464 0.0643814443706719 -0.00286321258620621 -0.00939118900306829 -0.0750042104060475
HH04 -0.055297168737891 0.0607393515533183 -0.0607963384168689 0.045358330368513 0.105159446819921 -0.104230347271956 0.0732762146775273
HH05 0.0267441032839997 -0.013094853557061 -0.0203722792408489 -0.0408778729505893 0.0159177546328567 -0.0878040400571699 0.0209423845791288
HH07 -0.0311059994343394 -0.0929687435244525 -0.0184416730179497 -0.0299682648492916 0.0848251098276478 0.0508882137230033 -0.0335892679757499
HH08 -0.0691423435936859 -0.033391686761884 0.0104351454519586 0.0239286739510133 -0.0195364659981856 -0.00296231940903271 0.0507493636416771
HH09 0.0614745958426869 -0.0101230240613658 -0.0169319078970137 -0.0463243094860795 0.0328124763609925 -0.00467009732943489 -0.0874678836179141
HH10 -0.05023975905638 0.0609183488617285 -0.0327284801284844 0.00349788437293995 -0.166503340246542 0.0289846470471119 -0.16761864502924
HH11 -0.0351095493509088 0.0307883953050819 0.0384091942917702 0.0945365919920515 0.0415921186881056 -0.0390219712065842 -0.0352307221681368
HH12 0.000404088691142955 0.0178818592046186 -0.00620171787961198 -0.0498383029308146 -0.0487828959213307 -0.108797338288561 -0.0554926781238542
HH13 -0.0203620410184533 -0.00733771135995992 0.074294867094289 -0.0174379220051075 0.0173151989734414 0.0471544502672344 0.0149534284167025
HH16 0.00666671462121612 0.0652377273927171 0.059805885497177 -0.0669045633644567 -0.0380373421359166 0.0773736019053718 -0.0326837876528186
HH18 -0.057646643194919 0.0229944020097798 -0.0966357927677866 0.0773953498425707 0.051549140479068 -0.00974043890407662 0.0641168966330243
JB02 -0.0162209944939244 0.0725781726381779 -0.0325906692324493 0.11783886196712 -0.0191207105284868 -0.00791810431987488 -0.150725635297696
JB03 -0.0401594869324866 -0.0831603427247524 0.0774482430028361 0.0338857994315777 0.0428445115818352 -0.00708229965234667 0.144024188079266
JB04 -0.0445890355960067 0.0389865489945761 0.0869812703810935 -0.0631269801780847 -0.00328246839915392 0.0680041381370654 0.00491403335276635
JB05 -0.0313871788702224 0.0200298498657636 0.104624399555382 0.0318043363604769 -0.172663907209106 -0.0643434884919622 -0.134609062296742
JB07 0.0103630867953016 -0.000695330239095373 -0.0485780532615023 -0.0344482591570467 0.0145952781059757 -0.0276015158398846 0.0491027527071063
JB10 -0.1079758530693 -0.0141404387061979 0.045886684538282 0.000796372510506655 0.0119141820433037 0.0222019071945125 0.0561585549853122
JB13 0.0321221933059761 0.00237371457142801 -0.0776360632162678 -0.138108112720911 -0.0093290337473133 -0.0227259530096498 -0.000310054233585509
JB15 0.0623602160249244 -0.0616911700571395 0.158706458927064 0.0243142999936181 0.0168076085083816 -0.104124055978377 0.044633235433051
JB16 0.087070140077559 -0.0460311170630726 -0.0152136106739981 0.0123026903706903 0.0189319777559425 0.0217200984410403 -0.0374376292925384
JB17 -0.0721882236382769 -0.0330325571686479 0.154560185143717 0.0738509001163825 0.115643117855614 0.026002676228266 0.0284620396355761
NB01 0.0301471159505685 0.0186189802517643 0.0429942950984993 0.0445889292450489 -0.062183057936775 -0.0436732280503414 -0.0396080993068218
NB02 0.0503526238178791 0.0274574619590479 -0.0181172499285818 -0.119459015629233 -0.0664903411046654 -0.111795312179614 0.1054902142389
NB03 -0.0216222976994563 0.0434609795587651 -0.0421774659959975 0.00802226758467958 0.0547012573330964 0.0604182565387832 0.0597763816427642
NB04 0.00192015224129918 -0.0189139456092897 0.0080279874713576 0.0376930028268561 0.0521848717107659 0.02156980783776 -0.0289816142812975
NB05 0.071891006885233 0.0585745263957636 -0.0586854640298101 -0.156505305942533 0.0368480591338603 0.0407417465943625 0.0388192657435602
NB06 0.0155750256076552 0.0831987701673373 -0.0405983670590118 -0.00407927574532376 0.0676448849370596 -0.0940669632178587 0.0665625289446195
NB07 -0.115317483213446 0.0248571837882002 -0.0356892683653602 -0.0138212063870179 0.0547032708411028 -0.0670657513898287 0.0465829174779568
NB10 -0.1812128436009 0.0538823119941659 0.0361056643682748 0.0380285214962133 0.0767184398112507 0.14372082172491 -0.044011029902066
NB11 0.0115780297689716 -0.0275526704384551 -0.0282681679810768 -0.171079433398814 0.00997672944240706 0.0120239902364285 0.0411304190375293
NB12 -0.0140412455564154 0.0681744699012778 -0.0647527169987413 0.0767366766755314 -0.0483524130188825 -0.0103360024534865 -0.0416374439586716
NB13 -0.0238436244468549 -0.00538157435870722 -0.0899064683823625 0.0687372943497484 0.00654075669724976 -0.0228232580702458 0.121132077722919
NB14 0.0266647353781949 0.0959981558807612 -0.135417164880656 -0.0271630066088479 -0.111849378544025 -0.038304872955328 -0.0446810885816726
NB15 0.0503745131368215 0.0308403228990322 -0.0250370537285126 -0.0202467657282426 -0.0246290831858942 0.0349115025088719 0.121279238662118
NB16 0.122734371758658 -0.0301458356004153 -0.0127448817457955 0.0314673658755652 -0.0552972518572372 0.0931816906359456 -0.00022224045125618
NB17 -0.00421846670298477 0.00351512688232835 0.0404138656231867 -0.0906782691577279 0.00896276859582101 0.0134080105907321 0.0336842105778088
PA01 0.0221780726142453 -0.145369783324354 0.0632981203660878 0.0159145165363017 -0.0441940217622359 -0.069206963736269 0.12728747328338
PA02 -0.0215929668843424 -0.0514168567769653 0.129221968540642 0.0968514513205772 -0.0522896456960566 -0.022119061345337 0.0257968825918055
PA03 0.0499729935628941 -0.0263757071310187 -0.0208521377569578 0.0766415745444567 -0.0612938713845779 -0.0179745672790391 -0.113592679429631
PA04 0.0553299517356078 0.0211865506145008 0.0517029208867269 -0.0380931194358511 0.0901536158641803 -0.112497335688856 0.0931159057029005
PA05 0.101245315179789 0.031349962166616 -0.0237718650333612 0.114930154726071 -0.0114353166272012 -0.0290205714785522 -0.0852101562946389
PA07 -0.0679174837508863 0.164769899688689 0.0114719069643219 -0.048054750400556 0.00457110446926236 0.0324117435212433 0.0530397858849129
PA08 0.0962090390686296 0.00535097019169882 0.0142081002934317 -0.0459366854347565 0.0293723198279744 -0.0509449706347868 -0.135395793178325
PA09 -0.0642139019332025 -0.0938161852674581 0.0208487038396678 0.0566677057781223 0.0689915917192658 0.174705778190559 0.0560687675103344
PA10 0.0252151912580461 -0.0708355124250618 -0.017442252477077 0.0443676510261632 -0.0381410032016258 -0.104712467028882 0.0128973938315724
PA11 -0.15750550131052 0.0193808169742981 0.0063447792164344 0.0487519160541299 -0.0261271822727336 -0.101923085256771 0.00196309140857616
PA12 -0.012678027326899 -6.71918082627501e-06 -0.0558314136138554 -0.0617100647253089 0.0387247780853658 -0.113109270380265 0.0271906594470494
PA13 0.0213522096154315 -0.00749479284273073 0.0340096640002466 -0.067189837702266 0.134873782874785 -0.0523864827713909 -0.110284857576243
PA14 0.0989502686234538 -0.0262548927449026 -0.0170241970087989 -0.0514764598922494 0.159019605101169 0.0164574488571409 -0.0685392507766259
PA17 0.0267447619085141 0.066968993147949 -0.0242993652663456 0.0247487332243728 0.0184264111100198 0.0084657220677673 -0.0214279906844696
PA18 -0.0515325394960293 -0.0134003898287197 0.0573946008204714 0.00214756920469917 -0.0908686368326054 0.12715320010925 -0.0260191866920126
PA19 -0.129410128262602 -0.0250807894878164 -0.143229896069477 -0.0941101319776482 -0.034844669718671 -0.0890432405141563 -0.0686908658014917
PA20 0.0481676965609922 -0.038860366661686 -0.0667501972718053 -0.032470265402911 0.0400304195676537 -0.0678060587824533 0.118797237963849
PA21 0.0293775444110951 0.0706360929473937 -0.0809444714739046 -0.0262787209681263 0.067289994908061 0.046247537788124 -0.100511559462737
PA22 0.0244634073705411 -0.072801102942263 -0.0988669031276037 0.022236531471996 0.112377865407217 0.0639674125174068 -0.0314288474416568
PA23 0.0146664707612981 0.0598377348563121 -0.00219235814297294 0.0583077889567224 -0.078545695759071 0.0472045831924176 -0.1086582016302
PA24 -0.0281178067538834 -0.00169328564860749 -0.113861744628319 -0.116478237082686 -0.109788365890707 -0.107490293595936 -0.153941448416776
PA25 -0.000455566410517325 0.0323280549168854 0.0134648220845767 -0.00406694712014002 0.097492002204962 -0.0798501935772886 -0.0632517727357481
PA26 0.0150841461994305 -0.0336969055890741 -0.00917440973390094 0.016396685304856 0.0974838976970159 0.03301657048771 0.0231963548241512
PA27 -0.0886109689204971 0.0212443473663101 -0.0117774353600743 -0.0167937400042097 0.0457532121291579 0.051450712102696 -0.183100824339264
RB01 0.0714478401190871 0.0439859233956693 0.138032430734154 -0.0453059561260353 -0.0203403999004122 -0.120113402429694 -0.053279933354881
RB02 -0.0606060135461125 0.0356463742445299 0.0140184006552425 -0.0193809082126092 0.106222482850574 0.0441796305191512 -0.203548811440703
RB03 0.0579052367837016 -0.0357922723437196 0.0718132034515592 0.0465090798692263 0.0758393638088674 -0.0593189035636314 -0.156318302123067
RB04 0.0463539583210578 -0.015163097927018 0.107259430315263 0.00926187931514564 0.0336921389266478 -0.0765756410056904 -0.0360866022537355
RB05 0.0266632857502044 -0.0350231766614722 0.0377846012698211 0.0481611879762545 0.0954087313560898 0.0110534593283511 -0.00233449515680829
RB06 0.0172160189739991 -0.0519383400004844 0.13218796412795 -0.0737509390109011 0.0126198312759634 0.0943729925644804 0.0533990565905894
RB07 0.0191482832691027 0.0406622381865531 -0.0378258562512796 0.0157195929817094 -0.062525314665149 0.00871718185702734 0.0740746945196406
RB08 0.0566497074102575 -0.055453409660586 0.00701962486049399 0.0937548977903854 -0.0464103832702072 0.0834008457878859 0.0269839667789646
RB09 0.0542392264092108 -0.106057529746867 -0.0130349859177058 0.0128491806490399 0.108007405379293 0.103599687188629 0.0461767281180967
RB10 0.0191625098799413 0.026689870100467 0.0769806053012294 -0.158704210704542 0.0564764215829301 0.121710209996826 0.041633500761919
RB12 0.0656629805975706 0.109691176797136 0.0692403347803921 -0.0134659071012069 -0.0822354366308403 0.0761321111460962 -0.0624550898124564
RB13 0.0754283010491268 -0.0138995571844885 0.0681843218527666 0.0332798614560243 0.0231575849383565 0.128734999733453 -0.0151842633662722
RB14 0.0213631562203084 0.0228915996019124 -0.0180761020012348 -0.0065658987105265 -0.0386209998389373 0.00452796726626845 -0.0127900371929942
RB15 -0.0352707186181748 -0.0168227632952231 -0.00287934303265788 0.0345635415608258 -0.0119841117661125 0.14421731328635 0.0572863878581097
RB16 0.0718735968564027 0.0136589633861243 0.1095166932804 -0.102649562149172 -0.0180066906559761 0.00226988858927362 0.0593695087368328
RB17 -0.0860499699190866 -0.107844228628893 -0.0863437630095685 0.0395567807428904 0.0013345906355222 0.0646249211375679 0.0406938064139823
RB20 -0.0372636746477272 -0.00339525520225615 0.0395529038720825 -0.0191154785344392 -0.0713072576877641 -0.0553809556914875 0.0249376776099317
RL01 -0.144203397139935 0.0375275201566902 0.0159806588567493 -0.019695435725904 -0.0357523993663879 0.132281693463094 0.0368106885496778
RL03 0.0915731520654614 -0.0450704973862912 0.0361761401312602 -0.0511079179906126 -0.0729101219038695 0.000662136080523923 0.114612879183725
RL04 0.070160887164095 -0.0336335413825101 0.0625855376956111 0.038797464467061 0.0922556917962729 -0.0915413586860295 -0.0691380254580815
RL06 0.100678704438944 0.0198507419500657 0.0766474057303887 0.0241624658517742 0.0487126008932952 -0.0934962039255621 -0.0558072895262969
RL07 0.00903348297391179 -0.0890252053341154 0.0365492582638652 0.00592439552429302 0.0262562341057324 -0.00238936605355471 0.0237384665842623
RL09 0.0671406130964896 0.0125400357755997 0.000983045311970256 0.0691503151609802 0.0587558256767051 -0.0182441180466661 -0.0577112371996884
RL10 0.0399315300991534 -0.0025819419343631 0.155806418639116 0.0104086198436753 0.0405985649024087 -0.130454374590574 0.0814265143080792
RL11 0.10596119376792 -0.0700392554356994 0.127064956144561 0.0709156827445599 -0.0431339297068833 0.00861304918012506 -0.107465789728127
RL12 -0.00876635237578677 -0.119182493043775 0.0637787269240295 -0.0212386046109973 0.0522406921432338 0.0138894616000681 -0.0451753791190157
RL13 -0.0609304713568209 -0.134728153308782 0.129193770639844 0.00756123002558102 0.0132077003384088 -0.143870098776108 0.0272413242148374
RL15 0.128563532712484 -0.0670561682137896 0.0911897791827605 0.0316960073602337 -0.0900213447725 0.0106831841838689 0.00132403807055208
RL17 0.00861946098922557 0.0325904241766362 0.0542316830344958 0.000637008939743014 0.0627218551943781 -0.03695198274849 -0.0992023097410769
RL18 -0.231565166014073 0.0131217945581395 -0.0112734902588912 -0.0203289784322138 0.0173193879116343 -0.0668880251632151 0.00346933074399278
RL20 0.0130812313359436 -0.015327891142363 0.101915681855353 -0.0355804958535561 0.0698315949092506 0.0877090121229449 -0.032973370734705
RL21 0.073755685000272 0.015508961955643 -0.000126417465783909 0.0832432596270564 0.0330758499637186 -0.0354173397900856 -0.0172041094702502
RL22 -0.0933494325922924 -0.139462502993156 0.100972983041726 -0.135606100304985 -0.218036119466228 -0.0747409874862734 0.0468886619141626
RL23 0.0317195637814944 -0.0369088930310799 0.151031982580234 0.111930685187324 0.010137477197893 -0.0667471171406307 0.00776142570068273
TR01 0.0507682462722467 0.0577180269182465 0.0508483618253568 -0.0483128011286648 -0.00157597565163176 0.121449387501039 0.0708259997932787
TR02 0.0603362406107846 0.0232147653787605 -0.0278587246749955 -0.0191038229070313 0.0299684324259908 0.00392115789269629 0.0809683852848035
TR03 0.0813062936428127 -0.00216902738094374 -0.0280218108739962 0.122364077671204 0.0583845986591848 -0.0108476525642142 0.00403743029603929
TR04 0.106841690458267 0.0168989892327361 0.00703167023999936 0.136922437107309 -0.0853476961235068 0.0654446827232185 0.07158493248431
TR05 0.00763114211545288 -0.0100876247112819 -0.109281470331559 0.0164089204734529 0.10047073528957 0.145935314880263 -0.0514874709027733
TR06 0.0820911853245081 0.0845715262923542 -0.16509685794305 -0.017006976480647 -0.0120452291004964 -0.0353729391644551 -0.0371156851114415
TR07 0.000300518105307442 -0.00527105675686234 0.011822530856638 -0.11422209139707 0.125659916841555 0.0532379261201706 -0.0257572959647757
TR08 0.00235840058085825 0.0734298642085151 0.0519528403695521 0.0450498530733555 0.0928592847194185 0.0459107790356427 0.012388703965531
TR09 0.130237246555349 -0.0421917434754027 0.0115268592592964 0.0621910940038798 0.0293020843391832 0.0134249347143613 -0.0557353126500633
TR10 0.0942879546859845 0.0446174918570907 -0.0281933337056564 -0.0507290101379729 0.133793265469591 -0.00256917271073902 -0.0658605257709906
TR11 0.0740395854147649 0.0028240339508911 -0.0256000669170029 -0.0265368788903299 0.03358729943288 0.0354736375375171 -0.00937767610968293
TR12 0.0211727306627116 0.0209606121284057 0.0132081995800247 0.0908640804180641 0.00761262637775681 -0.104473599972101 0.00602324224071009
TR13 -0.0156205001722984 0.0544382981604065 -0.114353663362731 0.119065604524889 -0.135689625151499 -0.117770919416185 -0.00841843486019639
TR14 -0.248335259875381 -0.00385194419140339 0.0802742011404694 0.0429166180515276 -0.0385975629398219 -0.122342040053111 0.0597501687677197
TR15 -0.0298441081100938 0.0591541275674268 0.0458358469838078 -0.132552545107815 0.0543915970879263 0.00965901709026369 -0.0471087321034827
TR17 -0.0284966292131351 -0.0279056865564813 0.0577942112585503 -0.00806890427365499 0.0254958898676036 0.0281089513696156 0.157565676673095
