sample MDS1 MDS2 MDS3 MDS4 MDS5 MDS6 MDS7
AN03 -0.00410649623249748 0.0406263087806809 0.0516006059033227 -0.00163766126761773 0.0556030323359116 -0.00227223415631059 0.00546712918995275
AN04 0.0537548782875419 -0.00830553798751722 -0.0488838310770368 -0.00967540917644932 0.00557203589821448 0.00655869664779128 0.000172116015178976
CS01 0.0776577244307321 0.0258893101733279 -0.041272623963875 0.162276866669043 0.0422737033616749 -0.051666336664264 0.0571256506289715
CS02 0.0672936334008105 -0.00563146426778299 0.0445768797561993 -0.133854084156745 -0.0389725852430659 -0.0327143059977734 -0.0357785299865632
CS03 0.0432465340671916 0.0398369384982416 0.0137210596089249 -0.0549807336162932 -0.0502402903608557 0.00926831310712754 -0.0754882519963181
CS04 0.0336584716512075 0.0366210468822435 0.0246776141933232 0.00838223839370601 -0.0270058333546121 -0.0766798362452294 0.138618465817211
CS05 -0.0285050142632448 0.100658526897098 0.0681772535462502 0.131375635784379 -0.00927656483915271 -0.00204235193489222 0.0622286740015811
CS07 -0.0830172879251539 0.0145921683789512 0.130834273919507 0.0265085480553069 -0.0795156715580292 0.117653051582226 0.0667426814735038
CS08 0.0706213591590344 0.375726985600313 0.0401122215407747 -0.0975429678856572 -0.0279013717489591 -0.0771740602801865 -0.0675600416949639
CS09 0.0836212654649152 0.00799813243019548 -0.0583752643449279 0.0744846327617117 0.104795158221189 0.0264008001486755 0.043255824489597
CS10 -0.00779439150270305 -0.068448188481586 0.0362726486821738 -0.0704336036649276 -0.0667816338093568 0.0117799674665927 -0.0181173828238634
CS11 0.0942829965764212 -0.0571101266026545 0.0269595429476719 -0.0897529529275126 0.00414116134196363 0.0914657580245638 0.0120847897632751
CS12 -0.0618824950356827 0.0355377299350432 0.0183613542813824 -0.0759798443206153 0.048438230980704 0.0449952207639173 0.00855263146214391
CS13 -0.0249845161677378 -0.0964251141410435 -0.00546826267610626 -0.154183532344981 -0.0787282727574087 -0.0112633020429642 0.0812644460985677
CS14 0.0306020432759419 -0.0243891104622293 0.0330191931685114 0.0574673135265292 0.0206783709056054 0.0429038698574826 0.00542329603032757
CS16 0.0393000386244982 -0.0270250158322802 0.102849834806318 -0.0450255399909231 0.12080740464784 0.072158983431881 -0.0502164016810113
CS17 0.139928899981191 0.0563247309574645 0.00758208607599782 0.0838618316761335 -0.00368690599498946 -0.0430379018235518 -0.0277999329114033
CS18 0.0182319075464425 -0.000897382673423626 0.104740247353871 0.0301303394769912 0.0920281598365105 -0.0511221300685262 0.0166106511093906
DK01 0.0372067500579044 -0.0653576278735931 0.010469935821606 -0.0140416257647894 0.0798875485791996 0.00107026693624682 0.0825610229247309
DK02 -0.0533285167499981 -0.0256898313526912 0.027937891436125 0.0920459633873526 -0.00983650095121419 -0.0438153476721023 0.0065743863490513
DK03 -0.0967078533373939 0.00405474766144169 0.113402130432023 0.0545150842889493 -0.075983893652242 -0.0110522326250245 0.00100678610810229
DK04 0.0508097107686257 0.0738595097704673 0.118543694606202 -0.00337368372962668 0.10376633259818 -0.1698061942785 0.0408315235563504
DK05 0.012955405540084 0.529477556530752 0.0803208429082142 -0.11588287249095 0.0405775904760258 -0.0924110537006542 -0.127255297764382
DK06 0.0201420857473486 0.0489104762122202 -0.0575978434411609 0.00631315225473959 0.0904103686712986 -0.0300615412252797 -0.128295028004689
DK07 -0.0472817357286517 -0.0683068376822746 -0.0221932390181144 -0.080725849201393 0.0531358586374934 -0.035553287722698 -0.109122859258569
DK08 -0.0978184003894927 -0.00147513169375087 0.0111325822710402 -0.0528847114253421 -0.0527443155842187 -0.0524256166417588 0.0898309416710847
DK09 0.0274063043870531 -0.028763765492418 0.0137970388867465 -0.0714703661393658 -0.0412373507766344 0.000314214947137473 0.00887992828159904
DK10 -0.211737877228272 -0.0450151479514727 -0.0644127154870431 -0.000313804800834018 -0.0233040850635762 -0.0779431675497566 -0.0226740895412431
DK11 0.0811363140416305 0.0105467398774438 0.0714944782234151 -0.0486611726642834 0.147179070032689 0.0169168912831928 0.0252206339473263
DK12 0.0734071383732575 0.0344278344873388 0.00550459565372018 -0.00595843437660893 0.0566716257054727 0.010808675319013 0.00454607688029601
DK13 0.0286680253128017 -0.0456285613963393 0.0217925055930242 0.0518416594960359 0.0250437550809991 0.0911327124209007 -0.0260979663623653
DK14 -0.0765861577572335 -0.0281904727632497 -0.0216102987209867 0.0658408155446495 0.0858762788937803 0.145682371187934 -0.00320474195866516
DK15 0.104043428174527 0.0333123378957235 0.0768522247080354 -0.0700072062741743 -0.0183164571728264 -0.0289463529600804 0.0204249252046023
DK16 -0.0136784213248737 -0.00968008718696489 0.0625272890655492 0.0645947067511302 0.051245110376404 0.0227374565810468 -0.00564746956107538
DK17 -0.0424575439453557 -0.115320738305184 0.030064440608317 0.00118538328881174 0.0179326482280357 0.0346617642119577 0.0942463188075435
DK19 0.0353634539554028 -0.0219202448765983 0.0778041267682941 0.0778637601551753 0.0334027900250485 0.0451144453237904 0.0330261141379442
DK20 0.0739881482668061 0.00307028295417138 -0.0160576833246672 -0.0062196969120239 0.150212064626143 0.0254756951035529 -0.048597789188967
DK21 -0.0435518638768871 -0.0893958475779785 0.0904835127779373 -0.0767054572531395 -0.0885826776578704 -0.0849453363593167 -0.0261263942431398
DK22 -0.0440310224170688 -0.0715261834043281 -0.0454918569964595 -0.185723101532449 0.0572921967348196 -0.0104246427197277 -0.0228258620154197
DK23 -0.0657612276890114 -0.0567413706745782 0.0953171855816103 -0.0674255639573915 0.0113942197264912 -0.0061431572957533 0.0150531515126458
DK24 -0.0419551218903583 0.109957441694441 0.03581368831738 0.136467035950896 0.0725261512147123 0.089851819693312 0.125022905775841
DK25 0.0319391544615231 0.0484285015731601 0.010946582515721 -0.0584429239381655 0.0625424697457436 -0.0748764444762213 0.0514746099864799
DK26 -0.123037195263112 0.0397859763291539 -0.0104454349896131 0.00685367587357433 0.0169735281627004 0.122719753290429 0.0594029918744478
DK27 -0.0953515912939385 -0.000502946702605463 0.140848818204439 0.0379285494653298 -0.0166603103115594 -0.0836671597239834 -0.0425466328000271
DK28 -0.149925017561691 -0.0103796831334953 -0.0977112161833896 -0.121042164008459 0.031082553579389 -0.015773618950644 0.00621503280104543
DK29 0.0933332428478174 0.00911223890378733 0.0288259825772266 0.0887175152142476 0.074075747787212 -0.0371273926654872 0.10540559651865
DK30 -0.128555221578373 -0.0575650036519351 -0.0586039595533248 0.076658519303915 0.160120142614108 -0.0263007835929754 -0.114912856505364
DK32 0.0308361625714552 -0.0726334396971726 0.0171925769586451 0.0880586735851716 0.056562326136911 -0.0053144520675912 0.0999883464267888
DK33 -0.0865616474254258 0.0422526908703737 0.0808746420768528 0.121665019097288 0.0956057333375941 -0.00136562580015794 0.0423088198139789
DK34 -0.0584619057373488 -0.0609228160313936 0.126111415995995 -0.0711923644193258 -0.0405805383392158 0.0111334198898215 0.142833442377896
DK35 0.0348872038937695 0.0111573507016042 0.139155579151672 0.0061299730185557 0.0248128854457766 -0.0118502639361727 0.0496655359210993
DK36 0.063272381797026 -0.0394672503240541 0.0770572389981266 0.0782949853907926 -0.0131882973247416 0.059702532271368 0.0227359179326885
DK37 0.000603114192922437 -0.000806015079139843 -0.0660963206032932 -0.10093456985195 0.0956008655546347 -0.208079418067572 0.0916254672176458
DK38 -0.00172158027101353 0.000182214410564084 0.0549683935147389 -0.0832790391522705 0.212699070459345 0.0398022853152485 -0.0112728552913042
DK39 -0.0247092533428661 -0.0142759548645463 0.117065036337474 0.0719155572062105 -0.0260689942279469 0.0385706061615351 -0.0192912099401923
FR01 -0.0601827042459891 -0.138174220185508 -0.143302193952031 0.0757579035399774 0.0621899546903353 -0.0885193330099564 -0.105082646532047
FR03 -0.0134281280646646 -0.096546278513832 0.0535706868233118 0.0415660069807406 -0.0615373324027126 -0.0529049832058111 -0.0168275574135085
FR04 -0.0680249496303157 0.0691575989153776 -0.0230794959209685 0.161772143022792 -0.0399557784714573 0.0490642156867638 0.178805898140047
FR05 -0.113733970315665 0.0879946956760267 -0.053759525961753 -0.064714511900814 -0.153397765314127 0.12282699038159 -0.060513689803198
FR07 -0.141160348893946 0.138253115814916 -0.00371936136861572 0.0394920465864192 -0.150480422552353 0.00647818370340786 0.0665951475065366
FR08 0.0359030594022611 -0.021367377513016 0.045689762052525 0.0054039275467521 0.123266659294916 0.135106008782228 0.0564071841076355
FR10 -0.0402501042641277 -0.0413201090694414 -0.053913253313693 -0.059483540589539 -0.0451764101183803 -0.0259054609963012 -0.113688551910586
FR12 0.0310635879098767 0.0425740944129134 -0.0735267590942055 0.0775471772202641 -0.00442444999426257 -0.0324341387931329 -0.028667596151098
FR13 -0.0670759217324468 0.0749123554985777 0.110038902866083 0.0348128302584317 -0.0926629062591392 0.105536424597685 -0.106838158354055
FR15 0.0514167348267208 -0.0276976911183035 0.0742366991933436 -0.0141153056751107 -0.111352878655614 -0.027353592936988 0.00421048919819333
FR16 -0.16646189880682 0.0553828275582914 0.0183157903076924 0.035701364719069 0.0382465889262973 0.0105507376445673 -0.0301126966223491
FR17 0.0251003455507204 -0.0679538216252407 0.0317798602487598 0.0127611006572734 -0.0985695143079846 0.0834878262682365 0.0765001859622541
FR19 -0.0436809329591345 -0.0404488151451046 -0.0313416243387326 -0.12765484131733 0.10751542234301 0.00685999173658614 -0.0388644974506211
FR20 0.129415817051577 -0.049577885811974 -0.0305814291266323 0.00414026367541687 0.0136187308247836 0.0467266246408408 0.0578950864122475
FY01 0.0152289460914674 -0.0572911957997778 0.0205892366943073 0.0489712677087533 -0.093284857723022 0.00352333157820438 0.0274688913909167
FY02 0.0646299088048199 -0.0756026839847969 0.0649654780349777 0.0532437336748861 0.0175842881552122 0.0201117227862239 -0.00511653403564006
FY03 -0.0611716807365799 -0.0384005915256404 -0.00163876499615573 -0.0331426154087525 0.101210580308516 0.0179244121302682 0.0119673296985564
FY04 -0.00155607201530932 0.129023410086726 -0.124408168290532 0.0951512636633492 0.0226274738159002 -0.0661620159814502 -0.0569647867649951
FY05 0.00122299422343067 -0.00822079956986067 -0.0823884502766618 -0.11074073625985 0.00633348648775503 -0.0688575117639502 0.0395756334246996
FY07 -0.0270863359168811 0.1217775313317 -0.0271599272899786 -0.0203930207282527 0.0815430329556945 0.113053047880291 0.0306356845114751
FY09 0.0109509954824789 -0.0460536194562825 -0.0553606530975896 0.0500916303857378 0.115324485761523 -0.0202675938805648 -0.0429859462999344
FY10 0.0269176850973324 -0.0288533583686738 -0.0486780304252353 -0.0900951225196138 -0.00222338782208764 0.14611850587124 0.0918612717140008
FY11 -0.0974384762168561 -0.0176578904491215 0.0227715312372919 0.104136754753763 0.0088713397276164 -0.0208851884996354 -0.0699762939093992
FY12 0.0646231005683527 0.0387650934698411 0.0927559821092068 -0.0363323652057509 0.0135177588815814 0.0149867843599332 -0.106428960098181
FY13 -0.060287302912527 -0.0928587336934714 -0.160510903390514 0.0213665481431435 -0.201394168676326 -0.0615172972758035 -0.00726788522552578
FY14 0.059711921206743 -0.0289858144593275 -0.0310702617767312 -0.0275654837945517 0.0557688440269325 0.0780754268704369 -0.052731729777074
FY15 0.0711188383988338 -0.0502973706555415 0.0667562409618322 -0.0190011066372305 -0.050889951805352 -0.123670387269528 0.045008892679037
FY16 0.010680761515415 -0.0674684549994421 -0.0419695661871669 -0.0216710268139884 0.0261269318729289 0.0656112888956267 -0.0512099268065405
FY17 0.0420941179584474 -0.0172535188972572 -0.0352633127345407 0.0173796173726179 -0.018726280812122 -0.0604100253070779 0.125931242239336
FY18 -0.044302660052387 0.00344518221112717 0.0212230750608149 -0.107958316359987 -0.0372461905487084 -0.108194355258745 0.0265672259050734
HH01 0.114206879094859 0.0549289732028666 -0.064049670126617 0.133929391867078 -0.111136340709361 0.0228689314377033 -0.12297710338497
HH02 -0.163626519536281 -0.0120033871893292 -0.026755441874784 0.104098663217331 0.00157597713388385 -0.00479512623830144 -0.126590901543699
HH03 -0.00105596447639804 -0.0265739381603091 -0.00528252820215852 0.0581524638102785 -0.0418873282734099 -0.0504243503655724 -0.0758306921559976
HH04 -0.0687342812292732 -0.0332489157560121 0.0673204025507596 0.0348343865491856 -0.128953880484358 0.0064667865741535 0.0524164879740144
HH05 0.0304387197682895 0.00476651726064305 0.0136222348529081 -0.0380084587749075 -0.0577605626649644 -0.0332775898214047 0.0964886708949594
HH07 -0.0285201515902563 0.0946368527537887 0.00309707400424027 -0.0203886766687032 -0.0356019359802359 0.0628565878243923 -0.024342393357543
HH08 -0.0573210943818327 0.0433380683640888 -0.0369765317866321 0.0124488704153823 0.00197923932376869 0.0166870868545315 0.0141105608181053
HH09 0.0570108426780154 0.00416618096548544 0.0219187644439134 -0.0374369433578986 -0.0169835133093411 -0.0329545565001689 -0.0728856140678755
HH10 -0.0581531968271004 -0.0478045622231459 0.0223499907631409 0.0425645808469444 0.140718969258448 -0.1459350841008 -0.0704550287784553
HH11 -0.0419051886186771 -0.0318438965930176 -0.0329628026853083 0.09502678384961 -0.0579214642520573 0.0101731262667947 0.0685087627996439
HH12 -0.00444951433319401 -0.0189958021975096 0.00688175056183124 -0.0385951953536835 -0.02377752661043 -0.128824766295083 0.0380281962386114
HH13 -0.00924163173412478 0.00447922432966308 -0.0649995101066129 -0.0311823816729293 0.0139339193089768 0.0760846643802109 0.0196520349006936
HH16 -0.00519620133527802 -0.0755814361913017 -0.032833940706526 -0.063561574974006 0.0728070978359335 0.00624048934061236 -0.0481863801715513
HH18 -0.0602050226926308 0.00213598157288864 0.0835648838414183 0.0692654336248879 -0.0335066793627946 0.0783239703887479 0.0815592211314498
JB02 -0.0388524953140965 -0.0576624580670409 0.0407423203721966 0.122421023951592 -0.0254931581553641 -0.0830721121090938 -0.18098625396467
JB03 -0.0151678897542233 0.0751071376854378 -0.100680262577828 0.0215290238450631 -0.0207815858292455 0.100592751013713 0.118514542611442
JB04 -0.0512118165501125 -0.0455749266604954 -0.0919023130044712 -0.0717560606590007 0.0441770161519848 0.0604905768902078 -0.0114262076443203
JB05 -0.0286308134217713 -0.0292697512623723 -0.116047819284074 0.0475983347762434 0.0485639185884225 -0.190281558192761 -0.0925115379198129
JB07 0.0101339895744407 0.00774768445385067 0.0574576298878835 -0.0386298151218065 5.46065838276551e-05 0.000904609589648463 0.0620903496159289
JB10 -0.0923591288812579 0.0349840137721649 -0.0390605459087674 -0.0128112398525232 -0.00123354905560342 0.0615136424176577 0.0229798970985627
JB13 0.0282058601072687 0.00274641146658858 0.0863396384066965 -0.118564783022278 0.0138645565512659 -0.0363042947371445 0.0454627097760895
JB15 0.0827152901937265 0.0278003099152873 -0.158673195600047 -0.00302254972359884 -0.0944124839251796 -0.0293043621122075 0.0634208015588193
JB16 0.0749770019064633 0.0327457729121586 0.0155790876376534 -0.00364223018783473 -0.0392723508845977 0.0165733885802496 -0.0586919305638193
JB17 -0.0575323578755183 0.0318507411007429 -0.149846824033554 0.0379894787611396 -0.0918898967785522 0.117785762176781 -0.0254710177437648
NB01 0.0229384953719853 -0.0287413943541642 -0.0340691324331266 0.0466507864582667 -0.00261689107042234 -0.0743356273156746 0.0321871317767881
NB02 0.051447768177715 -0.0323238813733231 0.0187480069994205 -0.114376746648647 -0.00199514998583533 -0.0707277931146507 0.167516948346032
NB03 -0.0444769291594414 -0.0239960062466949 0.048794023733555 -0.0331138279300787 -0.0592684598837901 0.0933656691504106 0.00679315967723585
NB04 0.00327631075139452 0.0180119650789419 -0.0139185137195193 0.029930132093493 -0.0345284795253387 0.0439372207033169 -0.020199313214624
NB05 0.0562586274274272 -0.0593123709092558 0.0870846536491554 -0.158870565262585 0.0184305506545449 0.0330395869642248 0.00917793336032864
NB06 -0.00220003499726397 -0.0748198555216311 0.049473359349848 -0.014507191050955 -0.101228143975022 0.0238639061152506 0.0815989879032386
NB07 -0.116313305793542 0.00326231338823689 0.032531139725662 -0.0091091109819738 -0.0595123115099698 -0.00113785759189998 0.0631148731985477
NB10 -0.18681590068768 -0.021768038101425 -0.0498589410316461 0.0279091458199409 0.014952435965244 0.142947400614965 -0.0977445894783439
NB11 0.00277540444012129 0.0307871329179026 0.0368291897927978 -0.184496331179883 0.00831668431977242 0.00907081644311564 -0.00245560913521652
NB12 -0.0182000700521909 -0.0488299856018442 0.061969171377936 0.0848183133151923 0.0063011206080321 -0.0310329992157067 0.00647445305061073
NB13 -0.0263741821393921 0.0177841786118686 0.0782396197319774 0.0635042054282489 -0.0084503977620912 0.0545584129238119 0.159609453242463
NB14 0.00597020157010055 -0.0812272917458381 0.141588641873322 0.000620635672924883 0.0809391552040237 -0.130080227881094 0.00864729830091222
NB15 0.0458570643470553 -0.0406901874524001 0.0268230816670313 -0.0269749794094497 0.0316977230881032 0.0589662135175009 0.0747763267588853
NB16 0.127617871177025 0.00555322021186982 0.0207515458399628 0.0433440143172854 0.088045623202491 0.0453820504236937 0.0179449192774908
NB17 -0.00249464297208201 -0.0108889925452775 -0.0396185740589102 -0.086108118551583 0.0302586880432641 0.0173509672870962 0.0499516189837453
PA01 0.0610957800653633 0.123591581128087 -0.0828507964289131 0.00845731307140505 0.0200119678836509 -0.00265290133366886 0.124208490851348
PA02 -0.0021084694731925 0.0349262804973065 -0.149267879953239 0.0816955382882198 0.00823833965222881 -0.0197073506178821 0.000970923037554744
PA03 0.0577600001840603 0.0149163468859422 0.00702992233260863 0.110338170119339 0.038426761990917 -0.0784548647366786 0.032923751942244
PA04 0.0454046244228792 -0.0258351350742856 -0.0170632817173865 -0.0612207139508205 -0.146220058140358 -0.00553202625490146 0.0207032491702652
PA05 0.0869049008901151 -0.0400579546817328 0.0373904942045976 0.122427012923043 -0.0371689898429 -0.0535025451841692 -0.052900049530086
PA07 -0.104822316249391 -0.143846493800513 0.026503390280031 -0.0538935436565148 -0.00970300361862169 0.0116245792511848 -0.0165398772423818
PA08 0.0859129943585508 -0.0146259624188263 0.0197860243307312 -0.054469379539825 -0.0672468526177959 -0.0778531776339085 -0.0963127749104209
PA09 -0.0447544066987401 0.0954176564333114 -0.0270965812798099 0.0343679358516751 0.0409256583563313 0.189481093182775 -0.0618270460604541
PA10 0.0360624775284938 0.0666740559186436 0.0115597362016227 0.055482866238057 -0.0525325105384655 -0.0868715870938744 0.0916709138771041
PA11 -0.148732822968241 0.00634843500566677 -0.0273158244380453 0.0559781301748306 -0.0251940375515937 -0.0644632515484942 0.100938920365414
PA12 -0.00655473889730992 0.0131777430184727 0.0470933496426126 -0.0561721118127827 -0.0500554984219928 -0.0204289798137594 0.142058191568642
PA14 0.0814961340387822 0.0100691624165321 0.0462320566055809 -0.0560535614344156 -0.0913868897918161 0.0631092945496692 -0.0724820228147754
PA15 -0.00426051465062246 -0.0516031135602398 0.00346127955039808 0.0861394932109994 0.095194413759166 -0.10531597530109 -0.100415477390082
PA17 0.0167918106741382 -0.0637125374719312 0.043350673043099 0.0222968789277465 -0.0304569142221289 0.0134678649089122 -0.0109618400796592
PA18 -0.0482156799092206 0.00733419939745533 -0.0649391030830994 0.00600561229896918 0.154243230408509 -0.00124107256207089 -0.0834925962478094
PA19 -0.129920104623271 0.0743503481601191 0.137796881363743 -0.0650434617702146 0.0183657677246721 -0.131182152311046 0.027401150544905
PA20 0.042020563677365 0.0461216786740857 0.0695334291087022 -0.0572951332610534 -0.0728990297684602 0.0292862861437025 0.0644038042738241
PA21 0.00625914757121808 -0.05735887884023 0.110859090369036 -0.0385897399571997 -0.0305678365012797 0.016165212916781 -0.0843641710431735
PA22 0.0214933556145298 0.083371961281851 0.105763246036831 0.024049101503351 -0.0281187455404309 0.0827814459903625 -0.0452041995993076
PA23 0.000236916610644868 -0.0625679765917648 0.00686707203957298 0.0629069156206671 0.0527286652613967 -0.047128632006964 -0.0671448982922995
PA24 -0.0276002338011768 0.0236469650879936 0.0985644890600606 -0.0728224429229552 0.0579398794437402 -0.198744828676451 -0.0101841092984538
PA25 -0.0119914717593294 -0.030516550453418 -0.00670359771232687 0.00222625280920579 -0.124809246186586 -0.00735410697904133 -0.00295074425161149
PA26 -0.000387234249197448 0.0348119075516781 0.0241676724144689 -0.0108480437545738 -0.0690799039405448 0.067150040417074 -0.0553664906003771
PA27 -0.103897764918996 0.00417252959008666 0.0167471926098292 -0.00176967538030455 -0.0163834786890037 -0.0267861791510184 -0.146953342703833
RB01 0.0687476527524803 -0.0670730151523721 -0.120073670693883 -0.0540366635089614 -0.0851061814349572 -0.111586419244006 -0.000253936059858183
RB02 -0.0775002752002026 -0.0154135277405784 0.0186633845785619 -0.0124310958063902 -0.0667054466098035 -0.0112738061861803 -0.194455379715602
RB03 0.0652956390986307 0.0220491051403407 -0.0615075906783226 0.0469945780135803 -0.102083068995612 -0.0371278789035982 -0.111751990709611
RB04 0.0506120548928656 -0.000921687041670795 -0.0985495669145346 -0.0202998352483952 -0.0717302483262269 -0.0500771620625972 -0.0334230441619275
RB06 0.0359781094997099 0.0237106122713775 -0.133205813360862 -0.100700284101077 0.0554983966031139 0.109794009627459 -0.00589830033928602
RB07 0.019204993559688 -0.0364768783792656 0.042266477377235 0.00702584628014982 0.0481528183161 -0.00587928813305113 -0.0450907339276329
RB08 0.0804159281911832 0.0325503302492812 -0.0334577139617142 0.116043835498874 0.101143980323759 0.0560872042979861 0.0038329765190993
RB09 0.0679109010520548 0.101224260531112 0.020025524732015 0.000150779686449738 -0.0100026938422942 0.133803714055502 -0.0514638991964646
RB10 0.0156072094051239 -0.0445617703499265 -0.0396417520863167 -0.150437741975404 0.0486605498064326 0.0919287193569888 -0.083055598338626
RB12 0.0491267427292071 -0.137754397276266 -0.051221786647404 -0.00700992390981765 0.0982390364897828 -0.0369364598668244 -0.0870828982436872
RB14 0.0148563050664406 -0.0190163186597393 0.0268987661465128 0.00836210694248571 0.0142132760269888 -0.0419921323554045 -0.0191577579217506
RB15 -0.0281877982031166 0.0162298800367351 -0.00134066194485094 0.0240136034787618 0.0942071695220363 0.1412418845984 0.000896595574056632
RB16 0.0717345943615418 -0.0324195328887921 -0.0844403505592546 -0.12276253617381 -0.0205064447283749 0.0252123441238742 0.020843011652744
RB17 -0.0558809795310399 0.126485350043665 0.053315428319127 0.0463118692897291 0.076742510925501 0.0641990957686381 0.0100343888924103
RB19 0.0632757268869188 -0.0590715237760603 -0.150126945518823 0.0260613441873071 0.0711668775231789 0.069801038746498 0.180333899327069
RB20 -0.0238921402292469 0.00278543579657939 -0.0566670556250169 -0.0209618790578245 0.0125040386782863 -0.0543302119517134 0.0889100345409838
RL01 -0.14585126624848 -0.0214208960346989 -0.0328704085413368 -0.0106388153738465 0.142636512311795 0.068526465100631 0.0219130184391784
RL02 0.0235828451846151 -0.0117243475328659 -0.0714725022404065 -0.00321603606192582 0.0957442154496883 -0.0306391552954407 -0.00227618034587084
RL03 0.109553695302964 0.01167561859091 -0.0487989491065325 -0.0538126612442991 0.0618675620082242 0.00885120595554321 0.102389183444736
RL04 0.072650206992599 0.018492095542538 -0.0566784353575896 0.0165740495588251 -0.149540967599582 -0.0199194190685584 -0.0369378857913218
RL06 0.085676614198869 -0.0427873971285643 -0.060704054572659 0.00501173614611894 -0.115354763986367 -0.0482802762072893 -0.0350563028927721
RL07 0.023127875877846 0.081771175130357 -0.0455336684261864 0.0020420789626806 -0.0236507774769431 0.0191650149031456 0.00759153499255232
RL09 0.0602651966212129 -0.0134025270396833 0.0211725633363486 0.0531993226451558 -0.0864954757349637 -0.0103719953817422 -0.107858641107591
RL10 0.0535524290427394 -0.0240221743340409 -0.147442382220804 -0.0185219551233047 -0.126208358178859 0.0140109418210995 0.101099822270362
RL11 0.124876903804556 0.0365323188248045 -0.118467689461573 0.0657949559125169 -0.00202139604887222 -0.0737256354574798 -0.127802892486417
RL12 0.00688870882004552 0.115587969509974 -0.0633412169949984 -0.0335504595354891 -0.0351729596249664 0.0190565824252285 -0.0719707090941244
RL13 -0.0184123779656157 0.126696416699322 -0.146790491293277 -0.00229461336047873 -0.0966644433151421 -0.0693414250164957 0.0714506099273287
RL15 0.153126743643196 0.03093983899852 -0.095449308973601 0.0273291745578098 0.051098609638363 -0.0168037457476193 -0.019229243036357
RL17 0.00193098911615938 -0.0356207396608584 -0.0285897523836206 -0.00160415210802966 -0.0702558880135015 -0.0247875431648242 -0.0770160698389129
RL18 -0.223972051567839 0.0333568403805206 -0.0100160708661575 -0.0132103356435748 -0.0380843230935785 -0.0613558911863205 0.0131630980306552
RL20 0.012700516335593 0.00562118181305441 -0.0887905699092915 -0.0655597002011777 -0.0411760839369588 0.0707574873035498 -0.124200297311503
RL21 0.0647231435505233 -0.0159108528380246 0.024470304479932 0.0700255310907252 -0.0802731371226163 -0.0011114439480685 -0.0191014344419697
RL22 -0.0602574814407597 0.130684512847608 -0.17080020606798 -0.143440144036075 0.125591336773106 -0.136825996613196 0.113295181917583
RL23 0.0537262428158286 0.00512712893553758 -0.156821783656692 0.0934577802108995 -0.0642520571439373 -0.0257692606185826 0.0272264769981413
TR01 0.0437156028359109 -0.0693491891750082 -0.0286818858907688 -0.0746226046876947 0.0499688170117873 0.107442689370022 -0.0498707115117472
TR02 0.0615943974220014 -0.0338312070928376 0.0234622192585328 -0.0198731799524649 -0.00772668539265499 0.0647437593728816 0.042207647100332
TR03 0.0713312311934344 -0.00535644340070488 0.0371204909973099 0.107604729962215 -0.0895574442792278 0.0500493615847119 -0.0241777940064341
TR04 0.114649878072102 -0.0393110830279506 -0.00584829065456698 0.139489027575502 0.0754555763635813 0.0321221319868726 0.0103465047987708
TR05 -0.00865471091111817 0.0238663239779998 0.117274246114912 0.0239897680092015 0.00592364752062765 0.137405348272853 -0.117334555018477
TR06 0.0557856868733372 -0.0597738521720602 0.194478982567729 -0.0180590208266681 -0.0447713110143435 -0.0848054993429676 -0.0859590810194829
TR07 -0.00686464600401592 0.00957485840478705 -0.00187942460094379 -0.120835933121776 -0.0427859494079717 0.0760313221463994 -0.0427686878420973
TR08 -0.00810770718560487 -0.0723843188797562 -0.0276363296514606 0.0236905923758466 -0.065793706524643 0.116992048206498 -0.0049682521868728
TR09 0.132516618437382 0.0100526254821831 -0.00967092755911037 0.0506169006170355 -0.0218470141610044 0.0384080518890712 -0.00735884874230889
TR10 0.0725680124786894 -0.0496596997205814 0.0492516110986869 -0.0634145387401297 -0.110448609280848 0.0481496906469849 -0.0807759243498934
TR12 0.0270013464499814 -0.0237396188969071 -0.0317787119496431 0.0875928477353138 -0.0821817626990208 -0.0562741228049516 0.0205905673428816
TR13 -0.0131881320714172 -0.036176370788497 0.0962582138280091 0.15254942673561 0.0271802302400169 -0.158487117581998 0.0601065569884094
TR14 -0.233383793638289 0.034986464209729 -0.110194878449636 0.0441822946502459 -0.0199821977277583 -0.0909351448228344 0.101113045607715
TR15 -0.0336484280946719 -0.0630583937825023 -0.0265004233603195 -0.127071434529009 -0.0128391973208505 -0.00285923749736969 -0.035291948231518
TR16 -0.00641964218905705 -0.0780509849889032 -0.137895800600974 0.0241249773009951 0.0797896287061507 0.04232999709883 -0.00395362254466874
