sample MDS1 MDS2 MDS3 MDS4 MDS5 MDS6 MDS7
AN03 -0.0139181127750809 -0.0547307393315762 -0.049039142260512 0.0436526464184646 -0.0243956806722178 0.030400031891643 -0.0687227476814561
AN04 -0.058843231215342 0.0374328819245747 0.0135369711833062 -0.0182590104502285 -0.0448198991208032 -0.0260494321885454 0.0378732732537918
CS01 -0.082806013590803 0.0420460449669338 0.00538737736609157 0.148176585409232 -0.0233879572282816 -0.0829257745408238 0.00300257868398449
CS02 -0.0513159772473885 -0.00494641852793892 -0.059186436781884 -0.150922608450835 0.0760407967039894 0.0185401592319301 0.13197433870443
CS03 -0.061486967104656 -0.0394257348241003 -0.0274001150874321 -0.105412388497026 -0.0631869204455404 0.0153809761466043 -0.00192659368314248
CS04 -0.0564270143330693 -0.0253514599290047 -0.054778536933274 0.0102211572753162 0.0425571698597615 -0.113576747897994 0.130743592608595
CS05 0.0170646363413483 -0.116516709234036 -0.0313012716408345 0.142085637221844 -0.0173706069619332 -0.0630819107947757 -0.00538663343922612
CS07 0.0738364367192476 -0.0895957226062768 -0.0754274564128705 0.00718907916215441 -0.146661984920405 -0.0103365430473977 -0.0146500810810443
CS08 -0.121158862129127 -0.369112197563613 0.130029391267706 -0.0582921861481239 0.136691613240153 0.0318200958149389 0.00711025235589413
CS09 -0.110335356325422 0.0443163997674257 0.0845603323343503 0.114239781459553 0.0470073341492338 -0.0276875508115848 -0.00969430915353706
CS10 0.0249901251953538 0.0414247456118471 -0.0412660812194748 -0.109779667317069 -0.0053820436594237 0.00580865874150755 0.0369714002671041
CS11 -0.0744965748206425 0.0450736489823619 -0.0362803035674253 -0.0648015862310448 -0.0612696223439392 0.065733888316428 0.00159612822509403
CS12 0.0658663359119374 -0.041992500786714 0.0152769311719054 0.037103328955698 -0.00438516620834203 0.133431901664631 -0.0572256972514624
CS13 0.0495853921967087 0.0788728883867487 -0.0185932811346275 -0.149154834110756 0.0386890894162828 -0.0132372054319276 0.233405457376458
CS14 -0.0214233708084078 0.0177233350916373 -0.040903929181358 0.0650053837578506 -0.0487888167368234 0.0346346254780651 -0.000225257673822338
CS15 -0.0494420986028072 -0.0497421872360518 -0.100530699668053 -0.00903887300127282 -0.0182496892036045 -0.0266312162389799 0.0283182483427072
CS16 -0.05443883612456 -0.0132909884253647 -0.123332199536699 0.0305620805658715 -0.0580825554426126 0.145828438799943 -0.0456016969157236
CS17 -0.146537223179143 -0.0303145581217114 0.00719558042597987 0.0355033639663346 0.0567593612724485 -0.0776952922765063 -0.0667699214133576
CS18 -0.0218798409479661 -0.0264636600572078 -0.110027200594249 0.0882158379977982 0.0302878124825835 0.0400273411311385 0.0644690452802667
DK01 -0.0290621341910052 0.0685617036455704 -0.035182658118332 0.0519777007429292 0.03538345982461 0.0287213697309931 0.0265138451662376
DK02 0.0533337625095058 -0.000971234350620988 -0.0559397010383256 0.0849097146115242 0.0341949020827232 -0.0408377080421028 -0.0283664710240884
DK03 0.087308705116665 -0.0767818275523991 -0.102183395210808 -0.000199089030827701 -0.0705268468114954 -0.0570245545437585 0.0568984861724887
DK04 -0.0793124414925198 -0.100402050463209 -0.111984149682236 0.0604917218340543 0.159608360585527 0.0238572515726287 -0.0119462204237541
DK05 -0.0936862231476776 -0.536707970935594 0.157136838273667 -0.0288764888367521 0.193202880913276 0.102742612320466 -0.0114780814563565
DK06 -0.0263405311645139 -0.0178473860378696 0.0665963745515708 0.0503143441726786 0.102120042688525 0.0817412084133205 -0.198166193831048
DK07 0.0602152260783798 0.0530233172865519 -0.0245876110156477 -0.0588021403487214 0.0747364919302035 0.105386332466533 0.0480665450380111
DK09 -0.010053805329158 0.0159343938200047 -0.0209981754374266 -0.0568834224044538 0.0338212966640977 0.00098343069406065 0.118417449425922
DK10 0.23352869960124 0.0169259470407444 0.0234996462217007 0.00486871974259038 0.0799986884029452 -0.0603964459884238 -0.0442362948808673
DK11 -0.0898118537756204 -0.000474080782820739 -0.0582077085350498 0.0477597870357692 0.0418101861617442 0.0926429890792846 0.125776531026379
DK12 -0.0850233266912358 -0.0157029824367573 0.00852772628884937 0.0276085802699003 -0.006482385855048 0.0355443496926928 0.0526238867439017
DK13 -0.0144661619370028 0.0466566490240711 -0.0162930246725321 0.0104880678180609 -0.0678788442970765 0.0141553387986835 0.0439096682685612
DK14 0.0744480370222168 0.0425069129353159 0.0403028703007324 0.106095385995564 -0.114673632638731 0.0719659381315295 0.039822396810884
DK19 -0.0474640091552567 0.00543886678502857 -0.0750355356602216 0.0708201603927283 -0.0821148032677421 -0.00705624233519349 -0.12073479202664
DK20 -0.0851223656555893 0.0228987055220998 0.0330362270433663 0.0521573943727866 0.0558694283825479 0.123556859848077 -0.0173632740126517
DK21 0.0711124078428387 0.0109376270453353 -0.131585965821956 -0.134347361542737 0.0594604427591041 -0.0236234664759134 0.00236370762388115
DK22 0.0640942980046336 0.0756308373448934 -0.00310133917751031 -0.125886367579816 0.0948161223889661 0.166980571765854 0.0771097489077166
DK23 0.0607516784472935 0.0068037645939467 -0.112541909338001 -0.0432076725730898 -0.00296233728668926 0.0520563186548541 0.0521379424438108
DK24 0.0106842982970074 -0.0932765986952066 0.033304344233193 0.198024710517768 -0.100907666964894 -0.0337942262503001 0.107539388762872
DK26 0.117219450690793 -0.0529884165594881 0.0523334757011084 0.0374116637707645 -0.106727175878459 0.00145474105766284 0.00206066352983679
DK27 0.104487330610387 -0.0720187319459727 -0.128048825012283 0.0137940122712724 0.0337063719928583 -0.0322065576471915 0.0290242102222596
DK29 -0.121382917021828 0.014630808707703 -0.0296939373750893 0.128429839719737 0.0103463950770738 -0.0448991365460101 0.0223558652714757
DK30 0.14205351982782 0.0705942751068839 0.0322437847053341 0.157186989569957 0.0684980641319368 0.0943533436841501 -0.0820267701932724
DK31 -0.025910210718269 -0.0822551179227161 -0.124767207169513 -0.0386822462706755 -0.108714570185504 0.0252949453663955 -0.0770624660701347
DK32 -0.0268625801073499 0.0726620501055765 -0.0390804814155205 0.124997310853248 0.0168425610153268 -0.01225029667442 0.00634159145152363
DK35 -0.0589193745251074 -0.070279081587657 -0.148936854231006 0.0427938169657762 -0.023424186080166 0.03484245813358 0.033839331180755
DK36 -0.0562012542685765 0.0176132144257313 -0.0952611389336998 0.0551641208264916 -0.0963600232291239 -0.0118351614010439 -0.0128276535742749
DK37 -0.0278460200717564 0.0426620274930347 -0.0867213667907333 -0.000355339112884268 0.0601590090858756 0.0205867921243298 -0.0228452258348319
DK38 -0.00429532726454579 0.0137665588128526 -0.056318982475767 0.0839663856335693 0.0458302098831216 0.254495577807084 0.0795712022861997
DK39 0.0219355231118894 -0.0452867139810995 -0.110435010027721 0.0116103218869988 -0.0756730478102629 -0.0381676928364374 -0.0224988694197514
FR01 0.0954736612348088 0.179676194169832 0.0463296697536768 0.0325020063990976 0.128703866769608 -0.0147337031348485 -0.0430024368459173
FR02 -0.0355261719224634 0.0779808099922274 0.013882526345406 0.00358882693986937 -0.0683243593178338 0.0296341308449661 0.0223055530638928
FR03 0.0313069142737683 0.0421420883449289 -0.0885956104650343 -0.0268767259667217 0.0322948898419016 -0.0951604063468648 -0.0849102674355392
FR04 0.0440710751597585 -0.0418161915019212 0.0341527103413433 0.151441680555087 -0.130079460649338 -0.163548897712572 0.0956215869715587
FR05 0.113075284716281 -0.0820730071138255 0.142536787779182 -0.151830374675814 -0.11734030426201 -0.0301646732706227 -0.0707368457909943
FR07 0.139440344796588 -0.160492873421548 0.087225463351595 0.0185234535606433 -0.0339658057277717 -0.15021765279441 0.0806225540388346
FR08 -0.0451825611807985 0.0369645715221008 -0.0307311524797626 0.0874920050385119 -0.104160479812262 0.122808874299788 0.0490910566612116
FR10 0.0685027043412383 0.0357465718736075 0.0316808080306599 -0.0652331563220125 0.0358368972108098 0.0142531613286657 -0.02481592654768
FR12 -0.0538995301487041 0.00675929440661628 0.0482649127042844 0.043272129237123 -0.0399305641789804 -0.0343294421135894 -0.0822061207096282
FR13 0.0661951277541886 -0.135071748573749 -0.0485999209650031 -0.0476300297623631 -0.175008039971942 -0.018338051894635 -0.127224786751426
FR15 -0.0385750286009038 -0.0177508724899751 -0.0371759395820581 -0.0907224294948473 0.00739398695539919 -0.10056770874946 0.0317401917992809
FR16 0.158321816234361 -0.0824125195990819 0.037458634853612 0.0829309531449587 0.0182243913301024 0.0396042616689881 -0.0751441945798123
FR19 0.0433888740639895 0.0498607053155171 0.0196398465477191 -0.0253471045256052 0.107290668816214 0.166049644253511 0.070006674874254
FR20 -0.128871986711594 0.0772991735807698 0.0125955924474395 0.0311487949046872 -0.0356564959246142 -0.0256529780126402 0.0395061021434629
FY01 -0.00982515152506453 0.0381774971250845 -0.0706478161431024 -0.0441952506992094 -0.0782460919535107 -0.0810117512039098 -0.0904616489699873
FY02 -0.0475012670172542 0.0523289105849582 -0.0860188448345954 0.0250937126377898 -0.0665074386977031 0.00253082769687526 -0.0748742337468209
FY03 0.0702440676893242 0.036526520878808 -0.0417243272880661 0.0737420167534276 -0.0286683315559872 0.105333249817411 0.061712048029282
FY05 0.00494355004005471 0.043765835922224 0.0493567714180333 -0.0693890531844962 0.113652785862338 0.00873481428593452 -0.0471389221257947
FY06 0.00792835931837604 0.0173630046440976 0.107745862815188 -0.0711739957214392 -0.00720111110245067 0.0506396533612557 -0.00373798303589486
FY07 0.00579214390137699 -0.0861880553879586 0.104128689655297 0.0712500093577698 -0.051851432436738 0.0788677748180377 0.114105780209946
FY09 -0.0264585575758614 0.0804001388312354 0.0231450378126614 0.061787785546529 0.0161837393474558 0.0424655276223832 -0.0046671007162897
FY10 -0.0243876014547349 0.0674813522065607 0.110440139065688 -0.0480557586972224 -0.0387997915409521 0.0682516122300677 0.0453606927592108
FY11 0.105709308717885 -0.0064439913272249 -0.0356274749248218 0.0768298411168415 -0.0138100780851332 -0.0224678776702845 -0.106877502383313
FY12 -0.0687468619741141 -0.0547525583073196 -0.0529128153095843 -0.0287242482828677 -0.0377518441206555 0.105199212733883 0.0567194606234141
FY13 0.097454689562686 0.125670842035211 0.0540420047054126 -0.143923828845422 -0.021002613258955 -0.15962385664734 -0.0304612002822214
FY14 -0.0495015744702377 0.0555388786318684 0.0166194728917488 -0.00442436190459736 -0.0740789318215239 0.096710495433325 0.0775209686802896
FY15 -0.0736532024090618 0.0312172367766396 -0.090376808124746 -0.048064907516033 0.064823065841604 -0.0896520771333544 0.04848082985752
FY16 -0.00746166125603887 0.0927804543893433 0.0282805376994688 -0.033122557969478 -0.0583022123983199 0.0675398917519368 -0.0628156882189031
FY17 -0.0356903273869546 0.0379981574347681 -0.0211771212328342 0.0505725619474598 0.0441956169208717 -0.0838417247215528 0.0882501796381953
FY18 0.0387046807849286 -0.0334792864107004 -0.0367213171641971 -0.0997203026545095 0.0798607770671215 -0.0352192229320238 0.00132607880902615
HH01 -0.0987008515823761 -0.0196520710490004 0.0850862508597608 -0.0230569611046804 -0.071956527570231 -0.126798633696834 -0.116585461643623
HH02 0.166279201322565 0.00411764825324296 0.0443206204958181 0.0359364144692565 -0.000841072332718636 -0.0428691744474993 -0.0198010020480305
HH03 0.00942139893044842 0.0291702624881798 -0.0202767858608704 -0.0105179103233191 0.0217063678493633 -0.0332520903129278 -0.100089920577679
HH04 0.0822394364978345 -0.0147361825690736 -0.0624849724284756 -0.0344792577784881 -0.0595855665031374 -0.135567520280595 0.0968820198904981
HH05 -0.0281207390234375 -0.0151809774720684 -0.0095347380067334 -0.0459292236895376 0.0360101242421843 -0.0679420319254558 0.0255107570092728
HH07 0.0093050347352575 -0.105943551577864 0.0387254679611374 -0.0305687753715326 -0.0557300457324293 0.0398579072423825 -0.0844144056729593
HH08 0.0533554475829715 -0.0430237214926641 0.039642135193657 0.0544793533044665 -0.0224762081676463 -0.0319738449598006 0.0756844206916153
HH09 -0.0449966725946262 -0.0171006859933194 -0.00393974568299341 -0.0312998538399206 0.0342280780059657 0.00393573821282526 -0.115582904323043
HH10 0.0511032907623879 0.0295293416350429 -0.0750842424680744 0.105482511684672 0.180588052672411 0.0670509022721064 -0.141399053039721
HH11 0.0558603423246022 0.0543704688624208 0.0338346066183134 0.026060496701019 -0.0116781300155923 -0.0929462134733311 -0.0899378611062868
HH12 0.0139269511539604 -0.00593306058000988 -0.0604328851146586 -0.0301510134631161 0.120391136075235 -0.0770918519829522 0.0316132949355848
HH13 0.000995599308992974 0.0341508234447149 0.113070385984466 -0.0348468433456662 0.0229525000412539 0.0335323276348533 0.00463515274466383
HH16 0.0150005709746043 0.0915888639689395 0.00292254571366408 -0.0125982142198854 0.0218793041149013 0.104445702901414 -0.019106330215589
HH18 0.0710703694981706 -0.0473463662740107 -0.0699276058772932 0.0685899926305076 -0.112044229791883 -0.0504216225137774 0.0416857733124636
JB03 0.00677301683131809 -0.026070703269526 0.119022804782528 0.0731644641651164 -0.085808109591961 -0.0501838154904229 0.0327384400046937
JB04 0.0626787711277489 0.0565983707990897 0.0411376064038923 -0.0129175855834889 -0.0234869451861275 0.0755726560865912 -0.0373479307772502
JB05 0.0349445534292002 0.0600572351277251 0.0228170520184421 0.0372035817413599 0.178268395524087 -0.0507016768032196 -0.0656750290716792
JB07 -0.0115032946553984 -0.0130631644924529 -0.0427405870441667 -0.0105311507223333 0.00715217704016508 0.0122623613284081 0.0128492814575166
JB10 0.0806968983127423 -0.00541358999769342 0.0592006200927371 0.00472318504991199 -0.0443995065003893 0.0104928297109977 0.0605032219678017
JB13 -0.034888539874195 -0.0396003131508448 -0.103738180884985 -0.0611680427239297 0.0290566373339343 0.0543411007539783 0.0145163526055564
JB16 -0.0885887149813876 -0.032530053092813 -0.0233899458165238 -0.0470672461451489 -0.0643875110235636 0.0155857277546243 -0.0143446897840507
JB17 0.0739456971933808 0.0243114916076895 0.174862254081883 -0.00197969247140214 -0.111724800108927 -0.0405888779493984 0.0210374331661813
NB02 -0.0446776177285 0.0224643666504337 -0.0590448401710078 -0.0218742721954433 0.0890363136354804 -0.036700880920241 0.132497404726616
NB03 0.026783501798282 -0.0164993075478523 -0.0643032620360991 -0.093255940266751 -0.178567694681967 0.0265326745263143 0.0207056999651492
NB04 0.0116407860151745 -0.0163101806190661 0.038819392639435 -0.00660070753492885 0.00322759932758379 0.00571103785958739 -0.0171611494778461
NB06 0.0241486584338055 0.028734992048162 -0.082769884037915 -0.061941775718054 -0.0434911088226092 -0.0962090464975524 0.0643897956409763
NB07 0.133321672459272 -0.0393463808786845 -0.017020537018248 -0.000804016807123288 0.00680261810677355 -0.0701853597609078 0.0868651359959394
NB10 0.197076691758468 0.0152773261204273 0.0364332563548481 0.024951730341204 -0.129475010266299 0.0670587121584706 -0.0745139151402387
NB11 -0.0127904695921554 -0.0426259391070443 -0.0240342795514144 -0.115607857952944 0.00862253558349914 0.118121499523059 0.0901047194702393
NB12 0.0147614164737371 0.020701432087943 -0.10156229416347 0.047999003681797 0.0148627817838129 -0.0624777843777676 -0.0860179384642851
NB13 0.00358554743434188 -0.041912455392648 -0.0675277693575212 0.0983001987845808 -0.114333176023813 -0.0337619823188732 0.0706016992842179
NB14 -0.00182080918741152 0.0265491799524091 -0.201542679793665 0.0433908764136697 0.0866077600366168 0.0236940300357392 0.0258820156917398
NB15 -0.0571696179032436 0.0375761979095332 -0.0156829992969688 0.00157887260621586 -0.0210682863434433 0.0115354956752877 0.138213035676052
NB16 -0.133772510427482 0.0252113998881176 -0.0111679936336172 0.0980621963259458 -0.0281029165715452 0.0511023944083507 -0.0538970649761305
NB17 0.0220803903805544 0.0254393178713017 0.0484710194708387 -0.00484060749098215 0.0493948713855587 0.0615740147152733 0.0667342854884095
PA01 -0.073699500617653 -0.0495497434857317 0.131311870892904 0.0743115009464631 0.0584208871223888 -0.0495113106123125 0.126801902170462
PA02 -0.00745425272427588 0.0474807410362956 0.131235077579477 0.0599481337320049 0.00388390636739592 -0.0812316063353123 -0.0015158499964767
PA03 -0.0594589891975994 0.00754655261880148 0.000117511722969113 0.102415783001901 0.0981442807082928 -0.0608397750078917 -0.188977604811177
PA04 -0.0239339917870567 0.0202712520722911 0.0270509351420484 -0.134837138826807 0.000274889817643452 -0.0965770985107524 0.154091176578211
PA05 -0.0727552293579677 0.0388664350563358 -0.0738754205110521 0.0414094377825462 -0.0193837969568808 -0.0891026499368887 -0.0942237711054485
PA07 0.128765996084358 0.112876419397181 -0.113096383546702 -0.0515023569337643 -0.0522887870633273 0.0613287916485004 0.0520321586071419
PA08 -0.0725150348203131 0.0136199304535113 -0.0185977036639253 -0.117760396841102 0.0709222587807881 -0.0272408504040519 -0.104954312895638
PA09 0.0269045736333271 -0.0871062682999204 0.138473042456213 0.0383129757294545 -0.135538258577349 0.105723828422241 0.0581711814761367
PA10 -0.0625039713837325 -0.0589268754493412 -0.0132019221069494 0.0251167215546683 0.0369703063435062 -0.106740027882638 -0.0220409170214858
PA11 0.155525709312226 -0.023767890511692 -0.00929079483108421 0.0736203827660734 0.0709335605837174 -0.0941031204775665 0.0471999208151209
PA12 0.0134008706349498 -0.033486681764718 -0.045267133781159 -0.016487646210743 0.0568629611256754 -0.0662080445746698 0.00968444452064026
PA13 0.00931352230280277 -0.0111751752877384 0.034028910147242 -0.132146976354264 0.0325471856888309 -0.0077772579685806 -0.0851780235840039
PA15 0.0114449444837729 0.051579253392283 -0.0207049227262418 0.0894412648380696 0.136271857333803 0.00757442615480767 -0.031555988660197
PA17 -0.00703090347265962 0.0414436370190772 -0.0390593385417244 -0.0439677684667508 -0.013720614805183 -0.032808259610958 -0.0528298580532524
PA18 0.0463242433668692 0.0530132498921922 0.0799722786963428 0.0691918618449025 0.0822928823256813 0.150732294533142 -0.0212374860091237
PA19 0.116180538240988 -0.15748383029454 -0.0979178018525104 0.0169348795506054 0.124470049875033 0.0298613661150001 0.0333370337173169
PA20 -0.0607309840044617 -0.0733962171584116 -0.0208506159853336 -0.0562112871747941 -0.0418238938000258 -0.0362653913216047 0.181872837977193
PA21 0.00660221770086434 0.00716995143285346 -0.105635273277704 -0.0955465723436616 -0.0541939756813659 0.0505063691249645 -0.0906029863433093
PA22 -0.0379448958000864 -0.10254448153237 -0.0115259085702928 -0.0130014562627564 -0.108510353867988 0.0362492955737669 -0.0439051564221022
PA23 0.00072163092070845 0.0610531761239418 -0.0486692932310848 0.030935652962814 0.0161058890534867 0.0117563055926507 -0.11586137733233
PA24 0.021020747220083 -0.065200017861309 -0.092347235203872 -0.0123568498054066 0.241413054038188 0.0298949819752178 -0.0727440668315716
PA25 0.0294119910684875 -0.00612283841745061 -0.00226967103137762 -0.0830424819146004 -0.00452565559630703 -0.101227868263116 -0.0632862209789235
PA26 -0.00640955781383823 -0.0405752150214111 0.0239374352852341 -0.0805432795643372 -0.0993940800797277 0.0390113803248126 0.0830949177873916
PA27 0.123818071144879 -0.0309779643978129 -0.0172475817755854 -0.0402711765553976 0.0199183898208885 0.0501703937178776 -0.152142254363133
RB01 -0.0491488350537976 0.0961028503863636 0.0456234962130093 -0.106440153025139 0.123043060759677 -0.0833041769933737 -0.00105592114863257
RB02 0.092724884945121 -0.00683367072988612 -0.00555828504063166 -0.122125965691303 -0.000860480397683974 0.0403819001441683 -0.158406815780463
RB03 -0.0506005357403226 0.00701524996285496 0.0849184999582051 -0.0891599423379149 0.0602747829681375 -0.0783979127789689 -0.139450310605664
RB04 -0.0396976679715506 0.0505271966038879 0.0867794435051284 -0.089300426656085 0.0381882805419739 -0.0467696183085973 -0.0134723138466325
RB05 -0.030656278141283 -0.00230785717478393 0.0841117909293064 -0.0551562457554827 -0.0689677914458915 -0.0404861930367477 -0.00599012701761583
RB06 -0.0415310887098268 0.0518271535539632 0.152646259124662 -0.0278910287506293 -0.0188121675464498 0.108666392725207 0.0318088749756223
RB07 -0.0112577068012768 0.017079517755787 -0.0425215665991159 0.0141001526274157 0.0455047555854004 0.038103157378022 0.173873313828455
RB08 -0.0984560930873638 0.0193767104096061 0.0691748573219915 0.148804016264869 -0.00104339679716763 0.0101924583189531 -0.0560701338602218
RB09 -0.0854685133947482 -0.0702335716161801 0.066511525082724 0.00122817634692982 -0.0979407306000591 0.0985602926226544 -0.0131394281641875
RB10 -0.00897924252418165 0.0515857580919728 0.0678597851130725 -0.128952354358159 0.0227338550466511 0.159330299102136 0.0781315880762933
RB13 -0.0646960205164804 0.0612127894997399 0.0685398690486328 0.00752797950889065 -0.0992089720543737 0.0729060613223461 -0.096949440528901
RB14 -0.00715139057649502 -0.00416860202755604 -0.0633786435524585 0.0134718248460818 0.0128725741376314 0.0119888250477276 -0.00656153102583903
RB15 0.0176831800459395 -0.000672106763792765 0.0491684068887638 0.08792564710908 -0.0726504966793807 0.0799269301658701 0.0550759567066185
RB16 -0.0620535845889484 0.0612590894350892 0.0628533555009821 -0.0951321831780363 0.0279291791594621 0.0481080727669231 0.0788237982311515
RB19 -0.0625467606955194 0.139516703268066 0.117785340343726 0.10762480894328 -0.0279864903429099 -0.0354145190658586 0.0419357209567692
RB20 0.0144938241619743 0.0174459488157997 0.0362408596215205 0.0264576538978481 0.0862557031411144 -0.0296067241626763 0.0238434933113183
RL01 0.146838769917703 0.0278038009789835 0.0371276083165553 0.108903703541043 -0.0055413053089981 0.137972433681017 -0.0376577587066174
RL02 -0.0168691696167462 0.0596469182180256 0.0381406519693894 0.0575193122210885 0.0850054429433074 0.0572938898115849 -0.011184715804871
RL03 -0.11642585596323 0.0247716516507148 0.0509963058931208 0.0284642437609746 0.0514502363777328 0.00644784702732595 0.0941839027599306
RL04 -0.0594698661653365 -0.00656390580839326 0.0476405123119625 -0.111802030023987 -0.0302787545842983 -0.13150600733957 -0.0676995660213293
RL07 -0.0361072332752373 -0.035596011489327 0.0701106474353449 -0.00360997279885693 -0.0175119772747793 -0.0194368782909582 -0.0276897959159793
RL09 -0.0538132518318419 0.00614647736838105 -0.0259378037978094 -0.0800367208539158 -0.0437237807493191 -0.0588359565447061 -0.0198829748076525
RL10 -0.0112869101958615 0.0745863229826126 0.0927575811631988 -0.0683525658510264 -0.00348024927917999 -0.126626432955795 0.128227474075917
RL11 -0.125838310289612 0.033376504973076 0.114347388852093 0.0026369245487021 0.067275127419122 -0.0620113312759863 -0.090153482702213
RL12 -0.0100268726828139 -0.0818377970827822 0.10436177954031 -0.0162806443548049 -0.00535329415829515 0.0241214101247693 -0.0160123990467963
RL13 0.022145812447706 -0.0725767780171581 0.158629158764543 0.0147832214383127 0.102863682553867 -0.144082866670101 0.0520744495992779
RL15 -0.149986947602785 0.05181748621368 0.0625352484901194 0.0504884754942426 0.0380271797959132 -0.00395079348887682 -0.0119478418973096
RL17 0.0123468151148874 0.043738525569523 0.0294667027718165 -0.0930322809798887 0.032223326218796 -0.0335942797459045 -0.0789125535485249
RL18 0.229096340673437 -0.0695658010553501 0.00227600881990045 0.026015425169024 0.0461564109448608 -0.0390650106937976 0.0293023135855373
RL20 -0.0101978497554166 0.0109072178945932 0.091883216537203 -0.11921974287917 -0.0654211205297142 0.045116814539123 -0.0849435650069831
RL21 -0.0550441771191524 0.0151054074954775 -0.031387879059526 0.0121498200720969 -0.0350230781543619 -0.0714146025900696 -0.0376906228023053
RL23 -0.0487728717003435 0.0822906710645411 0.133331977453018 0.00531207455638689 0.00801364713329723 -0.135640775925808 -0.0170914418228224
TR03 -0.0756392409660244 -0.0126616019435999 -0.0179881932235822 -0.0164370276693427 -0.112947258409841 -0.112296910459358 -0.0256115287233013
TR04 -0.11666582173013 0.071262601688192 -0.00899894395965682 0.137847127682803 -0.033768478040687 -0.0256290264840958 0.0302568332602299
TR05 0.00599613130122996 -0.069286857788564 -0.0631813281691502 0.000829583615103549 -0.134928744006045 0.0844559594114317 -0.0788317284662971
TR06 -0.0601681180457511 -0.0262818267455594 -0.209608073580763 -0.100808598117309 -0.000965749838637791 -0.0232878208907192 0.0118649192071731
TR07 0.0059423343810557 -0.0142392899915611 0.0240664019128271 -0.12358449917922 -0.0559166311735219 0.106942811443692 -0.0965964027653697
TR08 0.0270781086103933 0.0808703086135175 0.0651588668193531 -0.0339751626604393 -0.0671722797240633 -0.00872828579068436 0.00481198922404507
TR09 -0.121163524532768 0.00652670319251357 0.0117780839562084 0.0289787664723153 -0.0308226776694709 -0.012025194670076 -0.0558454199146071
TR10 -0.0461803656956872 -0.00155340255602924 -0.0658586348029542 -0.135448790073146 -0.0685159282612747 -0.00630932527841854 -0.0896117973890478
TR13 0.00755482279617456 -0.00269531938839629 -0.156146133761765 0.147433832107855 0.083323853330832 -0.134027812036403 0.0276323583986221
TR14 0.233950755653114 -0.00856013012965541 0.109726325184013 0.0959569122162183 0.0963458454925639 -0.108330450281568 0.0937788722859834
TR15 0.0517091405805419 0.0539521706829102 0.0434771384707861 -0.102530767977441 0.0989916784890725 0.060059682706916 0.0477108618806931
TR16 0.0178590652573081 0.148855711702687 0.0965979809059775 0.0213022439194372 -0.00310706608725695 0.0305442976553047 0.0187414898985744
