sample MDS1 MDS2 MDS3 MDS4 MDS5 MDS6 MDS7
AN03 -0.00258343527727711 -0.0507340023082522 0.0462570295173533 -0.0326504494960429 0.0318622174336962 -0.0214971472926105 -0.0704165767885732
AN04 -0.0542140778615326 0.0126330623985183 -0.0355346392772003 -0.0129469471113211 0.0317030605131527 -0.0259091536748568 -0.0757019596259194
CS02 -0.0668447915535995 -0.0139499466059207 0.0363755716466007 0.00144073837351072 -0.135963859648735 -0.10076444322543 -0.00203347529228248
CS03 -0.0550810267090112 -0.0512080964087843 0.00843937119177457 0.0231274863968097 -0.0346703026762091 -0.0491402071986444 -0.0432053274993699
CS04 -0.0207248678092393 -0.0444936716108809 0.00650560957359925 0.0277949501972329 -0.0191730383256088 0.00557692395749894 -0.136829280682646
CS05 0.0328741200036378 -0.107120996380486 0.0554849940548624 0.0146408580631693 0.075328553856434 0.099063765216338 -0.0497535747464988
CS07 0.0712427852123114 -0.0385338004611235 0.137151135295418 0.11096612250088 0.110264908544796 0.00231033542844862 0.0301858519222169
CS08 -0.0427961153022544 -0.381659261974752 -0.0612634140471475 -0.0246594627115601 -0.129207583754731 -0.0413920765288853 0.0152784606782141
CS10 0.00084642270452602 0.0595897866094066 0.0466149350974022 0.0548373625661681 -0.0601608139561334 -0.0455205652704327 0.0522323212761486
CS11 -0.0952888436435208 0.0458820039511694 0.0363692283954253 -0.00929518934191553 0.0277267060483734 -0.0709381844364355 0.0463213896609606
CS12 0.0699601677290509 -0.0311650584400385 0.0166567944133282 -0.0398343649146379 0.0225741846137045 -0.109531958841952 0.0531619466294864
CS13 0.0228417935645441 0.0948660423656576 0.0178114462326561 0.0757172033491032 -0.0989435024475355 -0.144819490338972 -0.0715249845964302
CS14 -0.0292307953930969 0.0275290424991908 0.0495426044508441 -0.0458466918093338 0.0560486322114465 0.0868786998318978 0.050011147364662
CS15 -0.0372121737822066 -0.039145148219426 0.0707776024979481 -0.00862658858597876 0.00311379293664992 -0.0323004775636901 -0.104949044916549
CS16 -0.0522857706445543 -0.00260647681669951 0.120102456070604 -0.117889380579566 0.0605263017689353 -0.0351052457690154 0.00201619267499781
CS17 -0.137180762006358 -0.0640005032733283 -0.0221911844952764 -0.0135683561125031 -0.0212897250746174 0.119492710664548 0.020332890625182
CS18 -0.0191831731088075 -0.014066727770011 0.100135867868894 -0.108721482306983 0.00154668240748801 0.0400650106477082 0.00335812164152177
DK01 -0.0349034057106354 0.0640345170752869 0.012835130699828 -0.0474644129927895 0.0222985385697596 -0.0557039711186713 -0.0156250351378518
DK03 0.0802099784090947 -0.019912602524441 0.127826194049338 0.0646881396288605 0.00435215062017508 0.0440478905722824 -0.0221565995794323
DK04 -0.043085105514259 -0.0962395760995552 0.110140893185855 -0.112676706060546 -0.110708374816914 0.0634143621725514 -0.129396700078055
DK05 0.0119338582950278 -0.534090927095489 -0.0500300463896912 -0.0998737015082998 -0.160020005028833 -0.0464066918507714 0.0788075552049763
DK06 -0.00718152765289757 -0.0342617322987241 -0.0435433594974931 -0.0949412510250253 -0.061953523906121 0.0466790708245646 0.0988207284559231
DK07 0.0365085493477278 0.0750962452892568 0.00101860242570762 -0.0884756565313504 -0.093217705656334 -0.0418671733694511 0.0594886882545157
DK08 0.103196079820074 -0.000626012173539217 0.0121811086772564 0.0744431567276125 -0.0842675048949949 -0.0667336521394945 -0.0827885372023018
DK09 -0.0261452802368437 0.0211285005302656 0.0176395273208127 0.0236202564374023 -0.053851851347924 -0.0589915497857228 0.0136587479768497
DK10 0.218948082061528 0.0678252770567259 -0.0259202114909622 0.0236200357309188 -0.0650292753280989 0.06137987093012 -0.0222451299778589
DK11 -0.0717866720757096 -0.0227061697590363 0.0482531249349112 -0.13839892041506 0.0289996099555461 -0.0710024359934739 -0.0457080944529902
DK12 -0.0643219063090747 -0.0400898123409559 -0.00397106800395611 -0.0562563069477892 0.0331759396769512 -0.0285161530072491 -0.0606445910303152
DK13 -0.0363581228547226 0.0394920452651888 0.0293168471893487 -0.0104769614463072 0.0715631895740244 0.0159339846092972 0.0522853672635255
DK14 0.0847590810985932 0.0468473642313792 -0.00377389421385956 -0.0583611491221222 0.164426412933927 0.0275672514626769 0.0612192474244229
DK15 -0.110063280653707 -0.0550234837851087 0.0648607822437836 0.00845417294606571 -0.0596589554188051 -0.0763764699438079 -0.0645029592894302
DK17 0.0354320173125893 0.110064494589735 0.0642877049936011 0.017257257912321 0.0473707801095342 -0.0328322239756363 -0.052769003256911
DK19 -0.0425774967125073 0.00656309398900261 0.0803077871842553 -0.00224616691817447 0.0996911644441822 0.0454495503898387 -0.0392000478674408
DK20 -0.0694533610422643 0.00429696078672959 -0.0269685314150769 -0.141298689286608 0.0330237109111006 -0.0510448008581689 0.0279699247754625
DK21 0.0256414083793798 0.0634708422848206 0.106093145898355 0.0672337031362518 -0.147269678030009 -0.035582423036976 0.00144062837273222
DK22 0.0524113856554737 0.0823556610439166 -0.0286018032893663 -0.0732684156103077 -0.108452332449189 -0.14264130689495 0.0355332908591129
DK23 0.0576267201895615 0.0358553767961436 0.101862406602879 -0.01447795704978 -0.01244364594424 -0.0795524128192333 -0.0291095814472446
DK24 0.0499895485623237 -0.109942940146376 0.0215070295375283 -0.0234706731093015 0.182225790831045 0.0360756822253583 -0.0684891277377466
DK25 -0.0234978431931105 -0.0495263620655374 -0.0121910024749411 -0.0602106087700932 -0.0551951048333548 -0.0432187123518579 -0.045951113199004
DK26 0.127456087618286 -0.0332921115830992 -0.00497145281854544 0.0450308213744928 0.123291420326054 -0.0608432742074484 -0.0115911514947067
DK27 0.072257900543036 -0.0171660114861093 0.143288755836765 -0.0030410845920517 -0.065136438421262 0.0860637333490332 0.060362147526433
DK28 0.164847889682492 0.0359744545153622 -0.0814973328471976 -0.0340286576033389 -0.0545688464151999 -0.144870177835226 -0.0200669275719173
DK29 -0.0861267285833144 -0.0161216063620429 0.0116619762206039 -0.0441230704883573 0.0696618035560241 0.0582902206039413 -0.14131694877065
DK30 0.12847341831321 0.0854389296504541 -0.0183758959583129 -0.174091140483194 0.0127832293104925 0.150154309719644 0.0810478814960179
DK31 -0.0360054060691118 -0.0534683528294216 0.136791011963379 0.0346826725316313 0.0208122986265367 0.0281652921802856 0.0448807406098337
DK32 -0.0381487214717022 0.0731449287179992 0.034498544863244 -0.0368109197157826 0.0834406103794384 0.0470820713085338 -0.0709454442472762
DK33 0.0869584591391245 -0.0515443515166184 0.0902475219234572 -0.0579191271237061 0.0816890777250543 0.0967969733286771 -0.123183493153563
DK34 0.0503074763384181 0.0366243053344122 0.126887088235097 0.0815265729948787 -0.00554841264994077 -0.0863862434748839 -0.0689921472326192
DK35 -0.0412725015842607 -0.0483669532612023 0.148162939216663 -0.01453707553118 0.0184485864133759 -0.0381690277670766 -0.107994781356239
DK36 -0.0670629069751761 0.0183157044592805 0.0832842112159384 0.0419525357725905 0.100405319638509 0.0314073495604376 -0.0490534472217864
DK37 0.011541236904716 0.0191558546644523 -0.0454498145567459 -0.127978783624302 -0.0857515751393365 -0.0367085862624519 -0.228488746297687
DK38 0.0197564746472036 -0.00311849860836583 0.0689285540212596 -0.21888657349074 0.0191198760514017 -0.0603748442241447 0.0375997920068733
DK39 0.00809794337069625 -0.0152702993823892 0.130837453008419 0.0405673397812687 0.0385222902403041 0.0653090169290361 -0.0169138706615733
FR01 0.0591294685207916 0.164977690690959 -0.0840260986195889 -0.0589631915505111 -0.0852006358123522 0.110071297343294 -0.0175525309940632
FR02 -0.0429002308891046 0.0605385635956995 -0.0332574050735249 -0.0293686005676845 0.0439967384762352 -0.0372876498696041 0.0343132897859386
FR03 -0.00108636810319347 0.0819669350513746 0.0865893651360793 0.0573968047764043 -0.0567257842807237 0.0710037006754596 0.00151078942164139
FR04 0.0851085807953574 -0.0568825441221807 -0.0279881093129222 0.0862833901790225 0.161836256588183 0.0473203647014589 -0.11881535585885
FR05 0.10845582584217 -0.0703745978884915 -0.0786206977706245 0.161300941838224 0.0193757107043714 -0.0858946306403004 0.0925006069265941
FR06 -0.0419858419847281 -0.0344766548054468 -0.0193302819202831 0.181314813462016 0.0126982558383416 -0.0306821746508181 -0.11001183837607
FR07 0.156147573375869 -0.128678053339496 -0.0254673899826079 0.154651891942704 0.0143926262069485 0.0446873786200924 0.000151375218976198
FR08 -0.0329141506641959 0.0177760916112047 0.0589754199124767 -0.0946069200171545 0.142221084445035 -0.0620206515123683 0.0130971508226325
FR10 0.0332930544790966 0.0537143179403851 -0.0255720048877065 0.00564412372344649 -0.104823170341889 -0.0117298068039735 0.13326025392326
FR12 -0.0254231030820404 -0.0192231826764957 -0.0705561522098231 -0.0147264372916524 0.0412787018478847 0.0822347919796644 -0.0476317549325859
FR13 0.0454944059107994 -0.0902502601308177 0.112587207997716 0.0907669674343077 0.0645636863267474 0.0156159204868597 0.155819860532609
FR15 -0.0623232964717518 0.00285433949265275 0.0654482925044102 0.113130469030512 -0.052484862631169 -0.0220240993904752 -0.0111765599974347
FR16 0.170815061461598 -0.0389823120045266 0.0270271580775719 -0.024233364033658 0.0234867795701785 0.0680814613253057 0.0263445777204964
FR17 -0.0320488427875393 0.0557738500898411 0.0576108163906494 0.120798867350217 0.0567685530408826 -0.0225301259989252 0.00656177834290213
FR19 0.0459458161784168 0.0538163729508464 -0.0107261627841226 -0.13003970210759 -0.0597443247050692 -0.0817141032411207 0.0285739220271612
FR20 -0.126816237859584 0.0503558731643567 -0.0460767686335226 -0.00215254381575504 0.0759503878469085 -0.0720058542098891 -0.0308760369258503
FY01 -0.0247507002962025 0.0500313732963729 0.0286700006817242 0.0996947634098042 0.0232038010558953 0.0148445644938398 -0.0254937940324677
FY02 -0.0814439848910188 0.0586105647129437 0.0712111860074267 -0.00482357898840939 0.0528919238172666 0.0395462082826902 0.0123850170014033
FY03 0.0589404820873942 0.04626313764208 0.0126396939874009 -0.0944080576687045 0.0513091599927125 -0.0715741000992023 -0.0215238894002353
FY04 0.027212096588268 -0.103562235136307 -0.143248476089206 -0.0458384198056233 -0.0236584542157924 0.139310763707439 -0.0546455304430933
FY05 0.0190439194025152 0.0285271238722568 -0.0900951876555988 -0.0308266598506145 -0.0979485903232803 -0.0533069624209445 0.012535820378358
FY06 0.0214041616182201 0.000144470585748819 -0.0948098341585118 -0.00499388269399904 0.00138545743808546 -0.0692974965325708 0.0614186245221983
FY07 0.0466625122532555 -0.106583545830619 -0.0510788810720095 -0.0677485730971194 0.0934996488265642 -0.050570977538589 0.00965353254110708
FY09 -0.0195600385969251 0.0595752565962481 -0.0228437579272746 -0.117351244047858 0.0145049615178381 0.0673606482293388 -0.0260492471776439
FY10 -0.0247200014319734 0.0439791393127806 -0.0607977211833948 0.0267799710876399 0.0959944514793714 -0.13156345391174 0.0257330794003003
FY11 0.0897803353302851 0.0244006272396247 0.0351656108389404 -0.0205792278518366 0.0120532464015243 0.0843738516886488 0.0867270944117523
FY12 -0.0637579928669023 -0.0527274296652809 0.0712884568405776 -0.0683678151798643 -0.0152031609253086 0.0242077038766983 0.113501397528703
FY13 0.051772065762847 0.120727251573459 -0.122969660172485 0.173815420649454 -0.0816244595756741 0.0550481798277763 -0.0568546772176172
FY14 -0.0674842318725781 0.0332494808421282 -0.0153556879004133 -0.0701245819516438 0.0613231860376771 -0.0278094973565484 0.0188562589671853
FY15 -0.0845795500574465 0.0311565004310294 0.0657212862284368 0.0389153020218582 -0.0964883375796275 0.0075450263693538 -0.0742383615667696
FY16 -0.0116240296499989 0.0761837585273396 -0.0246544401830711 -0.0165480706260294 0.0380529164911703 -0.0375245927524003 0.0597320022941885
FY17 -0.0304732686205238 0.0197855057341773 -0.025174428129744 0.0141787687396923 -0.00997979446350512 0.00731107322578044 -0.133340986848695
FY18 0.0437196156177462 -0.0086225970785646 0.0205968939010873 0.0259957444579625 -0.105836881299255 -0.0665839343164046 -0.0907541028569397
HH01 -0.125321488984314 -0.0473006353127898 -0.0833932871179368 0.089822309867187 0.0228880952233875 0.151766684801678 0.0870916286618514
HH03 7.20758831734681e-05 0.0297273670243096 0.00430749667828614 0.0119215068862761 -0.0252854460885397 0.109719127942971 0.0288535409600304
HH04 0.0568174889290973 0.0204469929146586 0.0818431317776922 0.137255459868919 -0.00240644395489782 0.0249070996311107 -0.000571137531959308
HH05 -0.0192387068457458 -0.00880830209298125 0.00267556698677569 0.061107104038502 -0.0304952894875337 -0.0349991768191662 -0.0621423099652143
HH07 0.0285785877822732 -0.0943874735681901 -0.0162191874569713 0.0388408814411545 0.038180628698997 -0.0692911639148212 0.0394136027807309
HH08 0.0732378714475518 -0.0345602554673528 -0.0275707526387993 -0.00475770785048451 0.0366183911038823 0.0350753183380145 -0.0126387648326197
HH09 -0.0649085884904475 -0.00584022855408748 0.012580499883905 -0.00391617309261672 -0.0738111013523133 -0.0045594115780374 0.086668512750832
HH10 0.0666050690578934 0.0516085998049326 0.0571312750476465 -0.153654967550725 -0.0986763700167712 0.142653838602068 0.018695397171041
HH11 0.0404235411854408 0.0455071310430852 -0.0266531303447202 0.0825216132144966 0.0555554186585261 0.0987129643477953 -0.0111263537112465
HH12 0.0163347286417598 0.0151455336071704 0.0143345762785709 0.0134899903055517 -0.118359629367442 0.0109676378073942 -0.0189797379816906
HH13 0.0182117359021106 0.00791334157921366 -0.0720412085309829 0.0110404538157251 0.0167302315152988 -0.0377876523141465 0.0030788702001561
HH16 0.00702217057656964 0.0861052685988416 -0.0183407918837965 -0.0842124246506275 -0.0137187977489582 -0.0989074859943864 0.0529412672142515
HH18 0.0572129725760777 -0.0173160135614201 0.0932258176584036 0.0602072318032673 0.10100061703499 0.0138684910256648 -0.0052728943094991
JB02 0.0117216107781791 0.0475919394425558 0.0712381608126039 -0.00565863734437948 -0.067928241612001 0.198222807147173 0.0322678927628115
JB03 0.035564768610652 -0.0476820459022241 -0.104905341860231 0.0344245124495635 0.133956541436232 -0.00258906067014666 -0.0317772846924988
JB04 0.0592276973175342 0.0649442344512234 -0.0576140484594301 -0.0343399025248647 0.0293695444093571 -0.0739843417314057 0.0243044738453968
JB05 0.0370019662648623 0.0550625691911036 -0.0795054179928541 -0.0785776014094788 -0.150772618148541 0.117804557777078 -0.0451031369831142
JB07 -0.00425433576026004 -0.0139950268605022 0.0442125550146616 0.00200820141197728 0.00775446334636318 -0.0545127469011584 -0.0490776136453993
JB10 0.107833479429209 -0.0192782110915573 -0.0345260918649393 0.00169635789278547 0.0351174373046119 0.00289432121259682 0.0290090336177446
JB13 -0.0236345048006376 -0.021890207029611 0.0698023404354177 -0.032428497529183 -0.0579688052643672 -0.127569790764461 0.00581709413258591
JB15 -0.0598912204114955 -0.00210435528161325 -0.174162278970423 0.0856147014321292 -0.0228092737162123 -0.00638361547445966 -0.0531966072029671
JB16 -0.0804847110434513 -0.0389937218766637 0.00366465963680014 0.00785771659516476 0.000130475478756072 0.0104698376614158 0.0504276276681656
JB17 0.0669344819299512 0.00701691988552897 -0.142039950691837 0.0771624529611747 0.080737631679375 0.0369111121730163 0.11529285921243
NB01 -0.0230261537893118 0.032785354630512 -0.0424999020430583 0.0230226894083096 -0.0119896155750164 0.0201182518287507 -0.100106318155919
NB03 0.0332567674615257 0.00598457607506697 0.0634200880540297 0.0691882354456985 0.0900108410754916 -0.0749531893536614 -0.0503477640204334
NB04 0.00187895307999146 -0.0146726069033736 -0.0170882241932702 0.0374069777024536 0.0305709068120585 0.0468004903078253 0.0339382154060179
NB05 -0.0592173999080991 0.0407238358788895 0.0755738011623308 -0.022255055275697 -0.0463882859165512 -0.171369765866492 0.0222925106505124
NB06 0.00126196900231875 0.0573217777331273 0.067894006538093 0.120699531472339 -0.00301504859117649 -0.0559311828662814 -0.0411842725385307
NB07 0.116566802379008 -0.0031620366203386 0.0488174114859026 0.0761217028743927 -0.0190652422088804 -0.000315164967442608 -0.00157394238626842
NB10 0.186844384672621 0.0445863432945274 -0.0116601674381197 -0.0151544138364417 0.0989651012307541 0.0333407676218578 0.151165963411643
NB11 0.00116770149697494 -0.034724743729907 0.0212290398518982 -0.0358401584142367 -0.0717703877014625 -0.171589546374086 0.00140357865192728
NB12 0.00832870472336435 0.0346331207963441 0.0757002788808301 0.00594044786773059 0.0188622076017788 0.084035283416589 -0.0758372444243223
NB13 0.035719395213679 -0.0268206039634857 0.0759351543531909 0.0477646179546141 0.11992757915012 0.0143184111747967 -0.085339166436199
NB14 -0.0113318629073789 0.0538354591855843 0.149536993690142 -0.0962429494312964 -0.0719203064715297 0.0236783065594166 -0.0581469604598898
NB15 -0.049310347736261 0.0349700195293128 0.0409773646448496 -0.0156077916286703 0.0546872857751532 -0.0522439661266812 -0.0514794196101127
NB16 -0.123402544942366 -0.00733838707569249 0.00448355325107193 -0.0795956225163932 0.0865153712171864 0.00266937872328561 0.0225408345525196
NB17 0.00721704054133743 0.0237383160458575 -0.0421502579702396 -0.0292809986869718 -0.0166846047766344 -0.0928902043528275 0.0358026776039482
PA01 -0.0383957569076429 -0.100923602310046 -0.114341603346813 -0.0125509446627292 0.0253811516282568 -0.0158404914330829 -0.105026716822229
PA02 0.0125339023077369 -0.00197518134270564 -0.134259010073267 -0.0187839949460744 0.0292501342676419 0.105995328234356 -0.058591496461541
PA03 -0.0568290342271262 -0.0187293823925165 -0.00928887637601483 -0.0141060070447443 0.0159636294246803 0.106946427423795 -0.0465680810568794
PA04 -0.0515298876774605 0.0180699313399758 -0.0250433491505382 0.13703530790131 -0.0690859142943928 -0.0645169514375515 -0.0224802147154823
PA05 -0.101107511729215 0.0317941358612757 0.0430048722062874 0.0256926392782558 -0.00667021942559269 0.138575287665537 0.0755033861828353
PA07 0.0969832118612135 0.138513800084729 0.0533552216894271 -0.00893135306569959 0.00472766796480911 -0.0526503077113623 0.00674198442282252
PA08 -0.0939390205601672 0.00601149729355162 -0.00396687345357811 0.0260605751518274 -0.108543753773913 0.00506998316634731 0.037753539952582
PA09 0.0502937893505603 -0.0786585144311119 -0.0398416903492593 -0.0233918767101147 0.156108378029791 -0.00272671365566193 0.108871912644504
PA10 -0.0237158823099216 -0.0693984350834558 -0.0150015981261647 0.0597152618045605 -0.00106425186754882 0.0519779213346523 -0.159650490523799
PA11 0.170355849277096 0.004442355346913 -0.00334363827038328 0.0505768348400515 -0.026619561232238 0.0895762769013867 -0.0511156076714303
PA12 0.0230655062701571 -0.024902642977209 0.0381230092441896 0.0771126763639597 -0.0332639939058135 -0.0545994718521907 -0.0759283989485512
PA13 -0.0217034105059259 -5.01057686852548e-05 -0.0250147629349713 0.0982377026142863 -0.0905928020391657 -0.044576152028601 0.115632498704033
PA14 -0.0918647909463795 -0.0220286539095632 0.0215522421027698 0.0642953152949512 -0.0147993139560282 -0.0559741431399924 0.180175122604553
PA15 -0.013156719886904 0.0569276725041803 0.0391593336256262 -0.115089066726934 -0.0760566074266089 0.160108716403285 -0.000976300564407471
PA17 -0.0348765209953862 0.0461046223656042 0.046325678751395 0.0596009429511407 0.0012526180228367 0.0192187308852408 -0.0492629269931418
PA18 0.0536421450844342 0.0153123638738785 -0.0646764112948041 -0.148458600367326 0.000939735777475638 0.0301743191222351 0.0358344029295616
PA19 0.129359628757578 -0.09107052054802 0.128117784080279 -0.0346964369956953 -0.120343350175894 0.00902466261601386 -0.0261826620948105
PA20 -0.0439537038466557 -0.0626548389793958 0.0557437646062923 0.0623064660600135 -0.00867369102763826 -0.114537955366832 -0.05748991399696
PA22 -0.0303665093162663 -0.100549980830665 0.0719522462819052 0.0236420549508536 0.0598481289482288 0.0150874447167304 0.120837172262581
PA23 -0.0115395140495334 0.0579585437048069 0.0135003819223978 -0.0407105734126889 0.0109956092798659 0.0506530976005326 -0.0716806141922724
PA24 0.0264039717981426 -0.0357628327522363 0.104657705862647 -0.0889070049515902 -0.196793589763987 0.0455223759814374 -0.0746329331978128
PA25 0.00544197431156703 0.0325920056797757 0.0111386291313211 0.114142788065775 -0.0454470475762008 0.0363589676804239 0.0630229877015326
PA26 -0.00970239915517117 -0.0349152146339829 0.0114551017413929 0.0409733087390815 0.0206318549906583 -0.0204230549504108 0.101868740468257
PA27 0.0863674272488616 0.000515725421440891 0.0283310619991147 -0.0124331845297286 -0.0735839168997153 0.0595725949757903 0.129079327529677
RB01 -0.0628726464317027 0.0791768295753632 -0.110217560368373 0.0668357297728893 -0.143000417250956 -0.021509692801738 -0.0548445824663246
RB02 0.0562086315667989 0.0184315634340913 0.0145810280261438 0.0323580975604533 -0.0961279590739236 0.0368011739039685 0.192165974186302
RB03 -0.0757313248701048 -0.0130734928475429 -0.0624629742185164 0.0845631555580871 -0.0926912026086116 0.147041481647808 0.0612647419098391
RB04 -0.0480892381664815 0.0149099150837922 -0.0926052030379935 0.0528443059262233 -0.0795264358612194 0.0503442291223667 -0.0014829852762391
RB05 -0.0372865410543912 -0.00953081015288116 -0.0408511826513357 0.0503896168763093 0.0219383932106115 0.0262186028833735 0.101948837750093
RB06 -0.0139004182506267 0.004559867658009 -0.133942476500738 -0.0566109198719083 0.0402238789591079 -0.101438208558307 0.0545348389688485
RB07 -0.0198961893249771 0.0219775155935784 0.0680693724441171 -0.0714228047533247 -0.0233780671716337 0.0494861008401886 -0.0281420458402523
RB08 -0.0802429346951773 -0.0262699406379861 -0.0471355222189874 -0.064626353810217 0.118764806190488 0.099692310427391 -0.0346570302679643
RB09 -0.0649821216401175 -0.0962630691411845 0.00235984284487498 -0.00844231463042257 0.0726070890514374 -0.0166651143068744 0.128736575621053
RB10 -0.0205027940971092 0.0553602302129887 -0.0404852143730569 -0.0629346065275261 -0.0404565011416762 -0.161610755328097 0.15007988185682
RB12 -0.0607896171557823 0.150369091325863 -0.0410800098936587 -0.115457557877564 -0.0119757041166954 0.0184065404041904 0.0356087578868616
RB13 -0.0572589258190017 0.0316822623962617 -0.0767767142349649 -0.0208978277639916 0.110658686019643 -0.038787958826466 0.04776033744372
RB14 -0.0179853220298039 0.0100245302561565 0.0239417504508698 -0.0202338111816315 -0.0123314500140079 -0.0154741306715661 -0.0376014121504731
RB15 0.0361489358364642 -0.0126322232796734 0.00649262925156692 -0.0558811616155854 0.117429108686569 -0.0383298162066551 0.0385105584791327
RB16 -0.065705615181961 0.0505308336938542 -0.075124802143815 -0.0102628881070009 -0.0385900411087275 -0.0939398392007903 -0.0274466506319974
RB17 0.0740302239160118 -0.130124842969574 0.0290347690031252 -0.0487692784593299 0.0713165562258992 0.0119237899037105 0.0218425344095283
RB19 -0.0378095909754188 0.088923427613021 -0.155644815697132 -0.0120051675907544 0.143763705805054 -0.0894225584233685 -0.0942500018549416
RB20 0.0383776339043699 0.0135042879741289 -0.0576156496301857 -0.00825414236320289 -0.00851383146662974 -0.0174877098841617 -0.119671301141185
RL01 0.149433246594839 0.0441551482083377 -0.0131560515460428 -0.118122065167209 0.0874141862773768 -0.0410078629936774 0.0182272035702275
RL02 -0.00675087878853965 0.0285749585451542 -0.0638718505772714 -0.110412591733602 -0.0220752653703054 0.0457974193932586 -0.00510580063288744
RL03 -0.0886731921032909 -0.00653754228250695 -0.060941646196009 -0.0517038762564809 0.0206677946222347 -0.0656163152122124 -0.0689947622259619
RL04 -0.0745447186505386 -0.0146289154004801 -0.0735792653134089 0.122048511162279 -0.035234243920077 0.0481025016846054 -0.00254368043542425
RL06 -0.0933047093148119 0.050636612866227 -0.049565871708232 0.0753404143811726 -0.0668417019617214 0.0387216294497988 0.0207139303395938
RL07 -0.0204502269252528 -0.0709857233754958 -0.0638128600917909 0.0195512859059301 0.0200398986808853 -0.00743029824149198 -0.00863649029157837
RL09 -0.0776782416955334 0.00285912071678986 0.0207889230843612 0.0511169091296008 -0.0314734176524531 0.103540190452588 0.0585180664585141
RL10 -0.032278018758218 0.0493496652561339 -0.146383591661448 0.121149687133415 -0.0135798507499357 -0.0368835283920815 -0.060649410606316
RL11 -0.119657764693822 -0.0113128746815582 -0.136526266021835 -0.0451509767071297 -0.0509932163177429 0.13068842705642 0.0601317117702535
RL12 0.00213633602650394 -0.095364518978368 -0.0827446824898509 -0.00521181893080805 -0.0190274683497011 0.0303294032415223 0.112315020172918
RL13 0.0496946400639997 -0.0941956916287394 -0.169954163674245 0.0791099171083861 -0.0757092087165617 0.0116080669063287 -0.0525157400322053
RL15 -0.128280911942514 -0.0146750033494922 -0.0971191809567305 -0.0842494511227739 -0.0076130079585235 0.0677394474518404 0.0232442976916684
RL17 -0.00605719990428874 0.0430837020132235 -0.0249581680907049 0.0362087118996253 -0.0788602825811262 0.0641540922484083 0.0888352203205246
RL18 0.230583444603544 -0.0169774066368826 0.00677136906432363 0.0202737430188836 -0.0529743050239398 0.00874866355943109 -0.0122902840946396
RL20 -0.0135468570612201 0.00799994354133651 -0.0805531633450923 0.00997797290261616 0.0042631260148837 -0.043863741935662 0.0852447933300095
RL22 0.0910410982067215 -0.0808973421801028 -0.147639785881711 -0.165970932405308 -0.0525589527140064 -0.0427672601814807 -0.185056151768516
RL23 -0.0438419788577418 0.0286313304651186 -0.16077065980864 0.0627166390470555 0.017961774844264 0.0825219850401718 -0.0481109295846106
TR02 -0.0582997792278498 0.0170072259422848 0.0339610755264078 0.0261495106839321 0.0299731397845239 -0.0486360816262221 -0.0161544573024981
TR03 -0.0877824291939497 -0.00902285903990724 0.0380828434960534 0.101157994655463 0.0692167130148222 0.0499355999983197 0.000762011915020263
TR04 -0.112425468657319 0.0346076002700322 -0.00378449393647446 -0.0589323946321533 0.111025417136872 0.11164195432982 -0.0324550748891322
TR05 -0.0121611455746175 -0.0487119765712867 0.104303955881188 0.00195104182276353 0.0787670421817356 -0.024819593997699 0.146454713413586
TR06 -0.078973708224691 0.00749544742023384 0.191221928813294 0.0229435582467033 -0.0990895387042073 0.0211393916748635 -0.0342262019995629
TR07 -0.00177244303097118 -0.0110359662472945 -0.0064887288917342 0.025453909794763 -0.0143082500121102 -0.104814236959132 0.112214831455237
TR08 0.00312247963578444 0.0807341337626961 -0.0131842851689116 0.0783388508461594 0.0487399773638408 -0.00200481978070066 0.0826125492394788
TR09 -0.125698746008621 -0.0130197451009588 -0.0289292281433051 0.0219791843529054 0.0540384159864202 0.0358534358671493 0.0350897043648211
TR10 -0.0930595680053408 0.0294032979472648 0.0528678237377174 0.0817255262295689 -0.0330905865425286 -0.0388939130764504 0.0792159896814176
TR11 -0.0742676560421105 0.00762617513076536 0.0288095086522543 0.0104850451495924 0.0413607190790418 -0.0656015654170282 0.00105631866429898
TR12 -0.02816905213927 0.0265351997919431 -0.0145027005605619 0.0712305419223558 -0.0198034834439747 0.131053721074428 -0.0199637086910539
TR14 0.247430447420745 0.00378401039008176 -0.0903356439897093 0.0418145018390084 -0.0266181731217543 0.0431172709729479 -0.0983788807729004
TR15 0.0466402921857726 0.0749950642146396 -0.0211844660210153 -0.014055595035641 -0.0864751518444712 -0.0458860131648876 0.127871280643492
TR16 0.00987241457702905 0.113274967209816 -0.108657284707726 -0.061691788251393 0.0550470464427227 0.0212876533226372 0.0244703601661229
TR17 0.0406854162668095 -0.0131184201357864 -0.0860951888771231 0.0394455033360551 0.12504222163763 -0.136984001276624 -0.0572699547093413
