sample MDS1 MDS2 MDS3 MDS4 MDS5 MDS6 MDS7
AN03 -0.0118211198561693 0.0401199055033156 0.0542088908234649 0.0169225722921231 0.0293557617334945 -0.0643092709247466 -0.0320575583876482
AN04 0.060889263224949 -0.0115972017889941 -0.017959586116297 -0.00959210417661648 0.00972302827322156 -0.0547950903228802 -0.0333788995729061
CS01 0.0845488713961899 0.0107594103293461 -0.0281453283284228 0.164725145667244 0.0117126339521854 -0.0382044156597257 -0.0674310349106421
CS02 0.0547370236820665 -0.0027283133688728 0.0640870634696653 -0.107449918991696 0.0600502637192345 0.0449625259850811 0.0405905290622003
CS03 0.0442746297051025 0.0516324870693922 0.0576532643596952 -0.0369765756249941 0.000587526099062388 -0.0240787361107231 0.0316685773280076
CS04 0.0388275063403324 0.0332208247302262 0.038753234987258 0.0239284274939763 0.0181109745526919 0.030834257468502 -0.132009039129264
CS05 -0.03914710551395 0.0974307920992662 0.0579665984270174 0.124106296136177 -0.0142383387554608 -0.0120316703741781 -0.0480587349506821
CS07 -0.112496121597916 0.0381966391884141 0.120965715461394 4.05709870981014e-05 -0.136386912327766 -0.0213365140930517 -0.031384365846916
CS08 0.0863247155547043 0.380319912738564 0.0448177073048245 -0.0499963630894079 0.0877770253634181 0.0285679325317407 0.0320503826424056
CS09 0.0980455657977271 -0.0152285634145381 -0.0559181993871782 0.103702437764605 0.0136060535890827 -0.0657569105572137 -0.0186039058269182
CS10 -0.0242063230244703 -0.0611373062676458 0.0221565724352739 -0.0807780484343359 -0.0350746958515728 0.0534121366289042 0.0357041015164461
CS12 -0.0674688734000619 0.03782917346787 -0.00492455825844479 -0.0908106760764973 -0.0025401898221649 -0.0584878427692405 -0.000280483087772827
CS13 -0.0184122580165581 -0.0858820432980773 -0.00346204241880727 -0.168513134175367 -0.0273873293287768 0.0533005499376913 -0.0713642992273551
CS14 0.00302233508712948 -0.0383990050735774 0.0293293748288109 0.0615087008541826 0.0205451511182431 -0.022292304682816 0.0499500212004108
CS15 0.0208524981462777 0.0261121660183962 0.0994831138881148 -0.0216795318263093 0.0612952490820251 -0.0460621192157879 -0.0810831272612941
CS16 0.00915936949172945 -0.0370658790033125 0.109986302933261 -0.00918700994442195 0.0448149580610242 -0.131713951389228 0.0533260251236644
CS17 0.122043157128574 0.0401230840132736 0.0219113761813279 0.112672106295222 0.0410606618155398 0.0824657171226472 0.0529056324567497
CS18 -0.0220580410915589 -0.0186581513992744 0.0788990341374497 0.0513143254080571 0.0963408735896713 -0.0290429709283863 0.0103114476527402
DK01 0.0374023467988366 -0.080209090141276 0.0107983744463621 -0.0152699477680881 0.0259180129714029 -0.0507313279260586 -0.0447519713609481
DK02 -0.0518928313624433 -0.0249295963956466 0.0216767868100842 0.0887929871888251 -0.0161273755104138 0.0475881839659385 -0.00927200871970846
DK03 -0.119073577218193 0.0200748152165549 0.107296760914988 0.0357475506020483 -0.0311349711635713 0.0327323517130122 -0.017867701060943
DK04 0.0197707148017477 0.0646680566095161 0.122814289376857 0.0291738857580715 0.194816348449849 0.00201893021237199 -0.0546732595784845
DK05 0.0281170348244806 0.528015838794405 0.0383425117229235 -0.0531010246015656 0.16045117256927 0.00826308094766942 0.0938304106040682
DK06 0.0206757234128784 0.0394530053035342 -0.0699602562342945 0.0303891228562392 0.0832699593919239 0.0204379074604602 0.0953345757367255
DK07 -0.0547290556360686 -0.0677221560258091 -0.0330646761116259 -0.0543474204800824 0.0834338396108084 0.0261247333509127 0.0830543875497858
DK09 0.0248855849182996 -0.0345097112732192 0.0205852265540144 -0.0775659970250166 -0.0138419722651694 0.0457473947179042 0.012148446961699
DK10 -0.202871263083446 -0.0245726835717709 -0.0949618774462333 -0.0213619061097767 0.0213467747614044 0.112619008284212 -0.0592155873339656
DK11 0.0559573104364783 -0.0153054412468503 0.0467959164391397 -0.00412493593306602 0.0796729589968994 -0.118451868545152 -0.0167816569116331
DK12 0.0676650455871622 0.0192213636954862 0.00910131434448457 0.00261625035939839 0.0220712402726981 -0.0741099241188268 -0.0204423240041169
DK13 -0.00179942483836998 -0.052868249948025 -0.0080164360263191 0.0394982373282725 -0.0514802774556217 -0.0390975031357561 0.0420771361976119
DK14 -0.0860405677187242 -0.040005404755053 -0.0676670091446107 0.0654445218704149 -0.0723806199972072 -0.110935783900798 0.0198887043682245
DK15 0.0957199577916606 0.0334679508230594 0.110008130819105 -0.0387510161358515 0.0304906997555226 0.0100563133166734 -0.0240105942765917
DK16 -0.0380117898516095 -0.00875822558731154 0.0441383940425233 0.0776133380520565 -0.00278357477805303 -0.045605013953913 0.0214554740977357
DK17 -0.0625510470444557 -0.11821507445583 0.0255560772322948 -0.0105749140023111 -0.032664405228912 -0.0108635494507107 -0.0847246622043195
DK19 0.0119245690915774 -0.0266644558990893 0.0784088206508034 0.07346632069857 -0.0263503523017494 -0.0743902200811784 -0.0336011019117793
DK20 0.0625868193381246 -0.0166474130766545 -0.0424607163532928 0.0202526244828033 0.05933611268148 -0.102157545987246 0.0468889259098926
DK21 -0.0650340264949595 -0.0703851895017531 0.107322691352307 -0.0936676139494041 0.0227211163655919 0.117530935915122 0.0119500318272183
DK22 -0.0335697641571392 -0.0693348764304289 -0.0545831246562562 -0.184324677286853 0.0815165075097381 -0.0217257944777069 0.0432889725441891
DK23 -0.080455816957075 -0.0482872713363388 0.0795528798104465 -0.0714007621157522 3.42217624220115e-05 -0.037879554923654 -0.024069657415458
DK24 -0.0451720463903652 0.0947559691052935 0.0090226426544805 0.142690955406649 -0.0454374647264161 -0.141646593114082 -0.0755913627940087
DK25 0.0429183988452912 0.0347274941163734 0.0195703303468631 -0.0246694669692722 0.0921020941646083 -0.00101354014963015 -0.0287084566980248
DK26 -0.109568458359872 0.0530273580540388 -0.0349517941662821 -0.0184830496265429 -0.0936417148368389 -0.0903884471451469 -0.0844740855234515
DK27 -0.129474873743121 0.00751571020828135 0.105579634182445 0.0405496574224973 0.0528154907679997 0.0836132060881843 0.0502371497454141
DK29 0.0916211221036428 -0.0140501582813974 0.0371694366696132 0.113535643615907 0.0333267862334098 -0.0666947395025686 -0.085422215564857
DK30 -0.138234605399986 -0.0764178478779953 -0.11893671798919 0.0966237482127306 0.119838965081167 -0.0361664176815819 0.117281431829164
DK31 -0.0166462144790262 0.0403583763451055 0.143064977748968 0.00777552376221257 -0.0221168070040912 -0.0244608182244572 0.0491707698749385
DK32 0.0184521063919874 -0.0922028612494773 0.017705631641019 0.0852992587737649 0.00261885584715476 -0.0163620895265354 -0.0892723179496881
DK33 -0.108623186519286 0.0370848556144771 0.0508735807785306 0.136582137347678 0.0429723758500357 -0.124831263133247 -0.0323711434502265
DK34 -0.073405390121999 -0.0531152265496647 0.111494717439569 -0.0942357115142987 -0.0593486878437783 0.0209087632500575 -0.101169711019275
DK35 0.000528800643488112 0.0163775610830567 0.161657518727895 0.0237543451741225 0.0288031123347076 -0.055983208065228 -0.0699991333139144
DK36 0.0389810724697356 -0.0384961750886646 0.0820206829285569 0.0587656921698849 -0.0697189229101052 -0.062569702103802 -0.0234772130332134
DK37 0.0145277447204248 -0.000118276493026206 -0.0423802217116114 -0.101318153471029 0.223220135593392 -0.0484703252705108 -0.192569388190352
DK38 -0.0255365671877174 -0.0269910716428827 0.00731543389392816 -0.0522405055726256 0.134748553650862 -0.176553176134191 0.0769124057754011
DK39 -0.0593795730070567 -0.00468053752366646 0.111791772676159 0.073935719173284 -0.0377797577044457 -0.0147113792740349 0.0172029839982476
FR01 -0.05479450934756 -0.140149704947809 -0.146614224467928 0.0890218558847661 0.0737763413952328 0.0718616538962973 0.0368240657687527
FR02 0.0516029937920425 -0.057688723517966 -0.0330470847815856 -0.0399875556282211 -0.015141411676841 -0.0316798778552812 0.0362581324821213
FR03 -0.0358842676069654 -0.0876263188686834 0.0716445091500595 0.0336330872526222 0.00770442262805463 0.110072531864738 0.00415390741596204
FR04 -0.0548348027992027 0.0694687156538035 -0.0404866658900578 0.138976611288037 -0.108536758909216 -0.0538814670312205 -0.172564634074135
FR05 -0.0792407072154884 0.108816380484532 -0.0862013511611835 -0.111308525954877 -0.196057350850042 0.0396447136595218 0.0280190958320722
FR06 0.0622979410139221 0.0358301006877145 0.0357700826004351 -0.0249770475320892 -0.137148326204017 0.086698037764316 -0.128111884609645
FR07 -0.122952659159773 0.156338856494932 -0.0296827202105343 0.00677054814939479 -0.122648025689103 0.10644226388401 -0.0768582896502367
FR08 0.0102684058129314 -0.042795622112016 0.0342891099623765 0.00948911867710583 -0.0171798956541706 -0.183006202170297 0.0158645648464247
FR10 -0.037223364418427 -0.0323271102073766 -0.0519800872003171 -0.0535342816425308 0.0152819946332746 0.0920568026995632 0.10423590222494
FR12 0.0441294784064753 0.0440700347438545 -0.066234192794878 0.0807119144192228 0.0107959400007904 -0.0137430582944247 -0.0315906067326895
FR13 -0.0912156371550732 0.09317548744413 0.105466873480405 -0.0104980880546373 -0.116408808252088 0.00143449503034585 0.103882248998937
FR15 0.0416337328732334 -0.012210975707006 0.094637825247985 -0.033748518096304 -0.0612933010919105 0.07006192962307 -0.00989141881672142
FR16 -0.175195217288273 0.0595612015088318 -0.0351394598568648 0.0316429324485911 -0.00566824732624175 0.0141071378823347 -0.00649170984025327
FR17 0.0100176359210226 -0.0571899604076224 0.0630273836231517 -0.0295200737260269 -0.118299548308608 0.0318619396942693 -0.0434294511287006
FR19 -0.0408864739136917 -0.0501442907125805 -0.0406525368135405 -0.0906882941843569 0.0965138751559792 -0.0462312324234576 0.0543892796167137
FR20 0.130481166605017 -0.0663086201641212 -0.0147976981646225 0.0153911866479415 -0.0528159199766966 -0.0347021913339301 -0.0488331836221523
FY02 0.039676094832262 -0.0775260793265156 0.0760898364368385 0.03859019683781 -0.0185202245973968 -0.0260085931543142 0.0214209665163178
FY03 -0.0672399009744326 -0.0404838230774488 -0.0238527585736582 -0.0332951190483252 0.0460119160033993 -0.0993870249953475 -0.0466658066643178
FY04 0.020203834112119 0.122404359360246 -0.11565165736154 0.110290160995013 0.0586021264250889 0.0315279858648981 -0.00554583893928806
FY05 0.0214559197385868 -0.0146681037694597 -0.0836371847404283 -0.110413514883043 0.0775593179890534 0.080469139801678 -0.0280759204340942
FY07 -0.0241804384003672 0.106143434260636 -0.0575329129185896 -0.00119867297960681 -0.0115723971421062 -0.136166857836603 0.0153819592985532
FY09 0.00306081008658477 -0.0554997358876135 -0.0580026552718724 0.0846399573007282 0.104890541639968 -0.0511495203599884 0.0349025621267194
FY10 0.0404865170734289 -0.0381383547498498 -0.062121500296366 -0.121714541399688 -0.0954137935900707 -0.0847859299201982 -0.0119514969123874
FY11 -0.116692192734216 -0.0133557968898299 0.00757676191891422 0.0975800037141243 0.00788661632790439 0.0440042229071237 0.0448337601013506
FY12 0.0373998539028742 0.0304858547543704 0.0813283134203707 -0.0178188712864731 0.0323148552942733 -0.0250384259494768 0.139928576936988
FY14 0.0492645581558991 -0.0455768149516077 -0.024831371808857 -0.0286192852642914 0.0121902818970283 -0.0950118660155537 0.0750314023680967
FY15 0.0694498719990073 -0.0503737769944054 0.0962943983092354 -0.0151802351494239 0.0512123690923934 0.0658999225182038 -0.032970520057588
FY17 0.050613049345456 -0.0218149033244797 9.84850213764202e-05 0.0265690389276932 0.0292143048216062 0.0169778366790234 -0.119941108746615
FY18 -0.0350807897451689 0.0192778430988023 0.0310756741688333 -0.119973618094874 0.0493076791026847 0.0450500736878111 -0.0957238640367117
HH01 0.116734110212723 0.0570748313983944 -0.0455952101066588 0.118878126035502 -0.0952442596536467 0.0938095259005611 0.0990829999634049
HH02 -0.155938349591378 0.000758708600532486 -0.0670185531470962 0.104777311132585 -0.014613801664734 0.0262102322035677 0.0896507840298733
HH03 -0.0163866087919993 -0.0168899820226899 -0.0128269743322586 0.047533921368408 0.00868549751015404 0.0638188046152816 0.0343769266964976
HH04 -0.0714094780101984 -0.0281196900541983 0.0604666736328037 0.000972479991810627 -0.10592973406128 0.0979190837818594 -0.0242331361495179
HH05 0.0326964894515693 0.00457377762272453 0.0288065821309327 -0.0556526535336272 -0.0109860663273829 0.0353250447559784 -0.0884098658945479
HH07 -0.0119628194790494 0.108802428751329 0.000741904943230875 -0.0379631249553408 -0.0635679194538575 -0.0508793319991775 -0.00189065060900285
HH08 -0.0446519929837368 0.041254845613635 -0.0328152556374556 0.0173165836715212 -0.00557424330799346 -0.00725726412490394 -0.0288142556636795
HH09 0.0549868072651836 0.000557626739772804 0.0236503214756518 -0.0244455886867623 0.0434659649676646 0.0476189082513846 0.0932803699266248
HH10 -0.0859748545958333 -0.0582761606629123 -0.00957585489897363 0.0782468777328146 0.182595887253863 0.0461163100698445 0.0415329667994288
HH11 -0.0393057656538729 -0.030794679497679 -0.0439580928171385 0.0551638561783366 -0.0836430281391743 0.0655484856035349 -0.0648617472180858
HH12 -0.00620594457315891 -0.0131954688960411 0.00895433914815731 -0.0363311623966436 0.0693727723084721 0.122598972894717 -0.0665925218395815
HH13 -0.000178275204314106 0.00167068261931882 -0.0827421125371555 -0.0225820366672359 -0.06065756238019 -0.0157782996872336 -0.00235334652752927
HH16 0.00106480702773877 -0.0862407057142691 -0.0450160317436279 -0.0769433472436162 0.0360043526389066 -0.0596908220238783 0.0450407743064712
HH18 -0.089592220232617 0.00873368690402344 0.0634262936573208 0.0550337187881854 -0.093486197522314 -0.026445826931499 -0.0581580309296632
JB02 -0.0710282123483611 -0.0484950790469761 0.0318257590831151 0.120731148846245 0.0420013439538392 0.0875449294731836 0.119785332071816
JB04 -0.0419593720081533 -0.0470363324986861 -0.0857093813530551 -0.0911065177479407 0.00172871268604164 -0.0559682115785222 -0.00619535364798932
JB05 -0.0167770310529716 -0.0241450590582607 -0.104690876313826 0.0837499498269867 0.161968585756852 0.101729039683611 -0.00930415528661112
JB07 -0.0073209700646414 0.00657224102639763 0.0463321005395826 -0.0540727839975553 -0.00318860361849911 -0.0315906757667464 -0.0369414574690902
JB10 -0.0813739043076393 0.0346486224637135 -0.0688269893277034 -0.0210367560058397 -0.0268808396411639 -0.0271848758441261 0.00506047211611239
JB13 0.0152007130216678 0.00778325619285754 0.0913565873103781 -0.106045175346443 0.0581638201556747 -0.0115746577796873 -0.0296314492658267
JB15 0.116317599541814 0.0360690094603408 -0.118298096747954 -0.0137247140269779 -0.0379806089343033 0.0685198857133507 -0.0811472235986302
JB16 0.0727270519868469 0.0379335146140612 0.0449115732833655 0.00728769132327988 -0.0120967395321174 0.00145798596693869 0.0528066030669702
JB17 -0.0337605705478502 0.0391434524119189 -0.173574031406946 0.00551665477810984 -0.138484476242852 0.0467591629824364 0.0367491282571711
NB01 0.0386359595275941 -0.0302432526803368 -0.0280713787472843 0.0296735446335956 0.00401251547465167 0.0307058483788106 -0.0894193476761231
NB02 0.057208308005896 -0.0415500046158391 0.0469578584085733 -0.117400851849654 0.0532749568978347 0.025637483644427 -0.157709335846854
NB03 -0.0435603046657969 0.000764037880736677 0.0593165006000966 -0.0626225444937157 -0.109813095840133 -0.11226109061472 -0.0362713547652664
NB04 -0.00460972961310237 0.0184130212623757 -0.0214976664134407 -0.000340492458885411 -0.0657965705991125 0.0192208069219679 0.0163790539973036
NB05 0.0444565662615174 -0.068595625408421 0.0884078121669993 -0.14945667301395 0.00895661151916404 -0.0477510082966653 0.0279874379576995
NB06 -0.0138051184657167 -0.0567190332396049 0.0812512250514449 -0.0413777155899503 -0.070881299271678 0.0443368803044018 -0.0733854828859531
NB10 -0.189422587311458 -0.0115680799734466 -0.0947242843064143 0.0139708413210909 -0.0781742326991846 -0.0503727552313239 0.0933635978499112
NB11 0.00807979264067093 0.0317166054615189 0.0460409947659869 -0.167061890537336 0.0402212973218488 -0.0472938543987464 0.0248982399363737
NB12 -0.0453527311240756 -0.0441995883173487 0.0621783709711399 0.100765391271642 0.00776879382420715 0.00939267091751012 -0.0295474651785683
NB13 -0.0317078083964927 0.018016491940012 0.0773116355702245 0.0536086197586373 -0.0592579728382077 -0.0733347989472015 -0.109272046858153
NB14 -0.0320012186092929 -0.0894653251411744 0.138498900788811 0.0267572652798275 0.130090906435313 0.0152791685752208 -0.0150546901600085
NB15 0.0388077993083293 -0.0535978217372767 0.0323259021882785 -0.0221066299141389 -0.0230238559976096 -0.0708640428721428 -0.0404077027935858
NB16 0.114571846161209 -0.0179687622788655 0.0226005086455979 0.0637269860596848 0.00867507660419604 -0.0768571705500588 0.0113933160025199
NB17 0.00646501812027774 -0.0243965072824811 -0.0566723529558488 -0.0959417545763662 0.00445765978888346 0.00285105261109393 -0.0210028610899598
PA01 0.0967395508521783 0.10167618845745 -0.0706089945715969 0.0105171087214886 0.0200871417280856 -0.0205808317224425 -0.0862851624120432
PA02 0.0224588421576447 0.0225449949001921 -0.134805156325754 0.0811103920060464 0.0169334757502244 0.00330389320157016 -0.0132521728416667
PA03 0.0485031008636205 0.00460256631364608 0.0156735879148054 0.0976698888299263 0.0315081632325283 0.0577588650995475 -0.0630672035553736
PA04 0.0616210594310699 -0.0145339376042733 0.0127555304906811 -0.0879454743564571 -0.0878291209928806 0.100845483448634 -0.0182754383567691
PA05 0.0735256033522079 -0.0452291552750269 0.0538086629122669 0.121770466548605 -0.0023516608183652 0.0922976818959147 0.0581030701409728
PA07 -0.116700599900846 -0.137332239383163 0.000396140891427547 -0.0725540701255256 -0.0176104513329143 -0.027427560379889 0.0064735575848375
PA08 0.0794878096982543 -0.0107295495592235 0.0423973630713234 -0.0561606157218765 0.025255488324952 0.0924982285901304 0.0702417115502648
PA09 -0.0465504491699928 0.0970479493544265 -0.0848182432650744 0.0111531869539688 -0.105057971330934 -0.160185796697085 0.0872774727333598
PA10 0.0493750508798991 0.0670735566387843 0.0255138492611949 0.0436698015989383 -0.0063664505448681 0.0391136256297461 -0.140564695275338
PA11 -0.152136441178528 0.0181815525354004 -0.0500328834470578 0.0450447743025491 0.00434377258631704 0.0967636149749325 -0.120070829198073
PA12 -0.0108661923964566 0.0214598562584525 0.0498268409036867 -0.0682415716744021 -0.0242524820066685 0.0527561154900117 -0.125659027572032
PA13 0.0240498478719173 0.0159374260460495 -0.00996223411710733 -0.0967106457828458 -0.0554642532471787 0.122203148984561 0.0582471803777205
PA14 0.0818349939302654 0.00836603190035497 0.0496517865645487 -0.0732214375228754 -0.0833414130823016 0.0395389814789646 0.124667616960783
PA15 -0.0230814277654541 -0.0753746771557684 -0.00567827157818187 0.12015988597296 0.151742804324011 0.046977537751018 0.104067979039536
PA17 0.00551106981267386 -0.0512210190914607 0.0349551936902062 0.0259520635119745 -0.0605304825733204 0.0102336045465645 -0.0172846073466157
PA18 -0.0451486510284806 -0.0113088275687155 -0.117124056934489 0.0295520148886483 0.0810746095159212 -0.0767805070764914 0.0895729817480017
PA19 -0.152409657716153 0.0824558115914594 0.0977921669641636 -0.0636699768716979 0.119727387775946 0.0586813281925266 -0.0353613104224803
PA20 0.0454633354602223 0.0454658247225671 0.0884161820683024 -0.0574234183942487 -0.0512674332251077 -0.0219646147876656 -0.0313694567787637
PA21 -0.020763248295878 -0.0429536257282149 0.095326382466142 -0.0489529029944943 -0.0398206688203272 -0.0317402530138346 0.0621762265771412
PA22 -0.000495672241686049 0.0847310313329207 0.0875419219165353 0.0156684588406597 -0.0699853396606849 -0.0307363641824943 0.0991397461574792
PA23 -0.00552970512344335 -0.0626781607666024 0.00690387806666167 0.0660966007140915 0.0176976260068729 -0.0197260493432443 -0.0156144466549137
PA24 -0.0514464494682678 0.0196858755750481 0.0940984364389528 -0.0429011222817959 0.204952119259341 0.103300271698844 -0.0178208333143349
PA25 -0.0153898988445123 -0.0145236176424764 0.00972582687579152 -0.0177701033659945 -0.0491668064027366 0.126737995526927 0.00314585948968255
PA26 -0.0021478516723029 0.039772617694808 0.0203675633812775 -0.0345391582354595 -0.0680857712550764 -0.0309453883467901 0.0977886645364036
PA27 -0.113523221511007 0.0165688478943989 -0.00990442697947717 -0.0124772330754496 0.0156412313008734 0.066176966913165 0.118450913068087
RB01 0.104580809345686 -0.065970801545374 -0.0709229326856826 -0.042525163654591 0.0129655347845647 0.154751536086392 -0.0441304282226875
RB02 -0.0840015259107081 0.00262690038381058 -0.0118197107105144 -0.0293424111862046 -0.0275083774707359 0.097304944492441 0.181062612945342
RB03 0.0665684327394165 0.0327295919384588 -0.0447704859367028 0.0459039922817853 -0.0237474265656074 0.16331585664481 0.0916573310296852
RB04 0.070103665012989 -0.00334921691529866 -0.0786456580900321 -0.0384981598562456 -0.00451748395257605 0.0865261790837848 0.0373444875045507
RB05 0.0304792373079396 0.0250918142204069 -0.0424539715263995 0.0107386483370587 -0.0737030882974533 0.0129283434135331 0.0881329152354
RB06 0.0622705118359397 0.00795661156031547 -0.121080884613065 -0.0945490970757759 -0.0166915590877534 -0.0898514152424869 0.0490151836996064
RB07 -0.00925711118518756 -0.0459228314524774 0.0414203396189685 0.0326212788321069 0.0627125644097394 -0.037897212757509 0.0603847328674979
RB08 0.0838570793062703 0.000950110727713074 -0.035093128206369 0.124982683364935 -0.00189009368348645 -0.0737837447140379 0.0195068606722769
RB09 0.0707446777060529 0.0885641987933208 0.0155516239263214 -0.00935750597774958 -0.0666847938096696 -0.0687177609250278 0.143559479245687
RB10 0.0279058236601866 -0.0540870455297674 -0.0583786796084482 -0.135600929163951 0.00101704654147262 -0.0674113475892767 0.151897248372816
RB12 0.0389146949868964 -0.155120262933584 -0.0636110996209389 0.0129981086290645 0.0774445977473851 -0.0257190999020622 0.0628318065455229
RB13 0.0696354338641874 -0.0260985451780538 -0.0663458569699872 -0.00814407513794701 -0.0775119268666877 -0.104305787074549 0.0179519913725031
RB14 0.0106818211536282 -0.0203946551303898 0.0286372979872412 -0.00357648761905703 0.0248656396541739 0.000861121324656141 -0.0242254330619736
RB15 -0.0310736343630131 0.00597228216424503 -0.0379054344291561 0.0310593525368635 -0.0571501976393708 -0.151562360856971 0.0326503832627368
RB16 0.0874515637110786 -0.0437153615295601 -0.050927664504601 -0.119928935293268 0.000558337993205637 0.0139191038711976 -0.0201441090453087
RB17 -0.0604906086867011 0.123960415615038 0.0202885851140927 0.0695568342229601 -0.00178525765115125 -0.101438930963969 0.0282323204418392
RB19 0.0962025934854013 -0.0833964830718901 -0.136246431751362 0.0114926202352707 -0.0627470323287437 -0.0862040522357506 -0.175467889956784
RB20 -0.0103039800305134 -0.0020964426599688 -0.0538639496383688 -0.0228393738499143 0.0292181055713889 0.013608486068191 -0.130313038184693
RL01 -0.154475285268858 -0.0230138767162412 -0.0986221576977249 -0.0131178637931601 0.0278935335470381 -0.123940614899576 -0.0165009587706721
RL02 0.018991880832416 -0.0252670466977541 -0.0869697083110774 0.0230058246245398 0.0937510188339455 -0.0162173492881241 0.0265339923975936
RL03 0.118798478329367 -0.0119942929546888 -0.0307712467073264 -0.0310194088787473 0.0423113763669616 -0.064789042355742 -0.0670009552100034
RL04 0.08281635306638 0.0284920162098134 -0.022497499590629 -0.00614658900690405 -0.0736132636773285 0.111603711723342 -0.00355559519187811
RL06 0.0906208650147572 -0.0364219259789349 -0.0128724590666294 -0.0143672607588249 -0.0158352350220229 0.107467551207224 0.0263839576471171
RL07 0.0491080288453741 0.0715905976734165 -0.0281612153848264 -0.00317653246447114 -0.0263444104190119 0.0103677941324757 -0.00252499082531649
RL09 0.0402165903114048 -0.00977584396530579 0.0426328547947386 0.0510936648776761 -0.0297526069776338 0.0738568134998595 0.1081929537308
RL10 0.0810455745836255 -0.0192697817005838 -0.118359531648172 -0.0437237913097812 -0.0912898358377399 0.0968927150085636 -0.115168774931019
RL11 0.143939440089522 0.0196119470588318 -0.100471368162632 0.084928656690253 0.0507856182109496 0.0882356580637585 0.105225438965912
RL12 0.0190345011518207 0.111464173219868 -0.073493726939832 -0.0392530459778154 -0.00755644685532954 0.0547503180057809 0.0733823795333416
RL13 0.0346331966285444 0.122523398535271 -0.131395008393015 -0.00879235910581026 -0.0131041761654422 0.117969996180407 -0.0752760237019821
RL15 0.15598144743448 0.00303331065830341 -0.0572659568437134 0.0599790919652708 0.0777100602788442 0.00865013268909178 0.0503784785119619
RL17 -0.00418099619735312 -0.0330199403104468 -0.0369193058489771 -0.0128889946116022 -0.0142204506131574 0.114850339158362 0.0914500070035826
RL18 -0.209500712564006 0.0472545283812324 -0.0445336981686588 -0.0187881860603844 0.024016323905257 0.0547999884653147 -0.0361222365729292
RL20 0.0242475355053754 0.0138761164665258 -0.0784655666223405 -0.0782499318874546 -0.0405362459176013 -0.0369853975438225 0.0904833427307943
RL21 0.0552507082675328 -0.013469881747303 0.0393757690230956 0.0589172474370051 -0.0641056969607109 0.0598732328358359 0.00612300411640249
RL22 -0.030810418747369 0.120847047727395 -0.156785469700074 -0.143100672578709 0.264851199745205 -0.100977120401448 -0.161126135334621
RL23 0.0870694634624761 0.000605996871840568 -0.121798063581403 0.0764502787507946 -0.0504188183377015 0.0719305333934735 -0.0378246923765147
TR01 0.0434325734924561 -0.0765863488096579 -0.0292915311695469 -0.0598346709571663 -0.0383028430187664 -0.0837632011299052 0.0604513955705819
TR02 0.0555412493412599 -0.0375223573012623 0.0527915272629684 -0.00433394768888778 -0.0446187251516303 -0.0173984531492667 -0.0125342302234607
TR03 0.0598389299987093 -2.77066747634982e-05 0.0577958836219487 0.0839915833212439 -0.114468633941824 0.0156273771472302 -0.0047333610632894
TR04 0.0932509756072551 -0.0631690295362796 -0.00914263523799322 0.155250419520772 -0.018135172199638 -0.0394633412001749 -0.00218304227680964
TR05 -0.0332892997413086 0.0335028287144814 0.0956013000344904 0.0133160773278196 -0.0827925272212207 -0.089040326308495 0.14069242545195
TR06 0.015254605942643 -0.0476004267483101 0.217166891170171 0.00204164249283536 0.0451453189317644 0.0338796266678731 0.0705226536843056
TR07 -0.00919539066470024 0.0230732845017283 -0.0019303544588293 -0.12354634407716 -0.044212937073407 -0.0191526394054042 0.080772961806019
TR08 -0.0159228111862298 -0.0695535505579819 -0.0400256646503899 0.00776130078746132 -0.13941059606781 0.0366053542860709 0.0373114870318271
TR09 0.123653152550259 0.00459745075096594 0.0155240986437508 0.0463239551673432 -0.0413295547357693 -0.0110956996692696 0.0156794030213895
TR11 0.0511350835622631 -0.0235867851654301 0.0467579274683793 -0.0391624368564282 -0.041869508436605 -0.0418085714134043 -0.00464970169790767
TR12 0.0186752477513885 -0.0235137029357398 -0.00175760191322683 0.0780090275890693 -0.00186075513066416 0.109029036300376 -0.0186828605065091
TR13 -0.0368013004719411 -0.0491284590331283 0.0948001203894593 0.165443097050908 0.0746690239054299 0.0830057496464434 -0.0955188870051695
TR14 -0.193956403566804 0.0427303530570323 -0.159672799696506 0.0197831175280873 -0.000318329359117892 0.0913760035975823 -0.14580672968077
TR15 -0.0384114103879597 -0.0616463593005794 -0.0426831774719702 -0.125714363674089 0.0173532966632254 0.0667854486365151 0.0617081625069652
TR16 0.00846421426014042 -0.0852206666693172 -0.141191832220921 0.0154763416541166 0.0189490943017309 -0.102356278321443 0.0309780193414036
TR17 0.011826381358033 0.025206804205285 -0.0664899296258775 -0.0666797820373782 -0.104810545700107 -0.107939564919242 -0.118111874021924
