sample MDS1 MDS2 MDS3 MDS4 MDS5 MDS6 MDS7
AN03 -0.0136682091463234 -0.0458693506053018 -0.0452210909637991 -0.0015059150089752 -0.0283520133024871 0.0576606205603939 -0.0314089549899621
AN04 0.0443865191301535 0.00405858590932748 0.0496283339583832 0.00224705090198028 -0.029396849748465 0.0394197768715526 -0.020986953940433
CS01 0.0662120150131259 -0.0389767750271115 0.0447309176850397 0.148521194214186 -0.0527926947978873 0.0814591381933776 -0.0408065716284872
CS02 0.0443322520975333 -0.000825476433692199 -0.0518410834017662 -0.0954672005436203 0.0876383623953359 -0.000143436153233735 0.044988382284023
CS04 0.0160732440347331 -0.0456225343203202 -0.0139850986428981 0.0226677517552385 0.0724243560479926 0.092003716904624 -0.0889396922812347
CS05 -0.0502956017631787 -0.099461576947387 -0.0643345989963665 0.113655715063981 -0.0124532918979127 0.00251792061990427 -0.0857756800555988
CS07 -0.0677693552453133 -0.0108021076477601 -0.114242184736532 -0.00417992735479098 -0.00434770578083515 -0.124826593098255 -0.12621941606682
CS08 0.0168082266784552 -0.388495449460134 -0.0184635480703558 -0.0683068110307904 0.0976808273669839 0.0189033591213583 0.070357707309832
CS09 0.0682932161386894 -0.015426410596218 0.0561778680185604 0.0566777625378797 -0.100221670033373 0.0710470227105404 -0.0111461231998265
CS10 0.00147193097436283 0.0661388565043485 -0.0374734728713147 -0.0452264175765008 0.0515022197881516 -0.0648027406328759 0.021271728058429
CS11 0.0997474452215266 0.0415305284234895 -0.0289749151282858 -0.112657836706153 -0.0288237749154147 -0.0487771915567596 -0.0274809570552944
CS12 -0.0610283810003641 -0.0234617658899618 -0.00469180885977546 -0.108412874408712 -0.0503127675079862 -0.0126710460757327 -0.00725013062277581
CS13 -0.0177832355858346 0.103095294227456 0.00882971601104092 -0.102215082454157 0.120019156899981 -0.00193988862450314 -0.0659057218695885
CS14 0.0256769116589152 0.015438052157136 -0.0432012861161879 0.0287538949862625 -0.0588449491641083 -0.0442084656084137 0.00979307958656719
CS15 0.0191067658450535 -0.0337007747520212 -0.0682407577624137 -0.0423503916908005 0.0219848306036853 0.0694082767962895 -0.0680780658582176
CS16 0.0366177451536007 0.0171397600647431 -0.119065765629689 -0.0696575350156307 -0.141651391246571 0.0484549942383283 0.027634063767459
CS17 0.116195990583395 -0.0817423056158895 -0.0216259124280912 0.086529057567029 0.0271430581364313 0.00146355925040587 0.0504563509506441
CS18 -0.00141669840418916 -0.0111033830884107 -0.103786077469655 0.0084466082196753 -0.0730053665274928 0.0704955454287742 0.0512408808537994
DK01 0.0407083192485133 0.0610641711657387 -0.0132154863234724 -0.0480544332665151 -0.0374733922874047 0.0651038637485619 -0.028403472210718
DK02 -0.0487889981041281 0.0291670184045918 -0.0347923601229914 0.0908597842328852 0.0274581921826079 0.00711386759734964 -0.0126442835539918
DK03 -0.10004605813649 0.00146209978537084 -0.105806076666902 0.0576531813321928 0.0404559549100216 -0.0549056383002585 -0.0560106670622694
DK04 0.0120252601598955 -0.0930178433925364 -0.130099095174354 0.00533587999695768 0.0311705470936892 0.199086388306489 0.0762052741690892
DK05 -0.0751569844308331 -0.537874391831835 -0.0500747129230749 -0.098395561007594 0.0660190968148 0.00877861576185435 0.138475850108641
DK06 0.00412212561285574 -0.0400283026482936 0.0477796003655179 0.00299926342344664 -0.0660718192115754 0.0307345311515725 0.157565244175878
DK08 -0.108673191855086 0.0217712602849891 0.00219455241302457 -0.020692753903558 0.101650370842568 0.0138163413700808 -0.0615422374580477
DK09 0.0194636537923459 0.0263558739014424 -0.0141052846869092 -0.0520055226388308 0.0508774847941871 -0.0418888951584682 -0.0143940340258288
DK10 -0.205047682658936 0.0773282361072791 0.0556392064667169 0.025292016420325 0.0715535208455385 0.0179089324226217 0.0168676773820998
DK11 0.0538663474995443 -0.0174796667990554 -0.0625241054194043 -0.062320404571284 -0.113576559922723 0.116904525261453 0.0123084116060607
DK12 0.0621900446440518 -0.0476786815767908 0.0022447905885927 -0.0104267535238224 -0.0627851652756293 0.0651309684180919 -0.00739019774590638
DK13 0.0305441186812901 0.0359694408058942 -0.0220683832364996 0.0355989205805223 -0.0765699474763442 -0.0513860169081969 0.00678356708241434
DK14 -0.0726634039459115 0.0404784614979788 0.0337365512896237 0.0297569685806049 -0.163574213909346 -0.0598449750588015 -0.0516516734197846
DK16 -0.0226745604831111 0.00798581502165076 -0.0623331052283172 0.0516161017653226 -0.072823810777836 -0.00640658910415076 0.00419930911225364
DK17 -0.0354064973663575 0.114536490800495 -0.0408733810375685 -0.0120387109982806 -0.0131914302309233 0.0194705746189007 -0.084276445116552
DK19 0.0448254983548096 0.00990576907652533 -0.0837449230114485 0.0343245944665398 -0.0713846055983838 0.0226542149326395 -0.0594306340110268
DK21 -0.0277129671275467 0.0935185201132894 -0.100478785264957 -0.0487649929066092 0.126171107036196 0.00519226155069218 0.0460624233662574
DK22 -0.0508985789447288 0.0837901737224404 0.0358142640277254 -0.171058967333767 0.0367188482532254 0.0179605913271461 0.0604906078342212
DK23 -0.0695249725224052 0.0639538748357751 -0.0912566578387164 -0.067060891455095 -0.00049827069728459 0.017975324976379 -0.0252553623575483
DK24 -0.0652519343978438 -0.113382358994402 -0.0209861222102757 0.0847304020597028 -0.109538163704611 -0.020039555041102 -0.166573641065238
DK25 0.0140769243429248 -0.0544274198371781 -0.0148135883161546 -0.0677821456434699 0.0173533572915862 0.0881281256878228 -0.00365063591857623
DK26 -0.118337558335176 -0.0164979352481332 0.0266348378452081 -0.0121809703774702 -0.0678610774322611 -0.0351588888382451 -0.111148703697889
DK27 -0.103090818825877 -0.00230193939650565 -0.132147500310835 0.031254770646574 0.0469613129809325 -0.0514981185841274 0.0559664003631732
DK28 -0.154450469767998 0.0436104702938581 0.107640800188434 -0.100024372909683 0.0229395776863259 0.0503127252423479 -0.0261362955859328
DK29 0.0794516027882344 -0.0265651244556004 -0.0225337084287643 0.0766456892874757 -0.0464624524320982 0.127013972549696 -0.0634604195165742
DK30 -0.140811106181867 0.0733080437751031 0.0460952688240562 0.0622514007363132 -0.133691949508626 0.0164384799872206 0.169847751448119
DK31 0.0296704341391512 -0.0415527388187345 -0.135207892664727 0.00190328975236375 -0.00399995611390213 -0.0574762602498867 0.0140043643086387
DK32 0.0266706768049309 0.0637659846734612 -0.0208035975485914 0.0603572954067811 -0.0540597829783071 0.0686924911957298 -0.070393366873681
DK33 -0.108028671479329 -0.0362237787803679 -0.0875082795029067 0.124498945087586 -0.0908021601780025 0.0777204484969101 -0.0409441599004294
DK34 -0.0519128712202634 0.0632262316148126 -0.114473368000919 -0.0719066529673129 0.0686517452671112 -0.00616856344041742 -0.114615512590765
DK35 0.0170083158311644 -0.0301527496432365 -0.138171461870587 0.00493998936002986 -0.0106787596479333 0.0720346426790898 -0.0853247816089084
DK36 0.0772600745484441 0.022571649743205 -0.0737805696515683 0.0574353868619715 -0.0435446161786475 -0.00745108564906593 -0.100595995163409
DK37 -0.0068864248782984 0.0026326095606227 0.0636469255083696 -0.0909569409865478 0.0134475299219041 0.299011680225555 0.045632837967238
DK38 -0.0314477175393011 -0.0049426785243871 -0.0512717067253909 -0.107440816306859 -0.169341204528104 0.0660118167730661 0.0824654943595248
DK39 -0.0247308805289793 0.0128376047038574 -0.131772667746424 0.0855706864154299 -0.0192692304455738 -0.0213952374904556 -0.0181397331085715
FR01 -0.0559746167434653 0.144485775442645 0.116376349077104 0.121072272754831 -0.00413392211833675 0.0565327470838755 0.110914970033544
FR02 0.0556204519097099 0.0485529809793268 0.0437418628529334 -0.0384803613231958 -0.0573033930800802 -0.0191476200147587 -0.017751927609687
FR03 -0.00165753598497193 0.0917077852452429 -0.0805021510791769 0.0512762599468715 0.0831745859329867 -0.00649581141254344 0.0155261767302712
FR04 -0.0712252073437168 -0.0582218885517554 0.0353671714437951 0.13900277743685 -0.0347087750549213 0.00853189943601839 -0.215839790320961
FR06 0.0603955638649066 -0.0224897661025416 0.0108116304205654 0.0274510997576592 0.119268044587161 -0.0057865303405653 -0.155543622060131
FR07 -0.144242697409539 -0.112569391220138 0.0339841461652175 0.0545126137914285 0.099175106378486 -0.115863884941385 -0.10137545501253
FR08 0.038874711522943 0.0122327911538358 -0.0424202687947297 -0.0560601442021091 -0.178684856394849 0.00149110909728681 -0.0591627638374521
FR10 -0.0366213595760908 0.0489072028642147 0.0388624071998185 -0.0287400471479351 0.0460817319665001 -0.0900977900322878 0.104891841292803
FR12 0.038558652681791 -0.0445003293400569 0.0686411611374661 0.0825637836736728 -0.0263659881446902 0.037780113022295 0.00781320296730256
FR13 -0.0479346441044379 -0.0686168456123629 -0.106644471852141 0.00730001163321977 -0.0237513044113992 -0.180335071854605 -0.00807177663919666
FR15 0.0574492736023724 0.0184463013027516 -0.0649212708926271 0.00746228017011466 0.0959948940603564 -0.0405856352463392 -0.02670216118223
FR16 -0.168122622564389 -0.0288484572581952 -0.0141081791149778 0.0354228151754929 -0.0453193094875067 -0.0155631290223294 0.00688341164512725
FR17 0.0528324586982527 0.0642622503287159 -0.0436828867398597 -0.0126504806630298 0.0251271074933721 -0.0672084445578674 -0.1150479309683
FR19 -0.0578286866855657 0.0503635267775092 0.0259129956752506 -0.116395425946527 -0.0463639079110873 0.050043345808195 0.0859991819128832
FR20 0.132747415195061 0.0389933853470963 0.0320407360943076 -0.0101964769637341 -0.0407085305229394 0.0232631109621301 -0.0840725917323469
FY01 0.0437290110803555 0.0475529321431192 -0.0250137990836221 0.0383191867806762 0.0601892363420099 -0.0243500772726019 -0.0637799474936133
FY02 0.0794633537525459 0.0586803668169263 -0.0695606428848836 0.0252745542850701 -0.0490675096259929 0.00514767170983787 0.0106078412881856
FY03 -0.0591947872778443 0.0422136092201637 0.0172467908381792 -0.0583538020829594 -0.102386672875048 0.0566594948973789 -0.0136586644400912
FY04 -0.0261056870950902 -0.127561203009955 0.11917797083013 0.123773800248388 0.00158355945448634 0.0674262735245258 0.0825771159642934
FY05 -0.00916171977281356 0.0137357635500384 0.0758047365388379 -0.117977872229085 0.0844080709414964 0.044155394196357 0.0496873363579697
FY06 0.0012014136082726 -0.0179819597875198 0.0979577530330781 -0.095848882104003 -0.0147999096469238 -0.0323373158564007 0.0186291125861805
FY07 -0.0528152826045398 -0.10693066224433 0.0428907996540445 -0.0388315229649625 -0.11065312588948 -0.0251046513305448 -0.0312675365179336
FY10 0.0399989841699538 0.0373822271323592 0.0705398477696721 -0.131343590782003 -0.0464961511497111 -0.0720650995072249 -0.0909404452698994
FY11 -0.093406601721479 0.0297111783492616 -0.0253675361955924 0.0855484608237504 -0.036745645919852 -0.0171591950703431 0.0678926739207954
FY12 0.0531625660591071 -0.0561938747239962 -0.0738801395921854 -0.0328045989410072 -0.0514715542729479 -0.0753045500519241 0.0960744086417681
FY13 -0.033460503625562 0.110689593869286 0.147807787590304 0.0803063277525181 0.173058812133222 -0.0577050481463349 -0.00510776169332825
FY14 0.0553766376446495 0.0199527783608049 0.0151590429224868 -0.0293622232884751 -0.0867564563931873 -0.0375652880916712 0.0111800475844023
FY15 0.0681891391364827 0.0380844637353444 -0.0716410115862159 0.00590328632692462 0.095547789482758 0.0627070411339187 0.0152181308442807
FY16 0.0267628043565944 0.0687352742171699 0.0490143918062803 -0.037751719475483 -0.0714092671159054 -0.0439443649883907 0.0195326782610299
FY17 0.0358636863780401 0.0129255427395677 0.0221606596148573 0.0332143572636505 0.0413185909503267 0.103489724607586 -0.0820861052231349
FY18 -0.0426052110511575 0.00231524135563484 -0.0189259562197221 -0.0869093575471026 0.0929203492160123 0.0909878992744749 0.0123985175789703
HH01 0.125138721441634 -0.0647450094353399 0.0548125417221823 0.157758006938855 0.0241455122699965 -0.109862631103928 0.069526636650761
HH02 -0.162348978330944 0.0336252536391741 0.0244691632398113 0.138716271027079 -0.0245224627946546 -0.0611391239702402 0.0737849671947749
HH03 0.00123527080986702 0.0212993951870597 -0.0114844211065832 0.0744446791666091 0.0271576287784661 -0.0289174585582338 0.0618890063181413
HH04 -0.063702932249767 0.046080243523082 -0.0637083655240414 0.0507026833323916 0.0943495809556362 -0.0992219525917509 -0.0812031343922523
HH05 0.0271826591129394 -0.0131772630737297 -0.00424586616592809 -0.0385694876925378 0.0859290893576525 0.0384777275425067 -0.0529106438076688
HH07 -0.0227894409501759 -0.0870926339287026 0.00351378504222327 -0.0417904398185094 -0.00278042778880072 -0.0486338896750825 -0.0329290390772459
HH08 -0.0687133974946491 -0.0308261928266193 0.0347270134138112 0.00792215280229565 -0.0122643584551966 -0.0156979361499965 -0.0325356961748155
HH09 0.0469604207666133 -0.00929954762411078 -0.0328917495102234 -0.0328222409381215 0.0500383737584343 -0.0477266697810012 0.0762165848017768
HH10 -0.0791233767535589 0.0463115508923245 -0.0546504237540469 0.0489836860339604 -0.0352738700025742 0.118979780913536 0.180894967493794
HH11 -0.0199188995425419 0.0414852882914892 0.0363344284287773 0.073371801636382 0.0296136726289154 -0.0169638706285375 -0.0359456091698101
HH12 -0.0111596391192644 0.0101823514626997 -0.0174993334939019 -0.018924350378398 0.11654413759355 0.0678251697242502 0.0326406423575233
HH13 0.00310851050364099 0.00250609405078503 0.0714881723093835 -0.0266379986016785 -0.0345788396744727 -0.00709953012557124 -0.00329394222524715
HH16 0.00648984200205337 0.0770784818412365 0.0350334056712593 -0.0777175585152656 -0.0662141064925546 0.0369839604926262 0.0573921961938328
JB02 -0.0316575271988636 0.0544462236476613 -0.067796973175531 0.159270243161499 0.00314776564678072 -0.0246620143019447 0.150052845298156
JB03 -0.0162727819227037 -0.0625577419213358 0.108666686062901 -0.0204563509134503 -0.0346863793912636 -0.0437723792593355 -0.138704368114151
JB04 -0.0379469500413183 0.0565852397793382 0.0846231557902633 -0.0923939943635816 -0.0405013435961382 -0.00204916912941612 -0.00504978899829816
JB05 -0.0445847868925718 0.0324980859799585 0.0835484137364246 0.109450131871165 0.0559643085867934 0.135831506457435 0.147857711206637
JB07 0.00735308777636613 -0.00832070334469498 -0.0445489197083331 -0.0514267053070957 0.00760886266805532 0.0260296508089878 -0.0536995228918184
JB10 -0.095507633879904 -0.0219492644381139 0.0611629378965723 -0.0255342446967644 -0.0287610563366152 -0.0545352589284594 -0.0196036111540249
JB13 0.0201811580966041 -0.0142435256892279 -0.0780902999841256 -0.136102383852928 0.0411842126951375 0.0504670460705137 -0.0149485059345576
JB15 0.0807364667231596 -0.0256471403725179 0.159589002167339 0.0242781296356797 0.100557777576078 0.00167593414837009 -0.0467492257223408
JB16 0.0798135865899876 -0.0478076471946513 -0.0246302948599193 -0.000855822693866558 0.0018789539262569 -0.0464711768555671 0.0132378388373073
JB17 -0.0406783857348035 -0.0110461229232985 0.166133159611688 0.0287863951404469 -0.019250815611982 -0.166246028419401 -0.0261961185425218
NB01 0.0376759048972086 0.0244442406778585 0.0316233778258373 0.0568110363095482 0.0407932016445198 0.105392529874551 -0.0178134156509709
NB02 0.0428920854645768 0.0212841227389081 -0.00970128425545542 -0.121329884141177 0.0767503666856946 0.126116008084889 -0.0880133860720097
NB04 0.0047457005767963 -0.015721502928463 0.0170155717542869 0.0328632029580857 0.000792972111693351 -0.0515163459758181 0.00799086562042554
NB05 0.0556931568814282 0.0571366065711644 -0.0841114713994345 -0.163211927295306 -0.00468567405616398 0.00353166198926612 -9.05698541760848e-05
NB06 0.00865636290028741 0.0691005358633013 -0.0477464484483855 -0.00656295568070194 0.08513768322797 -0.0349728091930649 -0.117141079781304
NB07 -0.118235494311378 0.011940378118885 -0.0256527719362269 -0.00460551792017371 0.0700137622453689 -0.0435243228795592 -0.0435993884283814
NB10 -0.167186147414232 0.0500901681773442 0.0400847636303558 0.00579356143997344 -0.100258947297283 -0.14276737687975 0.0201628592248971
NB11 -0.00646898782942273 -0.0261820015101795 -0.031532554834376 -0.161280579136204 0.030056302742987 0.00167513193225106 -0.00339342486077227
NB12 -0.0163607536855507 0.047352613987358 -0.0830380898357212 0.102162932150067 -0.00388682624641328 0.0752834836940506 -0.00693439510682281
NB13 -0.0245737864571696 -0.019267651946558 -0.0600246327328309 0.0267606396809791 -0.0314908469245696 0.0136076151417001 -0.144537871890579
NB14 -0.00959477435028252 0.0637809501013964 -0.146985961185875 0.00344332520713947 0.00489231981279889 0.115591507160896 0.041558377243325
NB15 0.0465280678540585 0.0289147159232978 -0.0214196830557705 -0.0466394678567041 -0.0518951356376422 0.0165086794038621 -0.0761212851452636
NB16 0.121381264573075 -0.0214125606171045 -0.0132814566331539 0.00518418378829609 -0.118315893686651 0.0449777372651299 -0.0059579730927111
NB17 -0.00297495914359439 0.0211170386985218 0.0440233740946755 -0.0953122384999854 -0.0068673498658514 0.00229528786776852 0.00716002580728342
PA01 0.0296346023240092 -0.121257612314148 0.101292927200219 0.00936914502606021 0.0142218992913629 0.0528906672335887 -0.0802103514243544
PA02 -0.00339553801064313 -0.0224067651401905 0.139250471738162 0.0965542820557243 -0.0266528853559476 0.0376841975520325 0.0281727903903389
PA03 0.051828734743324 -0.0282008988202114 -0.0126374387022528 0.0799485349969756 -0.000851458864511934 0.0907938488098239 0.00280901056941884
PA04 0.0527865246216209 0.0252404017186549 0.0311104882444869 -0.0229257912298922 0.129699156502766 -0.0639252667644592 -0.0552055217621801
PA05 0.0890641314962144 0.0212641121795796 -0.0451984460202357 0.115965543603109 0.0132932072566086 -0.0359937419692766 0.0549712870259971
PA07 -0.0873524126198456 0.155505654000637 -0.016397324111417 -0.0454585424422949 -0.0133799474583941 -0.0117378478680132 0.012169098055132
PA08 0.0920609907275107 0.00423921255772265 -0.0181235559266237 -0.0236160891172849 0.0846759565119177 -0.00126657924731208 0.0979203068049153
PA09 -0.050105331979539 -0.0887298555814498 0.0589162485092271 0.00270985020533535 -0.153768206979238 -0.133885977070086 0.00905317615858164
PA10 0.0278848767810127 -0.0749372666971351 -0.00164561429114539 0.0567874499798597 0.08843915738605 0.0970107782028822 -0.0929727261856929
PA11 -0.155305898573548 0.00993500948195452 0.0319630574408793 0.0580223511323887 0.0759936357784444 0.0255931385824004 -0.0541739389964565
PA12 -0.010185179789607 -0.0103577369501484 -0.0414478757955588 -0.0654246532028026 0.0878413683512813 0.0388053045270155 -0.101943591497315
PA13 0.0298961398061795 0.00329229004242414 0.00827418026095547 -0.0589610490661013 0.123630748619716 -0.0942424234584757 0.0514669858337244
PA14 0.0962290591094207 -0.0182317875468401 -0.0460292680643796 -0.0674079768000838 0.0394261501282218 -0.137781581434029 0.0535750640257139
PA15 -0.0248489570704738 0.0461994248274513 -0.0419863442343225 0.112842762014782 -0.0267039308220769 0.0585543585927 0.137107940887227
PA17 0.0308960618341033 0.0627279361804233 -0.0467743361300513 0.0501067812973305 0.0210855668155745 0.0198839078008916 -0.00588240687276308
PA18 -0.0590387300439205 0.00591751768561543 0.0565576408392243 0.0185951388368566 -0.120848648494496 0.0344064993852489 0.11632638350344
PA19 -0.15082627564901 -0.0664903079318931 -0.120754370390519 -0.0648984419553342 0.0672165155759207 0.0542722405167823 0.0389104322069175
PA20 0.0395874189985778 -0.0532169213313966 -0.0540895075720751 -0.0397939293241418 0.023835326511145 -0.00896355747510036 -0.0854222331976586
PA21 0.0288136127375766 0.0554766581614384 -0.107303113708837 -0.0353896126211098 -0.0154044531765778 -0.023103356146727 0.0456330638565818
PA22 0.0255100740008459 -0.0885127464357306 -0.0880433528606577 -0.00142546392993912 -0.0462192533141563 -0.111641456502903 0.0239142653961937
PA23 0.010713220441511 0.0605133579603814 -0.01207123345398 0.0760898067595665 -0.0432631249020428 0.0916481485782619 0.0224167071263611
PA24 -0.0557220806574164 -0.0259638957798618 -0.114518317114944 -0.0551755391219599 0.0881647914190104 0.156068456735463 0.122061812312257
PA25 0.00623080900771823 0.0290725781154571 -0.00270851840117806 0.00186615946592989 0.112278706044055 -0.0788808473194129 0.00425873454986858
PA26 0.0108736655231747 -0.0380708033991023 -0.00491124691601437 -0.0178057619462765 -0.0203271812552188 -0.130297453911494 0.0244751745761696
PA27 -0.087114478674227 0.0157475995868539 -0.0295729158468422 0.00966623523581225 0.0111212195515494 -0.0488817947648787 0.145745211311038
RB01 0.0758226957829014 0.0687002239034504 0.104067396498579 0.00157838132241407 0.14654506391873 0.065847502970068 0.0443525237510645
RB02 -0.0521138097478881 0.0284703982771718 -0.0255509632429992 0.0107744536677047 0.0417940868696284 -0.113500987399855 0.183110000305714
RB03 0.0772514577320641 -0.0273818624770015 0.0405805935004597 0.081732587273822 0.104203614864427 -0.0643540595516533 0.106467631677802
RB04 0.0579971948657 0.00242869921631334 0.0906569172540483 0.017593130021832 0.0655941281397749 -0.0217994084500516 0.0846350797088522
RB05 0.0376570192894501 -0.0237997042437632 0.0373312963476742 0.0216585914598861 -0.00583873038027427 -0.128040702105767 0.0373590826730531
RB06 0.0337679308670504 -0.013708699615624 0.138245060071634 -0.109846235788106 -0.0819773244806125 -0.0256204941138623 0.00840833297474622
RB07 -0.000165850911075755 0.0264168895511586 -0.053000685422744 0.033462094048325 -0.0438399742613712 0.0129890423924566 0.0435849287393995
RB08 0.0699268431577452 -0.0430556977251035 0.0255713938335875 0.0754949369083604 -0.121966702718953 0.0201374292378527 -0.030265049968753
RB09 0.0683784833338506 -0.107988345307163 -0.00985020103172447 -0.026571939022374 -0.0767556712805788 -0.123004899567974 0.00396718710470746
RB10 0.0191442550604242 0.0432859759139197 0.0431601876338363 -0.15354058108398 -0.0361973480817595 -0.0885627595898256 0.0801696402804166
RB12 0.0592703345177754 0.129099427015724 0.0371202091330019 -0.00209367354357868 -0.0656740170045622 0.053690180405663 0.114520905348086
RB13 0.0899340069371875 0.0170691114314668 0.0631722061237484 -0.0243077339172572 -0.10100780355239 -0.0195322369930411 -0.00436289221155671
RB14 0.014151547490096 0.0130118114020563 -0.0251105102666527 0.005342601034771 0.00973365135105914 0.0447970649967189 -0.0103414215710396
RB15 -0.030693645208676 -0.00898189710248455 0.0127938110132678 -0.00117696334967741 -0.163283138121481 -0.0224472343025201 -0.0210142155873032
RB16 0.0729980921409509 0.0312811145459376 0.0871955979907206 -0.106484824901495 0.0424352832310348 0.0124350246430812 -0.00155671782147329
RB17 -0.0789833061124344 -0.12214576274948 -0.0372281890923326 0.0165955990080501 -0.106875276730437 -0.0252469563304883 -0.0358813837866112
RB19 0.0731369121558318 0.0610490943230435 0.161466382442858 -0.0280756553289386 -0.0765473933361709 0.0961235394762055 -0.158203620141029
RB20 -0.031198341308621 0.00998839233592125 0.0517356135402823 -0.00866200905264967 0.0320698574590031 0.110291876422462 -0.0536733286245544
RL01 -0.149745769946036 0.0440789630886198 0.0329461805860418 -0.0619491702603468 -0.126834852192771 0.00513711926607006 -0.0361432271667333
RL04 0.0897782292305357 -0.0201268108947955 0.0530912134195361 0.0389631885739958 0.108825821127788 -0.0426411570113282 0.00760988481029675
RL06 0.105077530712425 0.0344253948146367 0.0485538994579236 0.0296604483265443 0.0931446821252305 -0.0285920994624842 0.0475881983520963
RL07 0.021054240572494 -0.078615430135142 0.0488840288430124 -0.00345939608196337 0.0069623155612378 -0.0190806036696236 -0.035377337798447
RL09 0.0713167561533304 0.00208108996607542 -0.036526048695478 0.0850172202723843 0.0342943303963768 -0.0722863429493263 0.0742678199173473
RL10 0.0628717547080177 0.0322360973606072 0.149716398252136 0.0106398945435268 0.114528628537412 -0.0072229950433804 -0.0899570447349622
RL11 0.117518747248759 -0.049159844554197 0.107361510496742 0.0915766984861881 0.0113766087207261 -0.00274339120107056 0.148361329996792
RL12 0.00444416469261694 -0.111927079814986 0.0757483466121102 -0.0358744049805542 0.0102216714588101 -0.0869544796710248 0.075310922690495
RL13 -0.0400331113720742 -0.109480871505931 0.155914658446733 0.0291994102397848 0.130426762364271 0.00781917575716484 -0.0248466498495098
RL15 0.125669003603774 -0.0478341576406531 0.0856828039390141 0.026358082867744 -0.0407115238953331 0.0323172225125453 0.0651445020107741
RL17 0.0138713681926584 0.0391577008322476 0.021722765766115 0.0150386239202368 0.0586461475710979 -0.065064686895427 0.108136250955695
RL18 -0.236445941855084 0.000894062420775717 0.0147748902429935 0.00162168102853032 0.0723083480836703 -0.0245554613003578 -0.0117185204142733
RL20 0.0287502758477066 0.00445543519469621 0.0693511418754505 -0.0493565285580182 -0.0259684330620129 -0.065659570919904 0.0693432882281967
RL21 0.0753416732960094 0.00652689490973193 -0.0209860804156149 0.080826488143203 0.0341145938545258 -0.0329607904420514 -0.0311375696056481
RL22 -0.084604238713156 -0.114569272575066 0.166118287333884 -0.152700189600263 -0.0246715767742275 0.247962551792445 0.0458511118618978
RL23 0.0649395756324636 -0.00506644746940603 0.156506309220154 0.105444620337963 0.0362910673830442 0.00874320884670122 -0.0216539753902812
TR01 0.0511311547860208 0.0664920125557711 0.0282112345807608 -0.0740699318150161 -0.0887930754921424 -0.0253905334172368 0.00621214531321843
TR02 0.0581106443430866 0.0194390736760368 -0.0289928216759319 -0.030628989774693 0.00682043548827699 -0.028058772010158 -0.0872049924955887
TR03 0.0865017863569046 -0.00620469795165805 -0.0386178085300959 0.107425631117035 -0.00148907875439831 -0.0473833811251966 -0.0502362282563279
TR04 0.106607735952606 0.0204648032522375 0.00391813003439856 0.128065005422355 -0.112209798488278 0.035873734127267 -0.0125075308055762
TR05 0.00174847483530794 -0.0257026105343638 -0.112704244299845 -0.0210119345315518 -0.103895291311618 -0.131493840785955 0.0111828869802588
TR06 0.0538669584734119 0.0341157674063541 -0.202559373557379 0.0231690332057852 0.0695888872686479 0.0178027172017969 0.0522649365955952
TR07 0.0121130309599783 -0.00405514084997472 -0.00428481126959285 -0.135835276798858 0.0205567394280708 -0.0982868659895227 0.0268522574401324
TR08 0.0127852890987434 0.082649198842432 0.029864597007013 0.0265749380293533 -0.0176265869782622 -0.106535486345849 -0.0147181185058447
TR09 0.140949659786538 -0.0329815129806007 0.0120527563445796 0.027839623966607 -0.016386773117254 -0.0258243661481944 -0.0106593551005774
TR10 0.0930852494891153 0.0410596106428799 -0.0672281119117803 -0.0511472981055614 0.0691784945780044 -0.099383303978958 0.0310339656781503
TR11 0.0732250264378313 0.0109463592779996 -0.0289489997450654 -0.050617395211646 -0.0441517793931487 0.00395233857649633 -0.0231526568863584
TR12 0.0239361904977487 0.0145554046523682 0.0117884261257029 0.109169211158924 0.0825751509104758 -0.0241856644500567 -0.00774404362917662
TR13 -0.0362510042311532 0.0259482309940487 -0.105002925532936 0.172283848880274 0.044205992556772 0.133604089859473 -0.0347804779030558
TR14 -0.245402410872976 0.00888629673934603 0.113564043203142 0.0731555979008416 0.0872670738950053 0.0305576538492094 -0.0718642657390235
TR15 -0.0303862625160166 0.0704052039170631 0.0249544684699751 -0.123893567098145 0.0415558852880765 -0.0598779536302856 0.0832617934319424
TR16 0.00174700396782649 0.0829214164349439 0.126065614638446 0.0112966779167857 -0.0845356514097677 -0.0134381559341053 0.0384996479654262
TR17 -0.0171130673663208 -0.0115164826401018 0.0921100800905616 -0.0671548053409959 -0.0349960004138162 -0.00946841471762936 -0.158720887756248
