sample MDS1 MDS2 MDS3 MDS4 MDS5 MDS6 MDS7
AN03 -0.000907251864163072 0.0479606336124476 0.0481129377609247 -0.0413988202383363 0.0231558379254271 -0.0112542276139869 -0.0381607978862203
AN04 0.0406812702526627 -0.00863073185023633 -0.0379184223951786 -0.0139893704139553 0.0162304252210487 -0.0116697080072949 -0.0567065802124825
CS01 0.0772132664257009 0.0251522768293175 -0.0323583281637097 -0.00275466785020975 0.196058120895887 -0.0843225017522188 0.012169131298507
CS03 0.0415141893435005 0.0405632270758758 0.0198093435322804 0.0265686476726379 -0.0511288967117193 0.0217659860429298 -0.0041745114460881
CS04 0.0284415977891116 0.0375265470044856 0.0192287113801018 -0.00781466889760178 0.100841604440338 0.0913142376376145 -0.064150471043539
CS05 -0.0378960141629399 0.111390483065798 0.0663932210840537 0.033382046344641 0.113062936478058 -0.0593914018974434 -0.0400517655770118
CS07 -0.0757336508613107 0.0281801166572889 0.124592347928865 0.0846780633820421 -0.0669110294781273 -0.0495213295648046 -0.111076454953976
CS08 0.0688699731984631 0.382608856160658 0.00532157031365441 -0.034575779544479 -0.0690243092138143 0.106694204696886 0.0536326047318928
CS09 0.0855067980790062 0.00861961970275227 -0.0515606174408122 -0.074729525584682 0.0781241697434078 -0.0890430325803775 -0.0125981243562527
CS10 -0.0058803792099088 -0.0692289489078314 0.0390270140718186 0.0427347706645829 -0.0681492513260358 0.0460452669947937 0.0201726670456171
CS11 0.0883566840588236 -0.0670726966336536 0.0317174436730812 -0.0285546382971627 -0.106383605721367 0.00857434629354785 -0.0280860781363468
CS12 -0.0491024729139705 0.0279933970885806 0.00498680543847208 -0.062105387445634 -0.0848363907592324 -0.0166182400978037 -0.0343098122241925
CS13 -0.0287508592466872 -0.100024218395373 -0.0140165088882217 0.00774865197747794 -0.0848655960727077 0.127337339499621 -0.0931760908004915
CS14 0.0178601262018629 -0.0175935826930247 0.0442875592699994 -0.0281737255476536 0.00775374672363205 -0.0575237027508108 0.0174315086530542
CS15 0.0298101899816823 0.0352724953727566 0.0749943814707709 -0.0330427099829299 0.0168756815378631 0.0471624600595332 -0.114046868675055
CS16 0.0323946859084634 -0.026382002788642 0.119943695564175 -0.114010447215013 -0.0357511463576775 -0.063048461178813 0.00829161072120282
CS17 0.121738712237919 0.0719917647362061 0.0131936407304092 0.0173727773626876 0.0643000417698991 -0.00345149360198577 0.0727855411754166
CS18 -8.57523229444139e-05 0.00462776513712919 0.105737883589959 -0.100240502615704 0.0517041523976999 -0.00812116052230098 0.048335585960046
DK01 0.0469428919142998 -0.0729601408231434 0.0140025588694606 -0.0848728950668505 0.0351944942729399 -9.84669780549619e-05 -0.0232913005452732
DK02 -0.0548510566835643 -0.0141000985415367 0.035484468210278 0.0367472024374433 0.0881377934756821 -0.00396219639552038 0.0308178216370094
DK03 -0.103407119306736 0.018370268919183 0.113985741800461 0.0644791143540916 0.0228263890347271 -0.00335624435246933 -0.0369705068836884
DK04 0.0394100302755521 0.0882225695419713 0.128419857129281 -0.117699605763504 0.106886950266329 0.113641694744215 0.0566400226073557
DK05 0.00643537560221189 0.537351711192965 0.0347600932678157 -0.0977871114409528 -0.114369111728304 0.102154679964082 0.103142898108286
DK06 0.0163432043957839 0.0457554365120445 -0.0479359326808086 -0.0801064675289201 0.00097360308776312 -0.0388559835683311 0.163982621954843
DK07 -0.0601395825918229 -0.0685358749889321 -0.0118226814855826 -0.0630997486365584 -0.0507191608166366 0.0473959741370148 0.101208762954283
DK09 0.0143163331898944 -0.0274126556673914 0.00887177804883949 -0.00196080877940311 -0.0548897055434266 0.0499435483968695 -0.0205371624684494
DK10 -0.215472200004757 -0.040965184003893 -0.0568044981554431 0.0394216691089006 0.0418382974852695 0.0682417604070309 0.0116398319167574
DK11 0.0590144839319399 0.00313905972681419 0.0551313613269103 -0.151570073671233 0.0197058016935912 -0.0238439909722016 -0.0147026440162346
DK12 0.0729226944836647 0.0276726524371281 0.00788845821791636 -0.054868720059778 0.0253714495913096 -0.0293698355853369 -0.0259804629709914
DK13 0.017724396071099 -0.0450075030372817 0.0281770872999435 0.0119270979446946 0.00105645004659051 -0.091751859751086 0.0207559745531816
DK14 -0.0878320950682913 -0.0355256418201714 -0.023867867090239 -0.0342364572961311 -0.0027998735632897 -0.153298191881868 -0.049233762768269
DK16 -0.0166205829018716 -0.00779335367149339 0.0598915423122984 -0.0133814948601327 0.0464975422370904 -0.0918941391004434 0.0300181034587459
DK17 -0.0448824507795638 -0.109149046730393 0.0462172735338593 -0.013035712723575 0.00410309526069774 0.0182488853093682 -0.103701674654785
DK19 0.0475684368915002 -0.0162679908298529 0.0930736697057084 -0.00466017852909726 0.0498947550068182 -0.0696795889569275 -0.0422205242447681
DK20 0.067641977258643 -0.00953393974451579 -0.0172055685660909 -0.124045108235307 0.00976854831523034 -0.0691978388499112 0.0546314841720578
DK21 -0.0406956439367661 -0.0834744118301577 0.0927399037416676 0.0495475251326541 -0.0275446349305266 0.129638047790414 0.0542248803292559
DK22 -0.0483491535983698 -0.0869385739485305 -0.0485132547543985 -0.105352132265156 -0.112156276236668 0.087935858285064 0.033173663232587
DK23 -0.0716059636850573 -0.0579171664873478 0.0930127764815697 -0.0389378004640566 -0.0310004388966998 0.0247493911805152 -0.0325565165223293
DK24 -0.0380233908177368 0.113256756323407 0.0268278984317952 -0.0245747730907164 0.099482551919686 -0.158043623394777 -0.11948950380763
DK25 0.036615875869735 0.0507181304175898 0.00408447364025939 -0.0883528117578277 0.0114107617709195 0.0613000867383859 -0.0180299833688063
DK26 -0.122490817855978 0.0367832896088128 -0.0179297358290328 0.0114646435931396 -0.027382291820151 -0.0766444518701695 -0.142705549251523
DK27 -0.105719456357521 0.0201980651313208 0.128941629061542 0.0317473206277127 0.00895483076279398 0.037794379740154 0.0686632354068063
DK28 -0.155353910907179 -0.025571966586747 -0.10851891122616 -0.0725259131299146 -0.0401337111262432 0.0751271911518995 -0.0472046899025147
DK29 0.0951628298710199 0.015109454100949 0.0313320994069715 -0.0562607052129072 0.121913271387578 -0.0152740711690146 -0.0591271539251206
DK30 -0.135604022434656 -0.0631551622320658 -0.0405610107439837 -0.100410801355798 0.0554393403252757 -0.0895996547230652 0.169766819541821
DK31 0.0258175677025679 0.0375916594244114 0.141557111036704 0.0400158930983263 -0.0406962770336923 -0.0227272849155142 0.0143139336295083
DK32 0.0234776025586151 -0.0650604713799899 0.0298656971497122 -0.0489192134973184 0.103381575428619 -0.032898238770561 -0.0585519748579133
DK33 -0.0922606971404093 0.0554371675005443 0.0864383428357129 -0.0250810608644523 0.121468893696718 -0.106613011282265 -0.0386269460136681
DK34 -0.0582123502927068 -0.0519137239131473 0.111009556550647 0.0197949150220157 -0.0511380700244979 0.0827293808263864 -0.126697142817457
DK35 0.0253667383933463 0.0237158228501803 0.152730262500188 -0.0316306783404813 0.0486207636379664 0.0154559771353592 -0.0705393375402134
DK36 0.0698053116686534 -0.0316643104750785 0.0822447591227358 0.0436130919147824 0.045397838900296 -0.0829102636976188 -0.068531227116305
DK37 -0.000964480799192709 -0.00941483098723445 -0.0434504848313957 -0.177234460609808 0.0771502568255989 0.182316608896169 -0.0305958795309214
DK38 -0.0173085962091792 -0.0125963967916904 0.0484895739775989 -0.225720729726754 -0.0427519877551657 -0.0753498448892743 0.0586498725645547
DK39 -0.0399687103092398 0.00366341647551843 0.127896953523534 0.0567670143169357 0.0360477447974653 -0.0505507152983672 -0.0098973327169207
FR01 -0.0780640113657117 -0.133016490639187 -0.115897175164057 0.00302461033763048 0.131570237840603 -0.0271434827196046 0.138755981947501
FR02 0.0391019635933751 -0.0557341681914675 -0.0430382726955723 -0.0246312464873144 -0.038372606756062 -0.037470795714642 -0.018929195046941
FR03 -0.0168360498316011 -0.0785133606059358 0.0778942117781788 0.0776845600085268 0.0388311666281956 0.0624005963766882 0.0145692450455582
FR04 -0.0655827670569013 0.0690233670446247 -0.0263734719725274 0.0708309876760894 0.148518320243102 -0.0903236712340111 -0.163515495260504
FR05 -0.0941423852932402 0.0710105667025414 -0.0868787117104002 0.153168439279497 -0.15152557442333 -0.0183245852408447 -0.0382337747773519
FR06 0.0530190629270322 0.023747579280172 -0.0083366006597103 0.144118839436828 0.0216270648302372 0.0669533009798323 -0.129723362994713
FR07 -0.137717425002164 0.137990137321761 -0.0309244506601014 0.143730903179487 0.00528779496772291 0.0217370662055995 -0.0756903735047526
FR08 0.044347336384497 -0.0336091373493379 0.0490588799103452 -0.100780512088281 -0.0204447144312316 -0.135396466619262 -0.0479042755365398
FR10 -0.0522474015911059 -0.0454318558743334 -0.0440234530214685 0.0263814748800721 -0.0809857797649251 0.0374063463088735 0.112759638443237
FR12 0.0428053940622557 0.0441622758878576 -0.0569869752124922 0.0158808157274464 0.0694453337742715 -0.0358049432827015 0.0119912346232221
FR13 -0.0597570432442738 0.0813952937246351 0.104207938758343 0.122380975131359 -0.102052098072542 -0.0894410152317292 0.00513659578277619
FR15 0.0504163538955596 -0.0170705845046857 0.0624886412580764 0.0930793752727656 -0.0199051862967896 0.0502552962743734 -0.0226495809888717
FR16 -0.169837556392376 0.0535066112796251 0.00908215550912493 0.00166345434814214 0.0175568250153951 -0.0396230473513378 0.0236109377941838
FR17 0.0351797109995757 -0.0695948928702003 0.0468712448110251 0.0979630397977801 -0.0235175600595949 -0.0135029080378379 -0.0990418340133893
FR19 -0.0531123194050957 -0.0509990477634288 -0.026346974049118 -0.138077969780907 -0.0692792996711056 0.0430164938815481 0.0519624021646394
FR20 0.131897356878432 -0.0584486410411658 -0.0363991928577365 -0.0199502660239231 0.0249857658816821 -0.0364345950036996 -0.0731623618983478
FY01 0.0316563668470932 -0.0491052844498873 0.0313947956830216 0.097575284515614 0.0288837636710514 0.00174840143823899 -0.0339136431021234
FY02 0.0658213243578284 -0.0681485352483069 0.0788230300870161 0.00424618998661086 0.0111623398289616 -0.0360792701157647 0.0178721437361761
FY03 -0.0718929103418897 -0.0452509000903361 0.00152083271924927 -0.104814494057284 -0.0167967460618487 -0.0163086867983675 -0.0440830122957429
FY04 -0.0135197204314502 0.128835032151554 -0.115739832367275 0.0106231980638781 0.131921545420878 -0.00613475354241693 0.0944470453842268
FY05 0.00025541133862822 -0.0103984007207317 -0.0876001265996081 -0.061409076478744 -0.0510811166775059 0.133940772799515 0.00754725428386879
FY06 0.000867726018030352 0.0104369949407541 -0.0958961106082416 -0.0273155177616365 -0.0875157519749931 0.00431881561006332 -0.00558381212145129
FY10 0.0437117906487974 -0.0525478067196285 -0.0731240313715897 -0.0197132530042354 -0.11238382618231 -0.0493575760461593 -0.112107157516053
FY11 -0.107114507702708 -0.00981855013768772 0.0284380429676968 0.0378927350638676 0.0588308195817247 -0.0493192973631516 0.0844434473347438
FY12 0.0465827600556642 0.0412334234358184 0.0777923352606291 -0.0374428589799303 -0.090477425437668 -0.0311612951979778 0.0849238165055052
FY13 -0.0480196216236646 -0.0950311744754722 -0.136978705826087 0.18440509935442 0.0450036663571972 0.0819021059465645 0.00912402397015612
FY14 0.0470448748345928 -0.0335071293901062 -0.0171595750182779 -0.0378026294712281 -0.0574540300617229 -0.0780071537343063 -0.0267758748884894
FY15 0.0711005172073638 -0.0396947254551804 0.068885612720104 0.0210226290109517 0.0375860799222983 0.10900017064049 -0.00774555513070823
FY16 0.00992005814079283 -0.073421549133752 -0.0409158079126075 -0.0171105604186536 -0.0555365815131622 -0.0707291896113068 0.0191185210326693
FY17 0.0342563600709604 -0.0173484863403703 -0.0242643568193942 -0.0139430640022443 0.110220234757773 0.051689298127424 -0.0628423595141558
FY18 -0.0411487753401779 0.00615024573585435 0.0190609587206003 -0.0245126993692181 -0.0123996600962152 0.137442231437506 -0.0308277507319098
HH01 0.115630810877639 0.0564168800313879 -0.0509205603232986 0.16572856289199 0.0422258823494345 -0.0722124358164063 0.110187456661886
HH02 -0.171868989374082 -0.00225108355439475 -0.0244324965573974 0.067304272633229 0.0476691633771509 -0.0951786309670075 0.109935524104268
HH03 -0.00699903193613608 -0.0110071980718992 0.0114286484748598 0.049285227459851 0.0320022767317504 -0.00612738749023657 0.0676251740043003
HH04 -0.0741079858485465 -0.0212313048024117 0.0602050392902655 0.125916317988608 -0.00619768920304136 0.0296059945567014 -0.065034929100837
HH05 0.033057655237887 0.0109806502695945 0.0095740412670155 0.0076982085908141 0.00375599925583935 0.0931053157207268 -0.0754485102030972
HH07 -0.0123615284201488 0.0916895518715342 -0.00506823340525317 0.0303894393311212 -0.0625765029426695 -0.0338019298886787 -0.0448931606592427
HH08 -0.0589348156151065 0.04325063454989 -0.0286143489870618 -0.00725819052242583 0.00612542908826348 -0.00184207297112859 -0.0482718490942056
HH09 0.0624825143367206 0.00443075190195977 0.0275659449343664 0.0010954115398041 -0.0511544413127552 0.0340173640072762 0.0831472372760401
HH10 -0.0715357254827569 -0.0358752469701434 0.052639218414199 -0.116939881072275 0.0969813178994362 0.0380571790312532 0.171428878570288
HH11 -0.0296811873735257 -0.0273469346690849 -0.0307358003277768 0.0831707705864495 0.0597533228291957 -0.00949545230331225 -0.027274414234771
HH12 -0.0152016992279949 -0.00782754924626314 0.0162048374114469 -0.00998999903234558 0.036899020865311 0.155867458279119 0.0184222144489299
HH13 0.00235062374292177 -0.010005873247733 -0.0717879557468754 -0.00420176455189866 -0.0277255069442285 -0.0294917709710244 -0.000424240770491753
HH16 -0.000790621719282383 -0.086533197538194 -0.0325971675678607 -0.0939142576242159 -0.0338163317697414 -0.0322824154426864 0.047397451172449
JB02 -0.0525807465177069 -0.0379809360178674 0.0701864496078124 0.0928053635251469 0.0694016304763159 -0.0355388779918063 0.168635932313494
JB03 -0.00187766624202908 0.0617598941348465 -0.103192139595994 0.0124521886820474 -0.0136748641432509 -0.0422951807732455 -0.160094760894056
JB04 -0.0402952035610692 -0.0642599683449363 -0.0796558813610676 -0.0533699843572541 -0.0630845425315641 -0.00523232600842394 -0.0238867410036123
JB05 -0.0496862603126582 -0.0213825257123563 -0.0847598695785425 -0.0314592354958497 0.139270202195558 0.0885187243807826 0.153676659284846
JB10 -0.0902741403985693 0.0290104198877642 -0.0530008687578266 -0.0123225437046457 -0.0386295207240492 -0.0351247087463682 -0.0208668498064368
JB13 0.0248718801653861 0.00895731797867668 0.0733387155670685 -0.0943716066028976 -0.0668124507051971 0.0916515340064251 -0.0321047321280434
JB15 0.0840188708707399 0.0153009849427317 -0.159461833890738 0.0757092818103765 0.0416549019973981 0.0669441654793589 -0.0339973479868562
JB16 0.0767507180249896 0.0377758407830455 0.0279001436202629 0.0177326805200803 -0.0345105968032912 -0.00883029366762045 0.0318632397948856
JB17 -0.0529209493755424 0.0188107909106393 -0.158781860479379 0.0980782526492763 -0.057578883438919 -0.0955033713668197 0.00156575763235207
NB01 0.0325009349214682 -0.0272752630776263 -0.0230788453889504 0.0192074268539819 0.0928703121254311 0.0492066216627367 -0.0138699568643952
NB02 0.0483367108686958 -0.0335831148865477 0.0132675418806943 -0.0911164135372505 0.00399101025806512 0.15271050638609 -0.124189504218021
NB03 -0.0366413748921561 -0.0187109879956004 0.053126404406238 0.0371781663698906 -0.0717341631270206 -0.0433821475665933 -0.106369959673127
NB04 -0.00155328358096143 0.0153767713458251 -0.0116240919262885 0.045048009289929 -0.0128066093170781 -0.0236157863244686 0.015699679693977
NB05 0.0583688518704943 -0.071082772483019 0.0774595789631402 -0.0653864590070188 -0.129772998560792 0.0548204926394584 -0.0469854252511947
NB06 -0.0066237020074385 -0.0699240475690499 0.05543508787818 0.0851907727323251 0.000318822002281859 0.0578461006030555 -0.104649845933466
NB07 -0.121919180719453 0.00968557439280151 0.0252924144189309 0.0488543459680272 -0.018628447635839 0.0464624411747533 -0.0671356686659959
NB10 -0.187029160170533 -0.02870429175211 -0.0408428247518367 0.0237148899945947 -0.0713355040604067 -0.129139565280335 0.0375744157094127
NB11 0.00542055170838804 0.0187189479658047 0.0223596860748989 -0.066952851698957 -0.131316108290412 0.0788116926428366 -0.0331164357900462
NB12 -0.0238743421996833 -0.042041635388575 0.0832239784916072 0.0317162713030889 0.123188294410489 -0.00700748384397943 0.0214541454472535
NB13 -0.0179441863043864 0.0207932129751007 0.0747690203537556 0.00881129333045386 0.0463903680515432 -0.0285293039862815 -0.141033938667984
NB14 -0.0163436302073579 -0.0670910047038279 0.144233691658646 -0.090828625753073 0.0849608301462354 0.0592229538008672 0.0500779445505012
NB15 0.0392111228406657 -0.0376379020248037 0.0289775646427273 -0.0507847386431307 -0.0287586193082246 -0.0116215048112683 -0.10107829396052
NB16 0.118303574335814 0.00163901368740561 0.0175399132560399 -0.0786678583380904 0.0317863907490664 -0.0859325431634436 0.00734010279580143
NB17 -0.00203717440001596 -0.0223399413891795 -0.0515726685995758 -0.0675128873141398 -0.0665899586893586 0.0397480879116828 -0.0204387730877367
PA01 0.0575224686268052 0.107088189872652 -0.102655178099869 -0.0265372759165835 0.0690935627722912 0.0119560641484855 -0.0765045890065755
PA02 0.00337720014192724 0.0247721028929302 -0.133409161556054 0.0205787306764201 0.0887529898826143 -0.0402802038945655 0.0294061559776611
PA03 0.0612561902401325 0.0215038320116434 0.019651080023748 -0.00432596577599985 0.12539672606184 0.00752363179176632 0.0297424452725191
PA04 0.0458201675808026 -0.0305833749588989 -0.0279541385100284 0.117384580320133 -0.0584809136078336 0.0917064143829519 -0.0534238331080043
PA05 0.0783019986553379 -0.0293040384105297 0.054406190401862 0.0635296319122483 0.0776263518193933 -0.0173762378561486 0.103578788122269
PA07 -0.117811202747702 -0.143992007729456 0.0201993498111712 -0.0122713380472487 -0.0473481729033684 0.0056233309789681 -0.0160369216615307
PA08 0.0881213492148524 -0.0196958838922682 0.015483070623822 0.0387703579260003 -0.0210074215023773 0.0813052868346426 0.110069883705373
PA09 -0.044357821617368 0.0881311811046788 -0.0416251195209792 0.00144963478077231 -0.0924278236168368 -0.190443211342138 -0.0175319994413004
PA10 0.0469441561246364 0.0750124012077262 0.0085335761250781 0.0388258997201976 0.117446325152428 0.0620994497500072 -0.0833127938771822
PA11 -0.155014322647603 0.0159940745743279 -0.0259605541923333 0.0269394337916938 0.0877395920229915 0.0720556343342699 -0.0278223717830018
PA12 -0.000970170310027531 0.0124519167624128 0.0334822179737542 0.00825544636277285 0.0198947986075506 0.0895048256397976 -0.0904943228932922
PA13 0.0266849012799992 -0.000926176799961198 -0.0170726227369393 0.0914806624278747 -0.0956907525241443 0.0794782311763721 0.0603387068471048
PA14 0.0959476672153234 0.00536269604565036 0.0411707106837998 0.0653450163093734 -0.142620711158181 0.00827168608720126 0.0449020187017645
PA17 0.0151436124226275 -0.059809511283851 0.0429077014644967 0.0612582841186499 0.0368744411153947 -0.011251378025964 0.00570808563623584
PA18 -0.0497163946326794 0.000509050280049126 -0.0676228323140073 -0.103480136997595 0.0235589495088118 -0.104107177443658 0.106564068225652
PA19 -0.133157259202475 0.087912423060113 0.118560632111289 -0.0593262918355262 -0.0125965396090505 0.124753307651948 0.0206625220427349
PA20 0.044964326526922 0.0425218964083667 0.0611955343079993 0.0282584276214881 -0.0421495795912504 0.0201125160177631 -0.089395989663895
PA21 0.0149217293301488 -0.0586118442142701 0.10681837607273 0.0226755528233619 -0.0574116517448581 -0.0187921798305577 0.0517771366637971
PA22 0.0294034158746975 0.0897090335685698 0.0889898091590929 0.0456340088146689 -0.097899777996045 -0.0668860116110095 0.0204084540531899
PA23 0.000266190899232085 -0.0584236654831936 0.0225495248986 -0.00632326186260123 0.0962701901436779 -0.0396421143060289 0.0381929455718268
PA24 -0.0408052079727212 0.0387195329033343 0.102798228994557 -0.0952653998109522 0.034313658994758 0.175740430857735 0.0906679326833351
PA25 -0.0100467731148842 -0.021585445034866 0.00632669214275166 0.106448446678409 -0.0434830442856703 0.079973386608729 -0.00532090885227804
PA26 0.00655919260551588 0.0314232333354933 0.0164238431189473 0.0532026379664749 -0.0975348547315494 -0.0578898551864633 0.0232952186819194
PA27 -0.102468905804704 0.00902262948257513 0.0220354969591592 0.0304581072567231 -0.0394561222139807 -0.00704613279719021 0.149542559712461
RB01 0.0704951641556754 -0.0712271241672682 -0.103208128834627 0.0435618778512092 0.0329992141983858 0.149790516715453 0.035938415782679
RB02 -0.067567204049103 -0.0116912590605799 0.0190030234623829 0.0856626201755071 -0.0982472981588287 0.00851756556090256 0.189878097886906
RB03 0.0712368136804865 0.0253611884072894 -0.0488136376656629 0.135789625816884 0.00363006693082116 0.041775521251892 0.13862674108038
RB04 0.0634744044397895 -0.00326369287442877 -0.0911722643433936 0.0550417134868677 -0.0165316619439803 0.0385757142255302 0.0663751833835404
RB05 0.0368815366356284 0.0199648737975542 -0.0320796162183273 0.0712696988218083 -0.0643674565988005 -0.0607398356334853 0.0389222304668474
RB06 0.0388259198520209 0.00221904394138141 -0.141153660334497 -0.0744671370258064 -0.10211244712313 -0.0504193901813079 -0.0184087087368148
RB07 0.000204324288994621 -0.0312952288736294 0.0535405407152441 -0.0368177630118347 0.0270770825340977 -0.0323880997538418 0.0383425573741433
RB08 0.0848170016968446 0.0345972246151394 -0.0249111163448818 -0.0328853585324263 0.0829335007234184 -0.140554512196158 -0.022937462752044
RB09 0.0755845395708047 0.0969589171609004 0.00644286211351716 0.0116048867461464 -0.108566065744704 -0.127338078214664 0.0152259480836461
RB10 0.0181771387514235 -0.0562104040822027 -0.0548277393525021 -0.0803678011145198 -0.17630893177625 -0.026550654769446 0.0445222756744448
RB12 0.0406844786910008 -0.144486735088338 -0.0407753162509763 -0.08368133943138 0.0158433327851367 -0.0124276640286693 0.0965140951678189
RB13 0.0881610625252491 -0.0335857237683647 -0.0585744785138862 -0.0124559549088856 -0.0306260742026986 -0.105138905214724 -0.00827079996887369
RB14 0.0172985277455987 -0.0184053806031322 0.0282775834400436 -0.0257154501732866 0.0470166848380716 0.00545025716582351 0.00988328258142495
RB15 -0.0248365650963234 0.00597201328617701 -0.00421399278259824 -0.0613964278211451 -0.022654439148836 -0.150460955246873 -0.0261581287500237
RB16 0.0668608149131464 -0.0469530578230108 -0.0840040840754504 -0.0336151136500848 -0.072096644194854 0.0859675782266857 -0.0394771381025234
RB17 -0.0621400110083025 0.128263106971241 0.0318324489077222 -0.04747894253413 0.0113004908218024 -0.126136851810622 -0.0108042061002548
RB19 0.0738583458553567 -0.0749868440101859 -0.151515168255818 -0.0744086075724658 0.0605468545213334 -0.0461964582615287 -0.171828419724867
RB20 -0.0262284607966716 0.0021866404006323 -0.0536507337321631 -0.0443597655825632 0.0578656323886217 0.0633949177430169 -0.0684320785606941
RL01 -0.15056351982192 -0.0261358226359835 -0.0493949624891565 -0.118409834614806 -0.0228195371538999 -0.104389751599831 -0.0220812210935064
RL02 0.0150928472577563 -0.0132442097903613 -0.0671917501440241 -0.0915513900318549 0.0415494250359503 -0.0242913344256951 0.0636224775715343
RL03 0.103460036229426 0.00516517400351902 -0.0406108322204957 -0.0922930525006363 0.013675552873647 0.030977056206666 -0.0817084317854978
RL04 0.0849256662949614 0.0148020644437094 -0.0551118207444939 0.130521739989714 0.0114210305691559 0.0438629915027762 0.0189067443739506
RL06 0.0917849810972117 -0.0452308132722422 -0.0462457438077559 0.0952532515878783 0.00683907346824699 0.0683337778747302 0.0568354503977314
RL07 0.0298013316957048 0.079556070382376 -0.0546340228892123 0.0179839726074678 -0.0101408677763484 -0.0231944764865371 -0.0284354183584829
RL09 0.0541632743839099 -0.00458339861890261 0.0364848028839672 0.106014288656865 -0.007244883455414 -0.0134439483459066 0.0928091681280592
RL10 0.0491304271182331 -0.0436842494448145 -0.145747175910649 0.0981220267389637 0.0315861448918138 0.0926535466735674 -0.0708916532830807
RL11 0.120828038632621 0.0380430990688184 -0.109297075953943 0.0281784519844031 0.0441891069930606 -0.00494975833649747 0.148360528763578
RL12 0.00843067477509301 0.109084964080845 -0.0776664903863922 0.024497367044195 -0.0858974329967673 0.011856593624252 0.0613373466801305
RL13 -0.0164079131538765 0.119065075335012 -0.16170006661057 0.0617722090996476 0.0627540509501526 0.0899554262308436 -0.00935990252867448
RL15 0.137613611482391 0.0197813652354446 -0.0804690425961318 -0.0540335549538266 0.0503114898643153 -0.0125282428511767 0.0794225934793062
RL17 0.00689962313218195 -0.0378910135137253 -0.0265494858978728 0.0713430917079447 -0.031445164440984 0.0284195713199991 0.120427916845718
RL18 -0.225708046819872 0.039031761351848 -0.0255274095814904 0.0088507409016089 0.00815744615419279 0.0411116195775686 -0.0163669222555071
RL20 0.0221575585599031 -0.00403062963331792 -0.0744372123493337 0.0185953860798083 -0.114823903378308 -0.0392285319785177 0.0328149705145561
RL21 0.0636671515028496 -0.0158852530609349 0.0259632696730894 0.092434408018007 0.0536409051211303 -0.0161472588434141 0.0293481158007531
RL22 -0.0605599671399735 0.109799954002358 -0.15940305304428 -0.208022790341257 0.00825181756283209 0.14983305486016 -0.0689750375891177
RL23 0.062131909402964 -0.00137748493983297 -0.151714061755195 0.0855403111621895 0.0990306527058736 -0.0219308864103659 0.013512443259367
TR01 0.0387348839523368 -0.0795227394430962 -0.0276117473756922 -0.0520223570105437 -0.0782659553341582 -0.0650820383717169 -0.00760523965378434
TR02 0.0597583795133703 -0.0270679893161308 0.0228690274439137 -0.00497957996077984 -0.0118437612663916 -0.0233069421197563 -0.0710447531048321
TR03 0.0739789377699454 0.00660274958495941 0.0447460336048562 0.116579564001244 0.0368860756986818 -0.0674197643481803 -0.026312780387176
TR05 -0.00496072848799368 0.024592592856499 0.115242228050297 0.0397933444537413 -0.0982545489530685 -0.129790353958452 0.0420060532819277
TR06 0.0484491863373536 -0.0419230534557431 0.203916449473585 0.0450127373322697 0.0151011393245036 0.0632281503376143 0.0615675998922317
TR07 0.0117248445106612 0.00174519592962515 -0.0100005371670086 0.0143562513419461 -0.160873928082147 0.00848907918223504 0.0189936230240502
TR08 -0.00426926179823059 -0.0826800512318879 -0.0248459311609757 0.0803555952060541 -0.0456288005371125 -0.0683590563509485 0.0136335513201557
TR09 0.143625701655665 0.00501867136954895 0.00138928107468699 0.0250353008186648 0.0212639323989724 -0.0286701761017577 0.0196738148120948
TR10 0.0768580603981839 -0.0479792912899792 0.0587399332644026 0.0904121325115288 -0.109733298352622 0.0399459232129462 0.0204315641204054
TR11 0.0694596843418455 -0.0237228642021091 0.0377763498980045 -0.00765959045807416 -0.0502732421501374 -0.0185551336704702 -0.0380886005815161
TR13 -0.0317207311082398 -0.014102098222837 0.110486681553052 0.00756301081725045 0.228108401549254 0.0427107638968886 0.0120273010525844
TR14 -0.232578425584636 0.0298314316723577 -0.120584366701951 0.0407146380423546 0.10863335308512 0.0535412672875328 -0.0555257000821446
TR15 -0.0400860158871713 -0.0698175984259503 -0.0311901916268234 -0.0292728940790812 -0.133789613168268 0.094235456996044 0.0432541763789451
TR16 -0.00331211032132028 -0.0928833511325364 -0.119472174663795 -0.0425824773376052 0.0224788100146417 -0.0757648554427225 0.0302408097766129
TR17 -0.0152331193077354 0.0127346568469004 -0.0848308414838821 -0.0168213079736828 -0.0306479204473819 -0.0449542847275985 -0.172874753777211
