sample MDS1 MDS2 MDS3 MDS4 MDS5 MDS6 MDS7
AN03 -0.00967565280152693 0.0128719503823468 -0.0673677679264506 0.0332538712611919 -0.00791811776978801 0.050215544947416 -0.0181431601553602
AN04 0.0499230130602374 0.0216231003438905 0.0499655862821968 0.0236403332117081 0.0154475430305716 0.0317809270862261 -0.0233288299897281
CS01 0.0694255158779388 0.0640215601815497 0.00700645636286007 -0.0329595867425903 -0.145019319287097 0.0796497128578733 -0.0136813111741074
CS02 0.0715479907158427 -0.0048253263354025 -0.0529273534240854 0.0306329003534431 0.140197069867707 -0.0969038673576098 -0.0680514046035412
CS03 0.0378041187751322 0.0323050672125613 -0.0430674632791846 -0.00385261792364407 0.099608225349508 -0.0323306118348669 -0.00737957409684096
CS04 0.0274576379712723 0.0334465346029362 -0.0342704543352382 -0.0439336036792968 -0.00739420052463158 0.0287238243698462 -0.147365027582136
CS05 -0.0302716081113165 0.0554589944518915 -0.132166683893075 -0.0538598088806434 -0.113058061679685 0.0797702205164832 -0.0199469872822109
CS07 -0.0571781482487788 -0.0539513263771724 -0.122379976881123 -0.079073109272676 0.0508602738553268 0.106213717076175 0.0465866434128128
CS08 0.0199040812573972 0.340449556363092 -0.204370132918909 0.0308700454809206 0.10710401642231 -0.100099797711836 -0.0522032128737151
CS09 0.0683131839466388 0.0516567033443176 0.0630000553793829 0.0475102123165808 -0.0856289339959692 0.0663163420061279 0.017651895232845
CS10 0.00364300929447087 -0.0761472147935383 -0.000515852027051178 -0.0254950016466887 0.0924565382602648 -0.0581583206353171 0.00808836287831233
CS11 0.101392216145035 -0.0493453089184461 0.0265903322532047 0.0467115031296325 0.0764850190661063 0.0225350323033998 0.0235699680685652
CS12 -0.0730696881688326 0.0117130697030336 -0.0410730313758296 0.0627241202480172 0.0554667348780065 0.0668041611114216 0.0398158314975441
CS13 -0.0122043806946736 -0.0871298356969788 0.0590661046562292 -0.0223481769614767 0.17668305809871 -0.0260833041334067 -0.11653477993236
CS14 0.0405509303365608 -0.0374344061529693 -0.0102432413072708 0.0247130887889229 -0.0823075988131086 0.0113855339860354 0.0397344099783337
CS15 0.0476930309569472 0.00349357139410737 -0.0790781502434529 0.0222223986544101 0.0360113180200975 0.0542256318897124 -0.0862318981685148
CS16 0.0600246790937126 -0.0640444868727042 -0.091015523108224 0.1347639655699 0.00607729300947163 0.0509270005126904 0.0373917543650319
CS17 0.122655292734721 0.0749132070516061 -0.0355305106989054 -0.0313149478013795 -0.108096710693132 -0.0642430241969646 -0.00415212110369945
CS18 0.0268695538984434 -0.0439357719822942 -0.0844707648121159 0.0931797237564457 -0.0940149662801369 -0.00477525055301317 -0.042214522764873
DK02 -0.0506347147366053 -0.0470903302731658 -0.0478841255492368 -0.0494977836757885 -0.105902168300231 0.00824324895661983 -0.0296318704402485
DK03 -0.0740480583867319 -0.0620335904551048 -0.124887022157632 -0.0603006316405964 0.00102901664228747 0.00641208444716704 -0.011919840170166
DK04 0.0636488898646888 0.0299234701277374 -0.13563628940477 0.0804268144291555 -0.0646818761948138 -0.0626416807579611 -0.148390381608588
DK05 -0.0431771471418851 0.455756474407174 -0.299283779783119 0.117348869232851 0.0950919097596706 -0.156978860592178 -0.0156198103382446
DK06 0.00515358613732474 0.0663930943644846 0.00849913926939649 0.0903145713740304 -0.0756189485502278 -0.0585088612842924 0.0604284753795962
DK07 -0.0478558891293663 -0.0665457063827942 0.0225049674850531 0.0955396630830097 0.0374574422495329 -0.11098608351985 -0.00988089695013089
DK08 -0.10239791240415 -0.0269696631839245 -0.00728778738370615 -0.0583634436631185 0.0540680942112349 0.00701155918898554 -0.0883150741561564
DK09 0.018872775854408 -0.0323644847061674 0.00198195320044231 0.000110773569494266 0.0643573704963736 -0.0427672392912355 -0.0549172917104991
DK10 -0.214044037894783 -0.0583558639470355 0.0250198306436261 -0.0361964633842874 -0.0159767253289384 -0.0542513301446115 -0.0466629918954379
DK11 0.0873937044838785 0.00464029221397384 -0.0341185129391888 0.149800872701389 0.0242578005876322 0.0304031565620943 -0.0622311495152469
DK12 0.0723589248655812 0.0441923533334515 -0.00327457814259461 0.0572661399759469 0.00482807609110272 0.0609239995571583 -0.0111781490409298
DK13 0.0314094945170204 -0.0394513069135684 -0.00235056030642978 0.0198062052668413 -0.0209864194391787 0.0243157187920341 0.0691085906903165
DK15 0.11424675380182 0.0201816311716316 -0.0795668027651736 0.0151500166272876 0.0776763884637917 0.00448536818564343 -0.0818553114035112
DK16 -0.00124581483242965 -0.03078857431307 -0.0623860384227612 0.030352860319565 -0.0431834620831481 0.0349810421987965 0.0714651122221703
DK17 -0.0205714052872257 -0.121447678344962 0.0139677133327558 0.000141096215295764 0.0137749410564116 0.0807363696573925 -0.0314119895439409
DK19 0.0549187229495442 -0.0421807559268561 -0.0637320110476832 -0.00251943401061409 -0.0544099221608712 0.0975045068911372 0.0522701833488226
DK20 0.0599786356707345 0.0302161003331155 0.0260597028698631 0.134758252200895 -0.0134858033909502 -0.000470636762550185 0.0327182919990397
DK21 -0.0224516281868976 -0.12783499073013 -0.0600827606141546 -0.0491019545716916 0.0703921836678859 -0.0896413602523527 -0.0473839947563607
DK22 -0.0550175097994926 -0.0545021759764265 0.0727037096244036 0.105239599257219 0.13466688867293 -0.0913953627220212 -0.0536146316506824
DK23 -0.0502815309421346 -0.101362198366416 -0.0572252587622793 0.0464731760731289 0.0582648157554341 0.0205104768109947 -0.0478134619714852
DK24 -0.0445658762756257 0.0813563386027095 -0.0931104992365066 0.00625517306861419 -0.0900743041953486 0.192967242105592 0.00958757130369733
DK26 -0.112677720490048 0.025296697809972 -0.0214797577685089 -0.00892385154258909 0.0691011169905909 0.136838444396167 0.0530380429710399
DK27 -0.0611200887956017 -0.0705394462433649 -0.135865294315579 -0.00652973368047396 -0.0524227611278047 -0.0889619013222469 -0.0122020412753125
DK28 -0.180377595859214 -0.00666261627421675 0.0599288873890836 0.0580454150441786 0.0906030894814446 -0.00620157638702689 -0.0945858337088494
DK29 0.0940138740887431 0.0188578937470761 -0.00674876149744176 0.00275665615046036 -0.106402066349614 0.0778333646817493 -0.0768181674800347
DK30 -0.137769947530997 -0.0658592359924721 0.0522382690456345 0.131558155900953 -0.18600047510672 -0.0649368350976665 0.0742575927790439
DK31 0.0407632655527996 -0.0292660444385265 -0.141348333141199 -0.0175476092707934 0.0119445852537515 0.00687063323661313 0.0586460663748068
DK32 0.0450884935008744 -0.0684673426938715 0.012104040404704 0.013416550074655 -0.106206128139609 0.101479993236875 -0.0497046491543189
DK34 -0.031750421615727 -0.118683119445581 -0.0506735912806671 -0.0392133695424226 0.0910106578926605 0.0532941416384904 -0.0877690813096833
DK35 0.0624601494585596 -0.0358140333219565 -0.136217922095763 0.016738723918995 0.0257975290333841 0.0930987839340635 -0.0601602641344607
DK36 0.083778572506326 -0.0479511717111251 -0.0434745695057851 -0.052139469147289 -0.0180951910917293 0.103438226122822 0.040910494201138
DK37 -0.00263190319603963 0.010426954364009 0.0780954590846727 0.116676473938612 -0.0262613493435348 0.000941940403479307 -0.217097704909974
DK38 -0.00324028205847553 -0.0264159459407787 -0.029778730361429 0.244920733511703 -0.0140444657469835 0.0279489060029584 -0.00175393490833435
DK39 -0.00465311125721547 -0.0662655922852835 -0.126768802749013 -0.0357232047772015 -0.0313026561486056 0.0230683713239247 0.0232612846442717
FR02 0.0344554540491376 -0.0244659302853324 0.0780196708404771 0.027859061113572 0.0137570873221168 0.0147266851581976 0.016817880880571
FR03 0.00640523340674595 -0.116227896843382 -0.0376639463655528 -0.0704547047592132 -0.0451442753645985 -0.0542047288159729 -0.0223286663711597
FR04 -0.0847481810251057 0.0570334285721931 -0.0220654800017465 -0.106331280968549 -0.0898726657288837 0.187246735370128 -0.0479569115082263
FR05 -0.139047464459115 0.0737939224417769 0.016528553997441 -0.108429207728283 0.154298642032462 -0.0138551813506481 0.123850660058491
FR06 0.0376731482020176 0.0346814437019726 -0.0114457981703723 -0.176705869190526 0.0786657860659233 0.076994140277513 -0.047705209681837
FR07 -0.160051552164364 0.100557365757794 -0.0796391126287437 -0.149790695488648 0.0240605801190335 0.0346143976655432 -0.00718355065608038
FR08 0.0393866045384752 -0.0371553925554285 -0.0106612678059275 0.112156139614853 -0.00396660596884969 0.147373003196974 0.076871782734359
FR10 -0.0582327712147109 -0.0340659993308841 0.0363649228913139 0.0110602064327983 0.0268606674009942 -0.143465707995068 0.0228264776270018
FR12 0.0243150541882548 0.072183812827888 0.0354187874419965 -0.031588738315899 -0.0772634135944822 0.00980401284499682 0.0251574810708903
FR13 -0.0559121983214761 0.00693025216329467 -0.148788289427144 -0.0546777368375034 0.0391112527016267 0.0101147233065793 0.168248070195192
FR15 0.0614411699188874 -0.0381032546839312 -0.0483013488468443 -0.0888850198794884 0.0702767844896836 -0.0213725051374732 -0.00660866906512898
FR16 -0.167362512558739 0.0076498161444305 -0.0708652200423942 0.0165059253115854 -0.041348627533728 0.00929530063112471 0.0327467044916752
FR17 0.031818934240285 -0.0769251663747291 -0.0160473866210922 -0.0969524951360353 0.041993836638271 0.0897572120085873 0.0379509109632088
FR19 -0.0509381030526295 -0.0400916517167326 0.047254191099118 0.148086060159451 0.043595086153001 -0.0623438005115469 -0.0303530155907135
FR20 0.11791274020917 -0.012373705358833 0.0800014188927032 -0.00135833514719269 0.00528083454103125 0.0928536788726561 -0.00339175976261929
FY01 0.0287457790733149 -0.0550469346092096 0.00141360913453235 -0.104310613208445 -0.000335204221798622 0.0328442008521895 0.0207150280897576
FY02 0.0801433690695913 -0.0818214183846823 -0.0135019284162208 -0.00100911897475181 -0.0601606915098051 0.0214387834075992 0.0442841152188952
FY03 -0.0547472718869075 -0.0476800421349769 0.0159049947205175 0.114875735707751 0.00554490642074016 0.0648845173366301 -0.0288239525792885
FY04 -0.0446336424152065 0.166242723758393 0.0152174953621635 -0.0179532989461944 -0.101250590358303 -0.0704342127030075 -0.0359723154540635
FY05 -0.0294173646503421 0.0168691884131028 0.0955178664671321 0.0413676407053094 0.0224276445602484 -0.0782954631852092 -0.100157075888332
FY06 -0.039132793479179 0.0523219573760209 0.0893394455530564 0.0306473138001384 0.0630862911570657 -0.00915447233930624 0.044697574035029
FY07 -0.0547137577700282 0.111724008845975 -0.0202256428265622 0.0849240954983766 0.0362258158927674 0.0646455483620931 0.0353266375634737
FY09 0.0161730790298591 -0.0203028853878427 0.0534282278073289 0.0881217360881981 -0.0984172695882316 -0.0238545522565383 -0.0111239459023759
FY10 0.0155195048989449 0.000979613009391489 0.112587221745007 0.0168195020251002 0.11174600198659 0.094513305107316 0.0679496868655663
FY11 -0.0971079027984647 -0.0472416037527688 -0.0540728137432026 -0.00368984635807471 -0.110936207248522 -0.0290906700651888 0.0476896013301779
FY12 0.0748088612914512 0.00676378989540867 -0.0599067890367393 0.0784806007291024 0.00710923381600613 -0.0712833214111433 0.0568747954410991
FY13 -0.0780372400957939 -0.0374680260889923 0.150664066610526 -0.198733237608699 0.0150285992612156 -0.0782188047766176 -0.0321452832994139
FY14 0.0555439258011828 -0.00912823324020402 0.0378457077826612 0.0741990172010459 0.0256171443502688 0.00740415246707557 0.0362698913656735
FY15 0.0959105909915498 -0.0573741827839932 -0.00771626198743681 -0.0397669857982411 -0.00214481544014292 -0.052578164806512 -0.102965872286181
FY16 0.0071102532325844 -0.0457211240956851 0.08155690876813 0.0406260075867396 0.0163988902659552 0.0259765910477418 0.100665076595239
FY17 0.0338769547282934 0.00185911150789442 0.0263012419220684 -0.0404776280601094 -0.0514574417845335 0.0650813082373939 -0.120824086993551
HH01 0.0953931027573657 0.0951489972668448 0.0245851788874259 -0.132156257222956 -0.0726143935259791 -0.0720798554799071 0.128392983040204
HH02 -0.165523896181089 -0.0332893999341246 -0.021539288465345 -0.0151096636529096 -0.0816448640325128 -0.0629590612059879 0.0898172107118206
HH03 0.00180345038036055 -0.0230400273600469 0.00255924914092344 -0.0380745403728129 -0.0815002467549627 -0.0629505979568892 0.0392061175055934
HH04 -0.0488169458507585 -0.0717792588580943 -0.0484014376982346 -0.122202407409426 0.0250014813577778 0.00202311910897457 -0.0157758291611171
HH05 0.0323895497692416 0.0122157420193736 0.00137119457941526 -0.0578791518746265 0.0618069694757431 0.00610236220675481 -0.0801304095717256
HH07 -0.0375715190263545 0.0811872996723576 -0.0463022237606389 -0.0115386561362012 0.0596045708739658 0.0419789300978597 0.0692099237136546
HH08 -0.0689038662571998 0.037214093201096 0.000252262870283047 0.00140168758167644 -0.0153516959500979 0.0231623310853647 -0.0295470177624051
HH09 0.0579461235164936 0.00513299044214825 -0.0237229081377347 0.0121424525564951 0.0120167528570403 -0.0906158502151063 0.0323994709568797
HH10 -0.0470857862619633 -0.0704472258125343 -0.0300454922014814 0.110901191044663 -0.172833598626544 -0.101424712318471 -0.0283553352825189
HH11 -0.0489441144920408 -0.0270677706280322 0.0565653880241752 -0.109701847735627 -0.0787794918035625 0.0275016779662581 0.0148452174529567
HH12 0.00321017740313983 -0.0150739852667421 -0.0104044064789462 -0.0175037040587318 -0.00273142206191565 -0.0806551180661594 -0.109715892294818
HH13 -0.0228326027115785 0.0270328164265872 0.0664933154783032 -0.000141552046184145 0.0483529950770401 0.0357670962396352 0.0497079631117022
HH16 -0.0134466834870616 -0.056159192381885 0.0677868708929097 0.0969330012058132 0.0119002134026684 0.00421923682961373 0.0489264748364423
HH18 -0.0553196421070106 -0.0454093745446992 -0.0959025854565589 -0.0492146036893311 -0.0215095252521834 0.110950382494919 0.0130318284351621
JB02 -0.0147742879777969 -0.0791122190542089 -0.0507461198402331 -0.0351235010103519 -0.124092921410803 -0.140270900987895 0.0810723900968112
JB03 -0.0456785971742535 0.0938380034741563 0.0681743229352405 -0.0413459558762157 0.00728291840682317 0.123298145838289 -0.0148919940989975
JB04 -0.0687860176365409 -0.0218138381717487 0.0851610042826034 0.0631686804167564 0.053917637229495 0.0390770337849703 0.0339333682280637
JB05 -0.0404991199571772 0.0165778258035188 0.0425608897656094 0.021531164099332 -0.119212261628814 -0.140270067613664 -0.106313432446276
JB07 0.0108528080256296 -0.0145198551249026 -0.0335983393800985 0.0077502724326742 0.042663282306481 0.05090106528419 -0.0325959707966345
JB10 -0.112595896099829 0.0230236738228194 0.0321789519590394 0.0195855020924673 0.0075868589901788 0.0194902428667171 0.014314421748474
JB13 0.0269967032997497 -0.028382563394405 -0.0568103754060918 0.0635174549126112 0.0730916657992132 0.00935440666355022 -0.0730648863787628
JB15 0.0446410629670986 0.104842354707362 0.132591394625824 -0.106499149975663 0.0215124151229067 -0.000695162974185208 -0.0573558049498442
JB16 0.0687992820828848 0.0353936770137454 -0.0395791581712492 -0.00964007515621212 0.0113014091103117 -0.0341014239869517 0.0287560498542684
JB17 -0.0905035334842068 0.0708259730223355 0.109236726335859 -0.0731681235362753 -0.013417550460244 0.0316901982046596 0.112357438704659
NB01 0.0304646356679681 -0.00209906250151364 0.0474361396746643 -0.0510471887365523 -0.0365348167814531 0.0155945306210666 -0.0494561288106465
NB02 0.0534895161666744 -0.029399316923685 0.0263715108821372 0.0202326262303679 0.0719394193135167 0.0508136389470657 -0.168822686901751
NB03 -0.0276853274873257 -0.0485553680890653 -0.0284516660636829 -0.0146180629943799 0.107669655476689 0.0934290148728971 0.0498316277784196
NB04 -0.00462037527455214 0.021671615847374 0.00417713423662707 -0.0333629747341086 0.0014356164792244 -0.00311884629737862 0.0513897451236785
NB05 0.0764547478156937 -0.0700404359017225 -0.0211416994700472 0.0815011508792714 0.160922508022528 -0.00615605319571944 0.0106781127358161
NB06 0.0152735694161668 -0.0847801257562231 -0.0293219952059597 -0.0949854834045588 0.0909741194487954 0.0386581561198062 -0.0633996492983132
NB10 -0.198850489359233 -0.0474751916593236 0.00789256014554643 0.0274235156394569 -0.0123982284793229 0.00973541293260949 0.133839407595395
NB11 -0.00127526652218332 0.0102169707715848 -0.0258863950797105 0.0788769050791329 0.174474494869838 -0.0379099102461338 -0.0521529430101733
NB12 -0.0042397327483002 -0.0748440351485692 -0.0647573946556868 -0.0387777946618065 -0.060096402376109 -0.00289897343371921 -0.0274600338768173
NB13 -0.01912034912422 -0.0202109247811117 -0.067465064053145 -0.0440506833121302 -0.0180617293964262 0.137880828619297 -0.0516836273335981
NB14 0.0412810407061675 -0.124342584283138 -0.0976339069584421 0.0714058090804564 -0.0492054709340296 -0.0445784682122148 -0.103166775937606
NB15 0.0534977324748212 -0.0336414274298491 0.0081525717244463 0.0450020394379455 0.0419192180499636 0.0644042132571195 -0.0213241171291259
NB16 0.125824335251218 0.0229545079507976 -0.000792346851082943 0.0686188730454537 -0.0672824427226679 0.0684852922032052 0.0409120287426581
NB17 -0.015384106838806 0.00130303411213171 0.0646281858856217 0.0520274724705264 0.0408411969378872 0.00834427087494747 -0.036746645988306
PA01 0.0273092550418882 0.15907764635121 0.0355724379606985 -0.00695743881914289 0.000281951738487776 0.0564610512331483 -0.0934049382205154
PA02 -0.037967681973705 0.0761106101173175 0.11014639000137 -0.0303900771081691 -0.10198770722388 -0.00496292516600834 0.00493445370921912
PA03 0.0521544451799553 0.0227612481084904 -0.0117660884261537 -0.0281021626590861 -0.130526350516367 0.0223348823628959 -0.00210298006856841
PA04 0.0395953125344184 -0.0097249868588716 0.0430757167329703 -0.102479506045106 0.125193883404867 -0.0380863747704334 -0.0481273377372214
PA05 0.099529778042385 -0.0349254852054513 -0.0276944243798162 -0.0559109082947869 -0.13177626767885 -0.0635973080802421 0.0322272063632905
PA07 -0.0830391423800127 -0.165698945006614 0.0455156219854094 0.0357537408210579 0.0383837224250156 0.00217147142612217 -0.0231682687101433
PA08 0.0850579357117919 -0.00442411754930634 0.00422592410797217 -0.0330734746448369 0.0378102700682258 -0.107760133201002 0.0283438043670404
PA09 -0.0599749604160483 0.0966764038259707 -0.00323900665738273 0.0646915857877719 0.0214545272700592 0.0805176476184324 0.192582995680821
PA10 0.0279704372950848 0.0699284097962816 -0.0425647319861953 -0.0907620964057915 -0.034170892667546 0.0485845430064822 -0.11227776840206
PA11 -0.156419236935808 -0.00892969399794667 -0.0189766204352952 -0.0751282478524554 -0.0636769856956589 0.0219184112451274 -0.110621977842532
PA12 -0.0116349529164849 -0.0109577662325199 -0.0460580201914185 -0.0539681613257148 0.0534824522863153 0.0761589548288645 -0.0811244588688125
PA13 0.00527767677426028 0.00749722063855886 0.0255427049949119 -0.0794930850207275 0.0816714574355495 -0.10125681952069 0.0503912130547944
PA14 0.0782654732799159 0.00227107529979998 -0.0203697562764702 -0.0316367542245492 0.0846897204698068 -0.0686394383567336 0.113628739823862
PA15 0.0142106343922892 -0.0553585333519449 -0.00376461127862334 0.0620344016110255 -0.146078819508997 -0.124167472262696 -0.024445297681974
PA17 0.0341368022969085 -0.0602660956014644 -0.0208530241011922 -0.0618656497621594 0.0192490541961462 0.00406783557037255 0.0176779633119913
PA18 -0.0532491115956238 0.0248967650722661 0.0478629053361187 0.120510266233992 -0.0654246088298725 -0.0347015840964745 0.0456205510844143
PA20 0.0546832936570328 0.0211460258576694 -0.0674034246621752 -0.0138238586643432 0.124562555306657 0.0567896960362079 -0.0317538187569523
PA21 0.0246494340043676 -0.0898178635878822 -0.0604997388049659 0.000502719608629138 0.0639884250411418 -0.0241440918212022 0.106418012253828
PA23 0.0172065716111759 -0.0526733383673488 0.00524572341478048 0.00540003568925849 -0.0542129129794191 0.00380339863715186 0.0282801516054177
PA24 -0.00706360973265867 -0.0280402894996588 -0.0995587389478472 0.0699544236854872 -0.0327951908124938 -0.140076950308649 -0.12758780519789
PA25 -0.00403053316973915 -0.0292458518838081 0.0139959587198651 -0.107967011562128 0.0273784683377341 -0.0657574241925666 0.00461871411847615
PA26 0.000542864497761759 0.0193221397592819 -0.00921671291719025 -0.00850234682541827 0.0462127046917404 -0.0235377887636621 0.0941922789633415
PA27 -0.0988095793815321 -0.0260851516044757 -0.0547633943661196 -0.006550082809362 -0.0205495883887507 -0.128341658324498 0.0653414248990502
RB01 0.0591822079827887 -0.000381899861573272 0.125168516661941 -0.0802754595555489 0.0387400869441381 -0.0863478701553316 -0.0939601472253731
RB02 -0.0827070454202607 -0.0433076739040422 -0.0190616573038004 -0.0267330943846805 -0.00307774715066489 -0.186142741985449 0.128308251084924
RB03 0.0511921119182512 0.0517171944155462 0.0351390886714047 -0.115744908279874 -0.0511858172979162 -0.142054509041029 0.0745265584827701
RB04 0.0348805791062698 0.0393825056742229 0.105249437709297 -0.0586907137080249 -0.000483586998826975 -0.0792053984761463 0.0188263936877779
RB05 0.0184878448353816 0.038965015232005 0.0394693838614091 -0.0445566461618601 0.0142798950939893 -0.0419741540585995 0.109357250287553
RB06 -0.00630102192108096 0.0748174608941033 0.12900857498555 0.0816953096723487 0.0889482830707565 0.0227355924557404 0.0468089843296017
RB07 0.0286358908110808 -0.0466732349299537 -0.0350301355689491 0.067435070743285 -0.0163894848080436 -0.0334022005401437 -0.0171062593692665
RB08 0.0703479535521272 0.0597838874966221 0.0148836213365623 0.0282809284450217 -0.121813218030647 0.080735021694783 0.0709735862626984
RB09 0.0516106445944681 0.0905679201011025 -0.0426982801671425 0.0261080164853929 0.0277446580014063 0.00960613863275182 0.117836328230119
RB10 0.00220956340561173 -0.0157534196478495 0.0742666392177983 0.121564558981212 0.127118986186647 -0.0730825232736015 0.068277806050701
RB12 0.0518298465024141 -0.094587903616507 0.121750736951071 0.0982557555615133 -0.0639602248734095 -0.0735564155997724 0.0426205924735352
RB13 0.0573242745933572 0.020627246341639 0.104916166581328 0.0155762323191691 -0.00816163324556683 0.0787383631157035 0.126934318200323
RB14 0.0196539709447511 -0.024124739376753 -0.0167904825512108 0.00617628882845222 -0.0255181396748616 0.0166683599048536 -0.0251988706637664
RB15 -0.0356246463273259 0.01081921392993 0.00926897191990989 0.0896469994265922 0.00638107427557554 0.0931420163726441 0.0999802940354393
RB16 0.0507578396903724 0.0133699724721961 0.0994073891751988 0.0189313282521027 0.111119628199782 -0.0334258374291459 -0.0712031876491263
RB17 -0.0745117166016719 0.0834037512718519 -0.108634247954121 0.0617922115908922 -0.0262969459717754 0.0671241034849372 0.0580706090444694
RB19 0.0330293961909181 0.0218647104851727 0.187648296794131 0.00895500583803699 -0.0300640398082149 0.188200305578738 -0.0406236646327922
RB20 -0.0382056951093742 0.0199109825269166 0.0473540586360134 -0.0112968813947387 0.00828626738117649 0.0195014420177727 -0.122544541298969
RL01 -0.15872467451549 -0.0372469403733498 0.0290780603430473 0.128091897605206 -0.0439290461846072 0.0950652929637623 0.0362750833075451
RL02 -0.000914063155986947 0.0141861687443002 0.0674510677735321 0.0731008408096055 -0.0933954902830267 -0.0228061843725196 -0.0408844613768172
RL03 0.0878984445312615 0.0475053029002259 0.0681520798207387 0.0622723511877839 0.0127202379528449 0.0378352013167597 -0.0726760240982767
RL04 0.055222445822673 0.0496949879831599 0.0425957223628978 -0.135625702346254 0.0292265174392666 -0.0523686940261028 0.0306420480442665
RL06 0.0760281621285819 -0.00693714708560677 0.0682616481870837 -0.0909503477072441 0.00204593559371039 -0.0845107961962838 0.000579463717311979
RL07 0.00556307471053662 0.0948089536286799 0.0101053917881043 -0.024105550410465 0.00743633672138841 0.013779445721015 0.013426257456129
RL09 0.0614107391166864 -0.0133877318498242 -0.0214797041813138 -0.0695738124962116 -0.0280131657813431 -0.106001170544767 0.0628156417359419
RL10 0.0180688573766748 0.0431909534406881 0.145539217652633 -0.129110801573359 0.0574199830649342 0.014395093245791 -0.0784788275851308
RL11 0.0977141938363997 0.102648454381544 0.0962837997485486 -0.00316009559479148 -0.108371154968307 -0.138599571185697 0.0441958034772678
RL12 -0.0256511643635654 0.119727060268738 0.027722500766665 0.00795601927571154 0.00674394691123274 -0.0616383269254967 0.0491013771985481
RL13 -0.0752754358880547 0.168635968339422 0.0569067502079203 -0.0986642089105148 -0.00177465711506592 -0.0300390079254487 -0.08749124071047
RL15 0.119788903500791 0.0868089293871372 0.0768443802349205 0.0491483391475873 -0.0810454877476075 -0.0383982889406003 -0.0225793788025633
RL17 -0.00355861411797972 -0.0241214329377072 0.0431506596988605 -0.047005688115076 -0.00674187604465094 -0.120990414349605 0.0566009608045718
RL18 -0.238680719265926 -0.0143227634372558 -0.0491350557877953 -0.0147302401305572 -0.00846838420443442 -0.0224690151433263 -0.054419893514519
RL20 -0.0151794587281754 0.0333073898643115 0.0722168593376187 0.0166012121331397 0.0724624015384242 -0.0515519016086141 0.11772398001424
RL21 0.0586569136487393 -0.0162004828434414 -0.0165079042734478 -0.0901692915819748 -0.0334186429527763 0.0093803742954041 0.0103814621680647
RL22 -0.0971595332112529 0.150938260071372 0.120913070769358 0.177402822842181 -0.00908005764826404 -0.0057195665475681 -0.205872369121612
RL23 0.0132003810376299 0.0779551207833052 0.126425235576172 -0.108555478798345 -0.0787839970760772 0.000913001582374484 0.011170342604606
TR01 0.0445823706275284 -0.0398321254495902 0.0734062494361832 0.0750793982950556 0.0861235672160466 0.0353687866277808 0.0565822318432063
TR02 0.0607197170647516 -0.0243272843709594 -0.0249212707677334 -0.0132548708933179 0.0462452471121726 0.0592653282021324 -0.0266170071019435
TR03 0.0733237594351515 -0.00548475088130257 -0.0350395488681317 -0.0960440208567428 -0.0249351835337177 0.04908479994147 0.0789295905444261
TR04 0.113281327170423 -0.0102113297225683 0.0303445709443774 0.0160479071479276 -0.139072262988623 0.0611882426054774 0.0107921681576206
TR05 -0.000657860625457851 -0.0247289757138817 -0.121588359977019 0.0344851392350228 0.030796482347658 0.020507384482191 0.187586259038783
TR06 0.100384578551103 -0.110938004708001 -0.15676880608078 -0.0153794959847708 0.0453603366772155 -0.102002607143069 -0.0370806931426479
TR08 -0.0195751416791733 -0.0620494069514971 0.0541384200144482 -0.059938488906965 0.0153366740920661 0.0129551615046739 0.0862321297536106
TR09 0.121691987686696 0.0403239441455012 0.0194306076499899 -0.0419446650087803 -0.0329701027008382 0.0293996338103266 0.0697380794635611
TR10 0.0798847853600769 -0.0553844287975676 -0.0297586854510204 -0.0579627183152903 0.0933832261811436 -0.0613498573579636 0.064551378680914
TR11 0.0620564351443747 -0.0207728461680874 -0.00687484826655651 0.0176186561917435 0.0353308654388997 0.0569132686730932 0.0682625782053261
TR12 0.0228772893030117 -0.0105093348096938 0.0172679009129843 -0.102939302521519 -0.0770423720189888 -0.0501687976123635 -0.0466882351550169
TR13 0.00277058299164169 -0.0718290948446874 -0.101448637065863 -0.0541233821566497 -0.162039990822982 0.00293727697351673 -0.15921913090937
TR14 -0.251276844286638 0.0258849291483763 0.056885591330437 -0.0720396476556671 -0.0701926231328267 0.021680744537311 -0.116434291385961
TR15 -0.038494155120049 -0.0510216966188126 0.0735837021502495 0.0415427809580581 0.0861052057118406 -0.125163795206798 0.0144250696965293
TR16 -0.019033323715651 -0.0156973356447534 0.158883011082166 0.0546921898505949 -0.0549598040476083 0.00368848308160703 0.0492183938013625
TR17 -0.0425326710267863 0.0444238246907422 0.0669565482206269 -0.00303586185425696 0.0787074479235189 0.169270241560231 0.00724021569274633
