sample MDS1 MDS2 MDS3 MDS4 MDS5 MDS6 MDS7
AN03 -0.00502617202211697 -0.0343075922804224 0.0482909257006957 -0.0159257274268906 0.0395036754290242 0.0172784657069166 -0.0159723507196982
AN04 0.0433997880417928 0.0218500384150668 -0.0456288419642639 -0.0138087293331537 0.0296628710140588 0.027136825468826 0.0810164553381766
CS01 0.0855944530995542 0.011476690644991 -0.0281201536552584 -0.130928451107604 -0.0639387170536158 0.0720042855486682 0.0258268317998324
CS02 0.0464268086467158 0.00921899907731927 0.0524544643203466 0.0783228656522433 0.0515908360297695 -0.0725394599760019 0.153979730907097
CS03 0.0523788932018588 -0.0262305708277004 0.0292834358654959 0.0487411089884957 0.0252048918157852 -0.0511558487804896 0.06782448986398
CS04 0.0442436700713758 -0.0242569774050163 0.0304927555106011 0.0086061160191816 -0.0132294702169709 0.105845585442025 0.10498167506027
CS05 -0.0121680135530091 -0.0932950511595979 0.0906616446453563 -0.0753037325526837 -0.0802225372524954 0.0913176867174571 -0.0257922934126054
CS07 -0.0765841297897792 -0.0362152436797088 0.140066066907257 0.055779428125342 -0.0290065294446144 0.0808062360668306 -0.106344103989201
CS08 0.166672302515047 -0.342178288647837 0.0687976627728071 0.0222888706211796 0.0298411503828487 -0.101076571326442 0.0780069147165539
CS09 0.0872569864744787 0.0244566234157263 -0.0562493405509614 -0.120336602353645 -0.00339113517478128 0.0702390042133022 -0.0258737070292214
CS10 -0.0290780550667747 0.0589442803331242 0.0292638957179964 0.0862893891322211 0.00392353686298413 -0.0540346310736944 0.018917823541331
CS12 -0.0565002010741394 -0.0586935387621319 0.00953818932952052 0.0204486863189334 0.106701850097327 -0.0183353424294597 -0.0981488586001887
CS13 -0.050008091805003 0.0737269988502434 -0.0277899833567675 0.147489145875562 0.0540189217885206 0.0390070506959758 0.148689411795545
CS14 0.0136515993711589 0.0435343400797147 0.0454446766205997 -0.0715071100901435 -0.0212572334313016 -0.00900501370912482 -0.0452929989833468
CS15 0.0283828984770385 -0.0128779984873575 0.0705515166629125 0.00661166099655533 0.0478865153458068 0.0578550711150549 0.0993969752339975
CS16 0.0164558068916008 0.0464294721052184 0.10860480579379 -0.0656714442489732 0.136373289484066 -0.0396871659154938 -0.0570842218804722
CS17 0.14169701941066 -0.0138268351843973 0.0288269915470936 -0.0720498179244579 -0.10248670088917 -0.0259751045065429 0.0209894737117639
CS18 0.00204451637472674 0.0189988477341317 0.0973003214417514 -0.115213301443792 0.0349786683942212 -0.0137054159067062 0.0574953112165345
DK01 0.0321237424453096 0.0833094272744891 -0.00566723000998026 -0.0196128350283674 0.0719130516636361 0.0564851821933958 -0.0559005212665286
DK02 -0.0631656484380576 0.0171508601411705 0.0322345948971964 -0.0320923033899524 -0.0696748863689182 -0.00220413717323253 -0.0152179335269425
DK03 -0.100946567385078 -0.0214508310213895 0.114860650990001 0.00766771284289477 -0.0708829859745537 0.0280514703424125 0.0735556368820697
DK05 0.149096701618771 -0.492471374329363 0.105720109842829 -0.041686007400516 0.0483653258406351 -0.166102753163921 0.091288821084126
DK06 0.0394081055811907 -0.0261811631995856 -0.0528470725139365 -0.0719899390813071 0.0208224611456217 -0.139836715286804 -0.0585044454419751
DK07 -0.074295803675093 0.0466688109220737 -0.038587175647431 -0.0186829789671152 0.0596418466669371 -0.137498530226121 0.0776209475095634
DK08 -0.100221539850431 -0.034505548314608 -0.00581252340686919 0.0929517403956124 -0.00750903422491223 0.0570277384658224 0.0771924256886092
DK10 -0.215742797258278 -0.0324319101652359 -0.0833293220981381 0.0207299128998238 -0.0667322015126807 -0.000156369880575602 0.0439356249574056
DK11 0.0611322673906322 0.0215340938956779 0.0521480834197475 -0.0986529044473368 0.130907856953185 0.0135335804183451 0.0662479496193805
DK12 0.0721703754394915 -0.00581507448635301 0.0105920940376021 -0.04111426140552 0.0595272458056888 0.0242331182086974 0.0412572140303692
DK13 0.00713799916727747 0.0601431110301922 0.0191942335449993 -0.0521682488988936 -0.0175470474971623 0.000468797150008332 -0.0239811754303849
DK14 -0.0818881201978379 0.00892985152699221 -0.0285383092600184 -0.11416689610538 0.0225246597116568 0.0371802984675887 -0.11581954795632
DK15 0.0930443412435355 -0.00697330406397169 0.0780655252641774 0.0359438515291805 0.0424286425532045 0.00446399757368589 0.113877061501352
DK16 -0.0280761645136016 0.013190656355638 0.0553018873767294 -0.0788128332902946 -0.021649371865881 0.0109423560767829 -0.0259833867411171
DK17 -0.0733767234343893 0.0994692943372753 0.0177365103304188 0.00118686842986069 0.0209558592879649 0.0962381917737951 0.00180610686199978
DK19 0.0267034727471097 0.0428671695682134 0.0836794474572101 -0.0477437160559393 0.0010264683986097 0.0656292053811798 -0.110202691212953
DK20 0.0589540903231489 0.0239577070777384 -0.027891006467786 -0.108163830110473 0.0930871549133751 -0.052031577181078 -0.0294629303488192
DK21 -0.0685690004918539 0.0744869498529868 0.0741091200683655 0.134450419954348 -0.00731441074606157 -0.0665684266821655 0.0697809560518459
DK22 -0.0653923527292902 0.0473044193451463 -0.0715672500311584 0.0894848294200622 0.147751319960685 -0.0895031678442649 0.0334662028666625
DK23 -0.0947015493011859 0.0344898853425185 0.0773342123015585 0.0439805020507022 0.0803128993901303 0.00618804220627614 0.0205901771230243
DK24 -0.0245156158709016 -0.112291894833823 0.064057566043457 -0.134268559540837 -0.0164078806061942 0.154475757947179 -0.0203606144405124
DK25 0.0319867631131811 -0.0485886928457368 0.000234868212112626 -0.0141908804959824 0.0597932337792037 0.00997355506297464 0.0441977456145691
DK26 -0.106079333810111 -0.0722223108637255 -0.00757411706725337 0.0140943211398136 0.036866009913689 0.0841921955757217 -0.0728998990980045
DK27 -0.0933573065119083 -0.0134585149761902 0.133277635430527 -0.0339479054615132 -0.0763396325089911 -0.0508760979654035 0.0893317330946709
DK28 -0.151924951910367 -0.061362797179774 -0.114941635685442 0.0387921698058828 0.111194754100635 -0.021290495144736 0.0369536264446059
DK29 0.0855465651786043 0.0274445098550616 0.0211639039712739 -0.102592568449166 -0.0139088247405 0.119592373769572 0.0186678029435682
DK30 -0.147851264603871 0.0362312968604087 -0.08056590022926 -0.17612441422578 -0.0115318132661547 -0.10819511900182 -0.0336580983121198
DK31 0.0231235249300534 -0.00746966506407531 0.152023431040746 0.0227259947608604 -0.0107625652435155 -0.0447967180920889 -0.0418175815663998
DK32 0.000745932054883089 0.0869050379446495 0.00541199250316399 -0.0867344821963989 -0.0107519720623205 0.107540457633653 -0.0220607551316832
DK33 -0.0887302579123574 -0.0435117355969911 0.0781718926205633 -0.148971024729303 -0.0383773501158191 0.0894921758275027 0.0428626610249448
DK34 -0.0785561574205363 0.041496266410848 0.0987032990596706 0.107135369912081 0.0364295103598157 0.118381671114052 0.00984001858339797
DK35 0.0232039671956255 0.0105684868673942 0.147349345028243 -0.0192397095334664 0.0575166825149983 0.0512630580753837 0.0689824256696787
DK36 0.0475965959110261 0.0677556253161419 0.0897822066956116 -0.00785080319608828 -0.0212909538308121 0.0747237011240471 -0.04205653820668
DK37 0.00229059799607327 0.00821209402890343 -0.095924904520235 -0.00505886724308276 0.142572685482605 0.0422943379143578 0.186420796242767
DK38 -0.0208448923514003 0.0169704411626988 0.0387093916255815 -0.124145228308517 0.201399989397869 -0.0664872645322697 0.0041294053884663
DK39 -0.0415519836057978 0.0199688916587448 0.133776788218941 -0.0150560118936184 -0.0592567447958892 0.00284757798094394 -0.00307174276975749
FR01 -0.0832021898588802 0.123310384013528 -0.14690419997308 -0.0840182588074981 -0.0761821604241683 -0.0878118012714539 0.085076570000919
FR02 0.0262306264509637 0.0497080498080507 -0.0440799895645025 -0.00222128587293893 0.0498573878220356 -0.0121170484260159 -0.0162642065861075
FR03 -0.0428535334839308 0.0901370731156065 0.0485896848306195 0.0328785669055926 -0.0875049603218752 -0.0123316081689593 0.0150549838714083
FR04 -0.0482491238496311 -0.0855638780069089 -0.000538474193522777 -0.0581942713843472 -0.0855676212285935 0.212072503306518 -0.00939275327365174
FR05 -0.0765163602687062 -0.134370628683548 -0.0532228005016582 0.165901439841499 -0.0337465021799085 -0.0332048456829282 -0.144659798424117
FR06 0.0603887191229184 -0.0231172300684998 0.0107144202231821 0.14328102255853 -0.0599674118519922 0.116238696182261 -0.0228491010733935
FR07 -0.0945968061975382 -0.190554420419054 0.0125521682906873 0.0615500178634641 -0.120549732199327 0.0722008969273094 0.0199481679729306
FR08 0.0163585509794738 0.0387721446091616 0.0490342148161393 -0.095127635004887 0.116876751550393 0.0477895920485758 -0.0983015656591263
FR10 -0.0463188443957968 0.0134353291347749 -0.0473725756788342 0.0300450806738393 -0.0195388085963728 -0.139866048412849 0.0359955885767531
FR12 0.0494129782130155 -0.0291372541536341 -0.0639873547557953 -0.0624911064683637 -0.0518628898480144 0.0154623978126399 -0.0218871396157523
FR13 -0.0387034991675452 -0.0857082060574105 0.140472195366025 0.0404476212221133 -0.0369231546787993 -0.0718524463653177 -0.128941692083527
FR15 0.0454305408538642 0.0382243735679501 0.0755142949701783 0.0959805751907462 -0.0459405326435254 0.0104073213399868 0.0506666165102828
FR16 -0.147862876734017 -0.098197404591696 0.00783847038835739 -0.0625082685723578 -0.0337512647908319 0.00260535320599973 -0.0566503169267045
FR17 0.0130301849798214 0.068448251650289 0.0436140704618653 0.0895749188517469 -0.0292449840655457 0.0891339925460265 -0.0997446275782596
FR19 -0.0642240600011996 0.022823619428312 -0.0509196240224168 -0.0289056327079571 0.125127421394464 -0.0807007343563619 0.0234381605712783
FY01 0.00258011021081732 0.0614377342370534 0.0230702423930239 0.0805995434579856 -0.05679447450702 0.0340265130122201 -0.0555551282243426
FY02 0.0417316898549121 0.107023100899581 0.0604941833251574 -0.0139597672933099 -0.00964524449830095 0.0144359645337513 -0.0653598769827808
FY03 -0.0721126265876488 0.0227232484063845 -0.0194696777851043 -0.0641437684806141 0.112225847017471 0.0135477940394001 0.0312295369909372
FY04 0.0374346328262196 -0.122126479813819 -0.103807428371156 -0.0909646922876799 -0.0794136651098587 -0.0415509006064695 0.050084223180349
FY05 -0.00253100220450065 -0.0129445819063864 -0.107043743253033 0.0784642152705494 0.0574133330671017 -0.0290919340062187 -0.00480075419915841
FY06 0.0142235140799662 -0.0331186366675497 -0.0937907350540863 0.0420642517438269 0.0642306505046839 -0.0263728647528521 -0.0758971677258939
FY07 -0.00283765502322326 -0.128065323000141 -0.0159098762941616 -0.07990265463849 0.0684686872573841 0.0329749081751828 -0.0189554991265698
FY09 -0.00670685585579108 0.0506497786943001 -0.0599664207062252 -0.133365332921764 -0.0110298125189999 -0.0167995682437839 0.0619464638961786
FY10 0.0193105467463803 0.022374212143212 -0.0635641790831184 0.0755532151285552 0.0862909187230046 0.0885947191805759 -0.136914102352841
FY11 -0.10032884182373 -0.00480660540909544 0.021153710688221 -0.0817102940426475 -0.0741484154965358 -0.0514925805176746 -0.0466240166755987
FY12 0.0591408053647678 -0.0113014668210336 0.0944240854952271 -0.0451345920683781 0.0371176873935233 -0.121440219572682 0.0480107251065583
FY13 -0.0553430320188727 0.0607938574560281 -0.150601718549966 0.153272081614883 -0.152823433350151 0.0153104954635098 0.048771580897728
FY14 0.0401128973761365 0.0409979830184651 -0.0115045835859526 -0.0451290243677221 0.0587351121126615 -0.0334271058931034 0.0330882983437711
FY15 0.0504417992873701 0.0710516006475818 0.0528087396938655 0.0536966318988154 -0.0308822581954793 0.0151851146705615 0.114492743990199
FY16 -0.0068890334050117 0.0651381497231132 -0.0489535426507887 0.00812668088642368 0.0505582351547482 -0.035233811302563 -0.0704052131915038
FY17 0.0411540670848485 0.0271771904683805 -0.0186188203492195 0.00535675346532416 -0.00384645682508147 0.10121519510975 0.0805155093701223
FY18 -0.0323088660776088 -0.0150557843337885 0.0090838074328248 0.104858392175673 0.0512970442851918 0.0160472232110284 0.0924483071120223
HH01 0.133135209388594 -0.0180070089254055 -0.0291907128442114 -0.0115730405091902 -0.180939076021844 -0.0771001760699128 -0.0518805805362548
HH02 -0.17064077989104 -0.0250735029964522 -0.0348636888613009 -0.0705628203089584 -0.112427470025672 -0.0791377779276516 0.0353847998704329
HH03 -0.0095404182592404 0.0200540860894386 -0.00113765381159809 -0.0264771815572087 -0.0912024764432339 -0.03719067287116 -0.0106697190288306
HH04 -0.0811206685153288 0.00789214599062295 0.073659448658776 0.074042373668581 -0.103278433167433 0.0578928202710192 0.0462093682056294
HH05 0.0401024427225882 0.00358593885032412 0.00400423979968199 0.0763699452501243 0.00680579188016091 0.0755726480107431 0.0102455703520352
HH07 0.00247545673742917 -0.0987510863522162 0.0173842235715978 0.0637129442941134 0.0356292786926571 -0.0128063172870606 -0.107278400721874
HH08 -0.0466024885499127 -0.0691723472324082 -0.0258651986913789 -0.0318731190825316 -0.00288358417307311 0.026967203818113 0.0362104388726934
HH09 0.0545460964712446 0.0114116353521797 0.0286289605258285 0.024649717244028 -0.0094528297903769 -0.0985281664020204 -0.000283183313668445
HH10 -0.0800323660981678 0.0445626538610785 0.00691868220777749 -0.142534261821532 -0.0125420959171828 -0.0998339760702918 0.0260246225952938
HH11 -0.0308311734364919 0.0229043668188406 -0.0455839823217102 0.0182018240472675 -0.103498193376122 0.0851732631137395 -0.135494641183755
HH12 -0.006353285173289 0.0114370033226938 0.00190625479983264 0.035860335369242 -0.0183890887720988 -0.0149717063419432 0.103626962396437
HH13 -0.000102874640546011 -0.00951610397392378 -0.0701729479694424 0.0139605610193345 0.0221768175651667 0.0118683502452022 -0.0784266126698397
HH16 -0.0306336745195586 0.0766001086432639 -0.0608554554744197 0.00125137318246931 0.115888619955112 -0.0637646757162797 -0.0338155408363415
HH18 -0.0683199444226067 -0.017411127043474 0.0948494651609501 -0.0106061012445728 -0.0335877363563149 0.08378821494967 -0.0558857708765209
JB02 -0.0546158897421044 0.0650337521356082 0.0454096551844825 -0.0729931954721028 -0.157133929712738 -0.121700008502171 0.07264288980568
JB03 0.0169355664100424 -0.0938116049547565 -0.0752722333962454 -0.011437350442954 0.0116403425613854 0.128987244831711 -0.071197868325535
JB04 -0.055762490403502 0.0213156608867593 -0.0896789474307616 0.0224219752764687 0.0958916813507577 -0.0134140850123125 -0.0555452339261824
JB05 -0.0308796741842069 0.0227571511145455 -0.119899422280273 -0.0874918930339495 -0.0760729177215753 -0.0950972091469185 0.164801007870079
JB07 -0.00152659304462608 -0.00507435440876851 0.0449153525361442 0.032855161112937 0.0467114061417734 0.0501039960294698 0.000622578574867662
JB10 -0.0780848513325524 -0.0655927268196128 -0.050514974604592 -0.0106884098585661 0.0169611609187754 0.019525551121353 -0.0208003520605158
JB13 0.0223546459253993 -0.00109953294075526 0.0787515844275778 0.0635399882942198 0.128347833031645 -0.0234930039066813 0.0341355089536741
JB15 0.104428983105436 -0.0248637864812246 -0.139901928202051 0.0681818884814757 -0.0582814990864968 0.0542542347163161 0.0302902900835087
JB16 0.0886267117013468 -0.0135552190986403 0.0402077711704476 0.00282932509680806 -0.00216329916364197 -0.0592307056367088 -0.0141316897577534
JB17 -0.0370516530262365 -0.0652039654168393 -0.126544369402444 0.0215737760942514 -0.0811563756513577 -0.00729636123255375 -0.0830160819025731
NB01 0.0208534600635604 0.041415279017895 -0.044461460776391 0.0219637706211484 -0.0273902816725129 0.0412653002519243 0.0115697756286339
NB02 0.0426412382967971 0.0358592890521751 0.00535257782659213 0.0753820799492798 0.103694863933609 0.114591572914282 0.111734709486012
NB03 -0.0441010110353198 0.0244279414114607 0.0485053253493873 0.0888990191916375 0.0605223709323 0.0415115816966835 -0.0336646236054138
NB04 0.0147380440367206 -0.00810573890463144 -0.00632697242138252 0.0174560592895639 -0.0416705588246658 -0.00105548174963831 -0.0760602894830908
NB05 0.0272037149703578 0.0685200089390044 0.0662564893516223 0.0747200267881773 0.136606332095897 -0.0132003567035533 0.0170159608056221
NB06 -0.0209355728647852 0.0629315398849743 0.0531089284824187 0.1006030685234 -0.0186578305573876 0.0749743766236322 0.0295401256706053
NB07 -0.113082662761215 -0.035179248742426 0.0230781234423541 0.0583876150488617 -0.0399249796866774 0.0523465695767871 0.0349978419381931
NB10 -0.189779136302708 -0.039625874695747 -0.0367256929465202 -0.0327920799638291 -0.00501770566452666 -0.0742435439456554 -0.156017409346442
NB11 0.000107693835371365 -0.0434770949813013 0.0272594976403591 0.0821241703858221 0.146622530852363 -0.0564339366658716 0.0594155422447058
NB12 -0.0553458604991607 0.0448599831593071 0.0608544416791973 -0.0435199974778568 -0.0791273908882349 0.0338617735040432 -0.0179353016947508
NB13 -0.0173396599329919 -0.0136429390180165 0.079451701558726 -0.0126928847293606 0.00022148989407652 0.158405434211866 -0.0546658799713429
NB14 -0.0357775155430091 0.0925545316945648 0.116972501805952 -0.057230670417234 0.0395265249980082 -0.0187478129569221 0.107485921533064
NB15 0.0364801682741189 0.0565177802064046 0.0255257373461367 -0.0221896027726274 0.0585904639088428 0.0787401362630822 0.0237441786635075
NB16 0.115671638522777 0.0370912291665447 0.0218322002763721 -0.0942565900969337 0.0517827903034992 0.00942280077338464 -0.0950821289787913
NB17 -0.00207511133796188 0.00192429717807473 -0.0478307755866146 0.0339916745573273 0.0821990057107049 -0.000972573871318887 -0.0223620376107044
PA01 0.0911927953347729 -0.102608097612573 -0.0742137230319642 -0.0210538127700552 0.0136566670698917 0.101373913879951 0.0542506038297903
PA02 0.0168832551319564 -0.0289894141989789 -0.130040266618065 -0.0686062543641981 -0.0727114138460836 0.0335924461181677 0.0392544946247324
PA03 0.0616188531809298 0.011805795757946 0.00122494845184236 -0.0567894799708337 -0.0664886465458753 0.0567442377248091 -0.0824452306142883
PA04 0.039399521603778 0.024015227989716 -0.0127402248233987 0.139974437542091 -0.0462675096366957 0.0214092581554087 0.119598286347985
PA05 0.0743475588412257 0.0725686106895961 0.0473886234726456 -0.0573376156328151 -0.123024129401729 -0.0456223355002143 -0.00339617787289542
PA07 -0.148954101818822 0.111135895220592 0.00488951267252434 0.0501084176072985 0.0580606141413795 -0.0272598320924126 0.0354169941183639
PA08 0.0740000386654147 0.0307007224795507 0.00557783059839717 0.0757823733644218 -0.0220067130579172 -0.097206728995972 0.000100599725523765
PA10 0.0593577030366388 -0.0498947017206983 0.0061405088445073 0.0353919762473246 -0.0512634729044626 0.113761868275342 0.0199977992611987
PA12 -0.00254092393577305 -0.0202951014660444 0.0465914763157318 0.106233375112952 0.024652994029698 0.0985511056086327 -0.0129488478636445
PA13 0.0242010593207782 -0.00456247123327454 -0.0161985874015163 0.148010628720858 -0.0354345130074479 -0.0836756189552788 -0.0844606976411054
PA14 0.0894809379606548 0.0065000989629103 0.059818178592792 0.0844992392372993 -0.0012492691920134 -0.091981683805637 -0.112701742292232
PA15 -0.0240275932782946 0.0682243404520758 0.00523013920376407 -0.144759940062039 -0.0820830598437643 -0.0869723252887084 0.0974384710856534
PA17 -0.00149652457286509 0.0746867294393904 0.0359019470424596 0.0502205700945576 -0.0431772272216059 0.00949750709772526 -0.024979012691666
PA18 -0.0510080872632426 -0.0135334063020333 -0.0773160681242539 -0.122516397203925 0.0412935969875178 -0.0798449470745324 -0.0221858932521563
PA19 -0.108677654869785 -0.0950494121458654 0.111778737751087 0.0214542808948881 0.0316765081076593 -0.0297429358837484 0.102920042557008
PA20 0.0430697271654876 -0.035341642254893 0.0764270831759146 0.051887192681925 0.0366145990414849 0.0526397357146397 0.0986427267517299
PA21 -0.0113349367832262 0.0645211789422266 0.095294496807616 0.0586607842230938 0.0312737851139243 -0.0572189104955009 -0.0743456368095053
PA22 0.0385526154505106 -0.0615945828534602 0.113414744459505 0.00129291423269125 -0.0125724575059432 -0.0547437160917516 -0.090667961109073
PA23 -0.0157497337007428 0.0743692121528661 -0.00969675600516531 -0.0437058240702365 -0.00905543576381422 -0.0147818547051398 -0.0183736612266063
PA25 -0.00807460324754394 0.0159664559685849 -0.000691270240848267 0.0872980653434023 -0.0935086637662211 -0.0171162997289246 -0.0322167916958598
PA26 0.0256360061838243 -0.015733561661272 0.0338800135203055 0.03050399931011 0.00139601524036106 -0.060533547425604 0.000210923499030801
PA27 -0.0924842875688748 -0.0216770690909358 0.00676762681639721 0.0143718588930582 -0.0419162777727291 -0.150204670902876 -0.0844179671512866
RB01 0.0655362740236476 0.0709030417920808 -0.118415746148198 0.107133369206526 -0.0396450610775604 -0.034771595726292 0.0832901892137957
RB02 -0.0781842759587195 -0.0077797536736823 0.00772579762328336 0.0489657606507533 -0.0753251203869154 -0.194201019677968 -0.0885076678667656
RB03 0.0826304470734398 -0.000340863526261571 -0.0499293736308073 0.0598276629667925 -0.167674907043752 -0.0954739932324508 -0.059399195909855
RB04 0.0705962908233116 0.0171508465398751 -0.088790742226103 0.060001372260273 -0.0653126483720173 -0.0384027651790113 0.0363673265766744
RB05 0.0442831503608901 -0.0119183878784208 -0.0173141349799008 0.00432772298214977 -0.0696401431971315 -0.0385396527331163 -0.0203352505104691
RB06 0.0560177894458251 -0.0178145624191863 -0.123528669536909 0.0110961511483312 0.11933740718682 -0.0226410077812105 -0.063461656086885
RB07 -0.0075130025464718 0.0526490241493743 0.0438666130442219 -0.0773494986635652 -0.000297066234885712 -0.0275619556879169 0.143866319435225
RB08 0.0883673211544691 0.00357525765400646 -0.0222715037690546 -0.129250233560234 -0.0282113861897976 0.0622455427652495 -0.0868787884270925
RB09 0.0873422320397464 -0.0688042918851344 0.039361298209545 -0.0144038774440258 0.0155704825324914 -0.0466406053681465 -0.120685320366014
RB10 0.00231292686748284 0.0371950932274231 -0.0486856040676526 0.036887984337463 0.124978773948193 -0.129415046801119 -0.0200150808847856
RB12 0.00649619653788458 0.14821931628433 -0.0649987305243283 -0.0764898627281867 0.0349108671182096 -0.085154755954405 0.0356697779919491
RB13 0.0612692634954467 0.03448147035418 -0.0567198893915174 -0.00910248857931439 0.049142280354377 0.0030822384094575 -0.158388054991136
RB14 -0.00225246267779902 0.0260076993068926 0.0202685521636681 0.0153825201383764 0.0295067701411747 -0.0195843953329221 0.0195924800515241
RB15 -0.0298275374629426 -0.0100167176439043 -0.00272424843970901 -0.0839610861924422 0.0654939632100207 0.0150402274842047 -0.0750315453540764
RB16 0.0660191337934976 0.0420767041627774 -0.0949185654164876 0.0725092903734413 0.081755302311456 -0.0101493366637149 0.0197651923619839
RB17 -0.0287062517907644 -0.136198516109036 0.0664322749121443 -0.106616432394381 0.024621757168469 0.0264111146711529 -0.0339543115471797
RB19 0.0583462564906136 0.0607424292245513 -0.157657082932595 -0.032596646706388 0.0713034445894583 0.195278384924739 -0.0821451736082069
RB20 -0.0154976260094918 -0.012209262321712 -0.0699135635831276 0.00870924842802667 0.0183155421044748 0.101114438547448 0.0201702017986725
RL01 -0.158923488533199 -0.0233506668395927 -0.0406702244375037 -0.0688347352334296 0.0937476435938576 0.021444232568862 -0.0913828224159934
RL03 0.101888705732766 0.00932358506974449 -0.0408353919825376 -0.0288436339140336 0.0762390804198427 0.0748807227030911 0.0350387913555823
RL04 0.0872367524793258 -0.00749901949308685 -0.0399684324275804 0.101884248093674 -0.103351784816832 -0.00945090882602161 -0.0108005837706896
RL06 0.0758405779303911 0.061277840591201 -0.0483650108088687 0.0793196831004594 -0.0797478177888838 -0.0473924894699248 0.039019345292878
RL07 0.0486777478804796 -0.0816832328547311 -0.0307243888267431 0.0124165928135786 -0.00465609698044779 0.0226421006205561 -0.0305657003085106
RL09 0.0609894608726459 0.0341304171678494 0.0403906275612102 0.00014635198780339 -0.107927270283647 -0.0820562113811488 0.0254492542947348
RL10 0.0606594859988323 0.0176881579204057 -0.134341933018168 0.109200882968259 -0.0489170946740752 0.0804664392781042 0.0489879755472046
RL11 0.130701870184497 -0.00266325610568678 -0.110854747257977 -0.0726151890564223 -0.100364159663166 -0.111948417618069 0.0347096504407923
RL12 0.0474494236254215 -0.115741515197156 -0.0490616254194186 0.0109169894160607 -0.00778075311862161 -0.0890540058333381 -0.0210833357259343
RL13 0.0287204593277433 -0.143338048510001 -0.131362921941347 0.0632830927568224 -0.0709631801492103 0.0337094058192379 0.0507739779751519
RL15 0.152796129724969 0.0074926477014473 -0.0766086123448144 -0.101393740044121 0.000567614012815825 -0.0399307542108688 0.0377291860083533
RL17 -0.00575213590686898 0.0307299301395982 -0.0349729601238142 0.0407220306895553 -0.0780389336863379 -0.0946457734724105 -0.0211334013592963
RL18 -0.212145869149714 -0.106466649990493 -0.0196097782333674 0.022527474779687 -0.0270331757244437 0.000830917231268257 0.04892200023364
RL20 0.0207830540209576 -0.0113233350433217 -0.0681129897525533 0.0500148563302732 0.0339930026558337 -0.0940555295595547 -0.0543380249509544
RL22 -0.0096682184096897 -0.140913892825722 -0.176117200985056 -0.038220329194933 0.169654390597765 0.0499809335158416 0.196758172969388
RL23 0.0692226825931362 0.00359811687571826 -0.1468991572076 0.00209298877451423 -0.115251105287039 0.0616924897207897 -0.0251972828776118
TR01 0.020022099379925 0.0707861723753377 -0.0311706028231894 0.0073519905059818 0.109187771366109 -0.0426177550766642 -0.0352824612371483
TR02 0.0443595513257344 0.0361740935750698 0.0375874240632208 0.0193950434106291 0.0283854904599399 0.0501146141605164 -0.0177549864233398
TR03 0.0679199277080192 0.0358823266107621 0.0540610497669619 0.0114732383822616 -0.0929178638901946 0.0303085062741772 -0.0263285466470989
TR04 0.0946251950791947 0.0788853782009638 0.00950503968308503 -0.153314853526451 -0.0473931618576476 0.0500484006818033 0.00799293625998973
TR05 -0.0126564288473325 -0.0174865868790284 0.129202045326987 -0.0160149832434515 0.0220803466875184 -0.0831784701306885 -0.126565850257537
TR06 0.0222683233178392 0.0827087368969799 0.188342203438955 0.0298573664279706 -0.0290270260005261 -0.0595461864466523 0.137836239134384
TR07 -0.000424829922586401 -0.0265747841037387 0.00749818004802794 0.111414299406354 0.067636702427765 -0.076616720439757 -0.119735164155347
TR08 -0.023318645124415 0.065520771305124 -0.0308199004342171 0.0332761043235149 -0.0514551024099174 0.0112489123624438 -0.110990834565909
TR09 0.143070398636673 0.0347846046220961 0.00756956018739287 -0.00672394583550147 -0.022654976293684 0.005997829507046 -0.0965974314849404
TR10 0.0501404004104986 0.0489851887079632 0.0687820246376501 0.113591719914582 -0.0171066198273862 -0.086053838853285 -0.0530049417476512
TR11 0.0570238599643599 0.0373351442794803 0.0334925097846838 0.0205136519085042 0.0550425613983029 0.0170905557574124 -0.0683478922326027
TR12 0.0301639639533482 0.0300954234055473 -0.0093690928226924 -0.0139522494052358 -0.142355109585642 0.0371596496649703 0.0704784222403689
TR13 -0.040391311982299 0.0401996060052805 0.0954483771315499 -0.113629054757064 -0.104992972127998 0.0670018117708481 0.157767912962864
TR14 -0.215777436067933 -0.115340766288705 -0.122816361300841 0.00619608501800808 -0.0832467285298946 0.0981152208528179 0.0767158427073499
TR16 -0.0104998153332767 0.0792357560385875 -0.136362347239784 -0.0697445119177545 0.00835312331710921 0.0061946312437487 -0.033086113218777
TR17 -0.0141089031181269 -0.0493110430453484 -0.055347681164222 0.0438580527020486 0.0884862466629454 0.125682391740038 -0.0232683982172275
