sample MDS1 MDS2 MDS3 MDS4 MDS5 MDS6 MDS7
AN03 -0.0492241360226406 -0.00771562239986619 -0.045796957697642 -0.009313684425639 -0.0287087372702506 -0.021843745876502 0.121165409679574
AN04 -0.024262803848186 -0.0525473686385997 0.0518227998889158 0.0122642823113507 -0.0314243116114348 -0.0312197021288586 0.0816520704777634
CS01 -0.0264979207394302 -0.0685584790843578 0.0818038547428397 0.106460639902808 -0.145846406863003 -0.0764447620828871 -0.00731771521490976
CS02 -0.0276237584244907 -0.0797809792622704 -0.0264743419947328 -0.0877780598927746 0.0279728948487963 0.14413054778771 -0.0536626584732789
CS03 -0.0576896041934123 -0.0373524538653149 -0.0223938987583181 -0.0124721977016937 0.0382211982734549 0.0264835400194517 0.101317881387523
CS04 -0.0465331092449884 -0.0124734860404337 -0.0045744148081473 0.0382144486763962 -0.114014814615501 0.0822104647312552 0.0396409916856399
CS05 -0.0736042795030836 0.0614610368723595 -0.0832383721688981 0.117764969539005 -0.0916469910413264 -0.0649239320844278 -0.0278098912378618
CS07 -0.00211886124850581 0.0457094369171429 -0.150688615299344 0.0999049289531366 0.111814336635143 -0.0225981353520962 0.0606793366776716
CS08 -0.38564661588791 0.0678417002649236 -0.0271578897415493 -0.0568040562658123 -0.00695375933384312 0.090369741203208 -0.0466503065278637
CS09 -0.0202283741707682 -0.0659275623716308 0.0793505455672522 0.0205624939685718 -0.0852734561192233 -0.0589033744597949 0.0159925227409534
CS10 0.0613937212029268 -0.0130158638436149 -0.0287347742803362 -0.0231382521681743 0.0724676846479212 0.0663126429299695 -0.0250001887017524
CS11 0.0137743191311682 -0.10655911325095 -0.000653342610296814 -0.0628670324090771 0.104104372916276 0.0304510709515551 0.0237496696911437
CS12 -0.0236805536889439 0.0592845683983991 -0.0118112652612329 -0.0472875600085128 0.0814967625909934 -0.0124994239990729 0.0593307784508388
CS13 0.0804180636859328 0.0057825534183707 0.0177218817163788 -0.0529797017985139 0.0476247869864756 0.141620781558006 0.0543755433697551
CS14 0.0188834799409746 -0.0478174657460822 -0.0218510596040732 0.011273120331285 -0.0029129819673584 -0.0517677039008548 -0.101016544165492
CS15 -0.0611823738631325 -0.0537945584855782 -0.062409444206163 0.0145920746252277 -0.022899085286834 0.0263180525280606 0.117584434134155
CS16 0.00132001068728803 -0.0860222689901668 -0.0942437257060955 -0.114383062780545 -0.00207609466973885 -0.103899109795143 0.0659193492415837
CS17 -0.0911525475776101 -0.11859232452554 0.0244453843672438 0.0656972200831753 -0.0509621994833038 0.0345072344028185 -0.151304858620384
CS18 -0.00178685439293897 -0.0448309373388144 -0.081983297526889 -0.0685421737532954 -0.088553754351146 -0.0468162310041453 -0.0827685846620271
DK01 0.047402861704142 -0.0566384660372939 0.0174339607733274 -0.050450546267586 -0.0359875256472314 0.0438649339939576 0.0135293738517978
DK02 0.056878293864912 0.047450037161773 -0.0457343820063676 0.0675820966794858 -0.0560265636804369 0.0277080176552639 -0.0498671794745922
DK03 0.0195948842414231 0.054818998625828 -0.143137290631965 0.0698582041797616 -0.025218280500526 -0.0202643090488868 -0.0123305647054373
DK04 -0.0995948671938093 -0.0384730465643517 -0.115980611880384 -0.0793970392070293 -0.18226397964003 0.0513553445353835 0.0206825164097854
DK05 -0.530575036733742 0.160362513048706 -0.0806882838771417 -0.111691006009862 -0.0366066497732935 0.0632502147685358 -0.131690193247984
DK07 0.0780866701277392 0.0466808080396128 0.00994767788598572 -0.125467857027347 -0.0136087956648505 0.0327660369439197 -0.0750106198542675
DK08 0.040654155373834 0.0952446619658142 -0.0280244568370626 0.0284772158422639 -0.00113760577311875 0.089168731610275 0.0481907868173589
DK09 0.0115516673962642 -0.0340018647008281 0.00250976367913605 -0.0141720260798253 0.023017400113961 0.0710488410565277 -0.0589931351764896
DK10 0.109569979648658 0.205584938010188 -0.00404755072513376 0.0266780988226977 -0.0370141042158266 0.0535690600679591 0.00460774467522043
DK11 -0.0430988110325543 -0.0897006770584216 -0.024125536790826 -0.142050136953625 -0.0862722080302101 -0.0269077863357399 0.0321409337587522
DK12 -0.059013178049848 -0.0706614997277237 0.0161185436916908 -0.0402923262212757 -0.0471581098733119 -0.0597841335547127 0.0732949845520706
DK13 0.038904253489963 -0.0515055286563534 -0.00499590052399659 -0.00967481763610099 0.00388256720185802 -0.0799691525926892 -0.0455449045476834
DK15 -0.0781827675727803 -0.108269103265623 -0.0482470625575338 -0.0262368689166546 0.00164976383952938 0.0700667356107477 0.0449389257598858
DK16 0.018804086625763 -0.00974247215990259 -0.0393407934338262 -0.00662054391243733 -0.0317465025178246 -0.0776643723687343 -0.0362480370788234
DK19 0.018436593009466 -0.0679134776203309 -0.0653998534760044 0.0457455668109107 0.00165485586325575 -0.0548952570080821 0.0987908463661919
DK20 -0.0299614112138231 -0.0799289808142475 0.0558597572045841 -0.114799964324976 -0.0618580167562566 -0.0658598418658349 -0.00329193626154319
DK21 0.0872819878978596 -0.0034489683016737 -0.113466240881064 -0.0305948776570612 0.0345219406776935 0.112014267910011 -0.0228842791176382
DK22 0.0783756200635709 0.041199455170176 0.0422162112339703 -0.182684372243098 0.0495042248510414 0.098039300526154 0.00948284582557125
DK23 0.0731291359539503 0.0232584997795619 -0.103266514526279 -0.067740116303766 0.00750722363859623 0.00574891249210247 0.0772691527098397
DK26 -0.00912199765963293 0.126618559230793 -0.00741806159229126 0.054970336135934 0.0639147141850879 -0.0467731282447178 0.138478435194078
DK27 0.0134445416340556 0.0469536303870286 -0.153742583927306 0.00585648590452393 -0.0412232816906318 -0.00123235629428883 -0.14437916550791
DK28 0.0605457422488348 0.152296239102015 0.0740203060077812 -0.0786107060859951 0.0176591303398997 0.0972290264262856 0.0901263988147079
DK29 -0.045202565919379 -0.101172200175645 0.0142617134235983 0.0415489743278154 -0.139146560399171 -0.0224180022271824 0.0599315426364959
DK30 0.124571932568708 0.0985853080882816 0.0114065460505012 -0.103336049362562 -0.0913047915761064 -0.137159751761689 -0.134170171022264
DK31 -0.038174933995354 -0.0592280957814553 -0.135441133019648 0.0226089697080746 0.0698492169817933 -0.0375482435618665 0.00686072907899876
DK32 0.0512430288714796 -0.0565222804115536 0.00921135904154712 0.0669536711184637 -0.098847879175216 -0.0348930518096968 -0.00690977292931902
DK33 -0.019507776893179 0.0609041703623624 -0.0963422974544694 0.0281227629760399 -0.15033577059997 -0.140425649225794 0.0757949147859953
DK34 0.0588295040402319 0.0183887305837292 -0.115751304995634 0.0178363104072808 0.0599021077902829 0.100614798364854 0.0776694749017542
DK35 -0.0378419360907269 -0.0472113136678295 -0.146760155194316 0.0104014541716525 -0.05772921221903 -0.00610705016546246 0.124864023291376
DK36 0.0127670685322104 -0.0980180653796981 -0.0610369632627018 0.0767821157745729 -0.00266356356348077 -0.0815846065316694 0.0891506594561215
DK37 -0.0106416222702565 0.0217919209171282 0.0420099303807791 -0.123314537102384 -0.161107421060295 0.0244911329512037 0.193695205567997
DK38 0.00681653868343064 -0.0131723748223293 -0.0213787365256823 -0.221962170236538 -0.0452838441636871 -0.117813332651364 -0.0280190138343101
DK39 0.0158066702809199 -0.0165384916439223 -0.12415571881659 0.0638118183913743 -0.0117390116682126 -0.0516271486733473 0.00815480647283114
FR01 0.166119569334127 0.0381918291766878 0.110600757178814 0.00403084566129464 -0.122446783460251 0.0133002537043028 -0.0675092912033953
FR02 0.0386270940870358 -0.0573160472605598 0.055821327676666 -0.0138153046754782 0.0399559713758946 -0.0348901471765864 0.00994014821139057
FR03 0.0849838798227251 -0.035723968337283 -0.0693755210075407 0.0670161791730526 0.00894522525014089 0.0836300375590987 -0.0446763915232454
FR04 -0.0293311050662571 0.0808014171095881 0.0269814824028349 0.174222373020942 -0.0605789396587095 -0.0895093571405405 0.0870726343033497
FR05 -0.0481873734777139 0.144770002503083 0.034916411363051 0.059149127739888 0.199476672688333 -0.0180067195506476 0.0713644048915573
FR06 -0.0369785205566402 -0.0114762918338657 0.00159173809645414 0.146596516347475 0.0513884807036571 0.0986646322682962 0.151958742681434
FR07 -0.0855450027885892 0.171130248699036 -0.0221401556780496 0.15648373535873 0.0387954094656235 0.0199012352296498 -0.0546307768218982
FR08 0.0160854703448277 -0.0595186860129626 -0.0202628802186533 -0.0768359941783761 0.023098540211082 -0.145726704976151 0.0716276955834649
FR10 0.054796185617789 0.0340062011487892 0.0345507668920796 -0.0225383101754387 0.0626051109982437 0.0489944607179244 -0.153105792778212
FR12 -0.0372720608477747 5.92078865132872e-05 0.0676592363279832 0.0729784329652329 -0.0631888907479049 -0.0468375970862587 0.0496233637453617
FR13 -0.0590734223428249 0.0433532883727792 -0.132528919732651 0.089781124021605 0.149101636342576 -0.112615397647142 -0.0340910011183725
FR15 -0.00521282332213809 -0.0765002679690977 -0.0507339280321927 0.0696787078925249 0.050378347760297 0.0526507553317654 -0.0167924888556151
FR16 0.00171937134837787 0.178131632078819 -0.0615405811602407 0.003379300290922 -0.0346873619427756 -0.0656025277771752 -0.0091509641280928
FR17 0.0495348852188585 -0.040641394708481 -0.0438603127772353 0.100103496645428 0.122073041528087 0.0120098021509688 0.0505339762670088
FR19 0.0488366092513329 0.0578092912781875 0.0121114547120356 -0.174406903845539 -0.025902918740544 0.0387581661819206 -0.027141967906579
FR20 0.00597606110722055 -0.132526548566872 0.0927350804365495 0.0184545201273343 -0.00285349182060999 -0.0118824947283971 0.0533363518896929
FY01 0.0537305889427123 -0.0258884732376273 -0.0267229601266583 0.101905385625594 0.0306261349696963 0.0148888270211208 0.0718761706568093
FY02 0.0519933527915128 -0.100357151252487 -0.0492530589419257 0.0154179401454517 0.0104497443885731 -0.0455988058015397 -0.00286235234543533
FY03 0.0546194765740863 0.0409338838735523 -0.000631049087094124 -0.0807020245914724 -0.0175535320318962 -0.0369004297971552 0.0956573592221258
FY04 -0.105894879487778 0.0775446889923242 0.109064106823286 0.0313305921843709 -0.15195549529747 -0.0397475884546044 -0.0424076429666508
FY05 0.0048949789678154 0.0406141181995892 0.0986866258800833 -0.0658098513317131 0.0356293859792806 0.135571476656699 -0.0186126732304244
FY06 -0.0132715263198313 0.0516635614062393 0.100841838476914 -0.0647828057126522 0.0818356080511801 -0.00135861592039972 0.00420055013477953
FY07 -0.113218034426898 0.0552543883319067 0.0266126109453919 -0.0842809277412109 -0.00657826874512614 -0.106943690640893 0.0163898930579615
FY11 0.0478078522985259 0.0825867314646034 -0.0493653118438 0.0414991991995596 -0.0307600126770118 -0.0739846877835207 -0.0961814030820735
FY12 -0.0600338112643258 -0.0731573741250652 -0.0542724562431168 -0.0730404028907734 0.0363351003118219 -0.0747534101546611 -0.136236153707482
FY13 0.120931393093193 0.0694721118694231 0.103079059503302 0.136485863288855 0.0228300048738245 0.0923189604326349 0.0103235689963008
FY14 -0.0043266375148344 -0.0890342635484207 0.0441546499773668 -0.0614864216397226 0.0521256009155771 -0.079361167815665 0.0161871389548406
FY15 0.0112374179847703 -0.10004869146147 -0.0409887080981598 0.0230169718988049 -0.0499421783172397 0.0875669429101623 -0.019278659407961
FY16 0.0703295082664789 -0.0242569437503843 0.0513240418243076 -0.0242086896053432 0.0585598776066174 -0.0857000024425221 0.023417135709475
FY18 -2.05052283694597e-05 0.0497623899226572 -0.0447116855145337 -0.0498884990620216 -0.0123465390401679 0.0939384956377465 0.0865625093886683
HH01 -0.0698606791591925 -0.0785105362223199 0.0719077630048333 0.148802316799643 0.0270625907368425 -0.0536463943582273 -0.133416892537832
HH02 0.0815074380953257 0.151342389715859 -0.02339981206777 0.0395750444223403 -0.041718370100733 -0.121610053065805 -0.102445932635782
HH03 0.0341242927169311 -0.0120324341746496 -0.00834895701800514 0.0670721846659696 -0.0265940253927677 -0.00684813280296 -0.0712000076085223
HH04 0.0530265066965144 0.0295884460217593 -0.0754058275994104 0.103127586035162 0.0390475630948515 0.0327891574376317 -0.0335790139321749
HH05 -0.0357759738555664 -0.0111182382133815 -0.00496796548267838 0.0298647462980012 -0.011483080793308 0.113381785475975 0.0382288394935185
HH07 -0.092910621572278 0.0577975845639078 -0.0117024879056547 0.00864271120833518 0.0914779940220674 -0.0320069730494483 0.0812033991362259
HH09 -0.0183632022582125 -0.0627337033705024 -0.0154152428147665 -0.0151595791460708 0.057466657825598 0.0838395098567981 -0.0833973504590611
HH10 0.075790554709373 0.048050523287143 -0.0569813401504994 -0.084299075129639 -0.160130110422656 -0.00456586142584615 -0.113582770725841
HH11 0.0583291617137275 0.0586988007461811 0.0208855736586061 0.12995517567359 -0.00351184847653557 0.0107490312169352 0.00428445898911561
HH12 0.00817965886819791 0.019512480196047 -0.0090010441856005 -0.00374198103050468 -0.0718886131048879 0.13754685303101 -0.0585375955343686
HH13 0.0129585631453795 0.0518744751826275 0.071982346957223 -0.0342382465740482 0.0460072886239864 0.000662567157721848 0.0377161241734007
HH16 0.0870091033303122 -0.0145194003144356 0.0465171637504229 -0.107537965516313 0.022618038067362 -0.0444812753334402 0.0182849361126328
JB02 0.0776978307080339 0.0105059706560207 -0.0883260723597873 0.03660606057411 -0.0779424488220208 -0.0934393705709841 -0.110887139514848
JB03 -0.0751334043045023 0.0319318548025264 0.0896884983157203 0.0813298291013236 0.0619670856652347 -0.0136506082866999 0.0624692185174612
JB05 0.0466797036397199 0.0463578082328357 0.075109642077556 -0.00555623130212363 -0.175091310975054 0.0740657983341267 -0.0930968051955093
JB07 -0.0148110465536956 -0.0184437047856087 -0.0386932582357689 -0.0188468718195118 0.000402923084910942 0.00501001484877181 0.0550549369150384
JB10 0.0120213239795669 0.115172090466869 0.0275785045822245 -0.0134875220358509 0.0310907776221141 -0.0493124268219021 -0.022543523072752
JB13 -0.0143813500137745 -0.0353696098517523 -0.0554095458755406 -0.0853056951718403 0.0421546710488657 0.101155591542321 0.0314940614351222
JB15 -0.0536938939034613 -0.032448864933494 0.18031930214492 0.0889378881000283 -0.00745899986830651 0.0778442298402232 0.00711027871166217
JB17 0.0159550040292819 0.111778608610539 0.131754562203308 0.0810046839622245 0.102311984198998 -0.0843103134929527 -0.0765617709469927
NB01 0.0167530376518933 -0.00654003032159369 0.0424923268756942 0.0579226081615687 -0.0752466062642113 0.0274047870864405 0.084764105815861
NB03 0.0169634506417021 0.0237696964052597 -0.0522629464566644 0.0219598141450454 0.0678480210733074 -0.0961655182547354 0.189536655341324
NB05 0.0132203422928046 -0.100021135027263 -0.0539234219053549 -0.123180563225925 0.0996875694717703 0.0805528378527019 0.0469033240682093
NB06 0.0537510542862668 -0.0298598666991425 -0.0518297167637674 0.0748146971097349 0.0486581218731706 0.101300172312102 0.0640065228944129
NB07 0.0308169034283607 0.117322257146042 -0.0526434864839982 0.0449407077555763 0.0335062715661359 0.0643009129777825 -0.0219532053408269
NB10 0.10198717872064 0.165752115348156 -0.00275166641350167 -0.023828408370378 0.098399146059134 -0.110391550565527 -0.0330519325256547
NB11 -0.055522717399305 -0.00273151003739895 -0.0217564800508196 -0.128633064491456 0.07325427435247 0.0831590148184938 0.0646857748696373
NB12 0.0591035711517639 -0.00592818052870391 -0.0849510024958423 0.0482737789006318 -0.104771093755888 0.0111176101636618 0.0497270439189971
NB13 -0.0163831654440513 0.0142040683436226 -0.0664529954849927 0.0783026881082711 -0.0303327320843114 -0.0303232608507127 0.0880028397098245
NB14 0.0758316044827923 -0.0735679501690351 -0.133372593219152 -0.0715212685974039 -0.124313251194241 0.0666469162308929 -0.0138430938960073
NB17 0.00986741583247261 0.00774935850931742 0.0589268704823502 -0.064056412513361 0.0428981648550262 0.0571613819726233 -0.0105179909367117
PA01 -0.130681329771069 0.00385757128749974 0.103022709953026 0.0287316289083337 -0.0674475603202298 0.0437278773064117 0.0189312267074194
PA05 0.0297811699163951 -0.100686192778585 -0.0196182021009896 0.100047451326001 -0.0403973109361843 -0.0109283947161953 -0.145804193755685
PA07 0.157890818011153 0.0379286418711658 -0.0310290042454988 -0.0642348831026761 0.034328144913267 -0.0193748514840502 0.046605681880116
PA08 -0.00431040961751661 -0.0800484541022201 -0.00355315467413551 -0.0324454613762605 0.0111592222586785 0.0464933389292134 -0.0512953705167423
PA09 -0.0839986188102863 0.0945695144596245 0.0202047393374234 -0.0168232396105943 0.0616392184116361 -0.228826948470768 -0.00850300043547916
PA10 -0.0804632941809946 0.00614287028101749 -0.00116808008147538 0.103104334708375 -0.0847502002651531 0.0673946262290804 0.112922410206507
PA11 0.0511747299981134 0.170121132424902 -0.00792707591405304 0.069378913696879 -0.0720575108449472 0.0651013407306525 -0.00794521918777224
PA12 -0.00238949162833706 0.0244229731792713 -0.0476418440423833 0.0216520684817016 0.0241397269595287 0.114465495249547 0.0863162099644088
PA13 -0.00293005898141305 0.0145792992579718 0.00866141195565711 0.0294351410576413 0.11823199779135 0.117759157375003 -0.0690474529153233
PA14 -0.0467286685064998 -0.0882939365946378 -0.0119771796145875 0.0115433238904982 0.165740483584616 0.0273911684484219 -0.101577529738182
PA17 0.0537820002485666 -0.041495240148631 -0.038097599812518 0.0418081654493703 -0.00938713916109189 0.0326409302370228 0.0576698342100688
PA18 0.0263377068765736 0.0522274316426705 0.0603630422813651 -0.102812230574145 -0.0699209821319697 -0.0858841561376961 -0.0384250484086299
PA19 -0.0404439152914387 0.140151054096594 -0.174734309491834 -0.0734471004685445 -0.0541174221637293 0.0635127449567395 -0.0222039098206573
PA20 -0.0722471140666368 -0.0417652797693066 -0.0535641486631397 0.00895253902652002 0.0253341341094627 0.0141932987705883 0.0569602240351002
PA21 0.0604582518897811 -0.0484028481217037 -0.100641794915052 -0.0538603337899721 0.0577690440169248 -0.0296268966071666 0.0392483646332446
PA22 -0.0849457718290886 -0.0167504263671185 -0.0876565956136419 0.0228862369658947 0.105724621159837 -0.080692901495418 -0.0365384824240876
PA23 0.0683222438257734 -0.0113888184661691 -0.0213162698998409 0.00872263598644125 -0.0837954184520385 -0.0441344178393842 0.115950245790537
PA24 -0.0279106643878968 0.0429346171185469 -0.131898575046442 -0.113931422321473 -0.115109305503161 0.142382024987111 -0.0301565865966097
PA25 0.0174607458374151 0.0218944326178112 -0.0140560908941529 0.0914181812681544 0.0834962150903719 0.11769290913224 -0.0594283952210388
PA26 -0.0352563774704943 0.0140862001957425 -0.0161664241466286 0.000662893267746064 0.0954547353651078 -0.0942589284459303 -0.0728840798959366
PA27 0.0421540952410358 0.0985145331891705 -0.0649451878492822 -0.0247805480267584 0.0377104965934559 0.0237653571254874 -0.107682706290161
RB01 0.0437242062616528 -0.0450945575862876 0.126272154273623 0.0296569695467248 -0.0126526236589003 0.176050577821906 0.016318502027393
RB02 0.0533451051512236 0.0840352835982926 -0.0384824231560386 -0.0158412631411452 0.0778865699677257 -0.000516110845670395 -0.144917001321778
RB04 -0.00264197786709053 -0.031526185555421 0.0980082303887992 0.0252359363250908 0.025720307719505 0.010623502747764 -0.0384216928164305
RB05 -0.0274228014227167 -0.0223905504330023 0.0542579184957674 0.0534422773617556 0.0694748938553833 -0.0589211383203679 -0.111284233237176
RB06 -0.0223580017154947 0.0138911568458207 0.144678358303004 -0.102089161964528 0.074981370212784 -0.0488750033695468 0.0458937126800864
RB07 0.0166006070325144 -0.0634280101995129 -0.0366236646222226 -0.0593921009821577 -0.0737380082214802 -0.0688359082052376 -0.0646755506157524
RB08 -0.0449662326870142 -0.0711986422244764 0.0499137070491572 0.0394847234091251 -0.0437034045701364 -0.102605587578686 0.0100466762569797
RB09 -0.119093834136895 -0.0387574803166911 -0.00329026987029528 0.00381245048605673 0.102759051594152 -0.116383943714347 -0.0678126594674159
RB10 0.0250545760139845 -0.0159471747111335 0.0759123845758356 -0.15829459846419 0.118126368794218 0.0252345951470002 -0.0854344884601086
RB12 0.114198922457561 -0.0897930224056623 0.080789882914553 -0.104018038136126 -0.0557964719510529 -0.0363683508922851 -0.060109280078834
RB13 0.0037228887021134 -0.0564254991140847 0.0953327987593101 -0.0021045772067686 0.0541095056039617 -0.109024092069102 0.0745336409054794
RB14 0.0159001660789359 -0.0325369881801508 -0.0252923097432923 -0.00108963849595775 -0.047585185055557 0.000567702915972086 0.0385682807891444
RB15 -6.87352515377514e-05 0.0394811296041116 0.010434434222166 -0.048937547983178 0.0113253303503464 -0.157278252705137 0.0546074951218556
RB16 -0.0136720467755481 -0.0518207394419157 0.102734213788676 -0.0531399774928137 0.0317843364571732 0.117407616360781 0.028362501458046
RB19 0.0395652164795837 -0.0376597962002889 0.195706012341785 0.0243741773808303 -0.00965529955863131 -0.0246589097919507 0.157638257455532
RB20 0.000375838425307534 0.0412463975305856 0.0357271478210721 0.0133628107751152 -0.0842001873628724 0.0885474547476875 0.0832801994801608
RL01 0.0705243362900823 0.141821468433224 0.00849531259660312 -0.0962852722037282 -0.00763813244747916 -0.125393637388137 0.0548956063598999
RL02 0.0350638016377607 -0.0232453005073019 0.0824933127706766 -0.0903427562590605 -0.0500148316820245 -0.00126746355645167 -0.0507263774930129
RL03 -0.0647609566548813 -0.0978002309836745 0.0925651867056198 -0.0384195561157588 -0.0425842576206873 0.0443488541655296 0.0235284459576028
RL06 0.016368109495676 -0.0760316642842842 0.0582693627430855 0.0490615585072648 0.0214708213670098 0.0408812870347576 -0.0570205391026043
RL07 -0.0772453525082072 0.00742455886986044 0.0454404758657156 0.046010448728046 0.0252933888497205 0.00349318157374878 0.0155140812449407
RL09 0.00116525097232112 -0.07135350460838 -0.0246168006638936 0.0547747863913976 0.0149296379347096 -0.0371040923338789 -0.105168963537056
RL10 0.0123170258352168 -0.0150311917386642 0.153589258292164 0.0783885010046603 0.0231165085857876 0.122546824778644 0.0203937271634732
RL11 -0.0643332599576782 -0.0878170935035991 0.146144684612085 0.029252849853675 -0.0504866853374781 -0.00976568140235434 -0.148148616431737
RL12 -0.105343656252603 0.0506897970442632 0.0619589992386011 -0.0149208305071806 0.0778087083051854 -0.0280064957843008 -0.099788922501265
RL13 -0.101941624320435 0.0963266142443456 0.136864825653743 0.0755053391367426 -0.0304198448517758 0.114674775796916 -0.0543387876562106
RL15 -0.0601491807009491 -0.107300319263767 0.122006105657528 -0.0221864092805238 -0.0644314344464069 -0.018499933078967 -0.107940645582195
RL17 0.0345594105896998 0.00139483537527041 0.0233131137926299 0.00187350799833555 0.0433300955485416 0.0234412630970268 -0.130691638705247
RL20 -0.0149237519444639 -0.00503370528539023 0.07461253395206 -0.0399310389195603 0.120313403049921 -0.0744145908732358 0.0058859208042814
RL21 0.00858785380661605 -0.077589389739594 -0.00937386448117414 0.0945071510371211 0.00713481645278491 -0.00121050239967572 -0.0262036976015375
RL22 -0.122070984685116 0.146554550030921 0.115891006651971 -0.164219065192377 -0.115768880497291 -0.0162736061051265 0.159699371808583
RL23 -0.00158000984477418 -0.0111794142959189 0.158461338494583 0.109397466575337 -0.0453584162937105 -0.0257734034778409 -0.024592801933887
TR01 0.0560877358724338 -0.0685403684816733 0.0522851458670887 -0.0833980522214195 0.0611243004251877 -0.060206181026491 0.0597827252682471
TR02 0.00490405251614274 -0.0908491319461786 0.0044672827946561 0.0165110425638884 0.0468941392714852 0.0500504747069992 0.0235482593912503
TR03 -0.0240141004224041 -0.0842461588709003 -0.0222661131318031 0.135718944801412 0.0133190237484388 -0.101172678498462 0.021889904812075
TR04 0.00712798590559667 -0.119571573640703 0.0528122327167847 0.0617610195757452 -0.102027157326542 -0.105757163384783 -0.0539502162117616
TR05 -0.0181195431194728 -0.00572853157634944 -0.111558050775033 -0.00562185559370671 0.105770338284376 -0.128322904024738 -0.0362541486040979
TR06 0.0183110211951044 -0.127804097387312 -0.183834428534845 -0.0097579067092807 -0.044595654755303 0.0595401361043707 -0.0362861412430717
TR07 -0.0145493681268903 0.00257339863236967 0.00365824965847299 -0.0539260404065176 0.175024120343221 0.02171478609836 0.0111192125414147
TR08 0.087492300187447 0.0109112759867143 0.0267381228229463 0.0503334403049699 0.0812185147497589 -0.0352185669432204 -0.0394120060009678
TR10 0.00875181121895117 -0.102925564759919 -0.0452962387525941 0.0123541981364829 0.149627954548276 0.0877499316911868 -0.00602361671875896
TR11 -0.00445795243386603 -0.0598132891035187 -0.0214017709633708 -0.0179514404257252 0.0711595795619497 -0.0400273228323122 0.0678611461615774
TR12 0.0159747727930898 -0.0370240281018948 0.0145820357965323 0.123647577935378 -0.0359376018845042 0.0424131770722739 -0.0896554931197286
TR13 0.0426335865956934 -0.0220182680456377 -0.0893958472443135 0.105782726117588 -0.208493942722534 0.0469251630978926 -0.0274778341749395
TR14 0.0645577872620619 0.252887934189834 0.0583899029469265 0.0682399103119736 -0.0912492142456937 0.0525020087937635 0.0235743394621288
TR15 0.0574419338615185 0.0456690536109879 0.0282575305326274 -0.102297861413347 0.0789335992502715 0.0861795023881676 -0.115809857672692
TR16 0.0889917176009886 -0.00594725498773749 0.136014790250694 -0.0352412589451915 -0.0379984651672536 -0.0532184084497034 -0.0240317639419389
TR17 -0.0196224482533918 0.015617568664384 0.0945356078753744 0.0301278099082922 0.0459487798416055 -0.0527929319747258 0.149678596899016
