sample MDS1 MDS2 MDS3 MDS4 MDS5 MDS6 MDS7
AN04 -0.00731028318531401 0.0720051250121717 -0.0203881019771928 0.00925503964810543 -0.0385315730714033 -0.0206715649695768 0.0996043937048591
CS01 -0.0398578847484706 0.0663661178704796 0.00694439858155538 -0.17167212741577 -0.0928081637665717 0.00835539527240914 0.00757805282352614
CS02 -0.0352264940083248 0.0340054314903573 0.062992115256512 0.150728179533214 0.00163849330331141 -0.0217057837659083 0.00688845615933686
CS03 -0.0504258453519836 0.0263972371474639 -0.00129010476036864 0.0553261521283389 0.0338699663598784 -0.0447250186190584 0.080931922702291
CS04 -0.0355810761542748 -0.00455572024533968 0.0247130576702502 -0.0247668925362558 -0.0954485163847506 -0.124300144057565 -0.0168769677079452
CS05 -0.0821717744130587 -0.0944696856357095 0.0351543881988901 -0.148297444581145 -0.0231110834767771 -0.0383704192735101 0.016395140042048
CS07 0.00045078706601835 -0.0948671344953294 0.0877035973664192 -0.0232848050962251 0.0766026230256981 -0.0451867670943068 0.0820026578183901
CS08 -0.404300062158323 -0.0341285868793175 -0.0733937578440211 0.0824409544366841 0.0437164920434181 -0.090402941299235 -0.0817020207809975
CS09 -0.042690560097642 0.0901038201516823 -0.0359961292705202 -0.0904947167482636 -0.0653300210777969 0.0333343149563299 0.0011475779295865
CS10 0.0515578148092112 0.0130745341674385 0.0544460824328587 0.0771314110248867 0.0606941121374736 -0.00337070639461227 -0.0261704381762293
CS11 0.0140915353363079 0.0914526816856562 0.0495242735395533 0.102725682329538 -0.00225464232665383 0.0440851525311013 0.0585825423252037
CS12 -0.00671912815347788 -0.0570217149958754 -0.0248196157850331 0.0614116088150968 -0.0119407885593241 0.0596200297366808 0.0390399273038677
CS13 0.106998357227159 0.00331670789344453 0.0078024867188424 0.144423282261584 -0.0141021234639714 -0.116141270285268 0.0579463846910217
CS14 0.0117931945732852 0.0255271408156178 0.0529830275043134 -0.0574169510780754 -0.0105760817477384 0.105077689997808 -0.00602682919653515
CS15 -0.039212788448265 0.00678977549602222 0.0784253757826915 0.0299475687405865 -0.0938887226944984 -0.078652118491853 0.0836262571442787
CS17 -0.120373514357927 0.115066325066147 0.0240193162114188 -0.0806800733172872 0.00873715575978982 0.0470374601411445 -0.0831873987372721
CS18 -0.0391549651494436 -0.0533975537750695 0.0864018611124099 -0.0245044774367268 -0.0997571784064435 0.075791776615892 -0.0145258266627432
DK01 0.0396817109741862 0.0316961720173727 0.0489878114325998 0.0155238568962741 -0.0862944910507317 0.0183032994762122 -0.0513142899380469
DK02 0.050275482318742 -0.0800810439863587 0.0379656770500438 -0.0998913559007127 0.000642733399618386 -0.0175392824918314 -0.0824546016000004
DK03 0.0136469177884072 -0.116560354543283 0.0931696110407626 -0.0411142635187922 0.0319871959709639 -0.0769098729766928 0.0549256925369373
DK04 -0.129588201197049 -0.0274473161223767 0.103996749216824 0.0112360499185923 -0.141829996925853 0.00848465342726329 -0.129050906095018
DK05 -0.543805925922857 -0.142304602542984 -0.0842480838739797 0.126519080680552 0.0403011095257113 -0.029136582413762 -0.0954201006368124
DK06 -0.04699713439555 0.0121908686879807 -0.0562636038877154 0.00331392085087789 0.00833248509902967 0.134965702262554 -0.155405301654767
DK07 0.070442816757778 -0.0466046829551946 -0.0141241411080472 0.0936024414087609 -0.00325628767192754 0.0674321423933211 -0.0467278528515889
DK08 0.0553639815068296 -0.0969934114522791 -0.033746365316161 0.0233222493861395 -0.00897291603557149 -0.09269515458543 -0.0153958817613542
DK09 0.0278737730402036 0.0156748336357963 0.0181673950932951 0.0649876036397298 0.00485206800421117 -0.00552386525883639 0.0332714729925922
DK10 0.118588671094978 -0.156624538596867 -0.0959942907072563 0.0219919120798355 0.00637008021189292 -0.0662454130155255 -0.0891868081314825
DK11 -0.0710528062143996 0.0305160414406804 0.0542102603283058 0.0419587077557812 -0.126866465890163 0.0562773418708298 0.0398777925795915
DK13 0.00905932138087235 0.0122937472955217 0.0386707026372798 -0.04247048129669 0.0332689158235074 0.0550333222192443 0.0437591987716717
DK15 -0.0633690574813805 0.0642426442170786 0.100522536836133 0.0687201465410632 -0.0239112152943158 -0.0545130629715852 0.0339908134080839
DK16 -0.018136284406061 -0.0440173434838664 0.0545407263488013 -0.0602083159150808 -0.00694519079069941 0.0702250435035504 0.010919697859457
DK17 0.114404901343499 -0.0148378697976781 0.0464513119066787 -0.00400937055071301 -0.0573503187397751 -0.0364119145040132 0.0355181834123407
DK19 0.00206379026693361 0.0185562176682392 0.0854476877165994 -0.0668828302875446 -0.0455097049433925 0.0550369312560368 0.0135639705449718
DK20 -0.0464332148431753 0.0644386700365249 0.00568029767251358 0.0133744282337292 -0.0665080158671253 0.138624160528509 0.0211173736534829
DK21 0.0793038909016359 -0.0552513449035906 0.10445713663639 0.0977358018513595 0.04369340467177 -0.0668654091131937 -0.103827131885978
DK22 0.0880688686350814 -0.0340443214047551 -0.0427932737636647 0.191285507985691 -0.0356171217897706 0.0533157137504141 -0.0266223781417168
DK23 0.0647883851423695 -0.0941198630251139 0.0725850309946834 0.0679531149317663 -0.0373949720862398 0.00624858328946799 0.0440084697349476
DK24 -0.0933531897574111 -0.0906454641691097 -0.00850138096644999 -0.162396045999353 -0.0634774347128328 0.0141729462943412 0.1571993568501
DK25 -0.0685303606700724 0.0228688950868963 -0.0283002519832811 0.0389628439432919 -0.089626550083742 0.0101438253072045 -0.0513663638077755
DK27 -0.00809475833846573 -0.147511959614896 0.117714317312083 -0.00413363938409599 0.0144409394873072 0.0107836302802206 -0.0596548554461334
DK28 0.0866864128898631 -0.0918689821748291 -0.146054422605454 0.106661657907033 -0.0596577992897581 -0.0514778708319665 -0.00302364174836648
DK29 -0.0502243251745528 0.0813047525792944 0.048178877000257 -0.103215708343364 -0.115694080433426 -0.0157588169461173 0.0242972780059947
DK30 0.0860906023109194 -0.114154656922801 -0.0751544484165168 -0.0777683579943789 -0.0352834533744991 0.197048424929859 -0.0984992144871398
DK31 -0.0552751709497877 -0.0349448671787593 0.123909157251371 0.00116094036587101 0.0533843955451082 0.0217676820970155 0.0489765669746435
DK32 0.0670890982332011 0.0514869629981831 0.0515727671097115 -0.101947397886899 -0.106321739095899 0.0436814167560886 -0.019861200299465
DK33 -0.0427023892962022 -0.1218071175901 0.0345726876138217 -0.12407642235656 -0.0812154139282296 0.0356547588806498 0.101693974817493
DK35 -0.0324216436810524 -0.0295388635014202 0.15023323570085 -0.0121659753405391 -0.0836813431205346 -0.0405650579517358 0.0534428922402017
DK36 0.0141891441179794 0.0402319905029615 0.0971334359229709 -0.0724766255681198 0.0153578072778492 -0.0260650494204201 0.0935428745322791
DK37 0.00925880152442989 0.000894487433550665 -0.0544931702061842 0.0806055237095878 -0.259086248253172 -0.0461016287238393 0.0336483980483171
DK38 -0.0130302489289469 -0.0575105587642117 0.0183275068781993 0.0586364479922954 -0.132320259251563 0.221470265488764 0.0580198840025162
DK39 0.00133262912029514 -0.0581221714162199 0.110732927125864 -0.0671217734929241 0.0459966355666623 -0.0024507596121943 0.033668413747912
FR01 0.161691439951024 0.00736076272074194 -0.0689725405935597 -0.0595333398850515 -0.0184944413984948 0.0737939235876396 -0.115229365669135
FR02 0.0489081222331076 0.068301041359965 -0.00817157633312253 0.0242197025362312 -0.00985172694423564 0.0455854737603837 0.0862527069481815
FR03 0.0750239504627745 0.0106940026966041 0.0985223854546797 -0.0156597116234866 0.0302353209345509 -0.01709599119009 -0.0898491616707359
FR04 -0.011803507917132 -0.0702074711306009 -0.0473945308527067 -0.186270712731983 -0.0522957786611734 -0.119551916077069 0.137617378626701
FR05 -0.00837881774151081 -0.059101922089497 -0.13098393632304 0.0653739229806197 0.200528257043455 -0.0858976245113889 0.0639542912221904
FR06 0.00265879259327782 0.0661234801815903 0.0016663590928548 -0.0265217375865441 0.0568346245740598 -0.190492221805423 0.00458329247566863
FR07 -0.0580657669326076 -0.143111675046914 -0.0864973639050631 -0.0607071266132993 0.0940415818368776 -0.154866324301428 0.0334397842758496
FR10 0.051575965600541 -0.0114729879840727 -0.0298582887584426 0.0803711159760077 0.0648331638521563 0.0680680758932633 -0.0165726330045083
FR12 -0.0290313055035956 0.0441897513385524 -0.0526865035590342 -0.0879044783111066 -0.0207064209386072 -0.00274788028422243 0.0200252230485225
FR13 -0.0554102048465634 -0.113468547157656 0.0706204481507087 -0.00830355342202702 0.162703595031238 0.0162548202129138 0.102492205219382
FR15 -0.00186505830983537 0.0386019408020053 0.092120247513322 0.0204952273469062 0.0617391181892291 -0.0759991386017939 0.0275994895496918
FR17 0.0694959201212358 0.0455013519437241 0.056762357622775 -0.000170447552975364 0.0517522906731627 -0.0705365349764106 0.0524615889458015
FR20 0.019054271205397 0.155359209766414 0.00917929315407267 -0.0178240904092027 -0.0379147194259281 -0.00688070881522114 0.0591747898750639
FY01 0.0612211039460458 0.0278334359593429 0.0515585213049439 -0.0342863660862941 0.0345072407399535 -0.0479906356135164 0.0101398626751437
FY02 0.0348775114507857 0.0303429773100648 0.105992704813311 -0.0435625898076507 0.00934638186315227 0.0485833713816069 0.00408445760039017
FY03 0.051364187164342 -0.0625129985336673 -0.00243874227692145 0.0416341136314291 -0.087071948902375 0.0325398952854246 0.0613036401754432
FY04 -0.0981252739814398 -0.00684734519470515 -0.137897160118468 -0.0996381907857431 -0.0124415557845859 -0.0100082102152392 -0.0841543310550646
FY05 0.0288639266623865 0.0299461633139333 -0.0959075443616607 0.121255043280626 -0.0568344588954379 0.014179095486456 -0.121334814965984
FY06 0.00359906768729898 0.0188596213518749 -0.109624829398866 0.0655306375719555 0.010497067734078 0.0370099885759261 -0.0120348515210333
FY07 -0.106975660478228 -0.0501513550538532 -0.0895555822578527 0.00979596133895475 -0.00906544942024791 0.0387500728367312 0.129402455004005
FY09 0.0185514912385568 0.0338759652667937 -0.031054892810918 -0.0505938408002896 -0.0820139470926371 0.11682610053921 0.0232377071325373
FY10 0.0406643595388293 0.0747496864847452 -0.0554748646766733 0.0642196135150553 0.0167127615790443 0.026769917111294 0.0901457412752068
FY11 0.0381701631286616 -0.116719734792131 0.00688781183616939 -0.0919787724189759 0.0276422120631654 0.0500200810392384 -0.0473412246560592
FY12 -0.0767470462618753 0.00357800758720064 0.0799897060209867 0.0338568858490603 0.0501798160295662 0.112487465079456 0.0761095510422069
FY13 0.144748445725097 0.0239226323815487 -0.0818196159134798 -0.0231263142609057 0.103173015198578 -0.158353137553019 -0.0244631618036185
FY14 0.0129648918873373 0.0769978428117723 0.00309073524522454 0.0450802206419082 -0.00672074942613672 0.0984451132147137 0.133083035663727
FY15 0.00349109304375108 0.0536174330818019 0.10462995631894 0.0147013459238964 -0.0434925418313118 -0.0595914758115874 -0.0295691103797613
FY16 0.084307271164593 0.0465574011993429 -0.0205986298624363 0.00363544239137446 0.0191944998844616 0.104793602591889 0.0523486077474687
FY17 0.0182985519961018 0.0409282418389697 -0.00984835723951976 -0.0552378478662092 -0.0948829143715379 -0.110464797976134 -0.0182058294401765
FY18 0.00898167747389679 -0.0516396225079534 0.00915570412216345 0.0893945958203053 -0.0563234374077957 -0.0962360929568214 -0.047842169667007
HH01 -0.0714979290102013 0.103623710143973 -0.0165370693210512 -0.117311740395447 0.161053437308606 0.0156028568976403 -0.0279324501322126
HH02 0.0677893267717606 -0.162267683926526 -0.0621274560412066 -0.0990383131784876 0.0914693882111183 0.0491402510761391 -0.0103716578546822
HH03 0.0210364399358629 0.018251855149808 0.0224469599135189 -0.0606383445600342 0.0173903180008293 0.0706704096392664 -0.0490668732387516
HH04 0.0555390460708203 -0.0653590451817949 0.0662758557623412 -0.0294527714769255 0.0674110046514916 -0.096712181568236 0.0392201202721626
HH05 -0.0251409498075932 0.0317260304003036 0.0279466824324735 0.0440172201561056 -0.033027932075526 -0.102977632324148 -0.0461861578417896
HH08 -0.014207128982043 -0.0614739330685842 -0.0547282791895134 -0.0256947117280296 -0.0165270588719339 -0.0419514700463067 0.0388076840204247
HH09 -0.0442407228876059 0.0470070732947778 0.0465897720995695 0.0638897310375219 0.0323339785372588 0.0772916908854669 -0.0589255628177417
HH10 0.0271861198505068 -0.0744881945290121 0.0301317761976763 -0.0372019376011537 -0.0972036004146318 0.138049146780523 -0.19070236386728
HH11 0.0613589553920387 -0.0069405973320881 -0.0341178171732109 -0.101237702067176 0.0272334599770951 -0.0293742283867405 -0.0860633189535695
HH12 0.00890080572669798 -0.00957195690468289 0.0365327502231676 0.0456362325417952 -0.0644937325367217 -0.0728450969001592 -0.126190329541419
HH13 0.0178520934943349 0.0174266950878624 -0.115552721015334 0.0161744075734895 0.032207683202085 0.019595307886801 -0.0409436642346299
HH18 0.0085971959634052 -0.0916802931149982 0.0515705447688096 -0.0832074711174983 0.0253178711454002 -0.0378866811720283 0.0588261726809103
JB02 0.0411602455743937 -0.0565723123002021 0.0678953673016991 -0.0855712607884157 0.0787895484626298 0.0567234319933124 -0.0505894833582704
JB03 -0.0247077275611359 0.0217180580000463 -0.124887835939826 -0.0392311297512976 -0.0132524173379997 -0.0603883317095341 0.10820006757257
JB04 0.0840005503609273 -0.0154889129904957 -0.0743035933124479 0.0732033028979148 -0.0208906567658579 0.0523303199885172 0.0749037457959278
JB07 -0.0175497790932005 -0.018137591514572 0.0320972375598165 0.0449383223151591 -0.0267342545526286 -0.0142803442327999 0.0734392242632661
JB10 0.0213762098616557 -0.0896548226042279 -0.0896753421781788 -0.00699649285227174 0.0158324166642687 0.0172919950891254 0.0350879139288006
JB13 -0.0345468954963864 -0.0183642495947019 0.0678968676488927 0.113038815991113 -0.0760308362434332 -0.0169032511910385 -0.0104614659905123
JB15 -0.00420734092000287 0.141353371171344 -0.11533417303036 -0.0196631132365308 0.00572760710820337 -0.0915924350215936 0.00198202031415554
JB17 0.0498655438134252 -0.0326578075557637 -0.172034660020727 -0.0654171003328946 0.124730953561266 -0.0118485677172119 0.0551422687415705
NB01 0.0382790867440205 0.0384224748636121 -0.0128529793090325 -0.0644360598771719 -0.0494167723425401 -0.0477689160151005 -0.0722560349864603
NB02 0.0165158364955174 0.0401454914381276 0.0315160784832101 0.095147185404489 -0.14544905209008 -0.114434281503007 -0.00125722725028243
NB03 0.0455406412660174 -0.0509309234049462 0.0304645967022421 0.0191053385067708 0.0445786151596638 -0.0447347080063161 0.180188889337242
NB04 -0.0143955858988739 0.0054252026369921 -0.00436086473493942 -0.0260229312378319 0.061687637757491 0.00486556073518663 -0.0110034351447393
NB05 0.0081797724952149 0.0570221708879428 0.0978576691415862 0.181103580991088 -0.0200524037305348 0.0283436397722894 0.072058584070516
NB06 0.0713821021093599 0.00981368600634047 0.0910889985136196 0.0386694910503126 0.0211132665094348 -0.123015504733618 0.0414295107938663
NB07 0.0444964551086332 -0.129289626813288 0.0122964059205118 0.0192232507318873 0.0197065968667461 -0.0711911143160767 -0.0173028192190353
NB10 0.0912541918126324 -0.166642737034945 -0.0962385104726911 -0.00693704607922762 0.0984156003212373 0.0965396963801121 0.041609422642392
NB11 -0.0330968306093366 -0.00259858994124228 0.0185697798580096 0.189819842869267 -0.01622683585721 -0.00813884864408745 0.0705114367794701
NB13 -0.0116514608376568 -0.0525162149172298 0.0509525457002017 -0.0795792606604253 -0.0486982549344847 -0.0771413343826643 0.0895207916185819
NB14 0.0283786440837355 -0.0484847340434004 0.16368319027347 0.0277241807589152 -0.120068346125079 0.0385172160613412 -0.0678052883218795
NB15 0.014767967769241 0.0524076589288606 0.0406773337783227 0.0181111840249881 -0.0667056884329266 -0.00294155124020765 0.0806875458940853
NB17 0.0243131654384225 0.0014252588242004 -0.0465675139536932 0.0768252936349147 -0.0305192157833406 0.028408023912844 -0.0373749679714599
PA02 0.00176841450484859 0.020010335515778 -0.128769384939662 -0.109303842152253 -0.00826294882656739 -0.00423798088782546 0.0200349736450952
PA03 -0.0291885935773953 0.0573494066508642 0.0291371868628894 -0.101782081172275 -0.0565390460234731 0.05077159080394 -0.142862883409673
PA04 0.0371006527651682 0.0616800098162234 0.0107498981382135 0.0646524597333018 0.072485132506967 -0.130018340105018 0.0718423766212842
PA05 -0.00219323159247802 0.0609840426772298 0.10835824959753 -0.100458920485603 0.0308554876970755 0.0519600818342358 -0.0743110798585881
PA07 0.172447076304844 -0.0698661800720384 0.0261724931323295 0.0586213965008338 -0.0197668226332837 0.0362877847841339 0.0727533975662718
PA08 -0.0244555618953276 0.0932932241764043 0.0505932081682062 0.0571512486986361 0.0698061608484843 -0.00354025453492149 -0.102706275097742
PA09 -0.0774677935300431 -0.064145573358686 -0.0827634253826811 -0.043001994002502 0.0981932979803688 0.0872713793373162 0.143927034782387
PA10 -0.0539164046128164 0.0147385132350973 0.00811897769398089 -0.0635532551760404 -0.051916276654671 -0.149357043414353 -0.0407512487605299
PA11 0.0617029172076909 -0.148433289134197 -0.063886265614698 -0.0641555058149036 -0.0416916720026717 -0.100734762077496 -0.105721087973827
PA12 0.00623447953137549 -0.016162206261138 0.0359402844160078 0.0516061565038586 -0.0353690412749092 -0.11182032921434 -0.0731206890332179
PA13 0.0131173348073991 0.0147397334324607 0.00488444910373162 0.0848843547679253 0.11643801032479 -0.00386837951485487 -0.132707095170015
PA14 -0.0532822027636485 0.0728997694837256 0.0603919960211418 0.0764649903988477 0.120362930924922 0.0392467610480914 -0.0261679663712062
PA17 0.0486069698068161 0.0268880534997253 0.0702468123522798 -0.0134738470716707 0.0488233484121146 -0.0238409596802482 -0.0389064868298473
PA18 0.0134788350614015 -0.0360532944355887 -0.0884246805574511 -0.0170004059838665 -0.0413797809703934 0.184226999177373 -0.0416267329613926
PA19 -0.0552843957403589 -0.198719375622464 0.0584381284322782 0.0734139185744627 -0.057259282458381 -0.0481626339711872 -0.102645309632064
PA20 -0.0624707779647642 -0.00656123452893917 0.0616244785318114 0.0465194854443135 0.0116318757639787 -0.108630190904638 0.137716205268837
PA21 0.0265175153523052 -0.0199362004017093 0.0976959888871714 0.0556992556364128 0.0595634082173689 0.0287962054266976 -0.00305373663079712
PA22 -0.100545062470903 -0.0372184052692236 0.0521673150856911 -0.006944253177808 0.105183943823338 0.0548490696698736 0.0317886131145374
PA23 0.0689384748822171 0.010254252811961 0.029204701995845 -0.0446103901351515 -0.0216540764443925 0.00642790575065845 -0.0629092942751549
PA24 -0.0498179171603115 -0.073546606971031 0.0708270867366216 0.0934275711986368 -0.108379028927198 -0.0114850167839345 -0.225979173542734
PA25 0.0262568616082962 0.00362740599787359 0.0180835117614845 0.0244042153709357 0.0856067761862475 -0.0782934055090892 -0.0814077075390764
PA26 -0.019288402517045 -0.0421596151929768 0.00377440855459614 0.00923606540411534 0.0916015285350904 0.0362336964025293 0.101096105199233
PA27 0.0206898411966064 -0.122513026734423 -0.00666449998034623 0.0292178642014747 0.0932986067897073 0.0752836852987133 -0.116551930878114
RB01 0.0750454417837475 0.126355708164759 -0.0569352812658799 0.0396914833454903 0.00100129852091682 -0.0895274544785706 -0.145657025277284
RB02 0.0294271418970225 -0.0845708977340293 -0.00639761013656237 0.0311253444576666 0.168071342719978 0.0831547285460814 -0.113991858184478
RB03 -0.0214798441510162 0.0815069031721584 -0.0357876654227384 -0.0273456163692672 0.139816523173153 -0.00981452735595522 -0.16950776162049
RB04 0.00375664751592716 0.0871166431458199 -0.0871974263628543 0.000390493092582463 0.0527192410452176 0.000584811748066748 -0.0554938886768476
RB05 -0.0428684018794526 0.0414565257614693 -0.0231380837297915 -0.0131488175276215 0.102208743695847 0.0388530354802436 0.0475375585962049
RB06 -0.00982962198773911 0.072762451952598 -0.157228628742613 0.075515419688356 0.00292252286582304 0.0562008685449075 0.0574820917477032
RB08 -0.049442518524211 0.0757996557482262 -0.0248065729582079 -0.115277222178424 -0.0299519907218966 0.0743381041706473 -0.00237660780174364
RB09 -0.0970654642806265 0.0260029352956989 -0.000939716491672701 -0.0158483572954642 0.0878071322879634 0.110519703301157 0.109221910300526
RB10 0.026821660554773 0.030685161347522 -0.040590067244068 0.160682096679819 0.0412739735052992 0.123704415280328 0.0365232035040195
RB13 0.00886097811896732 0.104614285518193 -0.0387655861132139 -0.0291775547952286 0.0146738575132646 0.0884378422079777 0.0530132687645096
RB14 0.0165454266932101 -0.010544695316382 0.0406392061056588 -0.0136973378522348 -0.0428615893404998 -0.0121570883115117 -0.0104366877970388
RB16 0.0289032639700994 0.12665200719013 -0.0545671070140129 0.107274805392714 -0.0208733372654521 -0.0257339655333031 -0.00410777477970345
RB17 -0.109773298788241 -0.12119883341915 -0.0272805819529832 -0.0541812460840836 -0.0118960391043045 0.0549951092960223 0.052089909531552
RB19 0.0745944228111979 0.140501909030872 -0.116879978188327 -0.0615714091060202 -0.142105101782828 -0.0389931401965566 0.0523712626826403
RB20 0.00929057069211896 0.0089785462050732 -0.0636291310321085 0.000274701966908784 -0.102266617068592 -0.0846762434956731 -0.0264622577428037
RL01 0.0876835223820497 -0.136846645086216 -0.102084135307226 0.00213517351756543 -0.0845130204668389 0.134719216264951 0.0672719104785534
RL02 0.0213564856041088 0.0277668808971482 -0.0694687977844631 -0.0136735011785485 -0.0814382478624167 0.130691289898873 -0.0530778630228363
RL03 -0.0556396788168795 0.128245427591444 -0.0187134700638616 0.0257986368903358 -0.10712545850409 0.0100446313800278 0.0255759270753769
RL04 -0.0243602526721329 0.100552240850323 -0.0318138384167367 -0.00954627241168199 0.101937966960384 -0.103203468063356 -0.0385695243956534
RL06 0.0307408175687243 0.114862705397254 0.0140748785256263 0.00894832736734823 0.0640393473893955 -0.046882984933636 -0.0450005257729947
RL09 -0.0210791617164817 0.0443439067968998 0.0420192501693427 -0.043638985556745 0.108352136966964 0.00558064111296247 0.00911993177053232
RL10 0.0554680883613547 0.113051855756304 -0.0888588540645336 -0.00656552318830044 0.0232049115544042 -0.162509135145859 -0.0230709522405467
RL11 -0.0644183749540312 0.149829746238979 -0.0700493232417128 -0.0567606517901948 0.0416860251452197 0.0820592041965889 -0.0915380871129023
RL12 -0.0845453096580903 1.81500986962779e-05 -0.105750884518957 0.023364738941023 0.0700929696470122 0.0327916279391086 -0.0287860678661899
RL13 -0.0683824699719382 0.0154754161676083 -0.169160233093877 -0.0318183254513199 0.012638008214984 -0.1331837594477 -0.0780562358185809
RL15 -0.0590048530351471 0.140663205440155 -0.0423358144963194 -0.0459930924993773 -0.0540852650944976 0.0776904194216102 -0.0332723804581236
RL17 0.0334770663209067 0.0219935964526409 -0.0111630738802848 0.0118040746015766 0.0911320712570146 0.0329598744136 -0.094298325428944
RL20 0.00303104028107236 0.0519016046863806 -0.085067753308609 0.0608487223806117 0.0853053389821821 0.0578138513178533 0.0907420462856112
RL21 0.0138221614268234 0.0570214172589286 0.0531143878393609 -0.0814845551983624 0.0575393195577508 -0.0174640540842048 -0.0193963561475247
RL22 -0.0812049596337651 -0.067349217929553 -0.212361325877724 0.126386034288686 -0.266376674337904 -0.0339220021653546 0.108037012072099
RL23 0.0264150370010817 0.100355012861395 -0.121582948819086 -0.117570266140831 0.0229915213055296 -0.0568514772963899 -0.0217175240582787
TR01 0.0658985232578407 0.0648411034178015 -0.0230782920228928 0.0606161528121611 0.0023003406381415 0.0954304320639047 0.0664625956208635
TR03 -0.0217298196778582 0.0662002807274667 0.0720540088929982 -0.103528526886849 0.0784834658827611 -0.0564561048879691 0.0618193096990096
TR04 -0.00654138652573285 0.0961695846007386 0.0348967123482875 -0.15364572307147 -0.0440036519005005 0.0734749678008617 0.0605430418901246
TR05 -0.0355699363362297 -0.0703178024411655 0.0853356243629695 -0.00523771688255674 0.10956235735914 0.0863201187019463 0.070217620190764
TR06 -0.0159238572533293 -0.00724258709874183 0.21939587797736 0.0491246358114036 0.0209716574287673 -0.00837076190912084 0.0245862230414966
TR07 -0.00314901293434412 0.00574500754862721 -0.0329037717946073 0.0988465913103042 0.0772553013859745 0.0653916740221354 0.0188545016396539
TR08 0.088269781705178 0.0219870692697746 -0.0301367249259255 -0.0380114012121708 0.0973509220910475 0.0313787578827298 -0.000459135930544675
TR09 -0.0506118819169165 0.126524058661221 0.0273530522214468 -0.0583847625443247 0.0224450609279156 0.0039891787693166 -0.0587952216617189
TR10 0.0155912203613519 0.0695948080693327 0.0903021900261636 0.0938526682806985 0.118135317409797 -0.00753828688943107 -0.000936401360341466
TR12 0.00602711667979926 0.0435648206264919 0.0267578173845763 -0.0837773016919149 0.00366123990715458 -0.0345852113676525 -0.0162073505079188
TR13 0.0106881421907958 -0.0507165711346493 0.122703203251595 -0.14504466177 -0.115549627255131 -0.0513867736593913 -0.0801623744958833
TR14 0.0800646590439711 -0.189506888694763 -0.178702970011659 -0.0777910037526791 -0.0527450479521061 -0.119748734143322 -0.0572042179162625
TR15 0.051006780987487 -0.00240566792665706 -0.0340827080960304 0.142288752883422 0.0291572945370786 0.036116659899294 -0.069279534062959
TR17 0.00918567008711777 0.0145841853275948 -0.0844283244480354 0.00555572632706713 -0.0494079546977044 -0.0564244153212419 0.187735546731786
