sample MDS1 MDS2 MDS3 MDS4 MDS5 MDS6 MDS7
AN03 -0.00507682973421897 -0.0611568311909223 -0.0286818463423422 -0.00660485012884499 -0.0105361839264861 -0.029727154911845 0.0426218172000829
AN04 -0.0560692720843096 0.0175289989599997 0.0391769207384258 -0.0203070952940256 0.0135062403389582 -0.0423067180848174 0.0730718823243221
CS01 -0.078986006503556 -0.0042325796025896 0.0526572589540101 -0.115627225514903 -0.0762416570984918 0.0345112873324365 0.0700799665686501
CS02 -0.0551343274610606 -0.0219860011730587 -0.048205373047449 0.0550958510063978 0.130702605292494 0.01730704330864 -0.0594933576555719
CS03 -0.0316307594660368 -0.0517075890515239 -0.0079642095859213 0.0333017245834055 0.0381746204389498 -0.027917273678535 -0.00433775381717998
CS04 -0.0348428655471577 -0.0434035204513158 -0.00101846578580159 0.0223891660103073 0.0331291670194221 0.0910469623139543 0.106990524218816
CS05 0.0326231947295537 -0.115583693833358 -0.0333689082331596 -0.0521894594383129 -0.129623338019513 0.0725366581560286 0.0541788356604382
CS07 0.0777476180957026 -0.0547643229539084 -0.125424845817 0.0926568358244522 -0.123335750366899 -0.0460268128038759 0.0446130501811621
CS08 -0.0317286336693144 -0.375194140396704 0.110463281456835 0.0165953775174924 0.0770320505946124 0.0505406959396148 -0.0843483574416396
CS09 -0.0951490476959087 0.0104812883100701 0.0644455709406263 -0.0870373168192046 -0.057182757663297 0.0231562426140026 0.0387555175891369
CS10 0.0164064422405572 0.0524600295775125 -0.0555971159086641 0.061182294270563 0.0507858676544971 -0.000309003912420558 -0.0580727462439485
CS11 -0.104478809560154 0.0301839542600148 -0.049376401484736 0.0502875799512854 0.0251003824170039 -0.0719859303025849 -0.0263580545396506
CS12 0.0487765204862693 -0.0413332487818032 0.00920282016736405 0.0490768430754335 0.00384145757314838 -0.101299414133807 -0.0357850849775026
CS13 0.0233639609668374 0.0927047301825487 -0.0212656082164645 0.130671145530333 0.136633422112762 0.0208036227771398 0.0636523640482932
CS14 -0.0316583331497834 0.0165786476256386 -0.0443565589225272 -0.0853027602926384 -0.0627686187269349 -0.0068030823965245 -0.0181921401836306
CS15 -0.0384025899788778 -0.0566594591568032 -0.0525138989510595 0.00314960591603525 0.0524369137890807 -0.0386813679191014 0.103694793317617
CS16 -0.0555086613168655 -0.0229838293864886 -0.117406427209475 -0.0594167354508433 0.0283905838185918 -0.137509126933743 -0.00670201190135154
CS17 -0.114457271052171 -0.0653810987769436 0.0193448447587747 -0.0649155399545471 -0.0628459779668767 0.10994521191022 -0.0756828830034172
CS18 -0.0158098132582625 -0.0303867578365779 -0.091498718157395 -0.105291579885956 0.0546921367756825 -0.0229367546388173 0.0177159637229348
DK01 -0.0557707955313052 0.0527182634446937 -0.0147509276288953 -0.000119685578648818 0.0233189455588515 -0.0285108705786028 0.0294546078919619
DK02 0.0477181943327675 0.0223686497641558 -0.0398004083430377 -0.0260057008635778 -0.0660145439928919 0.0791279369147021 -0.0117849740827176
DK03 0.10491984581636 -0.0347788811641751 -0.113655527776961 -0.00881960278902586 -0.0288270004169143 0.0189208694776051 0.0451519338785647
DK04 -0.0372430594850038 -0.120199215129215 -0.0786975430461878 -0.111279367345753 0.132783006479244 0.09530310870204 0.0851360791939831
DK05 0.0410159122193835 -0.526925544215789 0.133772687428996 -0.0414945739574525 0.116385181560397 0.0228719231069546 -0.141236677413528
DK06 -0.0197181841227068 -0.0295256129726098 0.0614901751801918 -0.0784880747080013 0.0151813880153175 0.0222532917145901 -0.110877443253897
DK07 0.0459577140947766 0.0734755998980216 -0.00382944853303963 -0.0471201574459311 0.119463886451175 -0.0197654011876742 -0.0999238538223036
DK08 0.0974465164016513 0.00511144959034468 -0.00367623181300755 0.0926136778209177 0.035374358939371 0.0957936590101927 0.0538427287278
DK09 -0.0297942802682019 0.0215669739276699 -0.0184054408707007 0.0569996306332641 0.0546875812625658 0.0203367337536683 -0.026594052521629
DK10 0.218605192677038 0.0694688920556455 0.0356339048438687 -0.00236593435199454 0.0150851846168508 0.0420112459555282 0.0307700081070309
DK11 -0.0925208837886053 -0.0348021261134401 -0.0319669546491688 -0.0637871224600974 0.0824572793947578 -0.0989979683430452 0.0341675746420804
DK12 -0.0704606107372894 -0.0388908976409057 0.0118416053578606 -0.0444986435129454 0.0315889349714321 -0.054282912447665 0.0597763359126282
DK13 -0.0238127583502563 0.0386309516192151 -0.042587436706598 -0.0414742624910346 -0.0323210448521595 -0.05802911024215 -0.0162475465192837
DK14 0.0673528266659029 0.049584641309513 0.0174023432631178 -0.0845692686388261 -0.105753828655744 -0.155961656484438 0.00200529525402188
DK15 -0.101823242813442 -0.0729554153105149 -0.0572167654240977 0.0485518076206875 0.0772637397200307 0.0307563595881796 0.0297574423333128
DK16 0.00418452923544607 -0.00779698129934553 -0.0650120534878714 -0.0716158315886485 -0.0352770656270753 -0.000370590537661835 -0.00446027695430439
DK17 0.027782383934804 0.0953756657736449 -0.0713573889637971 0.0126630192017001 -0.00367161647482006 -0.0343605043275442 0.0965095890745472
DK19 -0.0439699864189843 -0.0114683437752521 -0.0866180187309172 -0.039855301240176 -0.0867041061479174 -0.0490088601351336 0.0601949272378232
DK20 -0.0875645344741863 0.000466792206704264 0.0268193623156942 -0.0957080054340915 0.0235843243634336 -0.0839301742189987 -0.04679642294945
DK21 0.0467014784160353 0.0463120630174935 -0.118846612979179 0.0867293775052862 0.0878274933559791 0.084886978304938 -0.0381339814917382
DK22 0.0395860182345632 0.0799569408510719 0.0282923072942776 0.0490131070537211 0.176652430226981 -0.0616440123950815 -0.0566047133864011
DK23 0.0556883338472513 0.0239919686644133 -0.100260511478132 0.041549108657374 0.0663237549104325 -0.0523385721636669 0.0366303797766248
DK24 0.0347544272657708 -0.104877018585204 0.00261521105046836 -0.0842571913944632 -0.124829245741734 -0.0793813599092704 0.113064073037401
DK25 -0.0344992510896423 -0.0533678340515045 0.0228993758754783 -0.00805105346653765 0.0755295496045301 -0.00273204141221589 0.00712273776316269
DK26 0.116981009625577 -0.0286691168266666 0.0252092683376098 0.0531747302679744 -0.0727762195094323 -0.1497088520262 0.0789992804821672
DK27 0.100646711588206 -0.0414641097009326 -0.126222657234229 -0.0612301914560191 0.0282128484919403 0.0687187351175959 -0.0390418566073151
DK28 0.142679178672155 0.0502268449889986 0.0965476079923125 0.0570522153308906 0.09601582038972 -0.0903997447673238 -0.00476170947391676
DK29 -0.0981206984066135 -0.0201646329795739 -0.0100425701475505 -0.0769348428579537 -0.0432307663503288 0.0331254484873218 0.126501440819261
DK30 0.139382700944589 0.0914160738060099 0.0241957134862389 -0.212606578180574 0.0180979872313648 -0.0456624386705766 -0.053383975348375
DK31 -0.0193377853237261 -0.0748248565476136 -0.130907103345476 0.00760412034302614 -0.03362349144419 -0.0268303050161096 -0.0346713704459605
DK32 -0.047511695337242 0.0603016077387987 -0.0379081932688877 -0.0630082023137276 -0.0682734222814853 0.0179524196559467 0.101950416667945
DK33 0.0816859760799159 -0.0547579891917196 -0.0679196672055279 -0.148819868755908 -0.0518395163880321 -0.0279139224054139 0.119919490341397
DK34 0.0492746129151248 0.0142908418186514 -0.119976053054995 0.118280893297719 0.0157344899551113 0.00343498568042438 0.0960331304983161
DK35 -0.0399494421475012 -0.0680250634551793 -0.131648167324874 -0.00985285217813706 0.0147049367729846 -0.00973657029501528 0.107373049899638
DK36 -0.0709574548388785 0.00537811727322013 -0.0895293668972587 -0.00291082443601486 -0.100256693069095 -0.0125412359915898 0.0640941979507431
DK37 -0.0147349439206016 0.014056857469651 0.0565641509837143 -0.0474535858698075 0.248632478983004 -0.014408496200012 0.216945813375636
DK38 -0.013760397711767 -0.0119899822325282 -0.0389546650396758 -0.125902335402424 0.132773433724132 -0.138851358485321 -0.0178287542520028
DK39 0.0309600668137853 -0.0269208257777565 -0.134038844591846 -0.0153922851411224 -0.0665289651938754 0.0132310594272765 0.000740350187109868
FR01 0.0594588626856135 0.179876244624621 0.0648695691273696 -0.137421228928705 0.00985823732383725 0.0857813469755222 -0.040101906100341
FR02 -0.0555920078702956 0.060894884339421 0.0261000981630645 0.00599004614636331 -0.00211828507999889 -0.0702298810126398 -0.0181622800416955
FR03 0.0182216627733541 0.0647306696207744 -0.100413718639042 0.000346955664948642 -0.0191323060299976 0.0798065297143442 -0.0216684045932547
FR05 0.125255149814118 -0.0480882055995444 0.0682559472393412 0.185862042773202 -0.0770392107082905 -0.0559169422534139 -0.0883845133994845
FR06 -0.0291547651262776 -0.0306440000426653 0.0138915671514063 0.163418268898931 -0.0922691982738708 0.0713575795530033 0.0947850692381731
FR07 0.163034934747882 -0.113200251054717 0.046450981223042 0.0961764251810507 -0.107073538978759 0.0590620199220528 0.0514447607781836
FR08 -0.0554618891811001 0.00300339913140209 -0.0516627894959269 -0.0583420822576262 -0.0368770505227184 -0.158125886731862 0.0369904494318611
FR10 0.0426723620804686 0.0601407238445774 0.022746471676919 0.0182106384563056 0.0743728621491584 0.0277098044488699 -0.160112560022828
FR12 -0.0364965500311022 -0.0104051146596549 0.0680504901228082 -0.0649095203371592 -0.0718536101187686 0.0117480259305765 0.0335194930824984
FR13 0.0726183920029384 -0.104411093433946 -0.0970401166027794 0.0462838469381248 -0.105295325314181 -0.072274067468689 -0.0991367576820447
FR15 -0.0453482127837491 -0.00607227596157611 -0.0786595040664013 0.0903471213497982 -0.0102129971872358 0.0823164241575561 0.00793818735811808
FR16 0.166051900913447 -0.0436963276633459 -0.00482819122317663 -0.0635900928731643 -0.0441405003487464 -0.0255649040848974 0.00385146470431757
FR17 -0.0378585167938726 0.0399279796921905 -0.0739633043602547 0.0974605694870106 -0.0896710178563242 0.0176171808636734 0.0354516238729009
FR19 0.0348470415253689 0.049094518708775 0.0242934246748012 -0.0318025308931662 0.113970861161531 -0.0494923620030909 -0.0466366369983
FR20 -0.147080692725353 0.050722094233983 0.0195477942339851 0.0416277784623385 -0.0486657661991853 -0.0461101114392611 0.0202053653573272
FY01 -0.0212765696128753 0.0422762955350006 -0.0457253122028368 0.0638180419002086 -0.0767246233335445 0.0475330752788219 0.0104011328520754
FY03 0.0421536602410124 0.0383011034007923 0.00627057686996214 -0.0378404143399331 0.0473648384498475 -0.12290853461281 0.05770118559574
FY04 0.0299271606564813 -0.0726855628505354 0.149816539716576 -0.117831574504611 -0.0200057739115649 0.065474508116956 -0.00677622414267248
FY05 7.67379292826125e-05 0.02803772365673 0.0907689510706359 0.0644666640607414 0.111752413154369 0.0369373550943071 -0.0434905267749899
FY06 0.0050098036496667 0.0100826385421896 0.0999692566928746 0.0486409334500668 0.0102211192207848 -0.0468932030667174 -0.0511627953894006
FY07 0.0312649159601899 -0.0943274781227965 0.0710327637164053 -0.0402123314591528 -0.0119251616841964 -0.139730773578699 0.0128412481225291
FY09 -0.0236204886294263 0.0562170455179474 0.0277045984450459 -0.141610041556691 0.0126309332227072 -0.0159774538661659 0.00595447420439565
FY10 -0.0486819241752812 0.0428665847517114 0.0552349057843827 0.112878565823716 -0.0647534844073617 -0.0864371876806267 0.019370810748922
FY11 0.101368821912366 0.0160627247214784 -0.0332510005946565 -0.0740808969429975 -0.0461116467010422 0.0123533873876514 -0.0661469823610538
FY12 -0.0563646123448015 -0.0580231959755378 -0.0684710079555368 -0.0497348745627152 0.0399006438317763 -0.0380024151876041 -0.0876873982528686
FY13 0.0787127482992688 0.140208946179507 0.0937596938214147 0.0919592748007471 -0.0395613228995094 0.152010329814737 0.0225944668515536
FY14 -0.0633344409878273 0.0331628430309515 0.0127714317605509 -0.0405171491842324 0.00937247262994891 -0.114198459360322 -0.0269359316073273
FY15 -0.0695435345599104 0.018652255438227 -0.0715368644722279 0.0241290417795287 0.0632894108531979 0.111209921629818 0.0512681586190444
FY16 -0.0227611151965763 0.0785792740691333 0.0157227614672136 0.00861868475818521 -0.0212994106496607 -0.0687225352819944 -0.0304240521375547
FY17 -0.0466325869334749 0.0235542937063952 0.0176981594545773 0.011993953783392 0.0172850603820684 0.0877901284101655 0.10326557669335
FY18 0.0434759114154096 -0.0166290201659204 -0.0206565283169521 0.0779420813403 0.114524891978871 0.0418069467476372 0.0880956392150586
HH02 0.175667503935033 0.0411530092460497 -0.00214448261816766 -0.0947305395005239 -0.0498243348028117 0.0548492565716614 -0.0536064643083267
HH03 0.0133983039030712 0.0295722841058467 -0.0163916350194512 -0.0385321801421781 -0.043934374886336 0.0613427733278463 -0.0280315273887408
HH04 0.0773394822436511 0.0186346803187234 -0.0851447077765628 0.0772395411190258 -0.0502530078087883 0.0582879188706813 0.0226578903217823
HH05 -0.0178118647291106 -0.0178291724002141 0.00145259534463606 0.0702718324896364 0.0297736308782084 0.0370145601806552 0.0714064711160686
HH07 0.0237046152362036 -0.0872705981982835 0.0226234653364918 0.07188819562857 -0.0505534186188062 -0.0533394498852847 -0.0325147296609727
HH08 0.067201246470388 -0.0232578050468408 0.0415441173637878 -0.0115904703738577 -0.0123480146621747 -0.0458713684373342 0.0521829539071407
HH09 -0.049080535618238 -0.0174925343529405 -0.0180489615755119 0.0178316967747094 0.0401139415040833 0.0192717732984813 -0.128083258652003
HH10 0.060323845306501 0.0405662247082937 -0.0500957898339975 -0.178410055756482 0.0754109275821382 0.0671215181738461 -0.0367408508310339
HH11 0.043098154424659 0.045892105949995 0.0172533040739063 0.031212380369628 -0.124880214129652 0.0755383122100418 0.0462608355034528
HH12 0.0148348173803183 0.00810654984288586 -0.0046322185962896 0.0171672217466885 0.0930399737500378 0.0885341191795066 0.00983325220010998
HH13 0.0154022414280692 0.0274288995563893 0.0576205562225994 0.0248571109296369 -0.026647873479322 -0.0291550711806604 -0.0104307215184562
HH16 -0.00695409576656492 0.0862073961497239 0.0134828600414871 -0.0113584267594158 0.0759591880581249 -0.0890928388796674 -0.0485748224214004
HH18 0.059551344673692 -0.0293555564060439 -0.0881752167960271 0.0191996525072614 -0.102767626008483 -0.033985622725208 0.0607476323162566
JB02 0.0556285027983962 0.0480469697833095 -0.0925200575119159 -0.136236872920985 -0.0284194006290406 0.112911570077064 -0.0707381164221096
JB03 0.0156326471274136 -0.0364591903005469 0.122614641646761 0.0332666110878303 -0.106543874454385 -0.0907991653992462 0.0850893759606223
JB04 0.0430748113561962 0.0697129888947319 0.055573222454557 0.0260769235997584 0.0398467342100347 -0.119119717518864 0.00461747320166593
JB05 0.041345903264988 0.0647513920035258 0.0808043809245078 -0.136069239372934 0.0993066870845078 0.132712017530409 -0.0236396261877385
JB07 -0.0148491285356029 -0.0282956867758368 -0.0399456429335203 0.0289154232952872 0.0183617719275431 -0.00623638656532583 0.0563567992954406
JB10 0.101877821936776 -0.00513120678078952 0.0577992197860482 0.000199025528931957 -0.0114839215909471 -0.0382805295539857 0.016492736672395
JB13 -0.0334236764898834 -0.0440107386552436 -0.0551046722307534 0.0797153033265474 0.12030242407114 -0.0294209097604802 -0.0122028054996404
JB15 -0.0735673711592867 0.0218410718718539 0.156617820711349 0.0863549369584667 -0.0282158471805818 0.0791593957986932 0.0253316401757457
JB16 -0.0738610964206435 -0.0394237552168317 -0.0148959999789235 0.0180414742175467 -0.0121810534003517 -0.00219541172652638 -0.0653994652134938
JB17 0.0665865180600313 0.0346795078663806 0.137363784918876 0.0461944397425918 -0.127622428062419 -0.00894965215175579 -0.0587239594560781
NB01 -0.0235662472605642 0.0379409202919615 0.0276388838713696 0.00661325864548459 -0.00631133993410733 0.0474490593191525 0.0640866084977415
NB02 -0.0581638369063488 0.0108784223590304 -0.0155569888290505 0.0813261743417557 0.126723162093289 0.0250142804525062 0.147349581977957
NB03 0.046262434353252 0.00568918166330718 -0.0589711275288995 0.0734949685850882 -0.0310193979981266 -0.115990072380648 0.0960563400748542
NB05 -0.0658949330612199 0.0173796027188253 -0.0831855312250212 0.0818218859825672 0.112775318981234 -0.0828537451961969 -0.0225359890497436
NB07 0.130375130577105 -0.00507812640681258 -0.0279423066027112 0.0534235215730575 0.00790857832085202 0.0303962811646632 0.0359165754707027
NB10 0.189781355480387 0.0557860621331361 0.00809059259742604 -0.0270496868549061 -0.0769016290277781 -0.15398118521468 -0.0955255089567628
NB11 -0.0079756201743496 -0.0462848978065311 -0.00709294024572529 0.0913009565733685 0.125757769936911 -0.0798050825886581 -0.0273089160059993
NB12 0.027146702719465 0.0227932298276665 -0.0897197728189608 -0.0590035804682753 -0.0417898016704285 0.0339497695551789 0.0403020948860871
NB13 0.0250664804741927 -0.0365871040803956 -0.0591993952488107 0.0128750604093576 -0.078260717245683 -0.0437797447848392 0.139071268920229
NB14 -0.0120656830016941 0.0230452394482877 -0.149235708466297 -0.0945157289139576 0.108225448887321 0.0261226753182736 0.0375046778211713
NB15 -0.067074901448668 0.027285411332274 -0.0365127381356711 0.00876249422976639 -0.000951357279736875 -0.0273629837373453 0.0638702385025758
NB16 -0.142051190143836 -0.0149177447235607 -0.00792412147482371 -0.0526318386219206 -0.0485039503202145 -0.0355654631671085 -0.012118611289884
NB17 -0.00740106279148431 0.0232445673156214 0.0530272751175066 0.0471591136325961 0.0523568672234432 -0.0406663823536765 -0.0123831797734554
PA01 -0.0445870828085348 -0.0873096582976847 0.139435682567806 -0.00400283270960401 -0.00202474606615134 0.0359853919489019 0.0944104636231108
PA02 0.0129745166470378 0.0228691964531739 0.134455254374355 -0.0834237467144195 -0.0518513612954795 0.0544604987218765 0.0435371008811542
PA03 -0.0560126158574021 -0.0244181535097669 0.00551907573899432 -0.0583111942570054 -0.0569726575283407 0.0899491661475119 0.0392804269143092
PA04 -0.0444087493020869 0.0262060692513566 0.0101343750514978 0.139761356149127 0.0265431436640567 0.0985212943865898 -0.00438127984492693
PA05 -0.0805876894230825 0.0249926627465078 -0.0545239498643324 -0.0584651199475456 -0.046312918901067 0.101747397161272 -0.0794107687620449
PA07 0.0988019245311136 0.138523336918428 -0.0708899655231533 0.0314485679939172 0.0575436860525475 -0.0797184246508045 0.0114299917269172
PA08 -0.0639316902861849 0.00332724606624217 -0.0254059135130779 0.0318634394121265 0.0580581826146377 0.0525779921245045 -0.0845900145833676
PA09 0.0473123185939394 -0.0639143400416751 0.0600443556830734 -0.0427333600728547 -0.107604199949792 -0.125354711513466 -0.0289438613451632
PA10 -0.0290336436867011 -0.0681160531493474 0.021915870157429 0.0264119417833736 -0.0368824537248588 0.104628481306152 0.118502837032182
PA11 0.155567344472915 0.0125123360084245 0.0242417181526212 -0.00874139139449453 -0.0178667399176572 0.0935875812997181 0.0839103151575347
PA12 0.0073089595979597 -0.038501740746794 -0.033329999881083 0.111379432592912 0.013078808044771 0.0612756578877668 0.0799471527151284
PA13 0.00264266599549377 -0.0029863510308944 0.0147295581255271 0.128948281786166 0.00970715249276233 0.0640615850254707 -0.124382285825331
PA14 -0.0731470534822586 -0.0287520012733132 -0.0394519809087373 0.11297440266863 -0.0232859964382728 -0.0210243922853638 -0.157908904475932
PA15 0.00825214704184414 0.0471791329344993 -0.0355625192906409 -0.18941383706135 0.0280494019133014 0.107575039002813 -0.0551250390208401
PA17 -0.00893520114870729 0.0420225543195537 -0.0657783620948025 0.0310515966165589 -0.0492186573714789 0.0472236133858666 0.0189008156067914
PA18 0.0421972328598339 0.0306224789417643 0.0654514430335073 -0.134720937170194 0.00715791632636048 -0.0603906213425403 -0.0512416230621069
PA19 0.135127624391056 -0.108618676844404 -0.0935327144815498 -0.0097996133625498 0.122326535450012 0.0556020397934683 0.0450458641946623
PA20 -0.0425506190645619 -0.0680240977039147 -0.0438180557376036 0.0686446309063325 0.0299806472626225 -0.0143103473439947 0.0573448407870453
PA21 -0.00350886982774824 0.0171495811673025 -0.126431361602545 0.0356087641657793 0.00560120335148114 -0.0437879706982421 -0.0415217756959129
PA22 -0.0132593114090248 -0.106607731442566 -0.0617188987498298 0.0222659910590076 -0.0639948335887839 -0.0423576840126905 -0.0767544035365516
PA23 -0.0123539675595811 0.0524647584605661 -0.03019574461583 -0.0629533575646301 -0.0365448793633141 0.0182470157052149 0.0299338358973412
PA24 0.0382433183081384 -0.0667974403612348 -0.0867159958445461 -0.0681398916963735 0.162690094674854 0.123746163917036 0.0121687811250376
PA25 0.0275195719689823 0.0274539213039299 -0.0130336504124697 0.0813849394097111 -0.0325529543055304 0.0636401152556197 -0.0458176527533801
PA27 0.117129717107293 -0.00158629907515686 -0.0326240642963328 -0.0269693004881981 0.00483283356542901 0.0137129431904219 -0.139008783676308
RB01 -0.0591369381983931 0.0992916984045629 0.0799648191636233 0.0848853069011349 0.0781324136888018 0.125962581836321 -0.0288112333072125
RB02 0.101659874431305 0.0206467936653349 -0.0248425310726586 0.00956989911877432 -0.00941234985315738 0.0234510029265513 -0.205498314586746
RB03 -0.0408231227632411 -0.00374364545911195 0.0399921808231972 0.0151829832449121 -0.0718178224429331 0.188231409878849 -0.12890329445785
RB04 -0.0320665653230723 0.0343487224812861 0.0798055742064182 0.01796629488717 0.0101542326158134 0.082777602220756 -0.018131382035958
RB05 -0.021408498357386 -0.00399296260854286 0.0334790599877765 0.0126118557928229 -0.0640717179521699 0.00711320870474658 -0.0767144727898642
RB06 -0.0468196754600421 0.0206674778816881 0.14208087460725 0.021012178343647 0.0202630730789981 -0.112583235556677 -0.0559284478040414
RB07 -0.0191282237803769 0.0213511857419445 -0.0641315110493419 -0.100444118463001 0.0405587925978748 0.0206627042882631 0.0139833748927571
RB08 -0.0835785819819273 -0.020599915214426 0.0421125585648954 -0.108767940434397 -0.124255805895022 -0.0156644895017149 0.0285491772651554
RB09 -0.0673904755860413 -0.100319376129217 0.0205467378678313 0.00526361346861317 -0.0819781507791552 -0.045601086798148 -0.109101502544371
RB10 -0.0209578433726792 0.057889957074047 0.0389277610366161 0.0440510292897143 0.0804794311672015 -0.100761648526207 -0.16156582865087
RB12 -0.0544897321134206 0.147346630044384 0.00421293712664581 -0.0955307046268252 0.0678581335854312 -0.0545550346843246 -0.0492405786356331
RB13 -0.081234802549751 0.0458906378724734 0.0508131785058431 0.0166518500159193 -0.0826906789831461 -0.11009583796788 -0.0181795095941788
RB14 -0.0216121457361751 0.00837872156905563 -0.0319007151777826 0.013173566737339 0.0166666561800304 0.00866407392331238 0.0164112568529166
RB16 -0.0681697914926132 0.0546963933406277 0.0704149596509984 0.0631229878688407 0.0659852900474409 -0.0323121862943546 0.00933617304271914
RB17 0.0660410412239299 -0.126796017745622 0.00133950283696145 -0.0762261704948894 -0.0582372808428632 -0.0708239548018553 0.00574309285283987
RB19 -0.0896633944455154 0.103653523440596 0.140134791901341 0.0317829164449557 -0.0613539580431947 -0.0850771098241718 0.14227719904601
RB20 0.0191482593272086 0.0146948448295834 0.0613100633343091 0.0154954467740877 0.0196466080273939 0.0226501757487074 0.104948647674395
RL02 -0.0435771893658295 0.0309886924529012 0.0565115483666019 -0.0746060682270762 0.0414914806281081 0.0332889121472691 -0.0496460681117774
RL03 -0.109041821532478 -0.00337826864492292 0.0616150055013668 1.08701373662178e-05 0.0433502136850187 -0.0447587806576572 0.0600742658315706
RL06 -0.0684707902374913 0.053347756340237 0.0280184502050595 0.0434549633432383 0.00793933958432794 0.100271397631824 -0.042766383063748
RL07 -0.0246945743056898 -0.06291072089494 0.0697237839711048 0.0368443580536574 -0.0458265498159802 0.0164182648879045 -0.008482591446751
RL09 -0.0421477584687124 0.00295142010052036 -0.0376823645926773 -0.0194739299714255 -0.0599934174108765 0.0818905789206689 -0.0793093545909189
RL10 -0.0350748840475614 0.0698175676638362 0.127151916684716 0.129178723103512 -0.0129911936850422 0.0669260379121766 0.0488386647697882
RL11 -0.0975795559944261 0.00749167767578459 0.123217469007923 -0.0909491764713857 -0.023943277272206 0.0828718602601447 -0.0994743578423801
RL12 0.0144091296236481 -0.0777187501079302 0.0936894003504661 0.0139205689411326 0.00564891396833751 -0.0068630033714307 -0.0812606671762989
RL13 0.0488618358054768 -0.0649820705518327 0.183836388150086 0.0618584885647366 -0.000947607760438366 0.121409105646902 0.0127925789959639
RL15 -0.140307508254395 -0.00611732887027091 0.102321591533544 -0.0882929519363634 0.00799119750299079 0.0326157118125137 -0.0495175998327228
RL17 0.0159230038533912 0.0476936461876606 0.00448131426201016 0.00569395538365804 -0.00332815300060302 0.0829343313379523 -0.113767534821566
RL18 0.227678419070255 -0.0120368406039737 0.0126427527341223 0.00817840872952947 0.0211023839344027 0.0167980018135051 0.00689890960087609
RL20 -0.00956200515691409 0.0217815216544867 0.067533293914208 0.0326269970635255 0.00822476811761587 -0.0803131651966146 -0.101977757413205
RL21 -0.0557189137224599 0.00838939275089447 -0.0285772820490998 0.0268564863267141 -0.0806119489774551 0.0629712085816181 -0.0169047970133166
RL22 0.054668311261955 -0.0745003581907686 0.198189923294907 -0.0723365591431254 0.252648482728923 -0.077951954474109 0.206367289850305
RL23 -0.0427203962083767 0.0486958541566292 0.142520747051337 -0.00273883901513917 -0.0937557092343938 0.119444380853158 0.0223746115910208
TR01 -0.0550877995875401 0.0735857787632456 0.00730242480100948 0.0189399366611212 0.020878519268009 -0.10752589276383 -0.0399219509741344
TR02 -0.0643780263375338 0.00947801121207996 -0.0361063883855668 0.0390355429568725 -0.0392148570418538 -0.0139859821705206 0.014983776556836
TR03 -0.0683618966391022 -0.00924648874989983 -0.0499658328409579 0.0235114940435686 -0.116401524973298 0.0471018014952344 0.0112566455309208
TR04 -0.120352239985798 0.0399037245380188 -0.00507741968826399 -0.117561066301373 -0.0994971555935946 0.0174774677777552 0.0329576041918475
TR05 0.00429949916053547 -0.0579584995902037 -0.109650738398181 0.0183177246162774 -0.0836881567407813 -0.0860914117087604 -0.106114361295498
TR06 -0.0443372777891601 -0.0203980085950815 -0.193134887733219 -0.00337752240305982 0.0607205980304536 0.0651145527254916 -0.0257733557718458
TR07 -0.00323577678592876 -0.0159719487599228 0.00598784393332303 0.115180377150265 -0.00124782583591532 -0.0702954271281246 -0.127101372414778
TR08 0.00808588478479 0.0862027489097332 -0.00844907633361613 0.0572093541408295 -0.106058179892588 0.0116750273292249 -0.0511365668981447
TR09 -0.123805666578744 -0.0109352327124131 0.0136851896567153 0.00813494414587304 -0.0807223336675903 0.00636743998065761 -0.0264717521119567
TR10 -0.0641045274362348 0.0158644536315257 -0.085453099496999 0.106115297637029 -0.00752387111650724 -0.0129236602238644 -0.116223056292135
TR11 -0.0662180457880357 -0.00202043136264474 -0.0405161202502583 0.038528197971438 -0.0113615811975773 -0.0404696548497059 0.0236894913064076
TR12 -0.00622148054818045 0.0285035800780286 0.00707657656503711 -0.0221174881547099 -0.0494680388122076 0.117738693312811 0.027316902563451
TR14 0.233731568310449 0.0243373347698515 0.112930232927818 0.00737541020912033 -0.019765718414165 0.0803043953042473 0.116252728378507
TR15 0.0359585395459165 0.0700052318449999 0.0166686337912361 0.0507666635488578 0.0760227188358955 -0.0130114235080291 -0.10519787601171
TR16 -0.00220639133471771 0.128093743003832 0.1006866906153 -0.0805841766922129 -0.0185004861066614 -0.0656042872256387 -0.00788236275690741
TR17 0.00619918285372049 0.00303676959258562 0.0837658103999842 0.100746273009681 -0.0334601312562494 -0.146317751968329 0.105002275366598
