sample MDS1 MDS2 MDS3 MDS4 MDS5 MDS6 MDS7
AN03 -0.0104012167023131 0.0587705087340574 -0.0661715983674959 -0.00968690464412744 0.0016595410492666 -0.0276125626678652 0.00469435977968127
AN04 0.0274391568969542 -0.0625048213033399 -0.0313423648715085 -0.0233044818711856 0.0496487729580608 -0.0549604311026039 0.0462819829862289
CS01 0.0875541451037451 -0.0931035883294176 -0.0858938190897312 -0.0172851155029768 -0.114013172361943 0.0254247798934021 -0.0593532007658115
CS02 0.0389398946510694 0.0417968575033849 0.0770068057142299 -0.0525182627877562 0.0758512066057497 0.0139250844011524 -0.0823454128109466
CS03 0.0179233579888256 0.0161698558303877 0.0312395380374165 0.00845143314298243 0.0571049502243945 -0.114873705457252 -0.00333627821662727
CS04 0.0314069263285567 -0.00678396088055544 -0.0370508334377641 -0.0534741892891534 0.0465495473147995 0.0800555251091748 -0.110243283881926
CS07 -0.0706506744489851 0.126403743100873 -0.0430408258342533 0.14979988132566 0.0303940792143564 0.0365558836080165 -0.0157951029593908
CS08 0.0450360828353168 -0.039235116954821 -0.00465737891763343 0.0589096670783392 0.0446669913050413 -0.0209227252122385 -0.104468631314968
CS09 0.0728014171949344 -0.051696665726487 -0.110915597607591 -0.0374375339608191 -0.0441231742436307 0.137659380548151 0.0520162185881431
CS10 -0.00460416340016235 0.0708405585563125 0.0945232134999515 -0.00106397944502706 0.0476154870780656 0.0176279499866766 0.00964650671774241
CS13 -0.0469115459249313 0.0100074919306788 0.112194652386107 -0.0882790761454599 0.145636313247983 0.0663391489902007 -0.00857203083705552
CS14 0.0566724500721989 0.0244729663717452 -0.0375870914798444 0.0127626606263902 -0.0595340737193253 -0.0380832238125698 0.0320133020835248
CS16 0.0472367090965961 0.133473525565893 -0.11021777031297 -0.00960605318414648 0.0487693941311367 -0.121352744500143 0.0362656157678017
CS17 0.149346525485988 -0.0217858471772902 -0.00367624363886052 0.0182728831968207 -0.128729946321772 0.0730005852894271 -0.0779127069510896
CS18 0.0421850114855689 0.0842497901613399 -0.0907134000503237 -0.0540716139109384 -0.0478226213909824 -0.0126567879282465 -0.11875292275378
DK01 0.0554447243292839 0.0159078407145495 -0.036320569992341 -0.0585068459725251 0.0354755604194647 0.0517277206535876 0.070396717520145
DK02 -0.0345383970987239 0.0441270278592446 0.0336312406228726 -0.0367144178400102 -0.115803111081807 0.0679187944351876 0.0473982229457243
DK03 -0.0874955185465414 0.0914324472999833 0.027575376711635 0.0267035336239147 -0.0352976410713768 0.00601326488926116 -0.0471486076996537
DK04 0.0767363926522703 0.100280630873686 -0.0501282289175054 -0.124758668978228 -0.00592579283562988 -0.00885002883640512 -0.124792103444687
DK07 -0.0581668655961465 0.0265126784393549 0.0633895348070232 -0.125833244987207 -0.0105294835138632 -0.0841233932604863 0.0754402988956732
DK08 -0.105465703513719 0.0133675581999031 0.0654925756271755 -0.039797012227783 0.0642387607526038 0.165498080902956 -0.113133285444692
DK09 0.018520977760785 0.0113021589661009 0.0493640581029663 -0.0379639772955894 0.064436942087063 0.0237588765096313 -0.0552196003221601
DK10 -0.226120782953693 -0.0188792325240152 0.0759975871904435 -0.0654900158994552 -0.0666146766389729 0.0109329621614287 0.0337697429971711
DK11 0.0647613391288294 0.0564124586350834 -0.146166542188959 -0.0881772518751784 0.0467051753228636 0.000439073213577779 0.0091120706066662
DK12 0.0642388267484822 -0.00676377799968288 -0.0760975515712585 -0.0112879732789507 0.0417814773188155 -0.0208447813754116 0.00596060266300397
DK13 0.0182714688118795 0.0305878932844821 -0.0485128423701617 0.0420233669082088 -0.0475105274908477 0.0270153836565234 0.0446768206654675
DK14 -0.0880519884428969 0.00230434045300919 -0.129605061060866 0.0151961761533746 -0.0632839106830434 -0.0564676804986117 0.170906799697326
DK16 -0.0138368042777755 0.0627535422392812 -0.0608452669378596 -0.0149441586496655 -0.0641405476612984 0.0837459229491944 0.047847313663475
DK17 -0.0395562452731759 0.0539493923680473 -0.0143057705169289 -0.0582848372839575 0.0264057582595327 0.117485878156205 0.131248359316276
DK19 0.0492379028197457 0.0912253916755846 -0.0803261997206801 0.0394689292447746 -0.00619521613018582 -0.0157191616501096 -0.000593144478485394
DK21 -0.0275089823199202 0.117351853323338 0.15788093136897 -0.0447219766604409 0.0545479802477717 0.0249202412872164 -0.017123690556847
DK22 -0.0647366591344394 -0.000496893245621709 0.0720136314859179 -0.116309762416261 0.119939889749303 -0.0640749647042346 0.00228063675675141
DK23 -0.0774839504909125 0.125920958673452 -0.00958846405274489 -0.0389070751622732 0.0881934005940978 -0.0319057944160975 -0.0437475676023466
DK24 -0.0438867381962157 -0.0211416717540776 -0.19892367814106 0.077861423167943 -0.0725780712864488 0.119589531200858 -0.0937982300708726
DK25 0.0327698411064568 -0.00762565251382871 -0.035552262357739 -0.0662813595690696 0.0450683506771835 0.0477692970826054 -0.0868298721737778
DK26 -0.142015084402768 -0.000883862798128675 -0.0835684029037172 0.0850094580345589 0.035896052598805 0.0306558983450492 0.133351517977104
DK28 -0.189202718846684 -0.0491055510775387 0.0273747930434551 -0.0970276833469784 0.0773981648799019 -0.00808807764895329 0.0831945697331464
DK29 0.1041031072585 -0.00974750817520589 -0.105861018997851 -0.0659871001043625 -0.0345206434287143 0.0713253027665855 -0.00329049103373331
DK31 0.0370256467706764 0.130855271687759 -0.000600554362510326 0.0945164089419132 -0.00425839392693203 -0.106279895580918 -0.0800975291354074
DK32 0.0445703978729101 0.0209853071753827 -0.0612030682710581 -0.0766491683373249 -0.0422345317971718 0.110861771017548 0.122010883151192
DK33 -0.0884874605195472 0.0723966950647958 -0.145435956332261 -0.0432363007261827 -0.0928237036348313 0.0460835254495873 -0.0901236537132048
DK34 -0.0554139639503573 0.140433991558731 -0.000928502106408899 -0.0164815058774771 0.0947499306552208 0.122282100947997 -0.0732628109720378
DK35 0.0426194016430483 0.125791947734063 -0.0482485849821731 -0.0295635562425937 0.0320372940604832 -0.000829778594427024 -0.0287780744639998
DK36 0.079107428808753 0.0666421144238672 -0.0321891182319183 0.0569236493466732 0.00634931935356778 0.00386580364592098 0.0199984387666708
DK37 -0.00620579219223096 -0.0791837625252486 -0.0441673678273503 -0.210990401829985 0.153680520137136 -0.235159595629571 -0.126966952913494
DK38 0.00414405535660257 0.0608466945185623 -0.161225231503431 -0.0713565758203301 0.0542688136982324 -0.106127630430527 -0.104222084379004
DK39 -0.0149982473317435 0.141969870108082 -0.0183349170348444 0.0433007484447312 -0.0774565696433339 0.018490760720261 -0.0362693319031323
FR01 -0.0662754939737549 -0.0741829137971595 0.077239859079437 -0.169532944093307 -0.165005377201645 0.0135434299870621 0.115036356100099
FR02 0.0341348498070636 -0.0444151824974088 -0.0135363261986453 0.0023462810924726 0.0573820509895498 -0.0947349014523266 0.00116686343955708
FR03 -0.00167902446939908 0.0903574385339275 0.0996809009992608 -0.0224036897820524 -0.088190606482146 0.076913189823895 0.0461399577648998
FR04 -0.0807646078838242 -0.0670519929972817 -0.121994154831851 0.0753396994121932 -0.0632762862137957 0.12317751643271 -0.0963959416423237
FR05 -0.159985923393013 -0.0369278557628626 0.0783134476257647 0.185295458552663 0.0523773635984973 -0.0409916627885579 0.0242668555831367
FR07 -0.144104106374105 -0.0480875155515052 0.0227558616649046 0.139203666294089 -0.0120393864867013 0.0966122973346312 -0.157800461317581
FR08 0.0450332493026588 0.0435948949713292 -0.15579249182435 0.0446905618946777 0.0588840578046996 0.000536897929369022 0.0244140057080854
FR10 -0.0530116458570253 -0.0175822299979389 0.112370168343267 -0.0223807616999953 -0.0351967126598363 -0.0757253134680451 -0.035026282545819
FR12 0.0288279224706843 -0.0892019739421345 -0.0195163163071168 -0.00759874290611397 -0.0600284098544232 -0.111108056795013 0.027372634658372
FR13 -0.0565583202170614 0.0977326385601529 -0.00328616073905341 0.212792546253507 -0.0258412274695143 -0.133367816165516 -0.0818191859576748
FR15 0.0512637347204095 0.0684321243569479 0.0932347279724167 0.0347671526023166 0.0418326063845444 0.0803638874898239 -0.0589051062360031
FR16 -0.170690890955725 0.025883055766786 -0.0512612514099945 0.000562029642130136 -0.0815893999567376 -0.00671383024645017 0.00948149007717506
FR17 0.0292103684288136 0.0602949714098025 0.045323035061116 0.0874297253747763 0.0593823436660418 0.0959616540975335 0.0139390474128182
FR19 -0.0522076921635318 0.0140211264178752 -0.00481220698491389 -0.132508184406721 0.0536088026128434 -0.0315695210699257 0.127738069661784
FR20 0.120152832765197 -0.0470884505956886 -0.0309609831750114 0.0139008582504581 0.0467574190703413 0.0720131151708742 0.0821743427810794
FY01 0.0209827098919383 0.0391260205295228 0.0757742524621386 0.043853844588203 -0.00516241665974704 0.00554566998821577 0.0283550959927562
FY02 0.0849362990274005 0.0666286622819601 -0.0177391670576445 0.0116120604061533 -0.0291536891760807 -0.0372587840523845 0.0287289369942643
FY03 -0.0636103396827882 0.0118058518646503 -0.0772839558033296 -0.0831467388121488 0.03792411922448 -0.0803720719319648 0.102236535357799
FY04 -0.0191839561386287 -0.13940212536037 -0.0311135468200322 -0.0350793977221971 -0.128377110528188 -0.0856863290242604 -0.0400616683347119
FY06 -0.0223632084466053 -0.0692263136061234 -0.0150316995813781 0.0292443814112654 0.0412308108612336 -0.0312815829636232 0.0754053365632459
FY07 -0.0486968711932177 -0.0572249934333565 -0.136213533126462 0.0642235451752266 0.0513362203568749 -0.000491118234254796 -0.0773355734623099
FY09 0.00517854263969105 -0.0507699203967548 -0.0694517937698173 -0.105343289001726 -0.100467675613361 -0.0401856342219835 0.0405516388775441
FY10 0.00984443730501067 -0.0489269132276399 -0.0233820369008461 0.056143579100691 0.146591061272133 0.115587658796031 0.135235003053935
FY11 -0.0810391393715368 0.0431410047885026 -0.00675980538553002 0.0017535167477547 -0.159738514696832 -0.0343353215204153 -0.00244432244844067
FY12 0.0794223951207502 0.0466964087935632 -0.0288463001142897 0.0400615424340562 -0.00890349802861084 -0.161066365021249 -0.099040534776885
FY13 -0.0769581237147119 -0.135219145871528 0.209385308250133 -0.00842802008638041 -0.0205482850505019 -0.0143543402867128 0.015048747061094
FY14 0.0450595728672144 -0.0230754654083995 -0.0489956092513172 0.00239366047868211 0.0136648371965653 -0.114910205893309 -0.0233496007215154
FY15 0.0934331627890376 0.0390883042013932 0.0699831640900016 -0.0750526746121242 0.0298132911782729 0.051283475650426 -0.0846353694325462
FY16 0.000160446603496014 -0.0276671877296587 -0.0030655359115917 0.00889504106639298 0.0364008331538756 -0.0874525330857221 0.0957714532078971
FY17 0.040950243228611 -0.0443662590791128 -0.0109785814319023 -0.0609870139517608 0.0210271647636617 0.0802245328639141 -0.08277215076428
FY18 -0.0474762743643625 0.0294095585839975 0.0376742803502402 -0.0723789272375751 0.11094599431159 -0.00982810530983225 -0.00589890380332376
HH01 0.115387266425826 -0.0939344529431091 0.0684681688129335 0.14074330045383 -0.133392274017154 -0.0397257123916221 -0.0193609153071861
HH02 -0.171873545554391 0.00303656127981551 0.0310076312259059 -0.0127010493532021 -0.14970445056615 0.0300625765562566 0.0139879896859508
HH03 0.0077910978573286 -0.00176032054960411 0.0517642222237926 0.00261605015356538 -0.0790255855014074 -0.0417151088314493 -0.0094555678008582
HH04 -0.0643769044658981 0.0599189330566338 0.0547051184634242 0.0742795852254914 -0.0106802067037037 0.0931276320744663 -0.131489398418955
HH05 0.0311231169996156 0.00568535859652819 0.0455601182917152 -0.0187806444891591 0.0665242795705064 0.0803350953440487 0.0530408247564749
HH07 -0.0396704628197094 0.00033334987441767 -0.0106520903093447 0.0981773046708261 0.0474160395970924 -0.0435321379395191 0.0415042150643176
HH08 -0.0567697351416068 -0.0530155821997461 -0.0357116261309699 0.0270790304685147 0.0125549189691977 -0.0163210277877224 -0.0232106077326805
HH09 0.0607188470299443 0.0229892349398606 0.0764236427008429 0.0151499472400268 -0.0181531733061599 -0.0195417469209264 -0.0384861464994663
HH10 -0.0179638243720585 0.0664370410789881 -0.00779760905408837 -0.157965135032463 -0.117347821142616 -0.0167668731607092 0.00304449418109449
HH11 -0.0281430968762995 -0.0215508990083457 0.0132816295357447 0.0525988725567275 -0.0540165911760507 0.0676021969894971 0.0791027214925157
HH12 0.00558029168967555 0.00442952171736597 0.075676681521336 -0.0909070548631559 0.00117939485225842 0.0134858002399172 -0.0315659984324648
HH13 -0.0194936283046034 -0.0475926986812893 -0.0269698155433945 0.0104720095597588 0.0210957228900555 0.0807055170322767 0.0999656518623986
HH18 -0.0515481744378105 0.0682187346432622 -0.0549162804424662 0.0954106919540113 -0.00294258597866909 0.076484058589318 -0.0412175796371881
JB02 -0.0173499097984492 0.0588643060020361 0.0679661366588323 -0.0285063384480373 -0.189128832583738 -0.103272047419486 -0.0430942327627447
JB03 -0.0215581997029066 -0.123435996207599 -0.0836682610722889 0.103238460757349 0.0609022343818457 0.0344038710630119 -0.0605496505035153
JB04 -0.0681485442542423 -0.0467351257121321 0.00505579064867437 -0.0174981705149287 0.0980672601292844 -0.0847325730756574 0.075379293311057
JB05 -0.03751003016212 -0.0829412272912774 0.0780437967240518 -0.19489181590795 -0.148375134796374 -0.0464684237693981 0.0247841446353446
JB07 0.00788406282958375 0.0429028679424505 -0.0336418672055722 0.00377542238864992 0.0882023438526844 0.038052459392782 -0.0958115514735261
JB10 -0.103948169093002 -0.0457888837771974 -0.0474254175283328 0.0414659951326586 0.024576845258953 -0.000548748896974624 -0.0503789117443796
JB15 0.0539771886984418 -0.1875113039208 0.0765215322317021 0.0104256304976586 0.0234958764610731 0.0277503536220994 -0.00425223060646896
JB16 0.0742697821594346 0.0104104984602039 0.00961734335467936 0.0484772192812885 -0.0198541428074922 -0.11986806792862 -0.0265706128275107
JB17 -0.078042936019758 -0.161499969282816 0.0176336725275587 0.133963557757879 -0.0389150404985344 -0.0316267036734562 0.00873973261577121
NB01 0.0270833769443701 -0.0300420153987651 0.0358869873503625 -0.0635841145982921 -0.00681741514566828 0.00548227684498049 0.0632408849355179
NB02 0.0552888591574689 -0.00266279104807388 -0.0027333124431354 -0.0864230910493429 0.180947842469302 0.0912804230739677 -0.0397680556066325
NB03 -0.0621676772031023 0.0688644276809066 -0.0101631283067618 0.0631473659511024 0.105837290298906 -0.11951257056277 0.0729069448362979
NB04 0.00211178788533399 0.00139887114584554 0.0191412189254938 0.0716519902896754 -0.0115805651287925 0.00619180208202949 0.0610566977271092
NB05 0.0557803623938267 0.101713474640847 0.0133474313539892 -0.0301648600270762 0.149723589763858 0.0412965052176795 0.0451940990847697
NB06 -0.00423435178657198 0.0666841832900234 0.078494176894364 0.0149171144844405 0.0572283990651837 0.0848599841634433 0.0150650640091236
NB07 -0.123929455032693 0.0338928468951261 0.0311419605566037 0.0187784438249548 0.0243396200118092 0.0806767311191929 -0.0420375028203784
NB10 -0.196865837966959 0.0175349974982333 -0.0366356434050155 0.100532699400647 -0.0798772983348819 -0.118932735072618 0.0671713785703592
NB11 -0.0194482581971938 0.0368729211586605 0.0153240418567236 -0.037375919671928 0.139187721839753 -0.0841880699733524 -0.0413531889656213
NB12 -0.016029190687378 0.111332168855359 -0.000385713862362886 -0.0501429553524263 -0.0814717633380944 0.0686438014256487 0.0313602772675007
NB14 0.0314162879318624 0.150862442382066 -0.0131107671050942 -0.142747224676373 -0.019953721913147 -0.0103496603141409 -0.0658604361260482
NB15 0.044843024786933 0.0241487479992864 -0.0710747996218382 -0.0370167660563776 0.0591920044693659 0.0641324315946638 0.101848188680008
NB16 0.129512696607473 0.00702366207824577 -0.0984172753557008 0.000733897590894848 -0.0296797738409524 -0.024710819897312 0.076314478918843
PA01 0.0394792394019456 -0.133106133545225 -0.0632034365686462 -0.00450154383839446 0.0510816175286169 0.104025591136199 -0.0938944297545718
PA02 -0.0117926455770553 -0.151775515894516 -0.0280320181631154 -0.00765519582681645 -0.0533428027108229 0.000143315006013998 -0.0730897302564128
PA03 0.0751941493366701 0.0201789414808682 -0.0315674479633941 -0.0187193296538059 -0.0666894183562266 0.0907091531383549 0.0267026935563602
PA04 0.0188038428711232 -0.0338620629951433 0.127633372087886 0.0155205555641984 0.0871990455100872 0.0930544433173414 -0.0285961901930796
PA05 0.105177326894829 0.0214756625407765 0.0296934762061131 0.0152408354189545 -0.140615215583136 -0.0243812398159935 -0.0251242189104705
PA07 -0.105402326205197 0.0737898030357763 0.0263229900697136 -0.0552591012072676 0.0535213109543154 -0.082934541877831 0.0275038919208784
PA08 0.0929082116911666 0.0110833389138219 0.127416393517787 0.00722596621663471 0.0384371978450493 -0.048312657735232 -0.015077471008371
PA09 -0.0612887928942264 -0.0419662068973495 -0.110290508962192 0.134536120404265 -0.00254686775978292 -0.0239638704844912 0.142805673311533
PA12 -0.00531431939010274 0.042273072479456 0.0168002059593042 0.0123493810008317 0.104378957329219 0.141509204907952 -0.0568425282460062
PA13 0.0202782971055553 -0.00131990828267181 0.148932490568753 0.082914730016645 0.0358219422152782 0.0166080463503684 0.0179849249565559
PA14 0.0989811652638053 0.0368660822664721 0.0918527452610452 0.146428549669652 0.0443344050459361 -0.0147505957249566 0.0130519375679645
PA15 0.0231355102799829 0.025475495384573 0.0071220335917845 -0.134385453439766 -0.182227425367797 0.0126513949551146 -0.036070760333735
PA17 0.00966891834209833 0.0659512989632811 0.0381835796811532 -0.0110084167632887 -0.0284213976958311 0.0493317129399846 0.126354288217482
PA18 -0.0491796925041338 -0.0459020820861194 -0.083483156504426 -0.0779932870190962 -0.0626380158083379 -0.0537456906151749 0.00930858194370637
PA20 0.0333312881644034 0.0373229139687261 0.0036327041437094 0.0207413113056358 0.129166134489529 0.0837889589040897 -0.0456810287343252
PA21 0.0211217839251063 0.13024829127866 0.0382485417972482 0.0340052412873275 0.0471366690353899 -0.0751720156652829 0.0587159974136375
PA22 0.0320643704735968 0.0788460422685031 -0.0539760010730736 0.158461843747057 -0.028126003960455 -0.0525804409045121 -0.0713823551379914
PA23 -0.00318430190707034 0.0489979440885169 0.00225294919568785 -0.0784942788356004 -0.0522674754789409 -0.0653156175218404 0.138517051266548
PA24 0.00508961732311008 0.100327652011551 0.0525625981008558 -0.146295945615139 0.0120319019071416 0.0284875658253558 -0.0559582427383763
PA25 -0.00471314518411845 0.00206343398595493 0.123744122378215 0.0517633268322705 -0.0324007757021137 0.0467703684300831 0.068556651508697
PA27 -0.0887732187088976 0.0589977724549033 0.0830032329798269 0.00877410166904566 -0.0975555743936301 -0.117045864282595 0.0427341890103988
RB01 0.0602861526595304 -0.0927092060163008 0.152945459124959 -0.0910378681010899 0.0186096995290623 0.0479317530316128 0.0543554668579554
RB02 -0.065433035899931 0.0597500295674464 0.134323778545052 0.035429739553687 -0.0803200569495667 -0.122736234237507 0.0260288702501061
RB03 0.0691083680298867 -0.0597123872986687 0.130228681323144 0.0500270683434794 -0.0963245377894876 -0.00336019165948247 0.0177096957151205
RB04 0.0571749245926997 -0.104672511464263 0.081991404772974 0.0169469221615284 0.0258951212509894 -0.0116350667900204 -0.0973278607079835
RB05 0.0330349525290712 -0.0588828557952334 0.0138700143380483 0.09876818796976 -0.0460117004754622 0.00648087445905656 -0.00940631771651398
RB08 0.0923322112053522 -0.0432694482873841 -0.130366897096857 0.0368012404091386 -0.0851581800284958 0.0695707057876568 0.0562847899179573
RB09 0.0603543647935698 -0.00578070955400373 -0.0533703454000935 0.136253060828017 0.010016219762755 -0.0536811704126807 -0.0856548166653432
RB12 0.0515109113760775 -0.0240999362456517 0.0152599163615846 -0.117380481523052 -0.0417891173303564 -0.0814462336376439 0.132282406809388
RB13 0.061050478935187 -0.0700745874884662 -0.0649853123204944 0.0665504030176193 0.0132375913168028 -0.089408943659821 0.145512919271631
RB14 0.0150170135015592 0.0155977665730053 0.0236930605877409 -0.0230177242429873 0.0279550134403948 -0.0523959694015293 0.0224351042624603
RB15 -0.0369522735058259 0.0129137233729028 -0.135723885112402 0.052686954900183 0.00713505877363423 0.0318039107020286 0.103078686456177
RB16 0.0531577683534235 -0.0670964454379185 0.0620481864521153 -0.0565701270320009 0.115898154321801 -0.024157117277354 0.118638280535101
RB17 -0.0681260089208288 0.0278731843166858 -0.159190850280893 0.0727600439880591 -0.0380540068425379 0.0427971073961314 -0.136238658105699
RB19 0.0372055813999474 -0.151192797723169 -0.115013126517554 -0.0328253922783002 0.0713142241022962 0.120986972733077 0.1555716271611
RB20 -0.0388286078207342 -0.0428907526620757 0.00193594817619631 -0.0956757634256633 0.0556675052510868 0.0604498360098229 0.0395045914649759
RL01 -0.163238947486959 -0.00392078964257697 -0.121706067098216 -0.0349297044984824 0.00514913080287138 -0.0215197084398051 0.0746991824328669
RL02 0.0258110520754564 -0.0661924331474415 -0.0456090132766851 -0.0696764039897667 -0.0413299401233692 -0.0260608937437799 -0.0734346051326367
RL03 0.0971882418867432 -0.0554777116007103 -0.06815945270299 -0.0457404351060124 0.0825842013007097 0.08192998489438 0.00677097808166433
RL04 0.0592592390824745 -0.0695010420291754 0.118530590500683 0.0750134539499177 0.0141884394682534 -0.0160323544879425 -0.0147505510924756
RL06 0.0925081815505647 -0.056405984301743 0.135243323434043 0.00979009651615269 0.0186350880052972 -0.0437154857372952 -0.0325485808958915
RL09 0.0661935698165245 0.0214755214342917 0.0677949003122697 0.0499861747490587 -0.0870997673380204 -0.0716494801783548 -0.080801823109728
RL10 0.0189575678386485 -0.165088691261452 0.0945791031079822 0.0227498492608665 0.0551359749281881 0.0844323553306527 0.0279877145395643
RL11 0.121997697018466 -0.131337339418739 0.0441435310146257 -0.0018719534531409 -0.110776482061858 -0.0643707696533685 0.00207582478318516
RL12 0.00607268321942574 -0.102108465467173 -0.00376285147631557 0.103772551285016 -0.00290417947159252 -0.119141046279083 -0.121341732712256
RL13 -0.0337954426617197 -0.174855020017268 0.0696975377901139 0.0242522144813894 0.0101960425020323 0.111316871550427 -0.115691872669166
RL15 0.146014675665437 -0.118278143902822 -0.0369159320469603 -0.0200343134786783 -0.0341763053250148 -0.0512896868774404 -0.0858524036279108
RL17 0.00713004883739976 -0.0124916841534898 0.103205755318176 0.0229790709013222 -0.0516182807435535 0.00894292437096008 -0.0115229660947232
RL18 -0.225360990993483 -0.0052577090510357 0.04159750583826 -0.00325204392536338 -0.00791426678657158 0.0451070149345515 -0.0900310211422528
RL20 -0.0126469130506319 -0.0567651787066706 0.0557618412650781 0.0556697642331933 0.0346844883340242 -0.133537847889104 0.0598639401033429
RL21 0.0645118315045363 0.0132814295475779 0.0480196799004583 0.05728556713995 -0.0407653070032085 0.0156143300178191 -0.0372864307736708
RL22 -0.0875769896326963 -0.196186875336476 -0.140254311295086 -0.156569293985899 0.178728790030395 -0.268187349468908 -0.251202195992717
RL23 0.0349673893623981 -0.173636019525221 0.031527433783452 0.0131878551374596 -0.0473698465221363 0.0480648136521097 -0.0320278571256975
TR01 0.0241556644225797 0.0045101764933765 -0.0292580870803883 -0.00352772747284772 0.0826643151459709 -0.0515225545279119 0.0801037367807882
TR02 0.0490930674956456 0.0296950558556631 -0.00640630375708467 0.00828765673447284 0.0403776131080242 0.0914292610120172 0.0451770249815239
TR03 0.0603463129623873 0.0224125998782751 0.0127434776526902 0.0964194585683863 -0.0545786483634705 0.0220250440070748 0.0381825675393132
TR04 0.123331280926233 -0.021347895269008 -0.100166063697268 -0.0257574965568592 -0.111701316443372 0.0219795110482293 0.034188126701992
TR05 -0.00302052441843281 0.118667069817028 -0.0448206785839579 0.120169612488453 -0.0392323038922642 -0.0733203102401464 0.0738417761123893
TR06 0.0619578908831082 0.197306502029186 0.0659170066136977 -0.0584641414818802 -0.027019927703739 -0.0500011385801971 -0.098774290335356
TR07 -0.0106531410959299 0.0193345434405739 0.0460793265680442 0.0887184090865392 0.0830699317424969 -0.0639223667039339 -0.00945037064213232
TR08 -0.0292242959280586 0.0115190094197066 0.0381676671163916 0.0656072268984472 -0.0175589960021189 0.0895311289966971 0.0916092121384077
TR09 0.151864234805623 -0.0306552572594166 0.00499393239997337 0.0797809273089309 0.0168395939611599 -0.0212438090581178 0.0486344407544985
TR10 0.0711808769626214 0.0715502482621307 0.124218529478895 0.084364426001688 0.0479742871612509 -0.0644001228681381 0.0472718493004671
TR11 0.0611556119838849 0.0414162040222903 -0.0206864043292219 0.0280800735799636 0.0751413425996745 -0.0071139566597861 0.0621292051546341
TR12 0.0345678871603411 -0.0364700145653729 0.0647599736035379 -0.0102932258456815 -0.0960008226228267 0.0566277264660137 -0.0700398101994509
TR13 0.012869486887557 0.082895503225082 -0.0176323527036727 -0.127004182308103 -0.157010447043122 0.137644597986048 -0.100717626746591
TR14 -0.248673075549047 -0.119253130681412 0.00362920337642571 -0.0349825172655605 -0.0434608874684389 0.122294054785127 -0.132984669396071
TR16 -0.0143055784283121 -0.10653934762279 -0.0372869563204509 -0.0518303197842159 -0.0441676843962793 -0.0255246359996005 0.103699754286371
TR17 -0.049151623967509 -0.0954989887895601 -0.0641938423187811 0.0726533411518512 0.154097720296782 0.0304105596613168 0.0597736194301177
