sample MDS1 MDS2 MDS3 MDS4 MDS5 MDS6 MDS7
AN03 -0.0226814466709904 0.0361542228333309 0.0422941114671243 -0.0178435139152219 -0.0253576718031145 -0.0828995151608158 -0.12693009203119
AN04 -0.0388966410040211 -0.0212437716042406 -0.0405419698823017 -0.0244336071062332 -0.0464494224312539 -0.114423765877111 0.0985509509057009
CS01 -0.0540746891727475 0.0042498177936785 -0.00995021911519972 -0.197026868843733 -0.0207674847826427 -0.0216814328357623 0.00650495335013053
CS02 -0.0597911232510917 -0.0681390146557027 0.0305914754622946 0.0987580001770212 -0.11992286162307 0.0878332514983369 0.0451341567318072
CS04 -0.0410295078777567 0.00724821534946002 0.0780257689140476 -0.0191632331966711 -0.113334401420189 0.0291443353372808 0.0145645486760456
CS05 -0.0068776205902441 0.104443997375301 0.126309907281088 -0.0862322086275487 -0.00103486823465275 -0.0419902334406574 -0.0437593815418532
CS07 0.0491393702909309 0.0319471580261095 0.160848425062428 0.0631553130382949 0.0904354717993387 -0.111185197334319 0.00541861813979471
CS08 -0.302224412787691 0.270336515279889 0.0563918528910972 0.0211356032904909 -0.0569785670125581 0.110392470510134 -0.0761215554935806
CS09 -0.0537617899510803 -0.0261606173031604 -0.122327113900634 -0.0928828310402947 -0.0587738999476383 -0.0562609482946485 0.0237703852049876
CS10 0.0302229220698009 -0.0681532070005863 0.0144750814266408 0.072396034003061 0.0379710607845002 0.0618022767973206 0.0344267807313144
CS11 -0.0528080101290417 -0.10741876550044 -0.0158779236555493 0.0867135892579484 0.036902192037554 -0.0449024944220446 0.00947731326856228
CS12 0.0323728508721632 0.0589839500312391 0.00720375318592673 0.104006841697506 0.0491832819136176 -0.0262069319130527 -0.118305117271351
CS13 0.0414491862430108 -0.0840553849825634 -0.00809831648315124 0.124604569031198 -0.136005169328266 0.0470577652277241 0.177846300671872
CS14 0.0094959673608728 -0.0282086050982329 0.00340536981689839 -0.0286828676596571 0.0164519391202486 -0.0128872411996692 -0.0162260027673159
CS15 -0.0579191655812517 -0.00930486281777545 0.0913332233144856 -0.00454536289532986 -0.0699126777024316 -0.0947741824890288 0.0244120596483084
CS16 -0.0207508619736858 -0.0837210962257897 0.0433057993608932 0.0221656806133854 -0.00580932960917379 -0.110198099943543 -0.141754859859116
CS18 0.00604196171932707 -0.0258277238229119 0.0748512884405136 -0.0345425172998906 -0.072189511904008 0.0356333988519091 -0.0471847138343272
DK01 -0.0031909203334938 -0.0789693601657867 -0.0216775015610406 0.0177832441242742 -0.0613418188987481 -0.0151519386576094 -0.10694827454181
DK02 0.0552624288021594 0.0127709573823283 0.0631851018002543 -0.0887358240554064 0.0209611024204163 0.0688867072752024 -0.110502832112108
DK03 0.07298497824501 0.040010709899006 0.172257825278015 -0.0288254196471291 0.0146926757801282 -0.0250521553211994 0.0967828454897105
DK04 -0.0883140222961848 0.0221074731130668 0.0838403377821664 -0.0660862478507484 -0.156261782073218 0.0603305210463934 -0.133824626316115
DK05 -0.325832583924271 0.418131207404313 0.0698557191638397 0.0529928279406568 -0.0574762752124273 0.0933170543317457 -0.110558186479605
DK06 -0.0290921502971345 0.0376899443460499 -0.105025483701971 -0.0584526424291748 0.0784623445418141 0.0789315247314839 -0.132536172882238
DK09 -0.00303762885294536 -0.049428476848604 0.0104424626301479 0.0697944444033822 -0.0492686890120391 0.0545814220943168 0.102644193345591
DK10 0.21180296014323 0.0887201472490723 0.00493193109312607 0.0183021003090704 -0.00969106366518646 0.0712298922643236 0.00806176152108178
DK11 -0.0529606549977733 -0.042483263339935 -0.00242430427581451 0.000152526997880999 -0.171873978248975 -0.0766082134063734 -0.083369343518279
DK12 -0.085046426110598 -0.00811284252002084 -0.0350507576588579 -0.0386811595911352 -0.0565829729125725 -0.0499238180776517 0.0172509886317279
DK13 0.0212471709902015 -0.0499703945081518 -0.0355922826829618 -0.0311425139398677 0.0199614577056368 -0.0770742822351514 0.0784205377856369
DK14 0.102006187945253 0.0320274805058787 -0.0529807282929838 -0.0209268275283394 0.0243311451479636 -0.159547549947583 -0.0098179881110928
DK15 -0.117537584693953 -0.0511617505660645 0.0828777918591032 0.00943813770281488 -0.0775413802838288 -0.00677116015896792 0.055322384309089
DK17 0.0932775825447518 -0.077426103852797 0.0190914737764902 0.0243077887662454 -0.0591390770522232 -0.0655830989206453 0.0489834867065342
DK19 -0.0105806113261242 -0.056601530652143 0.0477845626860112 -0.051754503365441 0.0683027077057762 -0.087238679611585 -0.0903859443283864
DK20 -0.0518639559943438 -0.0274114462436975 -0.0719412693837716 -0.0395884461361585 -0.0455747383750871 -0.0598175581768345 -0.121909456826516
DK21 0.0500280424851773 -0.0889872374916939 0.111680286497107 0.0625790245084168 -0.00758401535863986 0.142352995717849 -0.0287572843113231
DK22 0.056550784673509 -0.0459488752085563 -0.080148147077621 0.162866780316102 -0.0861673046065092 0.0706482700009523 -0.0929585623215403
DK23 0.070250117599232 -0.0503816076200422 0.100485331238892 0.0879469744464845 -0.034365468559374 -0.00243251129358932 -0.0875566798415708
DK24 0.00513466358087415 0.134700880810648 0.0555952570609027 -0.0657860214425471 -0.0673779278408038 -0.161358385094679 0.0457585000247248
DK25 -0.0562480004844526 0.0158953085377346 -0.00716921913944723 0.021096903868714 -0.105393683151592 0.0639667926700514 -0.0447438426981938
DK26 0.0773987781830027 0.102395454526867 0.0180390238865739 0.0407453270037185 0.0173802741848437 -0.157942606053282 0.0121297114440316
DK27 0.0858440409626587 0.0271395487428466 0.162757030612527 -0.00802103281172718 -0.00327365362467571 0.0748283905711155 0.0527835891636071
DK29 -0.0747145664321239 -0.0290595360689701 -0.0146814862081671 -0.126158206480947 -0.0966661070018386 -0.0851931217902731 -0.00386986045059343
DK30 0.182783685837482 0.0517390808939268 -0.111309402434785 -0.0760525106326657 0.0245321878561962 0.0135385130615095 -0.0715161187362543
DK31 -0.0532897931744925 -0.0214198283918572 0.135146448204653 -0.00149490065870744 0.0964430854244909 -0.0302234977902016 -0.0515156756950837
DK32 0.0362593223980372 -0.054032982883034 0.00378795858159215 -0.0786946098049605 -0.0388632682163651 -0.05857037592663 0.0160763874527256
DK33 0.060626241523192 0.0648867349340284 0.0644743336008174 -0.12705656035393 -0.13320108805522 -0.162802207722413 -0.0177483317545386
DK34 0.0643252942125903 -0.0579466506938691 0.105472334272994 0.114563137448559 -0.0666477136267346 -0.0127699201557821 0.0662280621680033
DK35 -0.0529784978067836 -0.038561555595039 0.153990852029373 -0.0499141438231414 -0.0386585917222394 -0.0966072025797014 -0.0687316674795518
DK36 -0.0312654426677506 -0.0682560727402486 0.0416075748342286 -0.0666070218781444 0.0301922879458021 -0.101678279450083 -0.0155906462735944
DK38 0.0146817994951338 -0.0153253389302014 -0.0443148612675941 0.0715773192098172 -0.101429618433085 -0.0544112869846231 -0.137525847901613
FR01 0.155823125069867 -0.0439306657940313 -0.140158552092327 -0.126709215366426 -0.0641354683976081 0.0862821969424519 -0.0106051159236779
FR03 0.0560772315478626 -0.0884970816260918 0.0548509151314157 -0.0531867096525222 0.0064244484482385 0.0534594871065249 0.0184632340219936
FR04 0.0381034451795565 0.109178182385849 0.0616390280777345 -0.10633752518967 -0.0136758677322706 -0.113987059168332 0.117973408678826
FR07 0.0498517509837128 0.196181407727222 0.103963885847676 0.0372298555247108 0.042172773658563 0.0518149658020289 0.158359786539683
FR10 0.0467484258302577 -0.0128796608653899 -0.0357105631326947 0.0431934513377283 0.0547629745649255 0.100593264636246 0.0768668186920557
FR12 -0.0441403714948323 0.0348320321070877 -0.0615428701370302 -0.115007677587276 0.0744300384651807 -0.0350441752243341 0.00300519931600004
FR13 0.000264263935995177 0.0594042887125733 0.156048837969684 0.0423294103899559 0.194588837634494 -0.0548975530837907 -0.0104585877549899
FR15 -0.059424920539395 -0.0797355484991804 0.0860248265398976 0.0171675042152279 0.00864790771898028 0.0482969159717657 0.0897028124039424
FR16 0.1237113117813 0.129039368300311 0.0385040632110556 -0.00864778603233913 0.0298212083696043 -0.0245313097176168 -0.0486791040532836
FR17 -0.00555407604770674 -0.0959926613791948 0.061269121092198 0.0384992139069401 0.0970578074700504 -0.0337733867396456 0.0723866174172694
FR19 0.0548834331989656 -0.00312736329542038 -0.0808690400376429 0.0918377092425439 -0.0943291134033852 0.0217968902764314 -0.14285347351625
FY01 0.00111097288183649 -0.0612064890315204 0.0375142811438819 -0.0229762677337824 0.103701126693453 -0.0132324207809119 -0.0290762072795359
FY03 0.0776886858410972 0.0127385684005492 0.00172451595225194 0.0223953086551749 -0.010090708712779 -0.0719033692405413 -0.021484870190524
FY04 -0.0429841492447467 0.150482837017498 -0.0954708192570664 -0.130035617104882 -0.0237040026975287 0.0513579641888486 -0.0257591925324171
FY05 0.00902607400762241 0.00959718618602821 -0.0987600838636264 0.116242083019563 -0.0162209604332584 0.141675294471979 -0.0289980366396735
FY06 -0.01143962694917 0.0319394232968827 -0.101926315569553 0.113326390618497 0.0474514345564471 0.0246374804647566 -0.0158114655445329
FY07 -0.0236556344307355 0.122897563087192 -0.033430762636016 0.0435712226665375 -0.0534076166561191 -0.115426146168571 0.00388616837517749
FY09 0.0460516745459956 -0.0129177729278743 -0.0879877250600111 -0.0797866914354014 -0.0787777524685006 -0.0806955008216666 0.0454828426210571
FY10 -0.00970150598217671 -0.0334081484960174 -0.0886889995309412 0.164319581502802 0.0117212964227568 -0.125493556944033 0.0126687941305818
FY11 0.117321736364422 0.0440227156612079 0.0663109244338949 -0.0679134214819603 0.0894909729178714 0.0363623888544181 -0.0542591074773207
FY12 -0.0738596518311759 -0.0170564783128091 0.0450299948136297 0.0206793488944837 0.0274662215883902 0.0108323695892405 0.022532843357044
FY14 -0.0227036021856519 -0.0462618857760704 -0.0733588506140439 0.0140857409498685 -0.038623828539185 -0.0954339936328972 0.0779845423217911
FY15 -0.0465552432149545 -0.09504208978304 0.0647302179947782 -0.0133850121855905 -0.0855536323210678 0.0830859454530438 0.0512544174521576
FY16 0.0273107062014948 -0.066167773869201 -0.0703516460304983 0.0423007922259972 0.104810491005925 -0.0415794709921323 0.00267085011652535
FY17 -0.0235989224604112 -0.0287286173760829 0.0179735737515251 -0.0379900975684411 -0.104547511694041 0.0420412497506611 0.00599715868346479
FY18 0.00652009463934541 0.00636575013095818 0.057971660484715 0.0912237725027673 -0.0486609430784296 0.0486283419148289 -0.0284831937816819
HH01 -0.110315524205689 0.0069484677765581 -0.0571061676458907 -0.153667597401043 0.14418810530523 0.0471462829789964 0.0982117377744648
HH02 0.151637969999035 0.0790886676232937 -0.00579579546135922 -0.0879914110998667 0.0314038746876224 -0.000465222578189471 0.0750611440683331
HH03 0.0290096869488781 -0.0195358933059371 -0.00873414457916534 -0.0554905169019251 0.0658052670996125 0.0301719884747365 0.00977713369826
HH04 0.0813229322408836 -0.0160456924420408 0.126189484669695 0.0100524956886708 0.00902013974006228 0.0446613870983449 0.171330956636148
HH05 -0.0483943456507918 -0.00520460674902696 0.012124632253217 0.0422319009818331 -0.0504201804450787 0.00792441296040269 0.0189764303648494
HH07 -0.0544985280875838 0.0757799059950875 0.040015685672476 0.0469240060582031 0.111376720922451 -0.038313371112353 -0.116262270726754
HH08 0.0407563408844798 0.0802480255514642 0.00980955601760709 -0.00382296340283866 -0.0276355605997076 -0.0296983296703605 0.0659400665561308
HH10 0.104018499706661 -0.00732242954368914 -0.0183982950534199 -0.0877551797333932 -0.0335875396651406 0.117759798396686 -0.179571940614339
HH11 0.0622413488339212 0.0127243465796904 -0.0297308530437787 -0.0422920320454319 0.0716944631504663 0.0177542586562871 -0.0108814644523463
HH12 0.0117530118993445 -0.0129174656773802 0.0456959027421514 0.00679841726150648 -0.0483686954811735 0.154644823009084 0.00345068003337877
HH13 0.00258503521403358 0.0078852136665147 -0.111498881754689 0.0313226400209042 0.00107682973890273 0.00583543253094496 -0.00925158055101836
HH16 0.0373856095974761 -0.0603816813884583 -0.0641038296191433 0.0496403089750803 0.0200397985802383 -0.00235685027476841 -0.0955966509863927
HH18 0.0628421760678967 0.0256806072474789 0.12356228700101 -0.0102192516839115 0.0301816302091826 -0.0601377475131489 0.0244043850216259
JB02 0.0770697714496426 -0.0392650302243633 0.0360435883664795 -0.151943863881787 0.0651063434770557 0.057546388858698 0.0425349143307191
JB03 0.000381816994473189 0.0993337045618451 -0.0434361593785436 0.0450893429455653 0.0069662191165163 -0.100431160078269 0.0999014733326296
JB04 0.060047795585011 0.00454700181902725 -0.0829484472821236 0.0861665389434092 0.0404249521404512 -0.0421971917819003 -0.0405546934594725
JB05 0.0467924047633839 0.0215222062670312 -0.0914698487175232 -0.150625156989423 -0.091313869759351 0.137884104548836 -0.0134018643621495
JB07 -0.020403315571598 -0.0148540240410558 0.0462046722232432 0.0539183999075861 -0.0363662342688119 -0.0131094756377589 -0.0170439237183163
JB10 0.0727074651927667 0.0855335751491249 -0.0275261935366838 0.066265656712441 0.0235145628335002 -0.0384390444024409 0.0700040680736337
JB13 -0.0491184621512305 -0.0365725066926082 0.0770513705200461 0.107163077595805 -0.0487016048038974 0.0512176231054538 -0.123445305927795
JB15 -0.077859462942699 0.0174083380022046 -0.0895753491390159 -0.0146452500808402 0.000143202001033828 0.0453347965589264 0.0800873801243358
JB16 -0.099378519053256 -0.0238041566780249 0.0169378558971513 -0.021365327666752 0.0696045577148299 0.0147035334441245 -0.00900836398435786
JB17 0.0629838482454894 0.0999976230529975 -0.0940172315872281 0.0378905986595477 0.161887826810231 0.0280907592385661 0.154824782079192
NB01 -0.00694707091704728 -0.018557959791945 -0.0321932455255363 -0.087818555784897 -0.0173959116745778 0.0323029876936428 -0.0648324790478205
NB02 -0.0374297685102866 -0.0589347994471099 0.045850844560739 0.102682550061078 -0.122846951459086 0.0328865288820415 0.0526265423385988
NB03 0.00102743290037795 -0.0269333353646728 0.0517991212647454 0.0465019013437124 0.0696029059187947 -0.157551994870356 0.012296153165058
NB04 -0.0103194845203261 0.0216790861532325 -0.0199054544790881 -0.00555832260933419 0.072373407981491 -0.0080318885403114 -0.00252156335847108
NB05 -0.0422198926371611 -0.112149903779349 0.0248001015817175 0.140975016372319 -0.0679905131028893 -0.0280931254498858 -0.0147503559626073
NB06 0.0207563036166887 -0.0724303838825819 0.0999189989628606 0.0333208118801273 -0.00754164157163475 -0.0203774969450901 0.0832304364700309
NB07 0.0881407308360247 0.0505305811366658 0.0629432543810981 0.0564390351773104 -0.0231846123352878 0.0249225996791525 0.0836535338477563
NB10 0.178975179759099 0.088127080244043 -0.0269851024081871 0.0438562706497566 0.140300042677578 -0.0462528039993999 -0.0543173224650916
NB11 -0.0540433828621429 0.000355558259741497 0.0319615482035782 0.137556597712611 -0.0827539292757424 -0.00201878103392992 -0.0486263495713987
NB12 0.0472999337639319 -0.0398172136736049 0.0480790922460171 -0.111947766676988 -0.0342244877271134 -0.0154520932515157 -0.099726147981029
NB14 0.0310245069631923 -0.101859143564765 0.114822957667211 -0.0547546651770633 -0.103071554789703 0.0598939093300686 -0.0788955488278646
NB15 -0.0188443526374752 -0.0680023536986921 0.00929185270416239 0.0365092635924533 -0.0774287644038337 -0.113519369988118 0.0630804372250156
NB16 -0.0925433510252088 -0.0558193723487884 -0.0355702126031305 -0.0593459932682127 0.0326308113512655 -0.0548360353064702 -0.0809153425538061
NB17 0.0115481566065118 -0.00659799097382103 -0.0652723597628418 0.0980517207841388 -0.0346628956166416 0.043873216286961 0.000781511799726386
PA01 -0.104315567994385 0.107189082042141 -0.0611659955250443 -0.00754891731404762 -0.121739162334246 0.00176800495962091 0.0828103517446245
PA02 0.0158461289063972 0.060131625045711 -0.11252482644056 -0.0970042195126532 -0.0183161017318642 -0.0228054311477262 0.0770930422767193
PA03 -0.0368082676059871 -0.00119741201750099 -0.00123644581278101 -0.104806374020153 0.0649914932294886 0.0319239049207173 -0.0938097437255248
PA04 -0.0439598993515427 -0.0528848037857416 0.0208496136890628 0.0568159902084323 -0.023026173242656 0.0505885159112781 0.206475433959093
PA05 -0.0318954088347208 -0.0724464031957499 0.0405680639061692 -0.129741507916495 0.102231369464154 0.0481213262810403 0.0516708495404597
PA07 0.157963331935153 -0.0752737521129608 0.025867898201765 0.0665068949325193 -0.00160215224673908 -0.0158716492840477 -0.00585590513842704
PA08 -0.0882033926814762 -0.0673671562708906 -0.00653875975251206 0.00459501318112377 0.0614073720140832 0.124553235923413 -0.0371394616889767
PA09 -0.00503133913672347 0.130269677075972 -0.0722636114524713 0.0400975486869727 0.0851165518995058 -0.183267228528343 0.0352404116366329
PA10 -0.0804375078514166 0.0484118359273672 0.0341939252468206 -0.0749261795579846 -0.0290995162136062 0.00596393771614526 -0.040212204967117
PA11 0.137018077657619 0.101379139040041 0.0338069822960593 -0.0148926157768033 -0.0242463388778575 0.0978314195212916 0.00335254847560473
PA12 -0.0151517434265354 -0.0050881353737489 0.0688747255351795 0.0798072832410941 -0.0344945931732504 0.0858365055439465 -0.0418639670438206
PA13 -0.0308006006391314 -0.0160032447775162 -0.00344348689307905 0.0752577458883279 0.117364927984701 0.133523777647277 -0.0309411533400861
PA14 -0.100944952158617 -0.0609346534886459 0.0270754283694919 0.0518986041219091 0.13809355602011 0.0525205327733155 -0.0167089630007004
PA15 0.0628965559470644 -0.034240138076328 -0.0374105510826712 -0.138414312972573 -0.103170987194838 0.0698680078116856 -0.00788179147694493
PA18 0.0578310997972506 0.0406665279697256 -0.147406440794806 -0.0350757082850726 -0.0648476568527072 0.000791438208145197 -0.116391556341929
PA19 0.0595579827222815 0.11252458580784 0.156411977796634 0.0687817381626475 -0.0504643698374103 0.0916354904883203 -0.0628326546764794
PA20 -0.0926296847040518 -0.0188321589631111 0.0903379140124034 0.0301120701548038 -0.0490972001210957 -0.0461319650968459 0.15792012420599
PA21 -0.00449011874214167 -0.105909044186962 0.0597416413941935 0.0310040111176183 0.0928094258947273 0.00839964836180755 -0.11022007962335
PA22 -0.0695996256497973 0.0355551918936867 0.0816674919995747 0.0104866508752664 0.103675502122453 -0.023859195742019 -0.0317980916927072
PA23 0.0332234935435998 -0.0509327923882054 -0.000988363601301359 -0.118418621637207 0.0259599610625616 -0.0331386894163563 -0.120064468026386
PA26 -0.0469302031437613 0.0119270267344011 0.0203904045890544 0.0466835016065788 0.0809337321930683 -0.0238482499447014 0.0780725081189783
PA27 0.0783126680739819 0.0394956105945714 0.00851892727848506 0.00110048177054863 0.102327780546212 0.090931985509267 -0.140199113140754
RB01 -0.0343089172479511 -0.0830080147421866 -0.0992879048475268 -0.0325833017250712 -0.0265473235368716 0.168908255290344 0.0367326924206236
RB02 0.0641719790170689 -0.000706067225764892 -0.00500398381579569 0.0145701958162229 0.165613713545506 0.139026591808179 -0.0946829193000056
RB03 -0.0562350758590359 -0.00497302645920102 -0.065459193749686 -0.0649789950024801 0.104599753928299 0.130714884750003 0.0149331056090777
RB04 -0.0365373908592404 -0.0241922207469897 -0.115309205549901 -0.00346561359858117 0.0321626403958613 0.101964961016555 0.122656317078675
RB05 -0.0378560563554603 0.00605843382673916 -0.0563731515296389 0.00942300448564331 0.0757992175435148 0.000248690319768598 0.14896260983487
RB06 -0.0412009234387869 0.00652154257180166 -0.166220221111912 0.0904895211151465 0.00453769485632824 -0.0413412687744009 0.00569950748917594
RB07 0.0203819134965218 -0.0464853171515668 0.00927026622500221 -0.0384496917666147 -0.145216457343692 -0.0458144701076263 0.0791213517213977
RB08 -0.0503864097303013 0.0105050919855759 -0.0964582043107669 -0.101887187505192 -0.00203932353363268 -0.10468364980749 -0.0167332955183398
RB09 -0.109012120683132 0.0418466093966555 -0.002785916389856 0.0385812568098572 0.0920469333119068 -0.0720304149086653 -0.00364823889264513
RB10 -0.00511120966797177 -0.0459611994798108 -0.110245562934101 0.158975207783488 -0.0414752271850431 -0.00807335283740971 -0.0330411915921322
RB12 0.0453474631858062 -0.121228604147113 -0.108551294203539 -0.040211762551902 -0.03839899599345 0.0153064566759386 -0.0396993637750688
RB13 -0.0503387723348425 -0.0421040913429119 -0.116289402235955 -0.0177627468265259 0.0994983574396009 -0.0923436452613471 -0.0934870455911378
RB14 -0.00289965786354043 -0.021719078546211 0.0417715913921258 -0.0235569730609386 -0.00974713753243567 0.00394155186123948 -0.107112957258689
RB15 0.0194865738236683 0.0299321562313646 -0.0432763311589823 -0.000430531450769109 0.0010678868736956 -0.142719568279243 -0.0359794164573268
RB16 -0.0549690829107815 -0.0482216204724106 -0.0995953594252602 0.078067329357075 -0.0600100822867887 -0.0138897121754721 0.0329934375640544
RB20 0.0242353451470362 0.016661359273589 -0.0390168341210767 -0.00627967424115551 -0.075951394452187 -0.000867821096747452 -0.00115224106900224
RL01 0.146249710054629 0.0732654053321243 -0.0435510665468834 0.0642734348370848 -0.00870527612412533 -0.0903400813047992 -0.119350100643409
RL02 0.0183914671399103 0.00264197215166414 -0.113569381556035 -0.00362086060962834 -0.0810323442111454 0.0748133703063866 -0.0670894825016889
RL03 -0.0895467501704845 -0.0256168885393446 -0.0916183437063412 0.0293433252418325 -0.135712629521244 -0.0355014996295669 0.0305238515269597
RL04 -0.0814359647293866 -0.0203208203122415 -0.0206999013476874 -0.0273317574945104 0.0897799593746582 0.0935726264683042 0.0841149746307596
RL06 -0.0530178347198903 -0.0623758830470495 -0.016560042715486 -0.0310014187749333 0.0695835902617649 0.101481767034253 0.0899039255365914
RL07 -0.0633821478836241 0.0574387186357062 -0.0198926542520973 0.00817094120408484 0.0273464963690422 -0.0156658117049365 0.0246416411396438
RL09 -0.0404181006060924 -0.0594765550058572 0.0134547609036531 -0.062876811697601 0.0594748151413894 0.0489541924382422 0.0776785046126568
RL11 -0.0950494562180064 0.00366050983255941 -0.138219924882551 -0.124506339597947 0.0330846479970615 0.0814825172476775 0.0597512634583512
RL12 -0.0545623490298295 0.0998585511854752 -0.0404878281525709 0.0433119114680298 0.096935061480704 0.0740432334960477 0.0459939115382407
RL13 -0.0377459053643385 0.152559532132509 -0.0582201224572358 0.00677046683171065 -0.0387432168685418 0.130007115432471 0.0687740336365123
RL17 0.0311503743069377 -0.02800395214117 -0.0331491374191817 0.0103523550454857 0.0868012810054998 0.113294845144109 0.0333626428169552
RL18 0.164408060991287 0.135615233391441 0.0758222079552534 0.050457847234511 -0.0309660394354664 0.063985757668148 0.0239165486637838
RL20 -0.0240166149098532 -0.00404687290305529 -0.0992312690922654 0.0595392977474474 0.0827177221978634 -0.0299248864552009 0.00729754497397045
RL21 -0.0443472601785195 -0.0523990983883717 0.0448496532592129 -0.0848988411487587 0.0789402409433996 0.0252680192223015 0.0151662124461416
RL22 0.00781452541920264 0.171790449909465 -0.0913260407701446 0.114105620800274 -0.125830862356443 -0.0241477562009662 0.0632448703130246
TR01 -0.00504252315536501 -0.0920852611717868 -0.103889608952231 0.0527281099290871 -0.0193696514444246 -0.0712320698683489 0.000749380076051152
TR02 -0.0435280944406177 -0.0670407878164608 0.0207601849861968 0.022759653260373 -0.0445488498291267 -0.0479702012947718 0.0153094283488796
TR03 -0.0685390778495035 -0.0523853823000795 0.0591026593695804 -0.0997972613442953 0.0807679574448219 -0.0592406680688159 0.0887215531191173
TR04 -0.0288344955632647 -0.0728253564335946 -0.0542171504697051 -0.153818042457941 -0.0273606092505136 -0.0700397828680111 0.0589698244796053
TR05 -0.0175595846017215 -0.00607369533944103 0.0768082995195431 0.0219130820322947 0.148701849173845 -0.0910056373632696 -0.0952049018126332
TR06 -0.0365590062762982 -0.125100946720431 0.155461482488529 -0.0314965582718316 -0.0759604961760758 -0.00511788684681476 -0.0139834051820564
TR07 -0.0265624813797746 -0.0042824707023668 -0.0190177342579177 0.145266583057932 0.0866582758181912 0.00955559571589549 -0.0814366072430427
TR08 0.0495923187059488 -0.0611325928364327 -0.0449277607332545 0.0185420421179228 0.0949787326209484 -0.0031514915344125 0.0566518858873508
TR09 -0.114647484368202 -0.0455647949439976 -0.0260645039239294 -0.0589575588115359 0.104214054304271 -0.00788275681058852 -0.0485574589424687
TR10 -0.0585494610171171 -0.104352353760733 0.0429755827375021 0.0464213461964217 0.112690499096069 0.0314780660384632 -0.0118405421430716
TR11 -0.0557784753172909 -0.0668011872523679 0.0129508521683652 0.0302257138087778 0.0714960760797138 -0.0415686042988119 -0.00305272820487481
TR12 0.0171225011030067 -0.0113119125750644 0.0087641653440489 -0.0742433729669755 -0.00783001646528177 0.0439008555897039 0.148670712722614
TR13 0.0635132403472777 -0.0156547976404665 0.140774489571802 -0.19930109165704 -0.140042452388448 0.0643284469324692 -0.0131990103172031
TR14 0.200769742713389 0.174071079606787 -0.00408967654902663 -0.0133043696140862 -0.0816529505743066 0.0797646676658749 0.0967920612575991
TR15 0.0522014278672081 -0.0427579315391788 -0.0523544380212729 0.143703663842153 -0.00378883987666444 0.0961436273808547 0.00799653389553031
TR16 0.0581881629967229 -0.0208451876787253 -0.175495951859607 -0.00666951617027614 -0.0388403323472203 -0.068694277897675 -0.00485600577269693
TR17 -0.00578310296911187 0.0402146829026501 -0.0190011664622067 0.066830664993732 0.00951165042888311 -0.132721454453652 0.0648232815295974
