sample MDS1 MDS2 MDS3 MDS4 MDS5 MDS6 MDS7
AN03 -0.0544228301837111 0.00220070310771875 0.0204479130091129 -0.0464146559668308 0.0554300907438763 0.0023162140102444 0.0541296150123442
AN04 0.00601448637451207 -0.0256461435375521 -0.0578471124295694 -0.0185969216710137 0.00557559990941445 0.0104190295637125 0.0235580258611503
CS02 -0.0276320188244267 -0.0646151093551131 0.0183465838724271 0.0851997454023082 0.0397098740457211 -0.114800198347444 -0.0413556966127311
CS04 -0.0579096330568124 0.00915255084013061 0.0429692958267166 0.03548284892114 0.0321948362676275 -0.0210509026794712 0.132920685645929
CS05 -0.0969520494738913 0.0691625573913539 0.100758829336416 -0.0373090262343412 -0.0470455688568905 -0.0188009101609318 0.0996750299649885
CS07 0.00140660285628158 0.0810047691092213 0.14433069454789 -0.0322259642428242 0.0490403984683152 0.175997295998223 0.00621535700003702
CS08 -0.402453483692648 0.0532941728403839 -0.0142367581652545 0.0835288153126754 0.00305060701271306 -0.0487113563521298 -0.0831352614332578
CS09 -0.0354873941247654 -0.0619542163871439 -0.0849127616742582 -0.0907787091778938 -0.130241513155334 0.00400435680317199 0.103798474813118
CS10 0.055880502203041 -0.0275554438786468 0.0436166720318503 0.0485150479977674 0.0307520705636434 0.0287747299399168 -0.0700641864855631
CS11 0.0125898356660162 -0.122097766851669 0.00762887730256118 -0.0257734503315063 0.0739348376961684 0.0327449175470412 -0.0579537712257519
CS12 -0.0214620610946354 0.0520379732317674 -0.0202077635317464 0.0056826337589825 0.130663168859727 0.0336575400748573 -0.0382049084915742
CS13 0.107826699998012 0.0152650863423438 0.00250026468096887 0.11186911293192 0.0668497287099064 0.0175615866481237 0.0387161764282509
CS14 0.0139444434425693 -0.0481500944468052 0.0314635719398221 -0.0418119379595323 -0.0383131109099254 0.0067277898931597 -0.0387315701614481
CS16 0.0041775619573835 -0.0830794962944729 0.0497856344854594 -0.136893079602915 0.121333921857175 -0.0743511973467208 -0.0499367376479226
CS17 -0.111310574297647 -0.107218551527389 0.0170544417713855 0.0129467633634492 -0.137018472835701 -0.075758195260585 0.0163961600478481
CS18 -0.0164041115530368 -0.0222419934316157 0.0932942701417063 -0.0922158254620401 0.0313678669624918 -0.144935097591375 -0.00626680235431087
DK01 0.0421735189636166 -0.0592669762897637 0.00108090710242536 -0.0523838531510277 0.0584753807271144 -0.00430114930402209 0.0510889556394051
DK02 0.023003377511143 0.0484820847472676 0.0543320166687439 0.0108864881172264 -0.0526700242134467 -0.00624222835977706 0.0596823039517011
DK03 0.0192207208018199 0.0788957325512406 0.142490567619864 0.0149567392316667 -0.0274235942392742 0.0224656621484219 -0.0218686407543483
DK05 -0.531150589781926 0.147330057654906 -0.0132349919760362 0.0500892271727658 -0.00299979510803233 -0.097738157327624 -0.166648903551097
DK06 -0.0466751964464453 -0.0140091226066583 -0.0945382300732396 -0.00347258467868871 -0.0358120468516261 -0.0565848322471114 -0.0865654821674573
DK07 0.0812601926720243 0.0351578114989833 -0.0243843932299637 0.0151143613689106 0.0416926360292189 -0.113788499497807 -0.13954347175929
DK08 0.0282256808574374 0.119309493010242 0.026778780433705 0.103913526538153 0.0192020325265618 -0.012615917820174 0.100277820813423
DK09 0.0155653974649999 -0.02852728762332 0.0163890468060322 0.0779927528331495 0.0234433496905958 -0.0113909109170203 0.00149065918125318
DK10 0.116745512649608 0.20241784855923 -0.013456594208686 0.0842140356031836 -0.0022615002753521 -0.0109146771875269 -0.00735191010494789
DK11 -0.0512743730548979 -0.0722342237912488 0.00882628168401786 -0.14038483427426 0.0592892497138491 -0.119246728084715 0.0529899375166658
DK12 -0.0425636868724266 -0.0379467342642009 -0.0400039665548704 -0.0520023415297244 0.0195520285735469 -0.0166221901299862 0.0459629522995564
DK13 0.0308383441681784 -0.0265158914603744 0.0110863400528848 -0.104854793915084 -0.083049298268471 0.0181826703074981 -0.0498779949273099
DK14 0.0622929809150352 0.0815594161540586 -0.0345723252527924 -0.163030205076553 -0.0176531225385801 0.0787790272865343 -0.0311740926358469
DK15 -0.0692569841821129 -0.102272796319592 0.0774747948736309 0.0297418049417333 0.0532825817479404 -0.0735428181083579 0.0468741823662212
DK16 0.00315059966173537 0.0128957807542587 0.0540902110183328 -0.0987090317615326 -0.0634655566739541 -0.0261181719620855 -0.012176006217742
DK17 0.112683149061463 0.000572588263889424 0.0369820997029028 -0.0292900199412093 0.00190974296718851 0.0255193178176383 0.0531261612495461
DK19 -0.00527270241147511 -0.0590886401849281 0.0625287287086454 -0.0958977883262013 0.0257353687314807 0.0450332906099057 0.0437286938599179
DK20 -0.0266369587696289 -0.0735524085775731 -0.070423300326029 -0.118099851560916 0.0182612212283456 -0.0531977528177059 -0.0288974275894307
DK21 0.0883050576315948 -0.00840148021722458 0.1118996702666 0.121551222899161 0.0590915996251407 -0.053031497186654 -0.0413209444916043
DK22 0.0876875341174767 0.0213922741822968 -0.0831782160451368 0.0702170090202439 0.1431401243821 -0.0701009644162033 -0.0786172894487913
DK23 0.0688608186510135 0.043112110752146 0.0785621087018647 -0.0213971103367561 0.14780651070162 -0.00215111303438593 0.0234300408305282
DK24 -0.0970282125942948 0.104076493305783 0.0291655991781072 -0.158302742530371 -0.0607809639364737 0.0321993727197835 0.106801313054249
DK25 -0.0645172049574432 -0.0321126867385938 -0.026362240762082 0.0300632206247436 0.0430476168838503 -0.108223561839796 0.050452744549435
DK26 -0.00576942008247707 0.130902417151567 -0.0236161748257794 -0.0717399330506139 0.0333005203864823 0.14113071891921 0.00997496402268098
DK27 0.0190172812252908 0.0874189355868583 0.196058447205332 0.0115069087611924 -0.0194208279086467 -0.082959701477368 -0.0833635888502538
DK28 0.0563331944707926 0.135720209250355 -0.110974641112622 0.0458356902042583 0.12181245379042 -0.0229668236489263 0.00233510609153564
DK29 -0.0436688136670794 -0.0833522287308619 0.015449854813937 -0.0788726939019521 -0.0530199739055455 -0.0226731306652997 0.179845609954212
DK30 0.109306569931053 0.11823726997942 -0.0512957278880106 -0.10681157522187 -0.0943546326372232 -0.114920880186344 -0.092806459728198
DK33 -0.00147744773244257 0.114535646209405 0.0758572461055871 -0.145193688249229 -0.0784625441985531 -0.0851761089367729 0.0884138572640721
DK34 0.0569908247498733 0.0331745239904712 0.117808547029503 0.0421358848458707 0.103427063491808 0.0635240902196481 0.0886996502401918
DK35 -0.0350754696576561 -0.0225616933601159 0.131815857767486 -0.0452954519014068 0.0897793484850189 -0.0407207084996604 0.0522758906432057
DK36 0.0116173626625118 -0.071510193959885 0.071013746184125 -0.0592928944743711 -0.0205900747560071 0.062039726159762 0.0724746249018236
DK37 0.0181896626013383 0.0103401984324556 -0.116176609342581 0.0648608016198839 0.180671665498005 -0.144535946123164 0.116843402218962
DK38 0.00821510785714583 0.0115944649089479 -0.0286375335801327 -0.134558838937045 0.143984235555842 -0.147037704952828 -0.0539299930378779
FR01 0.166888436769541 0.0473669555619357 -0.113489736902592 0.0269256660045376 -0.167456733425079 -0.105454983911379 -0.0182257220880308
FR02 0.0475646469092734 -0.0686520929941806 -0.0499944030452153 -0.00585294799101279 0.0420835276479724 -0.00799427659910717 0.00170521016335598
FR03 0.0858619812313983 -0.0268009731288782 0.0853811709551236 0.065398236696541 -0.0672716741033019 -0.0189756996067887 0.00446478855516606
FR04 -0.0388105537750644 0.110386924825024 0.00572223642962683 -0.0678366641951 -0.0635833227235797 0.0811025119435672 0.183125872526108
FR06 -0.0499506709612054 -0.0456731154225944 0.0421553527979184 0.108607115449127 0.00528021275448341 0.133915931023145 0.166044952045158
FR07 -0.0888048798978248 0.186702861787139 0.063701235589391 0.0919811091693266 -0.0349499873220497 0.114145139865936 0.0254317974722351
FR08 0.00804784401182332 -0.0505255375239822 0.0037099018971675 -0.172447084404807 0.0619684418795633 0.00606480225234496 -0.020161798983639
FR10 0.0582927471144159 0.0142759920025362 -0.0323462639393016 0.104254237258189 -0.0209697203008806 -0.0265248189324961 -0.133475683493742
FR13 -0.0532302512017671 0.0499691067753348 0.142017041417631 -0.0310117160698168 0.0376471939119165 0.0963222160855194 -0.13238361544823
FR15 -0.00597500999579258 -0.059283806132656 0.0962567870840225 0.0711512424470433 -0.00293904201991347 0.0425743499289838 0.0210816697191811
FR17 0.0560580885395436 -0.064208128053418 0.049746021044958 0.0410946686966793 0.0124618146820931 0.10709348297855 0.0256536101004986
FR20 -0.00153779029599312 -0.142256411998237 -0.0501361865672721 -0.0310898152166178 0.0182429062757762 0.0304068583256583 0.0855562488412214
FY02 0.049507187580923 -0.084150588001399 0.0737425457196087 -0.063168029527976 -0.00170865560390106 0.0193431344194467 0.0104373375689069
FY03 0.0501870708057132 0.0520498397442158 -0.0342300142515973 -0.0886383646210344 0.0836996198346338 -0.0230628097343365 0.00148318677153091
FY04 -0.110517834856865 0.070462800729738 -0.10702832677058 0.00944809474226087 -0.105562411807771 -0.0558733366046383 0.00542998432202361
FY05 0.00308427601151308 0.00562026053989661 -0.122821271924852 0.121753330959033 0.08069187601567 -0.0185119553002494 -0.0125805242706895
FY06 -0.0195495024310192 0.014030936217253 -0.112463579830071 0.00607797322077857 0.04792874506308 0.0718228669240445 -0.0642123000037486
FY07 -0.102154187812786 0.0757040431120519 -0.0589087741147282 -0.116733917053179 -0.00443070995717231 -0.00161359976911421 -0.0258059834189585
FY09 0.0567560760634307 0.00230928400402779 -0.0579013352175381 -0.074120472163191 -0.105947975626702 -0.096902308700602 -0.0282959046513881
FY10 0.0120410961196798 -0.0539697141194796 -0.0717067423316263 -0.0281133326006589 0.0600148170821282 0.12304932971089 0.00886319964051622
FY11 0.0552590431312193 0.0927077340786236 0.0612749562123942 -0.0273266124035362 -0.050584175788825 -0.0300378905271666 -0.0610370310642016
FY12 -0.0534552831552494 -0.0503428161108601 0.0787896927563804 -0.0201403792437279 0.027219469306588 -0.0394339786945998 -0.114996550185914
FY13 0.122789906525118 0.0473679344091261 -0.0733641995084925 0.194915032650033 -0.10480343238039 0.113273821432124 0.0224453141981412
FY14 0.022070819487924 -0.0800969727593552 -0.0679880215273426 -0.0640889928511314 -0.00528866480196944 -0.0577521109955129 -0.0357466607827418
FY15 0.0207502892448773 -0.0811777430111368 0.0808822985340123 0.0790713563628154 -0.00321466800293601 -0.0537965761821715 0.0806977253265107
FY16 0.0733338736384068 -0.030529911310131 -0.0455556055538337 -0.0227965417147873 0.0593430444800595 0.075932616925868 -0.0565780286639172
FY17 -0.000601395772196342 -0.0324068513928892 -0.0167835043020347 0.0356420530847555 0.00709600581798456 -0.0593372605557455 0.150273321992811
FY18 -0.00799514093198455 0.0489041358937297 0.0220168898980897 0.0945611120499576 0.112140572162544 -0.00297941947961154 0.0424297400274831
HH01 -0.0718104143120507 -0.0823356288379081 -0.0100417950113085 0.02643486916864 -0.193468283010973 0.0696321401616121 -0.0679769241946112
HH02 0.0647892524935996 0.176435761672153 0.0146701732299535 -0.0284660432270309 -0.155409812696724 -0.0254694084861285 -0.0741485708722687
HH03 0.0252719845701461 -0.00948175183841609 0.0273745047546082 0.0316307812822171 -0.0634383617503931 -0.00723567175643823 -0.034627434682752
HH04 0.0498916717061369 0.0441281336123219 0.128536606575093 0.0639007338844917 -0.0335056679749844 0.0567741296061372 0.0412191593828449
HH07 -0.0909766361981661 0.0314612855648768 -0.0172410902287283 0.000223870928599689 0.084431429635072 0.101787547751882 -0.0267935815194692
HH08 -0.0150850666776523 0.0893420290891716 -0.0183638570927601 -0.0166428432024886 -0.0355011698348701 0.0101494117177918 0.0240562272548985
HH09 -0.030737263092284 -0.0662127937800883 0.0147350954595267 0.0522877750574837 -0.0160669566327729 -0.0480281710158164 -0.0854723030006051
HH10 0.0539908035284789 0.0449031055097934 0.0169011310149586 -0.0118048780390393 -0.0455665070765035 -0.17135316330161 -0.02712454346031
HH11 0.0424164637135342 0.0271465028591183 0.00749032383826541 0.0222585391398863 -0.0721062289162433 0.120806034868135 0.0709084735673723
HH12 0.00402422249465287 0.00948490313959652 0.0408897635880538 0.110199386295215 0.0311819796477477 -0.050203981716093 0.0111054772852909
HH13 -0.0130598961774336 0.0195740202962257 -0.085274634453755 -0.0116707119970824 -0.0176750660238752 0.0600159695133642 -0.0244647026776581
HH16 0.0832076159359924 -0.021689978298575 -0.0778967073979774 -0.0275039738564369 0.0844991197067856 -0.0324420996832979 -0.0474152744194411
HH18 0.00714240156590954 0.0552820222201819 0.115621058649844 -0.0767708908155851 0.010776068550784 0.0562331281128713 0.0376921599083816
JB02 0.0791993989735739 0.0113134208328081 0.104060292156826 -0.00413872716168339 -0.165369234655306 -0.0915489231312626 -0.078444412021692
JB04 0.0704431276879958 0.0339987193097432 -0.109195365653959 0.00228319768498921 0.0850284957057704 0.036885170884419 -0.0398391060716644
JB05 0.0438439274083188 0.0495468141086092 -0.107010513834734 0.0909131307584395 -0.135068958574692 -0.148458014073546 0.00351386707351092
JB07 -0.0118542324246221 -0.00154465073468406 0.0295601738191798 0.00654227878113842 0.0841924371968547 -0.00304913822096151 0.0414912978604552
JB10 0.00414985001260254 0.120795621307439 -0.0234835141658676 -0.0253638527996187 0.0124432771505579 0.0422585466266177 -0.0336155962613584
JB13 -0.0438452498582074 -0.0415785212673047 0.0523700777132397 0.024878604365421 0.172430525524131 -0.0548948516470254 -0.0162608278564307
JB15 -0.0436020878044635 -0.0572826560326325 -0.122284651791074 0.111870980795923 -0.0490975155620041 0.0500135558683627 0.0677354506076588
JB16 -0.0580554026186514 -0.0860329540070386 0.015366100976417 0.00531672597908552 0.013382358720548 0.0156719355015657 -0.0598237128949557
JB17 0.0142156769841792 0.089553719015046 -0.0940506800798706 0.0326340458164512 -0.0722896095124124 0.133807118440844 -0.0616303917147245
NB01 0.0208889504506321 -0.0133518630606656 -0.020078841169219 0.0312449613463367 -0.00447337501394869 0.00908588106885735 0.100624983268475
NB02 -0.0057616381358621 -0.0425777524920207 0.000775850293872538 0.0832924314182771 0.130983334307474 -0.0224476024149618 0.116935895057864
NB03 0.0421690673039124 0.0395741822165704 0.0209270965444677 -0.0485666444398117 0.0999002002070287 0.148213847216771 0.00368449478079161
NB04 -0.0150939964358259 0.00599369250505263 -0.00408820775786123 0.00011057091051323 -0.057796053364715 0.0930850268666368 -0.0017257189138453
NB06 0.0635944374074525 -0.00995414847839339 0.0756194623299192 0.0693335255644366 0.03075482649794 0.073639929207027 0.0342578219833208
NB07 0.0226130779118513 0.132435293965187 0.0726662001489878 0.051155914299065 0.0166875993344559 0.0370701002280682 0.0156071680348243
NB10 0.0869824984765145 0.158466131141964 -0.042574520299056 -0.0891535316610557 0.00950382059802344 0.077100607601113 -0.154025928453218
NB11 -0.030710231095567 -0.00888666965995513 -0.00473485188160694 0.037328075374533 0.163067710400025 -0.0407217191422154 -0.0587819519812722
NB13 -0.0199347526574055 0.0291558410872201 0.0876659735500484 -0.0704014988139675 0.0358178475204986 0.0816721027895441 0.110637825961067
NB14 0.068091206474276 -0.0308309877383097 0.12547600825007 -0.0201030899010923 0.0733460703998538 -0.157158908248637 0.0306254218534342
NB15 0.0140832007031485 -0.0514300694170013 0.00956411009258567 -0.0674134806650921 0.0184472992350877 0.030510468796198 0.0278142060422819
NB16 -0.0514740567046175 -0.131691654621274 -0.0155945543031753 -0.101019267707185 0.0175795107400917 -0.00691705314049933 0.042279381756069
NB17 0.00845787519349968 -0.0104398893397107 -0.0681283185856468 0.0172639096127376 0.0699073733340063 -0.00252928383866471 -0.00814625471247095
PA01 -0.125161927944743 0.0151510806097409 -0.0850865748428689 0.0237072536123032 -0.0282771828564761 -0.0136238271340388 0.107330141345751
PA02 -0.00691725427618027 0.0402948635443153 -0.101117722419454 -0.0125049435061254 -0.141754958170899 -0.0389597266953222 0.0799214882522715
PA03 -0.0401667979353852 -0.0369362228164177 0.0123178597605537 0.00915936878710748 -0.0451376561036729 0.0111580891608789 0.0980562918468738
PA04 0.00617300122982923 -0.0480711645369673 0.0154875928459846 0.123966384767292 -0.0401321881036634 0.0492960485864166 0.0422379505479937
PA05 0.00916301397498758 -0.0896218635224805 0.0811647588285729 0.0266625411144079 -0.09494230814102 -0.0139374825488286 -0.0296866780996438
PA07 0.170566880064203 0.0558205759135719 0.0234330793812058 -0.01170472383131 0.0980661032123613 0.00213837868144606 -0.0251242197110508
PA08 -0.0219101697299418 -0.121735154317046 0.0205639657595653 0.10625239243516 0.0179303006932649 -0.0135705215317652 -0.0627989059170883
PA09 -0.0725464198523753 0.104456541863996 -0.0595323137564535 -0.154890192315294 -0.0665900288065751 0.163439720173641 -0.108604271753557
PA10 -0.0840759563575573 -0.000983909692416708 0.0283190611682154 0.0542218750571852 0.000400072476453071 0.0414187342187442 0.175296013402973
PA11 0.0360215244692948 0.172165719150673 0.0244808920269854 0.062704246209972 -0.0277978473397391 0.0202113969020788 0.0679791393604286
PA12 -0.043858536483776 0.00288026621398461 0.0489330945458945 0.084527627588916 0.10021672475568 0.0467470305967592 0.0874645172876272
PA13 -0.00835735990810386 -0.0203209448783739 0.0171916936114469 0.123374646004758 0.0200241980855288 0.0763109062306681 -0.101088120503578
PA14 -0.0404648588186709 -0.110703772516177 0.0527407514936081 0.0387069896562443 0.0165253799572241 0.0771013820371049 -0.142090115528518
PA15 0.0682561020818446 0.00120998689386018 0.0384221141201273 -0.0208252909155097 -0.167015044146849 -0.206162996122384 -0.00777295749214908
PA17 0.0347693104250653 -0.0418890312057381 0.049184491935399 -0.0139265341743202 -0.0497939912721633 0.0453735958231222 0.0602755723684577
PA18 0.0297295301852366 0.0597741612867018 -0.105552084900631 -0.0854463586483818 -0.0352218571508154 -0.12019357126543 -0.0216409283143289
PA19 -0.0473431103774844 0.142678528962633 0.131863334042249 0.0570359186115089 0.087839537868569 -0.0956807160405985 -0.0238867768755939
PA21 0.0335891453628216 -0.0595780952878645 0.0873228587510084 -0.0303013763607689 0.0665726045117861 0.040704036483596 -0.0662218072774498
PA22 -0.0908950993210542 -0.0086553230049072 0.0932350347767241 -0.0704503072249179 0.000673774383539859 0.0629827608645987 -0.0779121965906242
PA23 0.0584412952810371 -0.0195012837388873 0.0016145025379298 -0.0442459641580774 -0.00848270551853849 -0.0131464416385831 0.0436309859269494
PA24 -0.0243810707799487 0.0142784607813522 0.0939028039596715 0.0801243343328241 0.0478221017953108 -0.205781325469026 0.00421693181693094
PA25 0.0255700098124307 -0.00667962807976762 0.0419507499932615 0.101050226517145 -0.0559798963846029 0.084881035776774 -0.0574485377052757
PA26 -0.0188278770815643 0.0185851022632567 0.0348568504753369 -0.00746894714571018 -0.00267683815439593 0.0707271136437659 -0.108695569161964
RB01 0.0510422738546878 -0.073020021950725 -0.0988526597361953 0.182924315140949 -0.030071329539731 -0.00476642069294221 0.0496554205940467
RB02 0.041706290066718 0.0497464951241761 0.0581839489827786 0.0669462957376116 -0.0260405973704781 0.0122203604596384 -0.183751874114392
RB03 -0.0366065691254318 -0.0774672386604396 -0.014932671214934 0.113430378215237 -0.17084491610284 0.0208744581281339 -0.0590468468878847
RB04 0.00705449607626267 -0.0457252269228218 -0.0770649558388184 0.113599863723745 -0.074525061132406 0.0127627558897243 -0.0245216246547467
RB05 -0.0199639553283546 -0.0199877231212268 -0.0167618792314926 0.00246585159947361 -0.089110432233398 0.0768310957242026 -0.078681906462161
RB06 -0.0176391539815019 -0.0277608362724306 -0.173114131521145 -0.0297314499137131 0.0436632701523447 0.0310025446092454 -0.0406541471631967
RB07 0.0391958515030782 -0.00596397163019808 0.0458847525156158 -0.0585309676586963 -0.074429751005737 -0.0998744453776403 -0.0206412718273686
RB08 -0.0591509846023781 -0.0645655086227151 -0.0501710094063847 -0.119358221602131 -0.115904836987187 -0.000822207111251217 0.075626539603661
RB10 0.0272120906400058 -0.0411352520415555 -0.0866632285427549 -0.0132291924867452 0.0543466344005644 -0.0108455885187272 -0.161819321264355
RB12 0.114522909486924 -0.110000255279439 -0.057261265487095 -0.0713146311190363 -0.0180244830802811 -0.0943140021570011 -0.0518250625755747
RB13 0.0110635247440473 -0.0935514709464962 -0.0832755928385654 -0.087288380340718 0.0429551074508634 0.11675142836071 -0.00283513934977636
RB14 0.012222808601084 -0.0161610127036253 0.0216149894461591 -0.00761005742007322 0.0526396939164002 -0.032052159529541 0.0345459776585378
RB15 -0.00969559663228702 0.0455337332694768 -0.03837582147612 -0.16492107258967 -0.0103206290526887 0.0741990317852685 -0.0312989677530607
RB16 0.0164785329968615 -0.0790243954350688 -0.11246586078602 0.0765962885378006 0.0464107513814054 0.0414235913254434 -0.0160259674841696
RB17 -0.111321162768803 0.100105109288896 0.0408300386518267 -0.121997918504274 0.00256719267829326 -0.0326238553822921 -0.00417312219970623
RB19 0.046037897254802 -0.060632917652578 -0.166471428860376 -0.071097992814866 0.0264265883486848 0.0993164488377067 0.178589351735677
RB20 0.00926892490912616 0.0255673592336289 -0.0565873542103216 0.0295455758294112 0.00989721992278675 -0.0137981754643564 0.140042859925453
RL01 0.0633840194875799 0.129018102247823 -0.0796782129421071 -0.109217313481791 0.0716445666700306 -0.0317312978957337 -0.00402712166276164
RL02 0.00939921285908599 -0.0203886413820398 -0.0975914346367922 -0.00670805031396033 -0.0137090178500022 -0.117337857442411 0.0308188338843793
RL03 -0.0569876887707864 -0.0935401996834002 -0.0908306924182225 -0.0171664050033457 0.00934339498071108 -0.0169521130990907 0.0704281294141856
RL04 -0.0401356648771287 -0.0777745610988217 -0.0225841820136806 0.104878021590634 -0.0646257162222693 0.0724834445596906 -0.0166821130361498
RL06 0.0237782450916736 -0.099255420546259 -0.0181427499707913 0.105424175140301 -0.0569416463518069 0.0156907620658292 -0.0314082167776195
RL07 -0.0766447947171178 0.00380754122130863 -0.0263655273145512 0.0273221723859872 0.0165507755275266 0.010912814846945 0.0262395563109543
RL09 0.00709164327916512 -0.0691016127448514 0.0721386505017494 0.0245384882467307 -0.10285285559697 -0.0225176242653009 -0.062275341439162
RL12 -0.101526012962509 0.0233019477363413 -0.0399047005091271 0.043687426912102 0.00465549896929902 0.0169881610435711 -0.11376724989707
RL13 -0.10906529200361 0.0775783626417232 -0.112446780883047 0.147766192370548 -0.058456103558735 0.0271331586819647 0.0659297467077254
RL15 -0.0562189745438917 -0.113604123641857 -0.0855052438050187 0.000535888777338364 -0.0657660956739298 -0.0961078351859875 -0.00727116332883476
RL17 0.032494676219696 -0.0159114487847567 0.0070657495827587 0.0664861046703351 -0.0710747798992767 -0.00740655643570915 -0.100697740193377
RL20 -0.000625632057495253 -0.0380306335772998 -0.107238459879186 0.0121848398412438 -0.00794133178422065 0.0425700864015932 -0.0902389274948088
RL22 -0.0586382517967256 0.118974066089711 -0.2175231823911 0.0377156594371841 0.168342272440237 -0.181678156825994 0.0626988490166557
TR01 0.0574036258094181 -0.0647339040707578 -0.0822191381932309 -0.0618861555425866 0.0345894437373566 0.0208630262244397 -0.0221326686349025
TR03 -0.0193344884428145 -0.0807029019062984 0.0653961171891611 -0.0258404340644348 -0.0932497819169018 0.0911029876783684 0.00611638219291989
TR04 0.00532368466806338 -0.091839311092683 -0.00202930996026876 -0.115533892918387 -0.119015471859331 -0.0364609206897806 0.0913932554776547
TR05 -0.0365292369187184 -0.00320158751568489 0.105701918621707 -0.116982844361354 0.015938064583276 0.073636479014953 -0.129736412348514
TR06 0.0194317365596397 -0.0797777394762372 0.200364166919246 0.0210452889216891 0.00998757715533888 -0.0981935883803699 -0.0039852693257912
TR07 -0.0126777713295742 -0.0422142065335189 -0.031507278158754 0.0457333509950772 0.0918223055897771 0.0432869624790369 -0.0795206152611026
TR08 0.0748034183070859 -0.00765629761685403 0.000529819120938608 -0.0185840125505073 -0.0753524266536145 0.102556929726642 -0.0222280568973678
TR09 -0.0583157676850588 -0.137068158294847 -0.00140528746261433 -0.0227433803282815 -0.0261669825576485 0.0787268460498854 -0.0105768135140808
TR10 0.00578853513415949 -0.127305829168962 0.0599155493914301 0.0492608618553295 0.0186368764501104 0.0352885991141333 -0.10433680071768
TR11 -0.0143110543906567 -0.0777190683924927 0.0198889464602944 -0.0402500000541515 0.0497008651685502 0.0496288164165097 -0.00349713763687566
TR12 0.0207420635969678 -0.0202579432458872 0.0297282645281836 0.0766035216969574 -0.155751134825719 -0.00666446639099818 0.0486277608115283
TR13 0.0302549072329366 0.0374838702415657 0.140887446536139 -0.00119193864090719 -0.0783472280917305 -0.144579685575025 0.147639543963709
TR14 0.0495086334649628 0.259960368246403 -0.036691768835409 0.0692952653054115 -0.0385668302597506 -0.0202209378036139 0.134348835619941
TR15 0.0618841398650262 0.00664836955175369 -0.0203214159576537 0.0707148341766335 0.0347038379051091 0.0149816087484962 -0.120478015835095
TR16 0.0897387816841769 -0.0127033485687509 -0.145739949209419 -0.0658715218313645 -0.0781597440916706 0.0252846091156588 -0.0285722267447331
TR17 -0.0193167179900949 0.0310531822592372 -0.078838602570941 -0.0456700648950332 0.111298283253136 0.126379262772258 0.076684664408916
