sample MDS1 MDS2 MDS3 MDS4 MDS5 MDS6 MDS7
AN03 -0.00273302556552868 -0.0658628827039587 -0.0219286984546726 0.0299516873862697 0.0217975923814342 -0.0168926209081663 0.0217479578153657
AN04 -0.0566014025406961 0.0239926764553878 0.0258526669084602 0.0155924816455307 0.00616400857221255 -0.0483092141210455 0.0322102876223719
CS01 -0.0666777371482158 0.00164324657380144 0.0182289511788491 -0.0060749081180605 -0.180365274319012 -0.08328406928344 0.0826346723118096
CS02 -0.0830558392080743 -0.0290749362117978 -0.0167797854477617 0.0292317126249535 0.088613931417081 0.103833266023677 -0.0388865980362655
CS03 -0.0470442139967461 -0.0561116051738647 0.0195516766069692 -0.0134422339690737 0.0507609556867309 -0.0107340104523122 -0.0368330559488853
CS04 -0.0353448151471075 -0.0465670567740116 0.00170755109237244 -0.0173160627877995 -0.0373264207623587 0.0564229896595891 0.139987929253277
CS05 0.0520117044788855 -0.115106254416742 -0.0201936622729037 -0.0455499291717459 -0.115129951752086 -0.0178727134324264 0.0635228171020233
CS07 0.0916594719623289 -0.0892840520716341 -0.103530956175685 -0.103348902787495 0.0770673758504927 -0.0488549473005443 0.0405016997509427
CS08 -0.0652210036687167 -0.340321290696884 0.213250538231053 0.0380540409203691 -0.0100511227722459 0.0501681828395876 -0.0879695730616016
CS09 -0.0685677665093769 0.0203768559018063 0.0514754819306254 0.0517599502176693 -0.115269147851159 -0.0785608655146743 0.0300398796276627
CS10 -0.00130504268387695 0.0375432437746206 -0.0562755376370663 -0.0340901976432509 0.0914800772999905 0.0412337856128842 -0.0403278917300453
CS11 -0.0917918487410888 0.0228250619632203 -0.0385667147186675 0.03364790153215 0.096378308861814 -0.0282704164781004 -0.01789585008552
CS12 0.0601393024042028 -0.038238082414515 0.0230690201458913 0.053631341481168 0.0832634231552348 -0.00339504724734984 0.0059689729577157
CS13 0.00676910333048272 0.0752289714521658 -0.000595135007798495 -0.0240677472220978 0.118064163958552 0.106359156500151 0.0807507853707302
CS14 -0.0193970485605399 0.0153407776856548 -0.0749847257870093 0.026008480585761 -0.0416897675382276 -0.0268487931214214 -0.0286052721349305
CS15 -0.0474913398241238 -0.0657829467710834 -0.036807358909284 0.0303843012401946 0.0297938555672328 0.0166545867561731 0.0701227303305493
CS16 -0.0366639280422179 -0.0415823847535789 -0.129285011587406 0.124437896235663 0.0721086508020119 -0.0642163098482088 -0.0064069145081973
CS17 -0.133454418878355 -0.0510241259629065 0.000465325774924635 -0.0197813645631859 -0.117955475581278 0.0325689751560551 -0.0716356019190544
CS18 -0.0139243515353285 -0.0501142088878373 -0.104265340627338 0.0998180345719495 -0.0669185016452427 -0.0011934634559609 0.0137975926618021
DK01 -0.0323941108582457 0.0490295837251521 -0.0256327642725104 0.0624156830072898 0.0205555731269952 0.00047320195412599 0.0533522945567265
DK02 0.0617437339094138 0.0139074051679569 -0.0459622396811193 -0.0419831505591898 -0.0754122196536678 0.0197364009894822 0.0127647773588256
DK03 0.0928612485258945 -0.068652886975767 -0.0914031013836294 -0.0666942328541222 -0.0116195884413125 0.0126879824985982 0.0115090508052546
DK04 -0.0444630262074047 -0.132454554768192 -0.055388340163364 0.110284957215861 -0.0859850574427592 0.128059970585195 0.040246430020587
DK05 -1.0189849032673e-05 -0.481149581323556 0.279971071474578 0.113579468126684 -0.0284486395748791 0.0538178449937642 -0.170888950068815
DK06 -0.00571008608474223 -0.0117413736123412 0.0673687181404413 0.0845809254099138 -0.0741526635737637 0.0036871539002058 -0.122160898536259
DK07 0.0527396595955476 0.070648338663984 -0.0167116645608813 0.0880758939584468 0.0275800821604329 0.0595992068768485 -0.085065065445581
DK08 0.0917245498636619 -0.00586494756902007 0.0320014857040115 -0.0499590674889718 0.013349696298505 0.111294047148096 0.0841745577633287
DK09 -0.0332580543712273 0.0195398662787646 -0.00667638524301126 -0.00405027203383569 0.0349759481910269 0.0548207519838221 0.0104322147290281
DK10 0.209198987208702 0.0671930640110201 0.0328978954904917 -0.030196236931623 -0.012537217395054 0.100501228277321 -0.00980965838369453
DK11 -0.0697335898398907 -0.0401090639565183 -0.0392279600363244 0.153171146304968 0.00661714770052424 -0.0499156206897678 0.0452080842226479
DK12 -0.0630511467164323 -0.0333057847335296 0.0130288083296334 0.0553221436130871 -0.0129205635717825 -0.0459181106403445 0.0409084772714185
DK13 -0.0154851105169667 0.0276632579135984 -0.0510671839933755 0.0010336100775507 -0.0197217661455738 -0.110547239073659 -0.0285084805715016
DK14 0.10369222194835 0.0546988510071821 -0.0220551941817892 0.0384548732636306 0.00867217804139382 -0.146999603287184 -0.00206822604713937
DK15 -0.120343045604938 -0.083893644724696 -0.0228495731068666 0.0127510309971585 0.0206033065548387 0.040772287300545 0.0394226550739576
DK16 0.0180382581361202 -0.0346633781609126 -0.0551106940189694 0.0184372452189848 -0.0508627277310426 -0.0633518351696471 -0.0216065275088646
DK17 0.0409174515021768 0.0668115765047577 -0.0884008030674281 0.00388002724083225 0.0229664906948518 0.00019616192045101 0.0757369466794436
DK19 -0.0292852128074133 -0.0291477120554162 -0.0975702496525594 -0.00565616986742268 -0.00684306383290983 -0.0727364990422641 0.0326375039911911
DK20 -0.0678857397916609 0.0147250984548238 0.0277006259621664 0.133321621387561 -0.0260673953380802 -0.0843942286352486 -0.03800293031454
DK22 0.0446519926741618 0.0939118350840394 0.0343756420131213 0.109388632035076 0.137018069870883 0.100402872223592 -0.0137864403094742
DK23 0.0642951150918447 5.20337321679962e-05 -0.0820502109894876 0.0338281974946616 0.0829925997474473 0.0243059226549866 0.0567955996548203
DK24 0.0524392356847698 -0.10861099265307 0.00575093055060862 0.00729233510792545 -0.105916915701823 -0.155926602554538 0.110484986937215
DK25 -0.0452503921862802 -0.046651061376201 0.0380992969476334 0.0815934721892873 -0.00660312326407469 0.0720809337663892 0.0285864348427014
DK26 0.131873509690087 -0.0381795609540758 0.0356982253001178 -0.0256236010518581 0.0644315086916573 -0.1009556554981 0.0602778013165651
DK27 0.0856617327409487 -0.0672328124035203 -0.119566738002695 -0.00532614171656502 -0.046466886738242 0.0729291597560942 -0.0569599059236411
DK28 0.129044711511348 0.0657629442096358 0.0941788293889228 0.065614276239971 0.0983091891170597 0.0569512415656911 0.0361973550081986
DK29 -0.093019904879207 -0.0175937416284046 -0.0325587008649507 0.0305792669319274 -0.0995864479141446 -0.0358459443665274 0.101910196875826
DK30 0.154241843083252 0.0966091108728488 -0.0243454568589065 0.127824182162145 -0.12183369970073 -0.0120021505810975 -0.113260506055691
DK31 -0.0255714912285496 -0.103090188972767 -0.0995461346809906 -0.0343702750668958 0.0401412128179801 -0.0414768744575694 -0.0508205092646192
DK32 -0.0359321687198622 0.0472726096302159 -0.0744757992491026 0.0196912655395152 -0.0783015285186227 -0.0214501512596486 0.0918008533589751
DK33 0.104384907666213 -0.0779304240004525 -0.0822163737511807 0.0368329501752326 -0.113021428581318 -0.0672138278270106 0.0565983222019401
DK34 0.0483657527058033 -0.0255222357142107 -0.105055664275422 -0.044138649180811 0.107490118785503 0.0771350725402273 0.113896750524506
DK35 -0.0233788225615372 -0.105075278988193 -0.117391009552597 0.0229923914683326 0.00805299346745873 0.0095818549484792 0.0896478060041509
DK36 -0.0522861468648709 -0.00917116263134059 -0.099051724437359 -0.0563935482204822 -0.0020144657785398 -0.0652077892481407 0.0550519349020244
DK37 -0.0194950752524118 0.0202796072023511 0.0680358602477916 0.144476202842653 -0.0212247141987471 0.10100755433567 0.154262834817377
DK38 0.0289833253226101 -0.00949961565283197 -0.0598605600656368 0.225129350847192 0.0185304659609528 -0.0263504568502838 0.017952793226015
DK39 0.0330525524591341 -0.0595106496597019 -0.123682528688906 -0.0563269651152032 -0.00585580306147472 -0.0307044045179833 -0.014312397847904
FR01 0.0607919621040755 0.189174729384911 0.00880985957940156 0.0260230757142872 -0.139988264708457 0.0391614506665298 -0.0660793213434345
FR02 -0.0436448860497814 0.0733242678867759 0.00617158551393098 0.0260692435688174 0.0255382395024696 -0.0297639477565305 0.00203279098719163
FR03 0.00245355092305201 0.0385384567352858 -0.106301452886181 -0.0658575916672638 -0.00518664260018353 0.087965239736184 -0.0494826519043391
FR04 0.0733465263991292 -0.0414602187119041 0.0344102067688975 -0.0975910533264794 -0.104672478134169 -0.122283531720468 0.184570411137898
FR05 0.0978412221538005 -0.0367652984894598 0.138255954453485 -0.142565804082674 0.138891700479768 -0.0787471972877199 -0.0686993286463281
FR06 -0.0408743424116681 -0.0325925470026232 0.0309531269080579 -0.168122566876865 0.0560528348861217 0.0412205742522889 0.105900794188853
FR07 0.13577381055974 -0.111117221277378 0.101329359602345 -0.155364445987996 -0.0229311803124459 0.00250516915524088 0.0385783817802436
FR08 -0.0219041625596735 -0.00486505375172781 -0.0640720736417481 0.104241271518935 0.0199406977952067 -0.15335747556581 0.0444803054524121
FR10 0.0280805884287228 0.0644602796470324 0.0224312769863294 -0.00454547729639595 0.0161950717992997 0.061929587706671 -0.123037895896829
FR12 -0.0243874489652799 0.00112115542390315 0.0582153795366605 -0.0229924378471293 -0.083298569117597 -0.0478171375089237 0.001576930927733
FR13 0.0636730954491242 -0.122629723967646 -0.0622336495278408 -0.0948085165662818 0.0690736697585221 -0.0877239807763656 -0.102429150215998
FR15 -0.0721737256976607 -0.0276221557556196 -0.042935723665791 -0.0975602071456837 0.0295870977655929 0.0319787994713504 0.00367482943903163
FR16 0.179698267707551 -0.047312122312922 0.00334300949418299 0.00858975811838058 -0.0290990850607441 -0.00144827353759681 -0.0282004965253771
FR17 -0.0230138464825534 0.0257995845129041 -0.0652735153444959 -0.104445085667456 0.0618113472494839 -0.00532885699959364 0.0503344261413754
FR19 0.0602151150353151 0.0568992197213279 0.0150988862386998 0.14318651734592 0.0602597466118702 0.0740064077443996 -0.0368115885113427
FR20 -0.137734216857575 0.0554168055169698 0.00468557613646521 0.00566904730090881 0.015005091065075 -0.063854860195798 0.0584139853341089
FY01 -0.0184200321434679 0.0317959460964571 -0.039173912272227 -0.107263483149101 0.022733908111456 -0.00411049906637325 0.0243127902028993
FY02 -0.0531447198007175 0.0249886863118242 -0.101287490482835 -0.0100741160155754 -0.0121793019635785 -0.0326123507658601 -0.000487326423631644
FY03 0.0641740517947724 0.0336642900851148 -0.00827379091387763 0.0996164806227523 0.033614235320826 -0.0529475074066982 0.0479981190476427
FY05 -0.00929417752402091 0.0583958397803609 0.090838792767046 0.0466892126054547 0.0710417957203997 0.132247444497202 -0.0098230166464829
FY06 0.00572006338477161 0.0338507620383849 0.111139630798496 0.0283013115139459 0.076621601210074 -0.0400791122749356 -0.0305314787402164
FY07 0.0467439871211597 -0.0769290709501252 0.0835217109205314 0.0752618956278592 0.00598274852436503 -0.120216076640493 0.00860638567043956
FY09 -0.0100688848195296 0.0647911441013741 -0.0131719047119595 0.0911079903529065 -0.0975946383352939 -0.0234808250174034 -0.0387672174507838
FY10 -0.0265124386824569 0.0644713245816021 0.0628241525278679 0.00653550598535327 0.126858480231824 -0.057160138339324 0.0445497055622942
FY11 0.109063302814313 0.00679513658773519 -0.0540304395038025 -0.016465560411131 -0.0814431898282554 -0.007525037652581 -0.0679218816831654
FY12 -0.0576611260903405 -0.0657522631720642 -0.0638744285036741 0.0537545082169774 0.00327333989660164 -0.016787027869462 -0.0881891548811828
FY13 0.044266484808568 0.152045598210183 0.0867850892329877 -0.181584137022699 -0.011833797924492 0.0704491764554839 -0.00454340175368302
FY14 -0.0595375453724217 0.0460474873140431 -0.0118828481565795 0.0614297361602683 0.0369667095108061 -0.0750521417469637 -0.0395817169333074
FY15 -0.0932485333702715 -0.00100896599647756 -0.0524217091179056 -0.0237074203281108 -0.0260593373322334 0.0971565712175573 0.0370152357139949
FY17 -0.0467544416846707 0.0242814031333793 0.010750708418257 -0.0101334665049673 -0.0619474550176902 0.0402239053614082 0.132228028291638
FY18 0.0236293280609891 -0.0349787533115971 0.0304892965998142 0.00465114175382634 0.0682152257990609 0.104109317189528 0.0513685274890702
HH01 -0.100048899044268 -0.0116249341141627 0.0484565224612302 -0.143348640157495 -0.108396045375385 -0.0733377568757712 -0.126193824003235
HH02 0.168911533349847 0.0261720170956126 -0.000898349838363925 -0.0411699739824081 -0.109222373143734 -0.0385794769641562 -0.0922869813911586
HH03 0.00141399111990986 0.0242146910666467 -0.0220309208908415 -0.0429219177804968 -0.0619912254639213 0.0189397215201354 -0.0630900512475389
HH04 0.0568800648624579 -0.00354873467596246 -0.0746370091060026 -0.126955891507113 0.0107288916682933 0.0339130677500699 0.0372802867607495
HH05 -0.0323010627588533 -0.0149435040243924 0.0152429032571728 -0.0357210070320465 0.0520455628179213 0.0700527207074449 0.056678802901196
HH07 0.0329630801421827 -0.0798738128908854 0.0723930053240237 -0.0333168822122003 0.0816278644561969 -0.0580205273350045 -0.00435886172345411
HH08 0.0646680195485049 -0.0175399918563728 0.0395082268821311 -1.30289349321185e-06 -0.0114954706613822 -0.0121169850346644 0.0233430446172122
HH09 -0.0595880490060377 -0.0175951294871356 -0.00442431501420273 0.00478018151435962 0.0193387603398273 0.0572273308987142 -0.11708422838843
HH10 0.0722293013738881 0.0256934564620916 -0.0705327171678318 0.126365276643703 -0.130485520065376 0.102280840541132 -0.0732968940299095
HH11 0.05335552931957 0.0523845087852628 0.00368048444695856 -0.101642178313662 -0.0370054722605931 0.00384172646008243 0.0259132663835269
HH12 0.00463222518098306 0.00260989231637403 -0.00278827946645965 0.00175393405690869 -0.010611866451928 0.143260450161567 0.022424103562991
HH16 0.00735460136869883 0.0865948859711884 0.0175577623716909 0.0910429246967153 0.0430814970228971 -0.0195492988448514 -0.0173777404294229
HH18 0.0615331983791319 -0.0512807260150528 -0.0841726016635631 -0.0558096589167738 -0.00351881329661939 -0.0807663987250693 0.0679767521226027
JB02 0.0469607350985195 0.0220943632387708 -0.104691635166747 -0.0474282765233702 -0.121490768656403 0.0184835574508252 -0.141102726165152
JB04 0.0562918235755023 0.0819257748192593 0.0509437949397287 0.0516540955720949 0.0815563374406495 -0.0204584730836057 -0.00537584451155694
JB05 0.0231322458922272 0.0693186846130883 0.0707037171334276 0.0414400363690645 -0.163331591980997 0.102697587318328 -0.0689338668326959
JB07 -0.00509224792153676 -0.032092015952892 -0.0264322841025185 0.00695724584160087 0.035589709819339 0.0178505297848403 0.0598692936775166
JB10 0.107267858794708 0.00625153795258626 0.0554005648851903 0.00401270778489927 0.0165158463110128 -0.0245919564923831 0.0169293628053924
JB13 -0.0427145522777285 -0.0515894289081651 -0.0372822476625035 0.0650653464978923 0.10496561095398 0.0720886959986121 0.038216077849906
JB15 -0.0989170635587559 0.0590294821414399 0.152084369143659 -0.0845424608929424 -0.0286555337517062 0.0140428978419133 0.0503325181465395
JB16 -0.0824378296575695 -0.0399838027970259 -0.0061493049841917 -0.0167728932747124 0.017678698161645 -0.032357465114479 -0.0496940528760294
JB17 0.0751953654002947 0.0693538392918709 0.130152088845388 -0.0972888916568868 -0.02342930989822 -0.0863140959948466 -0.0253287532105505
NB01 -0.0185459620359457 0.036213919341652 0.0204223383931815 -0.0363288515766903 -0.036210340139057 0.0277599589628612 0.0613778772220188
NB02 -0.0642301094033644 0.0022651620706616 0.00152967575704357 0.044187716785011 0.0655298388977023 0.119765280933834 0.156432923082135
NB03 0.0452924414984056 -0.017860073716792 -0.0436904937864909 -0.0569539150975565 0.126037460467994 -0.0983106065722751 0.0618816437935231
NB04 0.0215675283364591 -0.00318600047438844 0.0148342902139807 -0.0482952431545329 0.00550844540173773 -0.0230724396720584 -0.0250672459596745
NB05 -0.0690873090504352 -0.000642708125316815 -0.0534149977761199 0.0654526892315263 0.151977634396013 0.0369042868037006 -0.0197284598329536
NB06 8.70976083455011e-05 0.020039416821836 -0.0698979140213428 -0.0963983275008896 0.0757895285535861 0.0462548993194377 0.0662008641657037
NB07 0.122619299060689 -0.01746972327609 -0.00757956679584924 -0.0613859002948267 0.0375327751795554 0.065330036812662 0.0392470712446025
NB10 0.199619373982058 0.0565837471625159 -0.00731146950032509 -0.00268572559461188 0.0596777937387533 -0.116218837181223 -0.0949912755577381
NB11 -0.021836590817255 -0.0425160367700543 0.0183004213522116 0.0744441029109034 0.150016541952064 0.0479535197634005 -0.00583087696553649
NB12 0.0282448321817375 -0.00260365120370105 -0.106139465050206 -0.0305378698789857 -0.0439512077997386 0.0205066368149401 0.00380732452564871
NB13 0.0368467091783299 -0.0568378136646333 -0.0694104359896052 -0.040831036664214 0.00760283749532955 -0.0443404161339147 0.141265898437612
NB14 -0.0116821610901361 -0.00794343605939496 -0.16656732721779 0.0914768056628004 -0.034592390718549 0.100052190162443 0.0271556343134633
NB15 -0.0513712933086644 0.0146082459812695 -0.0286619248336114 0.0399522941375655 0.0334466748739431 -0.0540333438739002 0.0617771296380859
NB16 -0.113493771806873 -0.0110177442625288 -0.0222074979749085 0.0642170382838944 -0.0353532643322162 -0.0786052512278067 0.0115016761246287
NB17 -0.0060817771151805 0.0385703809487715 0.0411742967805577 0.051207440030238 0.0616645563279385 0.0196371084149549 0.0249349419542072
PA01 -0.0522224186199952 -0.0502372947241053 0.135484575475395 0.0107889191531626 -0.0676642992261472 0.0105816786551729 0.109478001615672
PA02 0.0130947716569771 0.0527224755593206 0.106415532947517 -0.0156225975248179 -0.135699194447322 -0.0346586471427813 0.00813471145688345
PA03 -0.0339495442697725 -0.0220194298335495 -0.00527051845579724 -0.0158554390191123 -0.0999853678632561 0.0497821428773157 0.022597523494171
PA04 -0.0661473838499926 0.0218040063883116 0.0482433678557373 -0.109883638112072 0.0435430468071844 0.0439730566118995 0.0270846638974491
PA05 -0.0768321164656458 0.0144177122175215 -0.0797725392203583 -0.0630975007514471 -0.0968310218761031 0.0150551498521147 -0.0608985638480406
PA07 0.0939172115366841 0.115218083018111 -0.0961518986804199 0.0165892355368106 0.0961726112114132 0.00393388943033207 0.0226732850732556
PA08 -0.100305511163311 0.00121634663379657 -0.00309982823803946 -0.0248165587002247 0.0246968677732792 0.0779151173787522 -0.092532200824594
PA09 0.0897475184249733 -0.0531548971909553 0.0894677937019404 0.0112329715136366 0.0112985431016182 -0.215762392001456 -0.0550949949202283
PA10 -0.0283950384331973 -0.0633976870495113 0.0470382388001446 -0.0696106769377851 -0.0327901443137424 0.0530902235193934 0.10948221448214
PA11 0.159187460501202 0.00843131870520111 0.014247315276151 -0.047134569160474 -0.0652677388675868 0.0848801324385693 0.0822272075893574
PA12 0.00666215748359572 -0.0486807408827004 -0.0148608052056411 -0.0407109134132204 0.0703794317431174 0.102330677852167 0.11370744895367
PA13 -0.0121107000929852 0.000345119369451594 0.0465615741124923 -0.086288387022616 0.0828962623312156 0.0761650779203169 -0.0875347062824525
PA14 -0.0861924686975806 -0.0261915020134058 -0.014631609242911 -0.0528109495977423 0.104274317330368 -0.00789244650153395 -0.121654058127545
PA15 0.0119826785739541 0.0499717361859121 -0.0844962547051254 0.0735608227042145 -0.164746900483215 0.0880985698526145 -0.101588129291872
PA17 -0.0141927075500703 0.0201378416498826 -0.0490201029324806 -0.0658248787362141 0.0260134026693475 -0.0116608431456644 -0.0030999691468028
PA18 0.0755951337261663 0.0471219609940657 0.0330037936566068 0.119637602246322 -0.0578394846032226 -0.0185560096810573 -0.0606213376747999
PA19 0.132982773868078 -0.136290745000816 -0.0447268268818826 0.0566171574267868 0.00182007617139627 0.154133399281979 0.011619699444578
PA20 -0.0493054607765082 -0.0903341248789999 0.000671522496821763 -0.0307383221273115 0.0362204306284963 -0.0165387725463128 0.0635943495344885
PA21 -0.00932581356417297 -0.0186440587707018 -0.0969483274032689 -0.0196039037432555 0.103155738938754 -0.0232669088243746 -0.0697926609164325
PA22 -0.0101554248011459 -0.114674544601453 -0.0400994667394758 -0.0328386023525505 0.0149520475993995 -0.0900726803728074 -0.0707699241935929
PA23 0.00375628158856743 0.0440941455539274 -0.041369592888208 0.00931409950388629 -0.0384068129647102 -0.0227363176367479 -0.00764398405219202
PA24 0.0287640063148104 -0.0851833209276212 -0.0529530329136261 0.0982774643082752 -0.0238543232066792 0.241742609659264 -0.0385901859932149
PA25 0.00896532890340744 0.0195907587171623 -0.00670489640780845 -0.105814138467313 0.0352845207948492 0.069346783886827 -0.0633685181089321
PA26 0.00875444501118664 -0.0275574369901791 0.00466159421778227 -0.0379172652878003 0.0337842653970006 -0.0751176993878205 -0.0476479245729006
PA27 0.112689929725662 -0.00573865788257618 -0.0171972648531781 -0.0171735744916377 0.023029020563484 0.051429407840875 -0.15438627544845
RB01 -0.0822983800681215 0.107056828258581 0.0684322805187833 -0.055494539831352 0.00551463191442534 0.138449570101468 0.00431509801627848
RB02 0.0918796031938654 0.0135271065188926 -0.00640330291622501 -0.0532847879468084 0.0247861608800806 0.0401353271076809 -0.199547857963577
RB03 -0.0569049044985362 0.010063187543079 0.0583228622209716 -0.1106560572571 -0.0634419378626053 0.0689110964733066 -0.139897141351983
RB04 -0.0640257371939444 0.0496805876665165 0.074543772497461 -0.0510658425588985 -0.0390904623239361 0.0400719213046657 -0.0431736206952623
RB05 -0.0292689391939414 0.00445605628793322 0.0495939923240897 -0.0575460043619105 -0.0199361997197322 -0.0780244019169634 -0.09003547506182
RB06 -0.0262397908242964 0.0623760315370936 0.13031103123722 0.0794445250177059 0.0701623245328006 -0.068499417160814 -0.0157752597476154
RB07 -0.0224233833078885 0.00591804818727624 -0.0734184277080848 0.0653720422554371 -0.0671641065382319 -0.0139130283361664 -0.0166282974549088
RB10 -0.02273668677842 0.0749048380543674 0.0444774880281052 0.0965097600059807 0.128691557977455 -0.0318730026290026 -0.116439275785698
RB12 -0.0590877360407229 0.148881090982389 -0.0347758007468595 0.103337074192236 -0.0242478646762996 -0.0395070409225717 -0.0801587757063595
RB13 -0.0630545720475471 0.0539830787838815 0.0468664549231275 0.0108568984560414 0.0326672621787498 -0.151118742335362 -0.00651681326183599
RB14 -0.0201145212097539 -0.00354596072307395 -0.0208963056881337 0.0137916575502744 -0.00807527011396234 0.00736177831496266 0.0298744392724525
RB15 0.0574181922872546 -0.00731835116871561 0.00828494842988454 0.0578368798467451 0.0156756696475199 -0.153186930493803 0.00707759713245197
RB16 -0.0775528285781703 0.0729155878501684 0.0624167817168734 0.0304549808975663 0.0966989948688349 0.0532157192669967 0.00655755100084837
RB17 0.0726775314294098 -0.132105434628745 0.0239719666113652 0.0459229973435713 -0.0482481403818184 -0.0943941477378822 0.00405181162068247
RB19 -0.0595939352924342 0.129443355762032 0.104025739613268 0.0292520054448667 -0.00413738924389648 -0.0944754544296428 0.171738828872208
RB20 0.0263885607381549 0.0212344133786497 0.063875234843659 0.0143074467613664 -0.0181131777526939 0.0614844166511548 0.0849597351918798
RL01 0.154431591610464 0.0527760427988405 0.0241789512037381 0.116095092169746 0.00731622005988141 -0.0764782394265461 0.0330903622616069
RL02 -0.0247515063713521 0.0600122985455783 0.0364529825708837 0.0950762258948926 -0.0737194947362532 0.0215186286826217 -0.00271971640185392
RL03 -0.116579981725747 0.00846277959438806 0.0490075470443202 0.0752150841013153 0.0163451277102328 -0.0121812254513814 0.0627198366826314
RL04 -0.0882079912330629 0.00941152062812795 0.0568673502194899 -0.128999939777271 0.00674580293192575 0.013523922804816 -0.0436759323040081
RL06 -0.0988864392235706 0.063864934177305 0.0212574520784012 -0.0820668812113879 -0.0209200031003865 0.0418423024787791 -0.04135715613752
RL07 -0.0272739414132693 -0.0393416305415723 0.0769154235858659 -0.0265550849180371 8.02871794276475e-05 -0.0069203182081046 0.00679911097893785
RL09 -0.0614959384799825 0.004255576464876 -0.0456695925389416 -0.0758699992925587 -0.048018565401454 -0.0145135241981109 -0.10771955449304
RL10 -0.0596750652888971 0.0956203207780659 0.115940556665545 -0.11065219384683 0.0226756552286264 0.0206961728928783 0.0857958352210303
RL11 -0.124700809965891 0.0418998066958782 0.0935123296238716 -0.00416829702663116 -0.1280402998622 0.00128289725665077 -0.133122991025971
RL13 0.0132557844470941 -0.0190074638144125 0.198204501110892 -0.0762039679914995 -0.0572917029259948 0.0813508527193615 0.0397247421376283
RL15 -0.133758923136896 0.0313132736981971 0.061238646367169 0.0658257461785955 -0.106149161077211 -0.00494910065605582 -0.0297118130183091
RL17 -0.0104032901456838 0.0470043500675366 0.00777403926156812 -0.04991153727388 -0.0162156985756989 0.0380236149619203 -0.115361222891427
RL20 -0.0251032997396773 0.0394550404974752 0.0823288954440771 -0.00807726947480854 0.0765169041933588 -0.0721362129580823 -0.111225461355902
RL21 -0.0641498762929171 0.00173190309726316 -0.0422927011329591 -0.0916442416521453 -0.0410196004321436 -0.0138305219796904 0.00588172333493916
RL22 0.0516308277467992 -0.0184630883217361 0.194167368214178 0.197544681080198 -0.0096148075715429 0.0768091307078301 0.131307906304756
RL23 -0.0582732285394601 0.0830590698967385 0.112530604573812 -0.0903527954143643 -0.113895911984033 -0.0170363501590098 0.0316199015781128
TR01 -0.0407374389134201 0.0731878917846132 -0.0110077016397473 0.059238630085596 0.087015008293622 -0.0740519993556647 -0.00732457676413615
TR02 -0.0695684239102186 0.00736981803751301 -0.0412769633720466 -0.00829917584931765 0.0427920874581011 -0.00683011730425943 0.0360225088611312
TR03 -0.0819631765323801 -0.0233164139428887 -0.0419240003074578 -0.111574204610936 -0.0404999503046208 -0.115277717818207 0.00404997391287959
TR04 -0.0889168414511906 0.040858513392226 -0.0569079714179437 0.0145560222827732 -0.13827481288958 -0.099312888034392 0.035461977118904
TR05 0.0280429766535023 -0.080578753800126 -0.0754747355998087 -0.0160576327661626 0.0805401810836665 -0.122444091935293 -0.103151274522522
TR06 -0.0693121901064063 -0.062426697549773 -0.182059606227629 -0.0229379830868339 0.0277005674250099 0.0740320158941936 -0.0520938660836264
TR07 -0.0073222478346393 -0.00543465786201421 0.0338285675345825 -0.000679439745125153 0.141575151258102 -0.00563936172601807 -0.0753357744191925
TR08 0.0236976203682795 0.0776723819895316 -0.00914594532234849 -0.0799545012957716 0.0142483817104041 -0.061830163048218 -0.0230589670499947
TR10 -0.0879117928511049 0.000214324613029975 -0.0569498843815987 -0.0708154054289127 0.118145340394925 0.00297566651713947 -0.110496507768341
TR11 -0.0597948443302846 -0.0153931698174389 -0.0186914321252609 0.00101719613007767 0.0547079296497011 -0.0524348217922308 0.00123941939007371
TR12 -0.0298167309715293 0.0294085237434322 -0.0185056949614085 -0.0922599801090766 -0.101237851534945 0.060506648944614 -0.0149912629927261
TR13 0.0195361215471792 -0.0264183710277555 -0.124652261085822 -0.0158381311931989 -0.179887714240193 0.0776135304212845 0.0827890717312609
TR14 0.229378531883471 0.0366488301999795 0.108700743433358 -0.0505656902987063 -0.0846865672647293 0.0807911263624027 0.111167116129073
TR15 0.0351364381409342 0.0733795471333632 0.0192117476403542 0.0402836875222554 0.101061908290487 0.0922200576315553 -0.0915791307623573
TR16 0.0153822996679203 0.150399690248758 0.0552967099814039 0.0541293070407197 -0.0279634210421874 -0.0894907771941058 -0.0212256625770214
TR17 0.00668592500803001 0.0143972829709874 0.0988000259349439 -0.0152103515578674 0.0865130418956908 -0.117341708631612 0.129511605447928
