sample MDS1 MDS2 MDS3 MDS4 MDS5 MDS6 MDS7
AN03 -0.00921711221544896 -0.0442183066332117 0.00903852005052381 -0.0461042464355262 -0.0302477683682477 0.0561989648847425 -0.0340115965461083
AN04 -0.00855490035539351 0.0627780160683411 -0.0045686081189183 -0.0683007866174164 -0.0175551230365111 0.0369717171142451 0.101420347676207
CS01 -0.0559336612052545 0.0710836091592992 0.00837713948284659 -0.143385020948388 0.134998527020229 -0.0399811958560528 -0.0477773717235069
CS02 -0.0583727780703142 -0.022132963046246 0.0639976418255976 0.0634395442496788 -0.0549254924220492 0.00445300211664754 0.121958189870512
CS04 -0.0552551810116882 -0.0122521796615837 -0.0161874306847537 -0.116729444707273 0.0393189585298222 0.0477804338555828 0.0141786353472326
CS05 -0.0208705918172977 -0.0870004504079884 -0.0711438387453177 -0.107630713661273 0.0869348222484065 -0.0106331304933062 -0.098087445828388
CS07 -0.0191542010452375 -0.164223514584412 -0.138655658709708 -0.000138823724070647 -0.0331969805500499 0.0173964448136565 -0.0734763443615578
CS08 -0.0441464868091349 0.0361052875409814 -0.0968076087743134 -0.0389493194512716 0.0535661213073412 -0.0236286756308683 0.0308567130606184
CS09 -0.0535994272129066 0.143764172737627 0.0491165252292937 -0.0760057620529635 -0.0207457266339058 0.014574127458623 -0.118730389524101
CS10 -0.0232500494004952 -0.0393191450146811 0.0320260119570346 0.104102213132192 -0.0384120796726691 0.00450076439795577 0.0312642351471456
CS11 -0.0827720216055942 0.0501701125940279 -0.00821102790982696 0.054957832476352 -0.119800767107014 -0.0239272833111751 0.0351646769808719
CS12 0.0719884368145758 -0.0429365604286816 -0.0491540609829295 0.0255239980447442 -0.0861455770748903 0.00262015048359526 -0.02217894469215
CS15 -0.0339871861685926 -0.0498565821179102 -0.0105507905752687 -0.0882057781451443 -0.0452058919699128 0.0757203017441466 0.132058402810794
CS16 -0.0781649822387158 -0.0533867743213647 0.0598147780662945 -0.00757892822785218 -0.138331121924864 -0.0449478742755636 0.0277071445882945
CS17 -0.118094852721729 0.0577379807933515 0.0273286562016111 0.0125891711225105 0.0858900740479714 -0.0166956827663325 -0.0329555111776471
CS18 -0.0566877580582797 -0.0782389360985911 0.0986438894787157 -0.0701204919401877 -0.0210874350760101 -0.114536857493813 0.0359173192769432
DK01 -0.0466523376558016 0.0407251826974892 0.0592613019638391 -0.0160247896667005 -0.0797679232304331 0.0361547220292407 -0.0545276011410884
DK02 0.0144198777836591 -0.0682533791404011 0.0595547905593007 0.018682337368161 0.0723166703476145 0.062888842769771 -0.131741937551435
DK03 0.00593092560625318 -0.185497675988408 -0.00909869354039838 -0.0320084715325122 0.0364936274435157 0.0224695941647715 0.0400392004896554
DK04 -0.0930173834509563 -0.0513009777727819 0.100093071389872 -0.117633287286126 0.0264782987807543 0.00895010448606551 0.0634904594555399
DK06 0.032397735031209 0.0858789490722109 0.0671638192599845 0.0672394178963031 0.0176692377424079 -0.0164280753909571 -0.0361096033360881
DK07 0.0608390934199497 -0.0078916544005635 0.1433256991227 0.0851249621422171 -0.0245620542989254 0.00280522224122261 0.0315725554892237
DK09 -0.025982534283023 -0.00575642034882915 0.00212982672601281 0.0347247276935479 -0.029883188282023 0.00245811749300365 0.0695806397641733
DK10 0.208850460396276 -0.0955190801738996 0.0363082214515933 0.0213195581573788 0.0739459593999439 0.125782289696231 -0.000940081374933833
DK11 -0.0842887764525613 0.0236842409244154 0.101473550433437 -0.0934457583074313 -0.109419141611467 -0.0631502573165817 -0.0243865193069618
DK12 -0.0439499324714875 0.0482297892089414 0.011988441163357 -0.0815263909747639 -0.0251903748651036 -0.0262887173518044 0.0344313669109775
DK13 -0.0373521322849453 0.00127333080955356 0.0322060491065985 -0.000764794520115363 -0.0247577510451644 -0.0936742483527055 -0.0671572038847688
DK15 -0.130009952324642 -0.00362312336477067 -0.0150865691684063 -0.0303996907467431 -0.0371773075512026 -0.00237557981089798 0.125755093558521
DK16 -0.0269414207319344 -0.0335089106649282 0.0445909408974065 -0.0132565549419042 -0.01690879451633 -0.0306558624878076 -0.0945823809953791
DK17 0.00891981065590297 -0.0468837667389605 0.0551385443793777 -0.0127693827709588 -0.0941052552731565 0.0937717020102392 -0.0793585718302329
DK19 -0.0731052324548075 -0.0355810032093964 -0.0133634989688585 -0.0366467811174126 -0.0333758113224237 0.0381025763165097 -0.0601454771894923
DK20 -0.025966862808639 0.0928249088718658 0.100467616896533 -0.0268198046988853 -0.0646429181645052 -0.0300060319837197 -0.0996149737200688
DK21 -0.0125641004560004 -0.116498329894001 0.0520448100515242 0.12491988623218 -0.00972888097608677 0.0837295823181091 0.092049588849873
DK22 0.0920503651785733 0.029383646512903 0.0931732846565891 0.089752418686408 -0.120650505146763 -0.0108282970582733 0.0795523037870189
DK23 0.00971095489377651 -0.115324879291559 0.0461033597290512 -0.00495004192734455 -0.083198061701659 0.0201482852953045 0.0372159390092733
DK24 0.0126396943825916 -0.0677887487764491 -0.0611915480425362 -0.189325704606297 0.00776718403418504 -0.0963495218961915 -0.131009788535223
DK26 0.110560315546 -0.0526031787493359 -0.0862506097292141 -0.0421466928242583 -0.0691887527381248 0.0795862471549894 -0.108727140269109
DK27 -0.00305595357589539 -0.173169448835877 0.0335074838514077 0.0084370087048594 0.0655450219087809 -0.0689084238667232 0.079867218810005
DK28 0.197853580922517 -0.0192892623484147 0.0490262177219638 0.0263123354694066 -0.0760922428202365 0.154903411082483 -0.0259195183054309
DK29 -0.102642850584165 0.0587430914615496 0.0342563483376177 -0.141200469372644 0.0234949334443665 0.0274341025508286 -0.0686829607408982
DK30 0.152987486022828 -0.0370201174342113 0.168412525836444 0.0166918233594833 0.0169136668931066 -0.13518529211602 -0.0582710253850934
DK31 -0.0755691669395194 -0.117709274350353 -0.0562500901319135 0.0228501915177521 0.000834684065771849 -0.0510767230092846 0.0507291702240103
DK32 -0.0466900863074592 0.00994509705311833 0.0587396719149484 -0.0773197542388258 -0.0259855854991831 0.0974990892481305 -0.105811691866289
DK33 0.0235952788658184 -0.110794923274803 0.0381038807724136 -0.180137837685331 0.0668708415623617 -0.0807778954334629 -0.103038979933725
DK34 -0.0309423783143614 -0.124994805556323 -0.0501160531021281 -0.0146465655995368 -0.0813937381789076 0.0726470187230865 0.0181499169109118
DK35 -0.108929487145409 -0.0989037831708212 0.00791948148298007 -0.0922197189200998 -0.041975001873326 0.0419853613314032 0.0321005538044774
DK36 -0.10918806029062 -0.0294699391588151 -0.0285023995748095 -0.0433013917948115 -0.00974262385352965 -0.00700064117840826 -0.0581904045789411
DK37 0.0794892148905568 0.0609726757081995 0.0562086247272889 -0.191183018801936 -0.0272266908223292 0.0800372994930398 0.33223122531074
DK38 0.00417671048799531 -0.00492002927216609 0.11663723025364 -0.0640707368537342 -0.138683559940902 -0.212727402275848 0.0350615748914367
DK39 -0.0661993145354537 -0.14061664352969 0.0321030017152912 0.00102135776778217 0.0170922459965458 -0.00663212651771066 -0.0606623081032132
FR01 0.109318662914835 0.0570768757224101 0.207705376238343 0.0596285240985822 0.117191567791274 0.0516031060751259 -0.0695902563550733
FR03 -0.0250423548794766 -0.0827850807638836 0.0669642823956494 0.0872333227539777 0.0526359818014656 0.121248972734969 -0.023986007966982
FR04 0.0469473765729573 -0.0489298902362191 -0.129911010581051 -0.188174864341459 0.0877806678134174 0.00649212746370933 -0.0897355331422154
FR05 0.122211916073682 -0.0251163443417592 -0.195890344291427 0.117206106213777 0.00383149662859173 0.0167785727924106 -0.0436090925670148
FR06 -0.0639144506621574 0.0165795120625546 -0.152241447458368 0.00609080165932139 0.0431415542963278 0.154315400851058 0.00538816113656462
FR07 0.0913944142854465 -0.126817772125546 -0.172667772011499 -0.0317454993698426 0.0848662913212517 0.00397626763050543 0.0338673347775526
FR08 -0.0350641619283142 -0.00357029077710929 0.00807472539771212 -0.0691736351546005 -0.129678580577908 -0.124206355873213 -0.0800697607404816
FR10 0.0556138562942328 0.0089098710999908 0.0300396866093394 0.122241631240526 0.0316596917275804 -0.0429295375642769 0.0972972538198742
FR12 0.0164077814625024 0.0830534590415302 -0.043252807748429 -0.066007643273709 0.130141700373439 0.0201620071596715 0.00271247246413581
FR13 -0.00886296289904459 -0.151201990641806 -0.167477864777105 0.0645504012538705 0.0143849365694142 -0.0937425112815443 0.0596105925382933
FR15 -0.103323880573289 -0.0358513642682091 -0.028225183406745 0.0465087351766926 0.00369560271432827 0.0489548725212956 0.0717983665348367
FR17 -0.0691678299671398 -0.032203423933542 -0.0874173929791128 0.0602378227495805 -0.0655006949718706 0.0834503486170074 0.00868337419079192
FR19 0.0730618527945172 0.0165202615976253 0.129031867488242 0.0357106523351357 -0.107222971096565 -0.0022087120674156 -0.0581836633028288
FR20 -0.0757320133552715 0.0995464248349225 -0.0116554587154701 -0.0222847087262877 -0.0497054225434151 0.04984614592074 -0.0775085848076134
FY01 -0.0320704977638401 -0.0202858074140508 -0.0394698677517469 0.0473615069979137 0.039888955591104 0.0923816336856371 -0.0250057852721888
FY02 -0.0892752600988929 -0.0101760445875774 0.020893657328279 0.00847387474451488 -0.00604544957952274 -0.0290614412967353 -0.0113808645003906
FY03 0.0781917767494498 -0.0372584241633754 0.0680674099246466 -0.0518611080482806 -0.0843322250050043 0.0326537382776736 0.033737427074095
FY04 0.0787798176069777 0.0725993115090072 0.00699171625100431 -0.0798152471797988 0.186283170669223 -0.0377623360321917 -0.00888831997275733
FY05 0.0824910808342632 0.0810314202073711 0.00788313280952685 0.0657698757394193 -0.0253990610164479 0.105187560420992 0.0705954984184666
FY06 0.0813445815808081 0.0818827657282474 -0.0479277064685048 0.0519458783141613 -0.0596047982838106 0.00817447503611038 0.000241708578753893
FY07 0.0554263259940747 -0.00251159474478505 -0.0454868610227402 -0.0992009964286304 -0.0721778863485575 -0.142317516277896 -0.0411695622243611
FY09 0.0359644265081058 0.048665567243802 0.110399772848643 -0.052812065095239 0.0369736494347503 -0.0641502198787477 -0.00443031962198961
FY10 0.0224595489652325 0.0909774577931384 -0.0914258477001407 0.0427877041647379 -0.159126431420493 0.0314805791438344 -0.0798175553098971
FY11 0.0656965123280857 -0.110125155407643 0.0364447609950418 0.0109417664504673 0.0733700115997865 -0.0245906433668969 -0.0652848092571245
FY12 -0.0740865144628422 -0.0306276836293819 -0.00128808098592322 0.00770215208504993 0.0167161882568725 -0.195212291906054 0.106250841487685
FY13 0.114219657474106 0.0367076892502351 -0.0511872514696981 0.0819580576206654 0.155962096003141 0.125957358673136 0.0732214922823252
FY14 -0.0146230162881835 0.0373570792706309 0.0270739132799159 -0.00484878096358211 -0.0454190494887158 -0.106494609041655 0.103020515594491
FY15 -0.0972867892251174 -0.0205663746058806 0.040843119398352 -0.00746312988582845 0.0329698581568842 0.0456377532615347 0.11685523742107
FY16 0.0231439361537247 0.0706693262822186 -0.021084346749117 0.0465076668720987 -0.0388258620751174 -0.0175043408076785 0.0243444724558389
FY17 -0.0381790375115345 0.0307912204964278 0.0129848793468505 -0.0875190549968283 0.0204837920741051 0.0506489260308442 0.0311032683118674
FY18 0.0375007673473385 -0.0362721495405631 0.00603686225116781 -0.00917415788472898 -0.0327986365019532 0.13218486667597 0.131436779371023
HH01 -0.0823545951397411 0.0848409788466365 -0.0690347353514522 0.06420171903644 0.17565027239781 -0.0905873125023588 -0.0102985795785156
HH03 0.0113632037841499 -0.000880502110465779 0.00342198077687926 0.031490235806554 0.120736388947467 0.000221617499917062 0.00628312210151739
HH04 -0.00447693671070067 -0.124685977312142 -0.0702133712069721 0.00720061315167998 0.0555765948929196 -0.00015419913564088 0.0245624303282302
HH05 -0.022222354765798 0.0126047806283473 -0.0357919991460921 -0.0086490028256955 -0.0227027915726191 0.116982014770816 -0.00841086973744481
HH07 0.0347653113453015 -0.0142319096148064 -0.100782761441295 0.0368240733491325 -0.041439581123915 0.0391660068397949 -0.00562218245527026
HH08 0.0798705836769124 -0.0424361764528282 -0.0349578926782639 -0.0484944829514543 0.0200469607077175 -0.0128004395197595 0.0281641009076156
HH09 -0.0509003639443797 0.0246527940632256 0.034333496271513 0.0997871564303005 0.0108841794683492 -0.00285994569919239 0.027538550620886
HH10 0.0466754660450638 -0.0535484190426778 0.205313577349603 0.00750768450910183 0.0464144012217519 0.00545285297843034 -0.0448918291839551
HH11 0.0361433884647119 -0.00312174488876496 -0.0637772934779108 0.0127842254590635 0.072149326185733 0.0751596363897342 -0.145879882044473
HH13 0.0372123253093068 0.0805655613521432 -0.0167007803303513 0.0346561094193691 -0.0375445705000224 0.00311775200632731 -0.14796961032487
HH16 0.0588630769767866 0.0373509714848819 0.0675148580513722 0.0497698985172656 -0.0872201633142016 -0.0137637857000643 0.010039865347489
HH18 -0.00563585288222664 -0.133334991032489 -0.061851747693835 -0.0538898638026715 -0.0255263586013187 -0.0405719895840973 -0.101049380664236
JB02 -0.0111021053915872 -0.0747633028783288 0.0930137428810492 0.0446346773092238 0.168969021030759 -0.0901959258444825 0.0730960691165153
JB03 0.0869871372144124 0.0302698351204252 -0.158871177389657 -0.0850466947003783 -0.0356431258495577 0.00583708717196187 0.00423260220311203
JB04 0.120258508884731 0.0296487950188338 0.0099732428412086 0.0278669972465116 -0.105695221585132 0.0401820163024207 0.0222569783993013
JB05 0.0776083655073675 0.0588208265113624 0.19170103098414 -0.00356486821046819 0.168828625483225 0.09967881660662 0.0622162135805452
JB07 -0.040960729811797 -0.0187873041792669 -0.0289911990499005 -0.0404144715368007 -0.049006389020199 -0.00293512850258477 0.0384408169622317
JB10 0.117606907436854 -0.0327481674039727 -0.0597563509177305 -0.0219599213576042 -0.0144664463034089 -0.0728693710465011 0.0204105824570632
JB15 0.0132769851708225 0.137894736112203 -0.0746774265251209 -0.00836305038449283 0.0767855417954614 0.0596257674362842 0.0296558218753866
JB16 -0.0667663638627661 0.0346274975649788 -0.0473293201222859 0.0243048235690165 0.0590102860999926 -0.0403066218929812 0.0431501180620773
JB17 0.128003894810063 0.0694576136848734 -0.144338642608772 0.04059355065277 0.066021829303777 -0.10091198425649 -0.0137729918801425
NB01 -0.00632173348102405 0.0386084013809572 0.0288906308547541 -0.0287130645316246 0.044718198713023 0.0919334036325357 -0.0319021988163891
NB02 -0.0469305783192416 0.0237008408401594 -0.00457509084998803 -0.0794666504891396 -0.119187320747834 0.123151074752054 0.123646152822942
NB03 0.0168579145206036 -0.0538262221571161 -0.0852485632869691 -0.0224997001588607 -0.0724006267347804 0.0187279340586993 0.0317292167940501
NB04 0.00408184190328762 0.0165959668409241 -0.0441214682932461 0.0293911866698193 0.0203686157615846 -0.00538342302746027 -0.0773290267147528
NB05 -0.0875901405010559 0.00341138186186292 0.0462452928328288 0.0538792454344852 -0.170773479447519 0.041771026337307 0.0338449812209707
NB06 -0.0465496538895526 -0.0722530773831927 -0.0267455035513297 0.0331670567876166 -0.0358238879686641 0.122936012061407 0.0256120122596044
NB10 0.192220707498476 -0.104723325811237 -0.0103774451949751 0.0794984222481166 -0.00436491485048293 -0.0684046745959092 -0.0966485301851742
NB12 -0.0355354295251823 -0.0764069430386987 0.083716621495102 -0.0196057688469762 0.048030689717723 0.105889020372363 -0.119979154399276
NB13 -0.0291082208954411 -0.082266541141692 -0.0834499243125387 -0.119628212335508 -0.0190945401361955 -0.0133250975706114 -0.0706081381013635
NB14 -0.0756773137643146 -0.105951728797849 0.163993072941412 -0.0401160990869917 -0.00783569462918404 0.0229091005126625 0.0587310464174238
NB15 -0.0525546221468241 0.0222964104953112 0.0223867532752847 -0.0460225913790507 -0.088409083395983 0.0497825552927742 -0.0108603368300621
NB16 -0.108200722348784 0.0967569396513815 -0.00305777386992231 -0.0331935116498004 -0.0278547978112484 -0.0223872624649 -0.0597056732835396
NB17 0.036108715530301 0.0550165608181985 -0.00366082445276716 0.0287321640190419 -0.0731736772918715 0.00447839691060416 0.021292492603936
PA01 -0.0105672226042724 0.107110204728754 -0.0668541182169648 -0.122767837725676 0.0226270252690824 -0.00105987840962576 0.0316011406838255
PA02 0.085491785232315 0.0797822182687194 -0.0151748026762409 -0.077986656718038 0.10976050089274 -0.0572591307134302 0.0118211662469361
PA03 -0.0546752103264772 0.0477274132764852 -0.000190957845304996 -0.029298239608399 0.0571840353103765 0.127512965830219 -0.072444023083669
PA04 -0.039634320679855 0.0257917453343865 -0.0686779184857115 0.0509646618540522 0.0190075636879358 0.0401446642049414 0.0971402105922607
PA05 -0.107710104842991 -0.000175639258959626 0.0202519308958326 0.0342883999372184 0.136797381742406 -0.0192397003129718 0.0292887671894058
PA07 0.0957570643123503 -0.103984493964697 0.0750466086358497 0.0432439946244534 -0.0635632186868675 -0.00973537582270095 0.0469666846144638
PA08 -0.0702015146273423 0.0405975546077437 0.0124552352228718 0.0928329163703333 0.026830320963228 0.0273537987941919 0.0666079902118031
PA09 0.0741304890911513 0.0148991143946543 -0.0632704671000106 -0.0218639234786591 -0.0633892467796701 -0.163394404033312 -0.0999493214847718
PA10 -0.0372877919244152 0.0178965999781325 -0.071527089466684 -0.0862566592217271 0.0845292246285916 0.120604066129739 -0.00596757397901583
PA12 -0.0274229965792553 -0.0381760731111828 -0.0571177391196758 -0.000723642516036975 -0.0579133607919975 0.121661113273565 -0.00740547022667289
PA13 -0.00868349272765287 0.0213817405466501 -0.0673067978865025 0.167056699822406 0.0140728157554667 0.0334880972076649 0.0103670139306802
PA14 -0.0956752712020767 0.0177108088407712 -0.0755131001788719 0.147711769727752 -0.037118788936543 -0.0538625824828179 -0.0228795926332812
PA15 -0.00715514923426434 -0.00565169191460354 0.182575501026557 -0.00443620124025229 0.119802853669585 -0.0714653294842144 -0.00745892261240404
PA17 -0.0648700777626859 -0.0114799396997504 0.0405442674369332 0.0611378107799486 -0.000945922489017187 0.0959100671403193 -0.0767845763239023
PA18 0.0865492447612285 0.0555907270815632 0.0996747661126466 -0.00631946956855988 0.0224350742744532 -0.146329926101104 -0.073362597439677
PA19 0.0488412065626662 -0.173210048644757 0.0138467352814427 -0.0446548435039819 -0.0174603883476039 -0.0238559846718926 0.0859965224681979
PA20 -0.0861314766590144 -0.0280050922200964 -0.0514333903919571 -0.0492153178303407 -0.0583702249021264 -0.0174184473147369 0.0627663886851682
PA21 -0.0568835275710224 -0.0635640652082405 0.0249438656051588 0.093378126355511 -0.0553747545022786 0.0162640458616794 -0.00447050689319892
PA22 -0.0634262432056801 -0.0640358555084923 -0.0884626835372742 0.0285270065264137 0.00554359816113688 -0.138046430768382 -0.0159239927167749
PA23 -0.00661296680536127 0.002532941198767 0.0770807526321369 -0.00665673563994417 0.0449471618318552 0.0966736962831033 -0.0639286101187805
PA25 0.00197665575478432 -0.0246246743426724 -0.0335916303228002 0.110049918927769 0.0357771508983305 0.0913071201374869 -0.00991171489007817
PA26 -0.0183778683264397 -0.00395653077122288 -0.0689701044505474 0.0349006281111211 4.48426659199201e-05 -0.157793801006705 0.097265549978585
PA27 0.0878856387213856 -0.0931578823693364 0.0351350030349086 0.144225987810851 0.0602545738424905 -0.0171175326558049 -0.0261546298420213
RB01 -0.00708137078161993 0.127609767798325 0.0530658480596547 0.0864403536531963 0.0656145461231315 0.151879517378713 0.0234409234522691
RB02 0.0593796860033921 -0.0511404003218033 0.00934348404325818 0.190014373791485 0.0792182353839723 -0.0697563126352287 -0.0273404782329936
RB03 -0.0378530436243223 0.0759694532299819 -0.0321332263844457 0.140056104644821 0.146905927274069 0.0015462925797093 -0.0165246929506805
RB04 0.00467159524190312 0.110246482070175 -0.0388795380418612 0.0388195676161253 0.0730634383774503 -0.0670493745081503 0.100900136207177
RB05 -0.0231048607596804 0.0613031759459371 -0.0585561344680948 0.0522196627553145 0.0492777832024326 -0.101295539036884 0.0146940948244988
RB06 0.0765163569608071 0.138306259678776 -0.0404024428919895 0.0202928753041149 -0.0969378994512515 -0.0610406644203472 -0.00252337383167863
RB07 -0.039057893143081 -0.0365248404745448 0.105582554078322 -0.0550308446903076 0.00808719725236755 -0.129661592084361 0.0325470384879544
RB09 -0.0538300446760127 0.0359393590453077 -0.116904365868405 0.0200343833354807 -0.00379039767271345 -0.196735897696133 -0.0233534166712236
RB10 0.0362076671275124 0.0863145462653441 0.0760903617785477 0.1388353200732 -0.135390780566205 -0.0613776887406827 -0.0499479773442206
RB12 0.00833806962811465 0.0895847114147648 0.188087845130189 0.0406834377839435 -0.0250000801274528 -0.00382230043964001 0.00159351228028262
RB13 0.00347284030221062 0.12353727910105 -0.0637953647320623 0.00723532712150783 -0.00717114049350355 -0.0397322215045856 -0.0672976427816948
RB15 0.0187007283735966 0.00667751899055725 0.0127794590894968 -0.0427518909098857 -0.10447866513505 -0.0897442487909839 -0.128698908017539
RB16 -0.000216461500456568 0.10390937333202 0.0115865764334481 0.0439433429155391 -0.0707450445403887 0.0907319429952281 0.0299520839775082
RB19 0.0413491360389357 0.175337756947001 -0.0355497097118362 -0.110808019040907 -0.0932054852256148 0.124964077513831 -0.113966567642913
RB20 0.0552565985332312 0.0497532106922014 0.00270361809473395 -0.0663180732163808 -0.00424882116290167 0.134280488872976 -0.0295798370896547
RL01 0.168554436698052 -0.0319203836029879 0.0380874489741005 -0.0443432374336522 -0.095295088064743 -0.0402603807543037 -0.0889747985071538
RL02 0.0409820016005914 0.0812761192327574 0.073876991647271 -0.0117013640137494 0.030859833272475 -0.0850891134534253 -0.00869062829777297
RL03 -0.0470315739678719 0.107681235615021 0.0215189048886994 -0.0779324071794501 -0.0740505368431427 0.0283358316910223 -0.0141082435474444
RL06 -0.0436387671428492 0.0566093972114042 -0.0184089284281141 0.0666993026523897 0.0725371969888339 0.00835979646308745 0.107997709455612
RL07 0.00999630517665212 0.0474635581036721 -0.107983402814098 -0.0229599557425526 0.0326545691381981 -0.00857606572982086 0.0315805070833133
RL09 -0.0756742377508031 -0.00284160039553477 -0.00873872697175058 0.0597143458393844 0.112977795756892 -0.0828407335402323 0.0648226524959906
RL11 -0.0334082850101549 0.165736631398838 0.0380321070699394 0.0295376966481395 0.163828256263815 -0.0492310845129738 0.0359856877372324
RL12 0.0464426917933679 0.0401575132187293 -0.105511737198739 0.0223291990331062 0.0418890661671337 -0.14298876112296 0.114902929030062
RL17 0.0117307256140089 0.00386209647981649 0.0212225514107064 0.11815544382503 0.0531977026310002 -0.0412816986726165 0.00247920068631264
RL18 0.198574343412142 -0.147507811346425 0.00198207990607548 -0.00939041279431071 0.0286622819097462 0.0370506728778074 0.00707997257380547
RL20 0.064814744542412 0.0748069671310133 -0.0354104201806902 0.0888333875058275 -0.0369673997681559 -0.0165878765395012 0.0430288029856105
RL21 -0.0777004736174143 -0.0055626626393899 -0.0413517757447747 0.0178258260799516 0.0848977733110668 0.00835707866168528 -0.0195177566551276
RL22 0.215019095886943 0.0935353875405839 -0.0331631497994013 -0.253143311773956 -0.0562788086459262 -0.0550690038570816 0.38822358458278
RL23 0.025828623560643 0.144506949331447 -0.068381560609241 -0.0275626005309926 0.134501573181755 0.00704551585367569 -0.0160624851318622
TR01 -0.010191216534907 0.0616200122029402 0.0325377194506991 0.0549840387391546 -0.119988057493096 -0.0571633351178953 0.00159103692022217
TR02 -0.0717622285188837 0.00928936245254217 -0.00805695574966018 0.0232811422069423 -0.073692958465937 0.0671015496309838 -0.0440673943163132
TR03 -0.0992466484387921 0.00579221339755113 -0.0728888914450496 -0.00879700460031603 0.0636177389498673 0.0198248099004192 -0.0256078055077639
TR04 -0.107968672951341 0.0741969286894251 0.0521369549349389 -0.0867823854991226 0.0534327223444285 -0.0652892336350438 -0.0715810592132107
TR05 -0.0528435420245456 -0.0948275143986097 -0.0335436406475437 0.0885267020096917 -0.0608617258845078 -0.091557386904266 -0.0474088459833547
TR06 -0.159836123691582 -0.126800349069616 0.0722616941449703 0.0264439881421748 0.0491986947049231 0.00208092547923021 0.104111680785394
TR07 0.0350603726850442 -0.000756524432249613 -0.0929590153334915 0.132826190875187 -0.0734897445332315 -0.0510116686228743 0.0106778442157323
TR08 0.00298011331400461 0.0134504862619778 -0.0336957653979277 0.0958701760397022 -0.0269249159808543 -0.0274954592390807 -0.1263663154521
TR09 -0.103580696298195 0.0839910908315137 -0.0562749910474375 0.0192048878482277 0.0153839186880499 -0.00872107064763384 -0.0682983505935357
TR10 -0.0854311750136698 -0.023792935759375 -0.0302792927384584 0.154311017283733 -0.0471608918770463 0.0407893453580079 0.0335517814910004
TR11 -0.0641977340723098 0.0287868780426313 -0.0346140358339539 0.014061040352019 -0.0923818945567555 0.0297655930724459 0.0191516158252884
TR13 -0.0616026078403631 -0.121303481750452 0.129924860558674 -0.119332509088449 0.142323714281883 0.073399441610793 -0.0633616727268362
TR14 0.231739113557482 -0.0708194506442059 -0.0423789530164874 -0.0865559128239845 0.108520528169705 0.0345954169116122 -0.00478006299318799
TR16 0.084423902302255 0.112018355762082 0.0739415489362591 -0.000630202429115299 0.0083054634925859 -0.0374285515211853 -0.0492104019735828
TR17 0.0760387327297873 0.0454900627337869 -0.106525846963456 -0.0774566995153574 -0.0953629905167514 0.0707050482237334 -0.00196015341408184
