sample MDS1 MDS2 MDS3 MDS4 MDS5 MDS6 MDS7
AN03 -0.0557830092770308 0.0132218168471476 0.0687632217786071 -0.0011390326418581 0.0183366239849221 -0.0134827147651673 -0.0768417236929881
CS01 -0.0240743364402745 -0.0869923335930774 -0.040744715066257 -0.160212092221561 0.117223067661402 0.0539777820824663 -0.00142414736150072
CS02 -0.0352908646397985 -0.0479916030664075 0.0478990104673197 0.100943946376091 -0.0448158460542856 -0.115630146611453 0.0989025992262773
CS03 -0.0549482680849887 -0.0295466799323137 0.0190136837397717 0.033254714033391 -0.0757853394317419 -0.017539548053517 -0.00862809002675817
CS04 -0.0409627072179335 -0.0107948461812734 0.0148788218760463 -0.066229697523176 0.0799513612924116 -0.0551121334228301 -0.0343898073584777
CS05 -0.0893079932774818 0.0602383203356931 0.0253298136560487 -0.131312992628692 0.0762735714098283 0.033553892139385 -0.0367736952638913
CS07 -0.0239730487744359 0.108710628145244 0.106983680534665 -0.0238189035371484 -0.0503752110564145 0.117123809985964 -0.0770026113418645
CS08 -0.382551456177 0.0692642560509484 -0.123856524050949 0.0443498146742279 0.0106498092178007 -0.14744152524848 0.00139762417943986
CS09 -0.000143924748564462 -0.108385503325548 -0.073583121071117 -0.0108297670324508 0.112782865370863 0.035546133890278 -0.0136382363719584
CS11 0.0135547296965978 -0.0996656016872256 0.0436103194945607 0.0806872276039616 -0.0417776550820135 0.0509025636342016 -0.00970991745649803
CS12 -0.0207488587487514 0.0983042699745367 0.0228117934782966 0.100811053347526 0.0407782933786788 0.0379948416312803 -0.0561419372637195
CS13 0.0977017876533293 -0.00175742606171417 0.0142552328695982 0.105586620700786 -0.000217449200699549 -0.0981319758044842 -0.0154889770917845
CS14 0.00639601187769308 -0.0452283371329923 0.044982764795358 -0.0482950188946594 0.00928199463211599 0.0703395111659599 0.0988729242381683
CS15 -0.0376375312262241 -0.0261869987020174 0.0884985293525714 0.0071534568855951 0.0196049496180322 -0.0668392304668089 -0.00774198003034186
CS16 -0.0353315593000148 -0.0554425647260768 0.14180172568825 0.0956438266168101 0.0360586134617932 0.0647590908257738 0.0187886282149768
CS17 -0.0937904748692048 -0.124591172889281 -0.0241650176777681 -0.0909277662299731 -0.022560341604974 -0.0285832184773128 0.0799175907021668
CS18 -0.0407246695308832 -0.0224902807065445 0.118053409187484 -0.0390449988587315 0.0791183118798758 0.0557593740663361 0.111157138030683
DK01 0.050570240007093 -0.0697257602944453 0.0401734602302912 0.024471211495926 0.0748862761682559 -0.0150039238069755 -0.0142014798343966
DK02 0.0301364961320808 0.0593973816319374 0.0353158456588546 -0.110967070890528 0.0532517323856695 -0.00555888548722225 -0.00134233907302086
DK04 -0.133436903488195 -0.0387840001062897 0.116837735690702 -0.0429795271433219 0.0550862754242884 -0.123305450598717 0.0326733627075283
DK05 -0.526290940493157 0.141090535157099 -0.139120025053693 0.078765636423765 0.0304991697664012 -0.122226984190582 0.0767959838106182
DK08 0.0296324518883347 0.10761909945831 0.00434987623802235 0.047479816724865 0.0318984600524743 -0.0932908131668052 -0.106888289263493
DK09 0.0130287422236983 -0.0239978212508585 -0.001012758996557 0.049811179169535 -0.00187840837606512 -0.0305010225105137 0.0472750583183971
DK10 0.124960354844865 0.206335578847113 -0.030090551273755 -0.048986083592458 0.00170240610285166 -0.120836442372043 0.0503813683317655
DK11 -0.051838022298761 -0.101011007075385 0.0581492230573073 0.0814570101023868 0.120459658343056 -0.011033779431556 0.0847564681307407
DK12 -0.0653761690188818 -0.0630445137376823 -0.0118770393964662 0.0140171666376578 0.0518396748579926 -0.00300259578061501 -0.0238374210499457
DK13 0.0230703772418052 -0.0505124485558476 0.0132429251197559 -0.0154097881430584 -0.000231374133240869 0.0846281056351918 0.0421626298824495
DK14 0.0624903229414337 0.0583347560722887 -0.0431041877422882 -0.0275937039737749 0.0998412300224904 0.145287721837719 0.0806421677636308
DK15 -0.0875647484847615 -0.0840795062904644 0.072466999214599 0.0374699533157687 0.00285313354111369 -0.0622612687851294 -0.00649019558890185
DK16 -0.0115606772781863 -0.00310212194656128 0.0341140156527527 -0.010008119552786 0.0416714488071431 0.0436398344808649 0.0234515167032375
DK17 0.104650136817428 0.00142739223427547 0.0712095900027407 0.0285899942944338 0.053226598594831 -0.00116696892603948 -0.0331946317214902
DK19 -0.00587513833115953 -0.0521565389074961 0.0994907639400743 -0.0663598327515763 -0.00402814935969805 0.0802761478426634 -0.101008907009175
DK20 -0.0244839264407971 -0.0914022249961201 -0.0520831260248355 0.0618357896841865 0.1032661926407 0.00419158622468378 0.0472740011682977
DK21 0.0532489431541499 0.0550065277336536 0.128460042710071 0.0425163166206416 -0.100630171642535 -0.118758954966795 0.00851173293638801
DK22 0.0850204998635348 0.0334863660913828 -0.00906809199208025 0.163424524780698 0.011447426846109 -0.0920719931082517 0.0523481566999084
DK24 -0.0879317102840844 0.049533929140517 -0.00593828679405592 -0.0835829327848237 0.178129885933144 0.128603963876426 -0.0297299735662645
DK25 -0.0654460331075694 -0.0222404876162997 -0.00161985479682146 0.0497212731675382 0.0663158753282451 -0.115156480542395 -0.00735869756651436
DK27 -0.0280240385545659 0.103128807752661 0.126140406876231 -0.0674631887356178 -0.0363394378972829 -0.0102625129379338 0.156386480181976
DK28 0.0861977984420606 0.147496367848125 -0.0643665114427314 0.118407862174457 0.114542258347699 -0.0844611667059074 0.0109340240221758
DK29 -0.0385280018913922 -0.0993908545482033 0.0264575336385592 -0.0841799643661827 0.104693321613443 -0.00696370053862035 -0.0495099106724869
DK31 -0.0801374845531979 0.00970231972275797 0.125141519710705 -0.0332718068007874 -0.107968717973123 0.092908022423258 -0.0226254466846904
DK32 0.0571979754793329 -0.0644008162713426 0.0420553126063667 -0.0514470738013446 0.125443303360759 -0.00355906604347179 -0.0231981505749042
DK34 0.0395701652204163 0.0681518814076616 0.124158258734119 0.0519386652328388 0.008665307268431 -0.0130139157601481 -0.0944071015526524
DK35 -0.0712961613480245 -0.0131789055173541 0.145081851855665 -0.0210837965936563 0.0634918629745021 -0.010923181666575 -0.0873246398220483
DK36 -0.00306662237515791 -0.0722443999106584 0.0844701787788004 -0.0531842254402073 -0.0229606462251256 0.0849671583195667 -0.113694445514283
DK37 0.0246546459828903 -0.0409326343025859 0.0378450008483141 -0.0194864528424329 0.0531207159141596 -0.088571406839832 -0.0683298079491393
DK38 -0.0304772571178403 -0.017311120463606 0.0786689682111155 0.114066276467378 0.129718501799594 0.105075543819646 0.106682115125573
DK39 -0.0205617257393454 0.0336632494868256 0.126692380501718 -0.0627579910439912 -0.0233341414494762 0.06931878973752 -0.00123215534053241
FR01 0.170647797084095 -0.00719461511110597 -0.0710946438895837 -0.0914342980136218 0.0485733626765629 -0.0816808007248631 0.131435593228709
FR02 0.0575183116038421 -0.0629639545583449 -0.0218994326122887 0.0410175225068915 -0.00748770141340626 0.0472302286310751 0.0211794968004671
FR03 0.0721848335188971 0.0140821101091082 0.0999624903856283 -0.0562123964360474 -0.0686032581299916 -0.0915198144848637 0.0454321384334505
FR04 -0.0120412349605006 0.0820134521962835 -0.0490761955586769 -0.156073322249685 0.14665716398086 0.117275162925972 -0.113939550762153
FR05 -0.0102209989428882 0.160089239560301 -0.113941280397315 0.0856076969114037 -0.150546754848386 0.0343594622373327 -0.103856196292806
FR06 -0.0198420373504489 0.000926022551789925 -0.012098640788247 -0.0516612436576572 -0.0670675458938834 -0.0771831923081082 -0.212917104694564
FR07 -0.0664515991764769 0.199345376284479 -0.0759102802279882 -0.0747662485934207 -0.0156009226914713 0.0143990513956425 -0.0423328676026037
FR08 -0.00351801800411527 -0.0671495290820272 0.0634506969453179 0.0730102213613222 0.0803536219729704 0.145372768108768 -0.0334880430668165
FR10 0.0622909382825964 0.0306181743449019 -0.0379253703288575 0.0329026103628289 -0.0619382855042664 0.00237882529850938 0.141190307837686
FR12 -0.017317590224457 -0.0223413994029234 -0.0887383043930616 -0.106945659198597 0.00447996054851878 0.00439808694977227 -0.0264195395462388
FR13 -0.0658128669344703 0.101436894484205 0.074226443278307 -0.005338988548599 -0.141843005899844 0.146413316234647 0.014405374519289
FR16 0.000389488551911482 0.168199132351484 0.00657790565990648 -0.0344417065898684 0.0293227402038618 0.00470317124399944 0.0209298013741429
FR17 0.0578241985852845 -0.0225944664918454 0.0689866055897894 -0.000993617799588569 -0.0668064561768288 0.0565501566836758 -0.127990172600043
FR19 0.0427133746566245 0.00889745199023518 -0.0115912524129436 0.149752235302461 0.0621741283456934 -0.0536755570338532 0.097268416852808
FR20 0.020647036518873 -0.136077795380896 -0.0212644366107243 0.0337458690542979 0.0599140641347169 -0.00423026546557613 -0.0551874970865901
FY01 0.0520278468438086 -0.0134115667592551 0.035790115038846 -0.0649965673503968 -0.0830900397178413 0.0286227967985141 -0.131360441166372
FY02 0.0275827381065541 -0.0944632471800213 0.0780851463794894 -0.0383168676652866 -0.0437711981439185 0.0662381541267711 -0.0244700731111715
FY03 0.0493736373184804 0.0337532003383 0.0377192614151085 0.028193985033834 0.101213151989314 0.0623217105528637 0.0120701199289444
FY04 -0.0801778712540128 0.0305582743609926 -0.147531145708837 -0.12611736726591 0.030311292531446 -0.0469594414891905 0.0569009411880883
FY05 0.0476196571005848 0.0190445226694146 -0.0501555779101943 0.0668225268048648 -0.00862595277290309 -0.115610177343162 0.0304150759272024
FY06 0.0166121103632716 0.0213714642956887 -0.10857061662908 0.0895282599631291 -0.00207859680854931 0.0201217818511469 0.00504395920438634
FY07 -0.0977653095312115 0.0363421750110034 -0.081259694017089 0.0595696721743637 0.0725872067485904 0.0900962969625481 0.00968305863921514
FY09 0.0469747743641322 -0.0535545236021797 -0.0181892907587835 -0.035139481564965 0.0519283575263326 -0.0122259166257519 0.145392318561304
FY10 0.0539509104139526 -0.0384628727613746 -0.0765934476204697 0.163513245162814 -0.00423118946532546 0.017719286132113 -0.120743696994071
FY11 0.043458102737779 0.0908946266805602 0.0463214642122607 -0.0839664978641559 -0.000126700674462916 0.0800174701364832 0.120713189574228
FY12 -0.093959798841558 -0.0410180407149262 0.0295019973027396 0.0282802892067549 -0.0344036471003036 0.0847837349383646 0.173343935541782
FY13 0.165914859461622 0.0416054215626255 -0.116763772004662 -0.0880791081179113 -0.145439157838812 -0.0924584497224517 -0.0551275310496323
FY16 0.0729112124442147 -0.0427410841277775 -0.0352504057578047 0.0651964897978009 -0.0199413040707047 0.0708580997733483 -0.00196407132075576
FY17 0.0270373381607125 -0.0450316437678199 0.0223359827397613 -0.0604231643357395 0.087442294498254 -0.042546114783667 -0.0693319841310282
FY18 0.00316437727259486 0.0555650165913408 0.0348664216654605 0.0537207995951312 -0.0254884865894537 -0.11989610307178 -0.0471349359504632
HH01 -0.0650538908844525 -0.100668583854167 -0.104239012506935 -0.133656289391378 -0.148020098921138 0.0551756915567556 0.0172105485542387
HH03 0.0226191656864803 0.000805510283093247 -0.0135757220566011 -0.0833846914380149 -0.0747326984723708 -0.0176221282823573 0.0350429876766499
HH04 0.0416338661466075 0.070133130158041 0.0476163593630377 -0.0603794808751954 -0.0484157352252917 0.0216178892116953 0.021381636408684
HH05 -0.0121729903788306 -0.00959509168362654 0.00478481287286737 -0.00783568584572108 -0.00863430294907559 -0.0801423720874502 -0.0837441272441534
HH07 -0.0775315892300908 0.0736170497361319 -0.0374655720990102 0.0438916660301428 -0.038615681102311 0.057065128367615 -0.117618163669085
HH08 -0.0122911397738917 0.0759074879991577 -0.0443155730312181 -0.00766030524191858 0.0470261019602198 -0.00982523137816668 0.0462553081242173
HH11 0.0680317363020634 0.0337262153070132 -0.0447718278584014 -0.0872417006997538 -0.0350397357554791 0.00909594392591458 -0.0785953146577146
HH12 0.0130234300526985 0.00757281760431022 0.0295514693891376 -0.0415658121130253 -0.00476556443914302 -0.0986663787148532 0.0488236030737188
HH13 0.0166401222672809 0.000650169799585687 -0.0727619058992121 0.068643868128094 0.0203939873109253 0.00634267120604028 -0.0763696472934842
HH16 0.0732091655420473 -0.0163633314041772 0.00421185565044568 0.0977653649505588 0.0359522868836617 -0.00330956574545144 0.00931924143897637
HH18 -0.00759782600713806 0.0605785194189943 0.092150645432797 -0.0479156566138603 0.029254457371873 0.109099809206274 -0.0578897046695879
JB02 0.0352167928320367 0.0233061504279695 0.0460811419996344 -0.129937829174292 -0.115413108034637 -0.00309936881772055 0.140367482087895
JB04 0.0874461202430232 0.0235848522848668 -0.0253730699181857 0.0849901346624782 -0.0027277159483 0.0294448147492855 -0.0356506536122974
JB05 0.0592921630156014 0.0156361515565732 -0.0790889984437971 -0.121880857748983 0.064057795614006 -0.140747919023871 0.130041823432342
JB07 -0.0103157410957502 -0.00330801463039031 0.058029416602516 0.0393879781007153 -0.00333198340191059 0.00120216607831876 -0.0570020751328602
JB10 0.0160485747028813 0.0861366703710509 -0.0574397734880858 0.0289063459409269 0.0182890838382047 0.0677180415371848 0.0171323435019456
JB13 -0.0287384115581242 0.0028265378706792 0.111878719920935 0.092549103063238 0.0384875835805199 -0.0445349513808178 -0.00352921129522071
JB15 0.0187458239383022 -0.0642882652103468 -0.155932914477149 -0.0363331277689861 -0.0245205883194176 -0.0679774913961489 -0.0696683071328122
JB17 0.0517798410226972 0.0719944856447303 -0.182009991721967 -0.0327075236861731 -0.0280593151222333 0.135635991905894 0.0120270640456771
NB01 0.0239995683275569 -0.0345151423926977 -0.0100325147410982 -0.0735521632392792 0.00251832875001682 -0.0577444960455266 -0.115231725460214
NB02 0.0129725856877288 -0.0514395028972953 0.0510291919350464 0.0746166864053405 0.0805043356548239 -0.124878438023182 -0.0837269458910447
NB03 0.0130480585944242 0.0388676540100243 0.0433325764091578 0.0400950430829025 -0.0725050948029996 0.10313472887374 -0.141975750531555
NB04 -0.0197573278776544 0.00665869943500394 -0.051930220735299 -0.0256253298023769 -0.05425162138532 0.0254511980727138 -0.0288697885183326
NB05 0.0119225850122557 -0.0574974972488757 0.093847533478802 0.181373340370015 -0.0102790699977484 -0.0510977392940064 -0.000809452031063605
NB06 0.0556388980862877 -0.00220829624352089 0.0791661342076041 -0.0170188873842597 -0.0416866059073367 -0.0176328221205391 -0.0819165176234788
NB07 0.0205211119467602 0.12497219947381 0.0340006539579438 -0.0245212392441089 -0.00205766323173861 0.0114095019677569 -0.0167208105826739
NB10 0.0922223887206467 0.176714717386729 -0.0376485935046185 -0.00323037355962169 -0.0138488277594225 0.148257766029271 0.067526846311425
NB11 -0.0421037055527108 0.0221260408607085 0.0161080363871794 0.156846357077173 0.00582446114166999 -0.0707977257876779 0.0273511501929471
NB12 0.0263277247007643 -0.0081248931737278 0.0951343602865043 -0.0954110878454867 -0.0228136431568447 -0.0385492215293354 -0.0427049880651749
NB13 -0.0171963633355738 0.0300616171476678 0.0670402987406122 -0.0638014571974578 0.0556946636979745 0.0811375601130686 -0.123003338148195
NB14 0.0189326657695822 -0.0287377406215056 0.189090716683284 -0.0427648791357713 0.054988488002893 -0.0670073220983712 0.10252936885755
NB15 0.0220588646057607 -0.0595140595250624 0.0210531119081215 0.0594848652481051 0.0837957014457569 0.0258963806280218 0.023781119156602
NB16 -0.0393184000251503 -0.122711958737931 0.0154053402649325 -0.00908918504184669 0.0724856802760337 0.0756771268010946 -0.00618952346614526
NB17 0.0241433263070893 0.0126840354450791 -0.0287218738142437 0.0764898796008028 0.0574530516043634 -0.00623036651165422 0.00203111696317312
PA01 -0.0915186854714281 -0.0360069212527701 -0.11974250355415 -0.0180105508392565 0.111548319441346 -0.0558119363032554 -0.0526863452130798
PA02 0.0229667861416039 -0.0202355390286789 -0.131533507771874 -0.0783557409561008 0.00956600717108871 -0.0129884781133964 0.00569426606067219
PA03 -0.0432761748677603 -0.0640164644593965 0.000598655680799527 -0.111190153465017 0.00078988256057421 -0.0473258823736346 -0.102012868240126
PA04 0.0183817026792761 -0.0284530444149405 -0.0569814738181416 0.0454281042301059 -0.0687532479884235 -0.055852379207557 -0.0317185506656088
PA05 -0.00204600940892267 -0.0890496841848233 0.041099941428464 -0.141731517002555 -0.0483721269682454 0.0531866466561062 0.0796618058660354
PA07 0.149752255450293 0.0815489007713701 0.0875813194346942 0.0303784033042614 -0.0194884849419745 0.0519693480095116 0.0304885431665628
PA08 -0.0311702886206619 -0.073074705939016 0.00367723663596687 0.0227264895617004 -0.122001783714238 -0.0964198213532988 -0.0286132298790941
PA09 -0.062264534077994 0.0550283137027998 -0.109252432955033 0.0367295022143687 0.00399655717513392 0.193180914939129 0.0190810764522566
PA10 -0.063263108966298 0.0178469181467656 -0.0215659876196455 -0.100196628695274 0.0310961117560985 -0.110540756556598 -0.154739218715692
PA11 0.0550742247494418 0.154722324002204 0.00893179472357676 -0.110500999592472 0.0714528395127876 -0.0199276030397973 -0.00575599868673296
PA12 -0.00828508145863005 0.0385540655091797 0.0650461189136579 0.0234836209876776 0.0160608402985185 -0.0701148637286648 -0.158154837527515
PA13 -0.00203848688949025 0.015869282969467 -0.0296626981832913 0.0467101500263877 -0.142092563481959 -0.0550619986728207 -0.0406377132817034
PA14 -0.0542231004758727 -0.0496156833767591 0.0210538885451143 0.0726320625912191 -0.142229361537066 0.0502998635418634 -0.017038528783832
PA15 0.025878771522038 -0.0278380687203766 0.0395667699991797 -0.0913392474978438 0.0128975604638984 -0.0635845454748051 0.192622429466986
PA17 0.0327182996404577 -0.018992684029048 0.0343670697710642 -0.019187724159207 -0.0398204668480417 -0.0431473706149601 -0.0748337179913638
PA19 -0.0830400442094642 0.158407734763337 0.135733716873754 0.0117024169034622 0.0177776094984654 -0.0815884980319818 0.0436827247921124
PA20 -0.0797690011004578 -0.0225964152915527 0.0426666175108959 0.0550098218305514 0.00481947076041254 0.015026761237583 -0.05772574931023
PA21 0.00649919087675293 -0.0106488790155626 0.10414242092212 0.057533294770914 -0.118399185258056 0.0314870525465343 -0.0502027632260829
PA22 -0.117764061393251 0.016865218690321 0.0191439897981293 -0.00885531670296896 -0.0717018435225042 0.140802693654678 0.0333925748376195
PA23 0.0489404192112036 -0.0256028822808811 0.0275752730322396 -0.0549831976551528 0.00878628531357608 -0.0368081835208556 -0.0379231791774703
PA24 -0.0597912984320546 0.0420174612949356 0.13411002550499 0.0216453339155872 -0.0158269103653928 -0.223137058118295 0.0482502715644012
PA25 0.0392882565977002 0.0196252616692522 0.013029641253477 -0.0356751402090589 -0.123344337563116 -0.0244272803095063 0.000714365189662194
PA26 -0.0401070885949312 0.0185871887200743 -0.028785530599782 0.0210308610001953 -0.0750087556716261 0.129629055124972 0.0445103750615596
PA27 0.0148186205075252 0.118239989724638 0.0270723987035926 -0.0266875002279353 -0.100292311221529 -0.00227742532421011 0.0902090860141552
RB02 0.0113621635178693 0.075222527406376 -0.0198238815450645 0.00122836111457088 -0.191044050931504 0.033241274970939 0.075237401681983
RB03 -0.0226648767011869 -0.0380229311178537 -0.0866985757296847 -0.0688715096071209 -0.166866153494962 -0.0728339414178013 -0.00692096592433671
RB04 0.0141834992543658 -0.0612182931952051 -0.0840773952017353 -0.0146653305316579 -0.114603432906634 -0.0366195653797312 -0.00724273532421909
RB05 -0.0104892325090168 -0.024437654925767 -0.0787645024020439 -0.00922442676164413 -0.0692739725811685 0.0700226293319592 0.0813391807663287
RB06 0.0228598925189469 -0.0417191333440239 -0.133566423491837 0.139130391367545 0.0293167011468587 0.0348568624448893 0.0148498597985653
RB07 -0.000392292306207855 -0.041475955093228 0.0407280240142388 0.0118880306105992 0.0424593925342048 -0.0267323090454113 0.165757774532375
RB09 -0.109044391193508 -0.0423209183063387 -0.052211237299184 0.0396894246192959 -0.0600282581409261 0.141456264757027 0.0321482742549401
RB10 0.0454804829297513 -0.0227924048874848 -0.0573900569238991 0.192020961186323 0.00713048950574729 0.0180183527680142 0.136380045392017
RB12 0.119907792631555 -0.11767036609035 -0.00413575128092621 0.0185338639417062 0.0185920407375377 -0.018395045734864 0.133364626072404
RB14 0.00225790670003135 0.0023673224512733 0.0475260200710131 -0.0195538097344995 0.0291833795070238 -0.0484879239749509 -0.0393450240632279
RB15 -0.00758003622547098 0.0103903917036169 -0.0120044522217437 0.0599285805299495 0.0823913470256105 0.148158853319944 -0.00606560465408726
RB16 0.0350569525427384 -0.0847655422923917 -0.0636612173356783 0.108008388174543 -0.00590540109328753 -0.107442386762295 -0.00516556056905867
RB17 -0.111497077689551 0.076801102211527 -0.0170766672688747 0.00204709533558044 0.0892093690290909 0.103302488703596 0.0255022658988513
RB19 0.110779529661437 -0.0986114137991768 -0.11703468355497 0.0198334659963152 0.162710978581123 0.0204785368284836 -0.129963998219592
RB20 0.040187586120414 0.0150696615459323 -0.0526048248983826 -0.00682661129633627 0.068864200238409 -0.115667809617015 -0.066667527880106
RL01 0.0943689059586843 0.12263706367011 -0.0120945920263147 0.0691240286627129 0.146544177922423 0.0736409914748644 0.0380763088911968
RL02 0.0313908568827098 -0.0298333276217962 -0.0509257621365979 -0.000325202000238505 0.0922871811363838 -0.0316624794112681 0.0977479962242755
RL03 -0.0274936868975426 -0.110097472948124 -0.0486869068897637 0.0634212424393406 0.0910704038180279 -0.0516436341871951 -0.028890825095904
RL04 -0.0146061208413633 -0.0564974437332673 -0.074129316948311 -0.0475246933673509 -0.137931461712099 -0.0436496584081433 -0.0682120847235644
RL06 0.0346053717821377 -0.0913484656665295 -0.0308837413394726 -0.0480316564406763 -0.124746994327032 -0.0352959736931455 0.00150553656800935
RL07 -0.05129340554482 0.00800361394775875 -0.0657737133804225 0.00175758515889124 -0.00910422104479587 -0.0166570723004435 -0.0334882918404244
RL09 -0.0161166666205586 -0.0596965681190019 -0.0063443988485363 -0.0635821349401045 -0.139418021624213 0.0216644986915951 0.0879826833333012
RL10 0.062496805536901 -0.0494670748131073 -0.134873382276041 -0.0228481099163678 -0.00944645465020394 -0.0615016859605612 -0.0897673577140169
RL11 -0.040901115544005 -0.114339043464878 -0.14067947945291 -0.0807319528548035 -0.0570205065066233 -0.0452922352699182 0.13048957499203
RL12 -0.085196898102098 0.0305350041423642 -0.0981190556252607 0.00754440790776655 -0.0630016406610784 0.0539923215867459 0.075049490577029
RL15 -0.0419389911591344 -0.16106867866648 -0.0918245000276646 -0.0270774868675944 0.0269327420118827 0.0183269342001039 0.0923286052551214
RL17 0.0361778697639991 -0.0105575539450136 -0.039560919107831 0.00565518600918793 -0.11437605117775 -0.00594494890899937 0.0678291928439304
RL18 0.0459643668008268 0.238421901458288 -0.0036832711519724 -0.00452159514175884 0.0618923702278409 -0.0639585774277001 0.0563200438160555
RL20 0.0188262603530201 -0.00814456440851159 -0.100156961254677 0.0861029660075864 -0.0954366997524553 0.0309739884933124 0.00834493303181766
RL23 0.0468767046199305 -0.0594697865624694 -0.160084196648397 -0.0978855832567278 -0.0120076593354983 -0.0159000749284645 -0.0455370426131638
TR01 0.0546404648489467 -0.0644289737159625 -0.0089357975477602 0.128883118454933 0.0103977166248173 0.0528765327564365 0.0171327639570634
TR02 0.00633647488803659 -0.0496359103699434 0.0441023446201251 0.0439838919180522 0.0453495746903742 -0.015436412392246 -0.0258033718032136
TR04 0.00512792791121968 -0.138298043827895 -0.0145771135979813 -0.100816168013398 0.0870848227824334 0.0980215360776411 0.0541511971428942
TR05 -0.0532398253581841 0.0331353828946464 0.0758166690794393 0.0628828010872126 -0.0666998623479621 0.170499218955983 0.0315749112779623
TR06 -0.0367673149076445 -0.0454681515781582 0.176220643839125 -0.0153293722307758 -0.0954426287196397 -0.0705370203162254 0.0662462365304487
TR07 -0.00321063344566141 0.0437077808848361 0.00135108188257993 0.126485731193098 -0.108774465783366 0.00237536668822533 -0.0414615523170793
TR08 0.0882107055456943 -0.00763560583052145 -0.0451988566306471 0.0243672454439339 -0.0474006053159758 0.0870011004002788 -0.0305005172686653
TR09 -0.0457892849506758 -0.12887260005513 -0.020231268813916 -0.0452116199568995 -0.0433999374607135 0.0423094371619262 -0.0935666970893988
TR10 -0.00184020564290223 -0.0535334673500967 0.0647314470883464 0.0483740135948718 -0.163808707817139 -0.00420928241850035 -0.0280217994025411
TR11 -0.00885777809475127 -0.0606718904037571 0.0418341958832043 0.0484573798473893 -0.0329171242303705 0.0560678943535022 -0.0848191141273412
TR12 0.0266394002717544 -0.0341684863509537 -0.0220456543889068 -0.138599797348257 -0.0483190714485594 -0.032447033457899 0.0404669762869989
TR13 0.000614081622875403 -0.00106198116298189 0.127837949413245 -0.2031608710099 0.110914895187155 -0.0805490177642347 0.0564064016535221
TR14 0.0835539977788234 0.247649859955777 -0.0945219933080378 -0.0820138722355723 0.116915551614377 -0.0733174714489493 -0.0234677097393112
TR15 0.0767021765089665 0.0352863745577558 -0.0370397952699577 0.11674474476067 -0.0503900565440746 -0.0540639094370296 0.124754194145973
TR16 0.125348692065951 -0.0433928482016992 -0.105942754291419 -0.00583106611161932 0.0289095705659968 0.0438181348093631 0.0593750844333033
TR17 0.0211505729976405 0.035461751864676 -0.0836076590010072 0.0709301538225408 0.0896650467195941 0.0370385293966215 -0.137621068130659
