sample MDS1 MDS2 MDS3 MDS4 MDS5 MDS6 MDS7
AN03 -0.0143362114314023 0.0536531520709786 -0.0587740884809738 0.0259181537109165 0.0251578764465302 -0.000934404236306163 -0.0188822352285653
CS01 0.0604659857160522 -0.0574744195976266 -0.0882746851470566 0.029997159990811 -0.180012244483808 0.080043037299863 0.0252631879238368
CS02 0.0526666954641798 0.00732631538828787 0.0816553761134543 -0.028800293194507 0.128564561067691 0.0408275188698484 -0.00810853139607722
CS03 0.0430021323763071 0.0223155038402393 -0.00484806287328685 -0.0319744127814999 0.0341208953219388 -0.0110100433908876 0.0437730730898928
CS04 0.0222774486177515 -0.00934376218963728 -0.0358312314592276 -0.0338216128182018 0.00399950813755415 0.161066245447935 -0.0215345691788455
CS05 -0.053266918628212 0.0637654954272807 -0.141910113154887 -0.0190698623483988 -0.0816617941234457 0.0436692448577867 0.0212463739744639
CS07 -0.04406053209284 0.167270160519614 -0.028527249625269 -0.0835385180355862 -0.0222164483772804 -0.0518731993098894 -0.0857587717039637
CS09 0.0715743611221392 -0.0716568545684209 -0.0598553332195833 0.0751406338105543 -0.0420323043678513 0.0374920085782897 -0.0560473624504095
CS10 0.0139053072861571 0.0353084301877769 0.105555011079405 -0.0283400339690723 0.0372680856205122 -0.0242880172166029 -0.0359751423632474
CS11 0.11350936936816 0.0143332753443881 0.0431053153278701 0.0117862616761252 0.0707140043373181 -0.0574327949996001 0.000876568826139415
CS12 -0.05158202826407 0.0378279008835925 -0.0428084950708886 0.0145528861432038 0.0901529208267273 -0.0756212435019768 -0.0137308921309468
CS13 -0.00332054528333824 -0.0308684966253534 0.16204494145337 -0.0575517027340316 0.0967284035842986 0.0811662694076081 -0.157632108313944
CS14 0.0423652197171073 0.0339733905099322 -0.0106246378417319 0.0690232022385877 -0.0415146344864174 -0.0329231950149887 0.0374885010364869
CS15 0.0372229285690508 0.067459810882038 -0.0343497731793833 -0.00979659721526593 0.0467490922624915 0.0678505999290054 0.0331248303642618
CS16 0.0736593928946295 0.0835982951590751 -0.00933092227275763 0.146472203179537 0.0290600086200019 -0.0699063151025313 0.00924824634942584
CS18 0.0295319998370861 0.0805465527953739 -0.0531318919123138 0.11490426519943 0.00485423626165414 0.0738204140198332 0.0702205062667905
DK01 0.0650911446355287 -0.0212607230214359 0.0366129703313611 0.0571082622519295 0.0106730353158184 0.0272723958697014 -0.0511969882063599
DK02 -0.0363897929231742 0.00667332473276457 0.0239916161125998 -0.00284066761739171 -0.108788095291745 0.0147802042767154 0.0234553761743352
DK03 -0.0865967712500555 0.127151736652732 0.0258930925095932 -0.0449078958907673 -0.0648978894791963 0.0301860715708638 -0.00243389044387649
DK04 0.0250709147964783 0.11832278070065 -0.0517536861211989 0.119021820183608 0.0439342786333251 0.17464230640588 0.070393628915807
DK05 -0.131255133007437 0.135614452052033 -0.273250833917886 -0.0316955422927097 0.2092320373178 0.0301350495197949 0.196506822715695
DK06 -0.0081138699874844 -0.0302753141781845 -0.0202653302910648 0.0999884471772391 -0.0165842590803821 -0.0653271787923878 0.159061964865103
DK07 -0.0394604022431053 -0.029040094679292 0.131150053848826 0.0727011549304354 0.0227098232517678 -0.0197087018642981 0.0339541327313915
DK08 -0.103388167051954 0.00178716281225272 0.05510931934264 -0.0358038878858579 0.0513057875990399 0.0924504619292235 -0.116360635271673
DK09 0.0305817561681723 -0.00364295594070841 0.0467580261799574 -0.0325659717863019 0.0601905263418912 0.0364155612812621 -0.0101136088537108
DK10 -0.22147698138676 -0.0272129327471712 0.126427651297522 -0.00576907063560958 -0.0233904714703949 -0.0020418157322218 -0.0269815094055149
DK11 0.0862209029553404 0.0148447019402433 -0.0396767317785894 0.145558527752282 0.0695503782869482 0.0385892160651727 -0.0746057335224315
DK12 0.0633010789695868 -0.00334206658783446 -0.0775999400414604 0.0395367474037794 -0.000757717414839931 0.0102598481926697 -0.0409016724012046
DK13 0.0426938220785432 0.0208272742318584 0.016122642985085 0.0551582073009535 -0.0578067874736048 -0.0481454975200306 -0.0450841746444766
DK14 -0.0596613402584749 -0.0349620896133379 -0.0347487596934926 0.0722631005537402 -0.0670455840263413 -0.13299884190306 -0.0823976733730385
DK16 -0.00571451768232909 0.0603866337798416 0.00633890637572118 0.0808648771722458 -0.0699328589304538 0.00229061261814501 -0.0660023558660947
DK19 0.0733366896662753 0.0730292606539788 -0.0354800969228128 0.0272401544103407 -0.0761671210061137 -0.0167825445309517 -0.00702930666222495
DK21 -0.0165918306689442 0.0945277789688746 0.175805998845747 -0.0222534248116825 0.024472311742563 0.0484758625405438 0.0102123591655702
DK22 -0.0330880671952997 -0.0728946761016082 0.133270529259627 0.0513001723012521 0.149414878359098 -0.0188709383964976 -0.0171596029062194
DK24 -0.0525173961031242 0.0403278853954484 -0.188565268273724 0.0245551015591573 -0.0899718885007476 0.0353295044793728 -0.138211168257808
DK25 0.0234318174712916 -0.0156783162143758 -0.0171275634920722 0.0561726386912293 0.0848477057960384 0.0683297876696579 0.000130742074323419
DK26 -0.111121020506467 0.0190366825513079 -0.0499436569742219 -0.0266576528870504 -0.00400238367864672 -0.0729614060441127 -0.131215493808722
DK27 -0.0960453949998484 0.165452250302849 0.0432851324985423 0.0170995737462782 -0.0322179044201831 0.042724959672899 0.036986944390113
DK28 -0.156581152251164 -0.119089454115589 0.06909447613433 -0.000168775045110469 0.0894148342410229 -0.0198101929935559 -0.0341698805258538
DK29 0.0908565828047715 0.00963315118461386 -0.0862592453079712 0.055016629057557 -0.0533695884189887 0.106965736034307 -0.0671222183821537
DK30 -0.133609703315963 -0.0374557128704669 0.027741886327878 0.206178345103219 -0.0638190505880753 -0.0692137312445704 0.0333742137754698
DK31 0.0460096617034405 0.157999412078872 -0.0266039925981063 -0.0254752983340681 -0.0211423605375471 -0.0414287124616478 0.0870035166929074
DK32 0.0420848071885311 0.0103461549343875 0.00157266385695597 0.0889391340969342 -0.0909419909251986 0.0648553431817001 -0.0725778939585719
DK33 -0.0828807227102227 0.0853014189339491 -0.0920031297600393 0.101685659627088 -0.079867631073716 0.0578397268083897 -0.130124282280683
DK34 -0.0235041218258902 0.113344272657517 0.0760601154834137 -0.0260043889634485 0.0724084606875057 0.0759677087309765 -0.167649234279108
DK35 0.0510098548476005 0.129085504127916 -0.0348342117014032 0.0113533842539879 -0.0247214251580603 0.0766136806433547 -0.0186104963726093
DK36 0.0861470607115365 0.0633294391177479 -0.0432115647597528 -0.030039793547194 -0.0783334562157543 -0.0267106812882614 -0.0666823234023939
DK37 0.0136839349886316 -0.0579825126476887 -0.0412807864263275 0.0950807115197217 0.0949162358118334 0.21911605724339 0.195949345427041
DK38 0.0139941090335746 0.0221601926832859 -0.0618015375607965 0.217737616651457 0.0994141340786791 -0.00587389356661936 0.00359700483923456
FR01 -0.0624293118636417 -0.160731199836765 0.167384793378405 0.108948266755052 -0.166236978883599 -0.00844522012391062 0.000998652370243937
FR02 0.0534280075901884 -0.072709560301124 -0.00271077765532296 0.00148426125586772 0.0293002534356912 -0.0610933246771188 0.0128063830690389
FR03 0.00120019617331631 0.0727650974470773 0.139201155863284 -0.0212776287936997 -0.0387513177307218 0.0188398674246052 0.00489870006310896
FR04 -0.0732304910362523 -0.0319392138208323 -0.152219715141008 -0.074156259781679 -0.138279240099708 0.0740125240186779 -0.0920569522855361
FR05 -0.118898881593885 -0.0195023307007911 -0.0166968089604381 -0.174543018011802 0.0715853027840925 -0.162283164092803 -0.0122908345503009
FR06 0.0384669768242982 -0.00465668100109549 -0.00954207192492971 -0.179264238574701 -0.0228968265841121 0.0395913007669605 -0.0664304938223592
FR07 -0.179312207613165 0.0392172651421859 -0.0926387879550316 -0.171045701223084 -0.0153115063816289 0.0282745943118109 -0.0325277951427279
FR08 0.074936528705074 0.0346446429972966 -0.0816140712252673 0.106127941862527 0.00788134827695512 -0.0618485701568569 -0.0810538631689807
FR10 -0.0476692789445992 -0.0317128343622769 0.105682108994838 -0.010300025143094 0.0173688813562011 -0.0514348564738309 0.103941857286934
FR12 0.0238628437108046 -0.0613446837054988 -0.0667822063841404 -0.013358662668022 -0.0833286695746851 -0.010981813089125 0.0739347089089207
FR13 -0.0577193203019623 0.166665050503067 -0.06487126770183 -0.100955863944225 -0.0124717271976504 -0.139269770079229 0.0907334395148947
FR15 0.053836220375814 0.0648830824501415 0.0531635792710255 -0.101150676785759 -0.0112131898739147 0.0440979055047698 -0.0396177019083534
FR16 -0.177176257309174 0.0423562067719112 -0.0298987425281145 0.0509691003537883 -0.023337533936055 -0.0570891020945599 -0.000772662603317958
FR17 0.0667951202018606 0.0436895014821268 0.0308172091978056 -0.0979095878592441 -0.0171584779683511 -0.0121536799821701 -0.0272316152357543
FR19 -0.0388551713913992 -0.0485044068169046 0.0777477811359969 0.152261425780798 0.121177123423578 -0.0237536040266664 -0.0436375117548086
FR20 0.129235283577046 -0.0664627018453081 -0.024373437894686 -0.0182572798281663 0.00187221293382998 -0.0163511485069193 -0.102815882784283
FY01 0.0428414528317886 0.0248637693132256 0.0474337636618808 -0.087725874133603 -0.0568824766461338 -0.0043304778173647 0.00163837416983458
FY02 0.102276420730439 0.0597494060708086 0.0215042610993125 0.0333844528353298 -0.0596817670617293 -0.0157319861623099 0.020800482586915
FY04 -0.0637763380505185 -0.103207849805683 -0.0986094910706646 0.0266301577681358 -0.0838954866860382 0.0322606585802141 0.113615471255736
FY05 -0.0172493907391599 -0.0788690452309711 0.0426043253695508 -0.00943820423907989 0.144904116040803 0.0356168579336389 0.0943005734450174
FY07 -0.0483280220161201 -0.015259367930305 -0.174267102981633 0.0185821006135211 0.0638727549189066 -0.0300825564017228 -0.0587709594430418
FY09 0.0134081852199807 -0.0466553159937903 0.0175386959280174 0.136920281023552 -0.031736193546153 0.00846284668030154 0.0156526719212445
FY10 0.04155474383141 -0.0596359606825725 -0.0306834776142296 -0.0216275997858795 0.127861082742564 -0.0845985614804263 -0.159123630864319
FY11 -0.0923935911972102 0.0495006568536559 0.00688270140545776 0.0304754482770687 -0.107846982947825 -0.0322008337357785 0.0944596533551378
FY12 0.0622964965436745 0.0777420677725484 -0.0441215790768488 0.0460099422671149 0.0435957313682882 -0.0536237095102232 0.083491930424676
FY13 -0.0569447016914576 -0.145360910405473 0.155625747080404 -0.13996404801522 -0.0902670872796096 0.0244978175942775 0.0279840250379001
FY14 0.0691010200738948 -0.0460009695074022 -0.0237068673654331 0.0302102968788417 0.0367813367358806 -0.0827638915434774 -0.0213018376635327
FY15 0.0854151267870502 0.0505047812403207 0.0601209682914882 -0.022109257785527 0.0171561069619982 0.133830931028911 -0.0053956153657132
FY16 0.0329086769488814 -0.0424942513106854 0.0444757021859498 0.0342022389623073 -0.00953174074694451 -0.0847541490989603 -0.00473950118973985
FY17 0.035719209312034 -0.0705918779816083 -0.00531161895987344 -0.00862334896005559 -0.0299009186002477 0.133958997312506 -0.0150162913130259
FY18 -0.0368264604202772 0.0305103865773227 0.0609059060926982 -0.0101273886086754 0.0945103184231396 0.0966195459607492 0.0180484212853311
HH01 0.0766445563695703 -0.0362040643510063 -0.061674053049018 -0.10029901985711 -0.133242771716843 -0.0739856852668025 0.124087954769231
HH02 -0.182420330159849 0.00454564454588015 0.0640927711741444 0.0434753216477192 -0.130560858277755 -0.0407004156894168 -0.0239219019668043
HH03 -0.00184431689427947 0.0158631930008566 0.0247881525336818 0.00899516592730449 -0.0562223005438744 -0.00822749784830233 0.0897722942711513
HH04 -0.0533337826206534 0.0620388028909284 0.0409344691213634 -0.125524213165483 -0.0410014565412829 0.0346328406257431 -0.0660753992779883
HH05 0.0284283684622431 0.0175955517181154 0.00202910320868049 -0.0597991167047754 0.0407361698538683 0.0709391164814785 -0.0354279839166593
HH07 -0.0252197718703362 0.0287260380213093 -0.0923905987997689 -0.0846002783545648 0.04460951808996 -0.0736143485437702 0.0543538342463345
HH08 -0.0733241458563044 -0.0217357627516145 -0.0407262535946422 -0.00561476675348636 -0.000107766888765588 0.00776312210449198 -0.00586667266737041
HH09 0.0416921678739978 0.0395747272393365 0.0491193722351519 -0.0190102594677936 0.0347730176225976 -0.0278453068023486 0.0825031549471619
HH10 -0.0531479803204141 0.0415874397348415 0.0676737014581849 0.204332243034426 -0.0380363525533555 0.058118367903644 0.117466994341887
HH12 -0.00877811720886104 0.0143218380110168 0.068088707452293 -0.0255525924346569 0.0319531258567579 0.113663860269121 0.0759310897951587
HH13 -0.00931614392771572 -0.0683090412370771 0.017810704051818 0.0404137487745219 0.00854973300538314 -0.0489505326487973 -0.0982699968096498
HH16 0.0188338939721905 -0.0593289443229083 0.0640638263438458 0.0899569903081466 0.0365900359301268 -0.0544318329129803 -0.00971906608918239
HH18 -0.0467258671556164 0.0981025461733016 -0.0455954612400722 -0.0223133757118445 -0.076286812182234 0.00393950672730744 -0.0915378636711881
JB02 -0.0328790481595816 0.0727092019657106 0.0942885856982121 0.0481128230799979 -0.153146948009464 -0.0217111821546412 0.0979618177440084
JB03 -0.0354649333058424 -0.0718342269896471 -0.157783861794185 -0.0887585468349845 0.0426204517813384 -0.0157986753477737 -0.0405429504869207
JB05 -0.0522268864712253 -0.113725624527936 0.107603978313783 0.0785068389547351 -0.10139814346015 0.102312571577277 0.156486672241459
JB07 0.0157149671835891 0.0493793722774866 -0.0236674804168938 -0.0166361364910193 0.0437498886021166 0.0425535628038343 -0.0669254010766118
JB10 -0.102973879080439 -0.0254654224946282 -0.0392150706872259 0.0119159638733846 0.0384245272017241 -0.0153111430211332 -0.0196445181091107
JB13 0.0445315449833923 0.0572723677229351 0.0370647789563033 0.00809292109756067 0.125170085394017 0.0460179718025167 0.0438341586253339
JB15 0.0449334707687178 -0.157706524278854 -0.0301723728706408 -0.130456684690107 -0.00187196746864252 0.0441262889195368 0.0413202540937588
JB16 0.0836427602717407 0.00890224308816322 -0.0109776193423718 -0.0249305189356285 -0.000753073382637921 -0.0340300308525025 0.118681725288953
JB17 -0.0771033728703562 -0.125254005499514 -0.0607533299117115 -0.0992410438767505 -0.0505584173963709 -0.113604001714922 0.0445610786523768
NB01 0.0332290691272929 -0.0487293355003761 0.0057276992909647 -0.0115159026737131 -0.0570838079798757 0.0586078496234856 -0.00110556667513587
NB02 0.0580511470244696 -0.00757197692166476 0.0321386727696004 -0.00507774043163149 0.118283366766469 0.17284252026925 -0.0550236580444546
NB03 0.0017259283370417 0.0595539271193715 -0.0101625308298891 -0.0380126930130034 -0.000113677678149324 -0.0564562314046218 -0.0701660850825417
NB04 -0.00277906568473604 0.00817913017370889 -0.020881755157469 -0.0320893638155497 -0.0396702513144882 -0.0503105534614808 0.00363344313301451
NB05 0.0888908472095934 0.0634425315616552 0.0872402887225705 0.0117667811950708 0.146298482674925 -0.0177361734625692 -0.123442912372963
NB06 0.0218337076103397 0.0436654422309236 0.0903083814461754 -0.104218816387168 -0.0287674050498497 0.0317596449416084 -0.091022263022025
NB07 -0.112597125149018 0.0441667374338423 0.0322940739013692 -0.0692878803181055 0.03047334800488 0.0352714119127266 -0.0495352698689688
NB10 -0.164706836925297 -0.0227100827423311 0.0270669822224775 0.0338188852423835 -0.0382761690157203 -0.199716542871284 0.00932348331848586
NB11 0.00826829611180767 0.0279757149224865 0.0257284755115561 -0.0195744780910674 0.1783254002704 -0.00841829052856922 -0.0241928241952347
NB12 -0.00947613813638027 0.0625379530100049 0.0417820284062878 0.0457665009534744 -0.0927911802787334 0.0262473904046379 -0.0712114014110491
NB13 -0.00162596602170401 0.0759732859693402 -0.0838100512644579 -0.0125045231953562 -0.0405052916005743 0.0520676671497731 -0.102971532465372
NB15 0.070313954085125 0.00701938669895338 0.00620786149625166 0.0339297431651751 0.0423626937161908 0.0365060067177269 -0.0909833773427103
NB16 0.126125248137748 -0.00377299500560833 -0.0749692034470779 0.0669489475805827 -0.0256258369154311 -0.0351425628125259 0.0269754166229091
PA01 0.00650936593194954 -0.104706084605604 -0.145629638680988 -0.0481136764826229 0.0345152887379362 0.0943066904334577 -0.0345803336529383
PA02 -0.0275596571597988 -0.137781174440395 -0.0596849780975231 -0.0043958444220883 -0.0666633060088162 0.0210729156659339 0.0267988301851883
PA03 0.0478511885327399 0.0279585997399225 -0.044306911615428 0.0192050783440438 -0.0876749638206144 0.0637609422887998 0.0540977261211011
PA04 0.0429305684914707 -0.0227203281598265 0.0525801182097925 -0.155917899858199 0.0272303172393041 0.0606546055008328 -0.045160377068571
PA05 0.0866722645529276 0.0420821652661408 0.0451927550636948 -0.000781378359884305 -0.136250311975194 0.0136000807444102 0.138314977660656
PA09 -0.0557714356892828 0.00568013167005458 -0.143531347376611 0.0215019036521423 0.00123958784227624 -0.152678353933749 -0.0664633482201202
PA11 -0.152447732208102 -0.0184978769091301 0.0286448961862933 -0.0109523180080822 -0.0590883350012199 0.0997590224493977 -0.00331265087938851
PA12 0.00266738827349561 0.0337926671139853 0.0204474491414846 -0.0663431635566082 0.0573625507155723 0.0774162208946911 -0.0633881004706113
PA13 0.00992023917965289 0.0192033742648315 0.0770337275492961 -0.119993879528436 0.0596475358639946 -0.0530923635483126 0.0739417887236492
PA14 0.0932367996882891 0.0719987307587421 0.00707198030529617 -0.10435915388682 0.0723917567521674 -0.115514427992003 0.0643232262016618
PA17 0.0323777223530508 0.0217031721689415 0.100366976979076 0.00672571738123027 -0.0591005847905277 -0.0330196585493343 -0.0986916618869379
PA18 -0.0591431866573754 -0.0826771218862419 -0.0227648151841081 0.161554227715222 -0.00596470619671618 -0.0716840715188583 -0.0318031927633886
PA19 -0.136835895835452 0.162241825928007 -0.0191176244402168 0.0338323767428472 0.0917571136034593 0.109435578106631 0.0408422852704898
PA20 0.0466884146403446 0.0677976958342132 -0.0437766749305331 -0.0678990762722469 0.0388119935245086 0.0748890525444962 -0.0866161250264151
PA21 0.0532829566539537 0.0924583345004076 0.0856671714807421 0.000755634523043096 -0.00271763157342259 -0.0873946348619926 -0.0231126459373012
PA22 0.0358440109061811 0.1208604491714 -0.0935522305000791 -0.0396483992400794 0.000294151917401816 -0.0777792744899688 0.0498211401496281
PA23 0.0157395115166949 -0.00511646509758744 0.053129608752874 0.0507385967780078 -0.111481607741527 -0.0303724334815967 -0.0142718418683506
PA24 -0.0506041389366543 0.117054597925659 0.0658573064784455 0.111407131293054 0.105363102548467 0.129144453657442 0.0934897625897064
PA25 -0.00860873558332867 0.0293008125005284 0.0692895116200823 -0.0996112263732403 0.0117177621672454 -0.0141806428843325 0.0702455511352762
PA27 -0.0948572819548182 0.0476466832053959 0.0778112992774851 0.0263985672033533 -0.0202995145124274 -0.103146894759969 0.127477144947376
RB01 0.0582704359926811 -0.136144434388399 0.121423736632194 -0.0703132124123067 -0.00217099463660802 0.0738367878508308 0.0551938798056462
RB02 -0.0653585755214596 0.0528588806338005 0.0966053061622034 -0.000944505071507529 -0.00342799859053057 -0.130847397327479 0.126381054801873
RB03 0.036248874634418 -0.0374059919391591 0.0448611402490352 -0.0664240475948121 -0.037924129782566 -0.0397159442989649 0.143855395805308
RB05 0.0148999058937022 -0.0130698767665269 -0.0148114945093174 -0.050963977431316 -0.00693153182300466 -0.0798230509513545 -0.00572454413659308
RB06 0.0254090682433808 -0.144227901109157 -0.0478373840094565 0.0144915924109407 0.105608508033511 -0.0886216623157675 -0.0359881471098872
RB07 0.010757316726183 0.0299503404224519 0.0351185588695887 0.105093526623042 -0.0156337739514897 0.034334272534428 -0.0896828624699386
RB08 0.0653858740668665 -0.0319545285081626 -0.100712540079485 0.066308995756978 -0.0508390381856539 -0.0401119713573703 -0.056491844027452
RB09 0.0496169939103643 0.0255088054457451 -0.156244583087616 -0.0353881545998869 0.0642430790927646 -0.118277051938364 0.0508465780506418
RB10 0.020653012891151 -0.0682046533220845 0.0743422985243353 0.0413737640752576 0.163640343244599 -0.1293886199208 -0.0335670021009985
RB12 0.0669528634398856 -0.0807931333471718 0.114326841828471 0.100928753946937 -0.0281916261752904 -0.0515203537319723 0.00783787452417925
RB13 0.0857151015467237 -0.0490829094723034 -0.0491707749767774 0.0270756024347757 -0.0236885517597777 -0.126541835791513 -0.0440913719862811
RB15 -0.0141202171487618 -0.00596273055713266 -0.0647855034740751 0.0793213876964558 -0.00516754691536912 -0.0824452836153366 -0.11713150116747
RB16 0.0628313035647305 -0.103403750420811 0.0461361112149049 -0.00597605153743021 0.105729525243107 -0.0168419659164088 -0.0122199467637004
RB19 0.0765181949019358 -0.181843249972467 -0.0470736611547683 -0.00445189044838725 -0.0208929557890989 0.0418891891380685 -0.131135274477174
RB20 -0.0262525475467905 -0.0639278763253165 0.00333934262225584 0.00147267874474643 0.0258287886546586 0.0861751972754985 -0.0486255639955204
RL01 -0.1275730048789 -0.0451989179837341 -0.0172206423143244 0.131301649021261 0.0162902453679975 -0.0826994319141603 -0.0497981633824688
RL02 0.0114995770664424 -0.115553807198428 0.000660666190878217 0.104177213894467 0.00632674756739969 -0.0118172441811949 0.0233091503532672
RL03 0.0904256399662628 -0.0667803066380838 -0.0581798944354073 0.0362300637104865 0.0869899199644657 0.065199204759224 -0.0640800550090461
RL04 0.0516966912250263 -0.0494172544211396 0.0142764455095664 -0.13781708595124 -0.0444147894870932 -0.00771926584701121 0.0636657938810224
RL06 0.0861869465820286 -0.0440002192811345 0.0545686372898626 -0.0971807632234956 -0.0494644052415498 0.0264391561627366 0.0938418074958085
RL07 -0.00307718516166787 -0.0321306201777973 -0.083353483175847 -0.0629626352660581 0.0376658286887843 -0.013993480290382 0.0253872316917161
RL09 0.0589205674403072 0.0343502164468761 0.0338087348929516 -0.0525527017703736 -0.0655427506653506 -0.0232726482606075 0.0778542186862252
RL10 0.0362040689035379 -0.170249235081662 0.0422718489008805 -0.141830292390928 -0.00234857650524169 0.0540896303700194 -0.0248493688917472
RL12 -0.0318015290263832 -0.0310674456650551 -0.101935602553382 -0.0578086163115908 0.0580213333128583 -0.0502504345805558 0.150312779376055
RL13 -0.0894758547034249 -0.139880250744231 -0.079858494554555 -0.128957662695871 0.0309102768319042 0.0887917326881429 0.0487691964246008
RL15 0.111014594637059 -0.0996355297613178 -0.0775585355966804 0.0334935323210191 -0.00499550374804278 0.040335930032298 0.149319626011436
RL17 -0.00386394789848806 -0.0083854469812526 0.0667622778036481 -0.0176332663607807 0.00834129422532681 -0.0246224894109583 0.0814887594426871
RL18 -0.245146285885987 0.0131952534899929 0.0253048965166608 -0.0359643127955017 0.0135114477544455 0.0240391944091681 -0.0248945472811163
RL20 0.00981510286124115 -0.0630456082676569 0.0127984995485971 -0.0259641768569857 0.0601042350761355 -0.131639332144058 0.0618351949670359
RL21 0.0605657509016061 0.0141533802349851 0.00945664947556639 -0.0664190796556116 -0.0965381110711675 0.000935642960458443 0.0104190026853726
RL22 -0.0887933817432451 -0.118431008918557 -0.1779605350439 0.0697844136026402 0.223056273838355 0.200877070407298 0.217372150193572
RL23 0.0203226706275381 -0.158634418175423 -0.0377442973432136 -0.0724779206832195 -0.0971667636818494 0.0331423259215988 0.0275642159406202
TR01 0.0658488893978924 -0.0549389741713771 0.042261458880499 0.0721843024601812 0.0360273079641752 -0.0863147772942089 -0.095238065286119
TR03 0.0763952287107753 0.0438760235781005 -0.0163397467502482 -0.0760793190183635 -0.123080844726043 -0.0189005660674982 0.00750707491093536
TR04 0.111460444890581 -0.0419672673745227 -0.0602130894419935 0.0660025071039018 -0.136074921010212 0.0193967120937681 -0.0314452648924163
TR05 0.0220449888029356 0.142585188736951 -0.0228453802892138 0.0169268230616851 -0.00149921909239272 -0.145188766395191 0.0183517060457094
TR06 0.0735244356642158 0.179713891011015 0.119260342624141 0.0165238323784225 -0.0121959122966338 0.0589853159737639 -0.028074380372742
TR07 0.00205613580716162 0.0169067496440625 0.0136931974936924 -0.0132774888046569 0.123849536689631 -0.12477581164268 0.0317624438148083
TR09 0.134300232619227 -0.0145305792933405 -0.0481117939015414 -0.0398869139411055 -0.0593214694601456 -0.0361580590512698 0.0543019635160608
TR10 0.0967268520060901 0.0564355851224105 0.0799860562303171 -0.104797974273914 0.0381238155839055 -0.0983369606045556 0.0660301068147937
TR11 0.0908081800430876 0.0411868181760138 -0.0128666810045329 -0.0152632269530456 0.0162869544224221 -0.0180491610037448 -0.000475815160336381
TR12 0.0127852867002288 -0.011716968531051 0.0250963877598959 -0.0648195472547296 -0.0802543652545429 0.0781955902091753 0.0547698471690889
TR13 -0.0164596281852207 0.0672085260314196 0.0187132118909101 0.0330527786472289 -0.167704464492146 0.18608867023771 -0.0286762688304036
TR14 -0.266680434128695 -0.0847228690756657 0.00218773175366751 -0.0480511240359911 -0.0370851597036879 0.102708284782361 -0.082120939197892
TR15 -0.0216833296716808 -0.0173771405119149 0.119465158461781 0.0169112519416398 0.125784005478731 -0.0358351700687849 -0.0112639366811085
TR16 0.0106717147686354 -0.146767054538672 0.0363520541916842 0.0769974976885454 -0.0518755086259607 -0.0625389063974773 -0.0438311062757918
TR17 -0.0166610535284847 -0.082375083075136 -0.0802186059725025 -0.0802152408490568 0.0323053117497675 -0.0383532767397315 -0.131919745268953
