sample MDS1 MDS2 MDS3 MDS4 MDS5 MDS6 MDS7
AN03 -0.00354817397872842 -0.0611324458527696 -0.0240488775657343 -0.0032606972878622 0.0543462441996049 0.0109192369311211 0.0059730948933576
AN04 -0.0589512381054033 0.0225790329885876 0.0343653835978954 -0.0076094963950445 0.0247507062199803 -0.0158976209008359 0.0246347869857375
CS01 -0.0682713135851218 0.000413424203355772 0.0387508374978688 -0.15151273531265 -0.00647967842392239 -0.0919736741616569 0.0389508739276929
CS02 -0.0606849583837559 -0.0235052997320702 -0.0722556675009014 0.0759337638633325 -0.0418065489254417 0.0866965852408255 0.0768352177674555
CS03 -0.0484878722033959 -0.0509804435803563 -0.00675811451488589 0.0679380776533643 -0.00457021053022871 0.0127300629036458 -0.00277447515108554
CS04 -0.0358891731562079 -0.042107932066049 -0.0120509261000271 -0.0186717563273278 -0.0176025656740328 -0.0274263343248094 0.15979567928772
CS05 0.038301667098028 -0.109483900430441 -0.0102110483115652 -0.0921670682532188 -0.0128068777832904 -0.0985215550602776 0.0574342380558245
CS07 0.0719168165923351 -0.0778458605497573 -0.0537664766698132 0.0641651100523218 0.0799286131337595 -0.110794918182819 -0.0245622210225837
CS08 -0.0503271202338112 -0.364001012772007 0.145697725551515 0.0472516776474793 -0.0821688373130129 0.160827848179798 0.0516210329170894
CS09 -0.0723743988903923 0.0132258295465619 0.0707776627356857 -0.130410714776788 0.0439837353674094 0.00775870683857124 0.0318721000914229
CS10 0.00481435728280122 0.0395713736322433 -0.0600014460379477 0.071605715923407 -0.00785819884970274 0.0252735180179329 -0.042278969063829
CS11 -0.100198943006524 0.0349756387535393 -0.0318973134594116 0.0814566468045022 0.0688189150038301 0.0267445598540052 -0.0470223620365998
CS12 0.062110709889674 -0.0308694022540322 0.00695786638239894 0.0540131308175553 0.0977351284662971 0.0782598068078623 -0.0191899493979891
CS13 0.0214489037318657 0.0889002234672747 -0.0527387042746053 0.114887233763453 -0.00035198741730097 0.0311077580216049 0.157933554576265
CS14 -0.0215551854989734 0.0182640205868559 -0.0378094282053644 -0.0721835012502631 0.0197942184448967 -0.0148957620309618 -0.0732580551679243
CS15 -0.043891338268001 -0.0501402758049368 -0.0771877521415664 0.019515192085411 0.03437796116092 -0.0271524035362065 0.0745587599087331
CS16 -0.0443802418942131 -0.0244813814105373 -0.105952098067271 -0.0245718881985075 0.140367328314875 0.0818014510487993 -0.0765275098172198
CS17 -0.125661780709301 -0.0588689714264237 0.0169458904755109 -0.0979259515374795 -0.101457414068807 -0.0121775639710337 -0.0250014312821316
CS18 -0.0176342297926494 -0.0410297393904657 -0.125797262468046 -0.113870674271544 0.0295438973609527 0.0173500857212252 -0.0249081328863292
DK01 -0.0414924945815506 0.059132886063062 -0.0368971564153621 -0.0209112664754762 0.0646822586967335 0.0380951889840744 0.0249563978030494
DK02 0.0564584426347055 0.0110173177484805 -0.0336487544389815 -0.0513072829288263 -0.0551579862163233 -0.0406431030517431 0.0393946004263773
DK03 0.0942620695068711 -0.054597253726831 -0.102340701927589 0.00434809205398587 -0.0242175963558096 -0.103162729089816 0.0240948175684759
DK04 -0.0459574329702862 -0.113998234987589 -0.113344682672537 -0.093674162569343 -0.0536044515743818 0.105772695880535 0.0689856791164342
DK05 0.020366067168891 -0.517483617480893 0.145854075993074 0.0156707227639105 -0.0977085301317621 0.218433230801423 0.00819608496586055
DK06 -0.00806040543571338 -0.0243529643461432 0.0540305534204315 -0.0454056682859111 -0.0398230320512512 0.13978037206744 -0.0961837923247665
DK07 0.0552627866167083 0.0690491496582252 -0.0344727741118243 0.0121926916170327 -0.0519971318252996 0.116169057887736 -0.0186623233779961
DK08 0.103596059098339 0.00282429891101674 -0.0212184997527554 0.0414254210288136 -0.0202462095314071 0.00153057513618354 0.155333307503342
DK09 -0.0249121514716912 0.0233291363439985 -0.0303340940437295 0.0447965378229655 -0.0181861786974305 0.0298245443133722 0.0669049695427099
DK10 0.21206222593746 0.0660071505268384 0.0247591893685513 0.0346463182872931 -0.0834449563344186 0.012071254788324 0.0447093235560365
DK11 -0.0774092655035651 -0.0339625438910848 -0.0454564331315605 -0.0744300245002725 0.104358305449828 0.108123027274844 0.0484285518714695
DK12 -0.0639104517348869 -0.0342475691299087 0.0216011480967029 -0.0350465150656057 0.059806530446583 0.0416999303147966 0.0459809908952696
DK13 -0.0235178966109449 0.0251737939508136 -0.0193668277829291 -0.0516196494535991 0.0354337707746658 -0.0427312973017273 -0.0669336161077838
DK14 0.0826238750410278 0.04523079859161 0.0665637027444549 -0.0750211515987553 0.107760172105926 -0.0137928784721787 -0.0679340231365483
DK15 -0.109635672039278 -0.0677278711904293 -0.0691931260268637 0.0372638389016563 -0.00352030797298213 0.028516683200246 0.0887948344365843
DK16 0.0165120562108167 -0.0219669792913027 -0.0311993242470654 -0.0823269965168442 0.0244590848652372 -0.0159936857640706 -0.0389198112806364
DK17 0.0387997302331496 0.0846586464553272 -0.0678698088210847 -0.0115455651062758 0.0650424610942832 -0.0401496845454041 0.0558721121699478
DK19 -0.0477433631339846 -0.0162676870411767 -0.0631374044400474 -0.0356860889053718 0.0819904188187555 -0.0804658053243756 -0.0836516238317468
DK21 0.0374767086249696 0.0321353984756749 -0.143255661390039 0.110934576004145 -0.0756852735977768 0.0260236380005846 0.037477375476896
DK22 0.0577337672283799 0.0897485291260765 -0.0222063948352695 0.0986453290914551 0.0153946238204882 0.165294440880951 0.049797465638426
DK23 0.0638971333973924 0.0153503111283996 -0.108867884640338 0.0553032868254075 0.0596895293508719 0.0285276898481583 0.0406897120165699
DK24 0.046121825066313 -0.111574377111513 0.0387764124571846 -0.147680526688905 0.124029196610288 -0.124180534666994 0.0543923828553776
DK26 0.114207810308135 -0.0378323017486561 0.0706649631564691 0.0379632378121462 0.119584117476528 -0.0559592312839921 0.00386149853141868
DK27 0.09524350085667 -0.0630233681702175 -0.144202765537515 -0.0406581604205682 -0.0849625878027406 -0.0313402615587608 -0.0126942862350315
DK28 0.152049867348343 0.0596921571284057 0.0747900009016508 0.0862472725304753 0.0343462445883798 0.111826074844091 0.0977711153356443
DK29 -0.089703179181698 -0.0172589107776219 -0.0111095406786959 -0.12890953925158 0.0357694550148471 -0.0475279712346329 0.0755898193621084
DK30 0.144449701742989 0.0886027747862537 -0.00741216368072989 -0.161532887004371 -0.00565175742639475 0.0971242971794154 -0.130174991645716
DK31 -0.0290744609218952 -0.0875367681448827 -0.106496070260016 0.0454953363636896 0.0195967906099756 -0.0619429385886503 -0.102780832116224
DK32 -0.0297166698358194 0.0603590932361931 -0.0239231569959373 -0.10785188794656 0.0474294258943205 -0.0216599717357634 0.0617043064126305
DK33 0.0953786899323907 -0.071986241675182 -0.04618213468835 -0.157612398882674 0.0408396545287514 -0.079770084424184 0.0430220229252545
DK35 -0.0386801965629405 -0.0803260520590037 -0.120458758302729 -0.00884117933489145 0.0568329028373041 -0.0233911631915783 0.0722032139428581
DK36 -0.064948079533398 0.00398399622600645 -0.0710728129037047 -0.0125849677076656 0.0683167854054396 -0.11186361250393 -0.00393377581132811
DK37 -0.0316322458434978 0.0464236730293649 -0.0515856136211884 0.0102909436438324 -0.00931173524947787 0.0531001394592242 0.067710878230387
DK38 0.0170017677375402 -0.00675375288773873 -0.0866077070890374 -0.100740882083886 0.135553887508476 0.15634422369651 -0.0268380053306203
DK39 0.0203993499543391 -0.0475522195572033 -0.106198697288642 -0.0322706892362596 0.0116474770527357 -0.0788118268283126 -0.0322255547887861
FR01 0.074804783791179 0.174735758662239 0.0330129079958044 -0.114287008619713 -0.11515885045407 0.0553030420149803 0.0288323088051576
FR02 -0.0468333110426254 0.0756827983657084 0.014921673920359 0.0207180738111561 0.036453107184862 0.0035716765723629 -0.0199680564684917
FR03 0.00990352858246381 0.0516986005998761 -0.090923515951624 0.00721506100604028 -0.0887412775332509 -0.0440350086903659 -0.0138193223869039
FR04 0.0665449648398905 -0.042900699208278 0.0748345791655193 -0.0827257586919232 0.0619598559992876 -0.205837883367713 0.10455857522595
FR05 0.105508748810867 -0.0529730151980817 0.133113201663832 0.196160460739938 0.000785418110060662 -0.0617473981498319 -0.0718528472536739
FR06 -0.0559880206325521 -0.0294113963405081 0.0554812398798481 0.115307850677441 -0.0222707600478009 -0.106141064868051 0.108449755105155
FR07 0.139920660549511 -0.12242189176063 0.0726958506090626 0.0490358746001964 -0.0347765265162258 -0.121219877314779 0.0597272134233024
FR08 -0.0384700703301988 0.00421654391203551 -0.0371398229277304 -0.0561474315206945 0.185169733112158 -0.00552184926709415 -0.0602813865147586
FR10 0.0424878653664528 0.0612038090644518 -0.00349144019368024 0.0514046684241918 -0.0963539142758724 0.0521550014148794 -0.0720711603297708
FR12 -0.0365183331120862 -0.00641062264994354 0.0921747249055812 -0.0404836448016109 -0.0363875364292323 -0.0393896404159096 -0.0241671360476856
FR13 0.0550975434252219 -0.115422835068716 -0.0606834507207756 0.091007286084247 0.0194090331453284 -0.119791528459228 -0.16964045158455
FR15 -0.0545690458700908 -0.0174328628148782 -0.0716178784619229 0.0722184785107851 -0.0387737017303841 -0.0617259162274404 0.0369328630120312
FR16 0.165023904760259 -0.0511242486349162 0.0150945103227847 -0.0335594989523 0.00929133156639634 0.013302510871333 -0.0322499373381563
FR17 -0.0369986110767097 0.0451034079213685 -0.053643941264867 0.0873194572723907 0.0495120988666013 -0.110050071117745 -0.0105350836608829
FR19 0.0554568459712955 0.0592932063661017 -0.00186405579017293 -0.000565132571199254 0.037137604758653 0.203985707533587 0.0254992619599386
FR20 -0.131005484280358 0.0583734721388015 0.0405062147291765 0.00320455066206022 0.0752141665656677 -0.0113496828379398 0.0528978365061625
FY01 -0.0241788510022992 0.0425839047725325 -0.0364227412422885 0.0678969037157229 -0.021903389128735 -0.118903898598682 -0.0197504068710507
FY02 -0.070365282395569 0.0420049881048093 -0.084724838039809 -0.0282907364959014 0.0216789201360971 -0.0503355441060722 -0.0803506073539001
FY03 0.0491030981690106 0.0422538430018603 -0.0230738391963676 -0.017811699654763 0.0979876082008216 0.0562085275235287 -0.00748580812911752
FY04 0.0165140287530021 -0.0700442454744496 0.152094486441111 -0.10541117257538 -0.104857022996517 0.0197797445717898 0.0067855214664118
FY05 0.000506984287808117 0.0530477971500718 0.0567772716921242 0.0770795794429988 -0.0530256734053839 0.115611053288429 0.0188097314718703
FY06 0.0111800469788152 0.0216325295370762 0.102127281104769 0.0587487493524906 0.0318712208378083 0.0557464677253551 -0.053173791605794
FY07 0.0345715949307036 -0.0934465224578229 0.0934904408811599 -0.03168524061257 0.104847158898275 0.0216102104034038 -0.00250635666505302
FY09 -0.0124935000214378 0.0632075634134496 0.0115550220569022 -0.13865236752197 -0.0248030565313802 0.0244005449277812 -0.034975157273907
FY10 -0.0269110902320411 0.0604404440429167 0.0846007742243568 0.0754525381000139 0.128360555963057 0.0242817127219581 0.017813227554799
FY11 0.0980863575563636 0.0110958229976065 -0.0457131145885036 -0.0643194362533837 -0.0526290011225997 -0.0387238543152079 -0.0905747521579971
FY12 -0.0573024116444684 -0.0675432940323541 -0.0569841572883785 -0.0256764559557743 -0.0111469457317185 0.0524401826987653 -0.0731395165990503
FY13 0.0512994818401936 0.140686867497058 0.0743134354852893 0.0986379889975016 -0.154756406470698 -0.116411719651599 0.0419625232128644
FY14 -0.0576484274864794 0.0400060804918255 -0.000133153099014256 -0.0236062869574005 0.0577593181775724 0.00664703227627747 -0.0498394991948681
FY15 -0.0821453786243846 0.0152801210915461 -0.0980784734763259 6.99291388744431e-05 -0.0717949585897246 -0.0114985822755382 0.0732548323975358
FY16 -0.0138053793794396 0.0837678292185451 0.0298913955264673 0.0318230567891137 0.0487995300595457 0.0267620626004099 -0.0659436567914541
FY17 -0.0442657915625457 0.0313956188073646 -0.0177191708947036 -0.0370596574451384 0.0012818442373303 -0.0376238877717739 0.126405761309185
FY18 0.0262511811882625 -0.0193727305546698 -0.0391847755317421 0.0923387368157238 -0.0207375729817391 0.0538198283195924 0.0787423005560598
HH01 -0.108335043161334 -0.0335888972274341 0.0930929539967341 -0.0251530069417414 -0.121821687330751 -0.107257351273672 -0.126800233437573
HH02 0.173942619110388 0.0155073672075652 0.00777614279904279 -0.0798675920150734 -0.0809327063510317 -0.0493771816798971 -0.0442836968311521
HH03 0.00336804707189298 0.0195634675746657 -0.00596071535663357 -0.0287438549728256 -0.0876838731241206 -0.0264933728344993 -0.0605220858936313
HH04 0.066052149771588 -8.04482498265612e-05 -0.0728220247385895 0.0453955196652036 -0.0436628734199058 -0.142962406524187 0.0498263362300674
HH07 0.024413160196373 -0.089965732041159 0.055845248022247 0.0886779328276883 0.0434524664732571 -0.0147858664874695 -0.0315757944539797
HH08 0.0602271875300403 -0.0250352430392725 0.0581491222812619 -0.0154360245156212 0.0103065326487942 -0.00291391204023794 0.0395523983317287
HH09 -0.0559911692843946 -0.0182842764304176 -0.0289869645323049 0.026818433647829 -0.0687078082287168 0.0370033168993543 -0.0874312929215837
HH10 0.0687726543076189 0.0339583876053735 -0.0821493815133294 -0.137518658058917 -0.0716356589795455 0.144966386561147 -0.0548345233873833
HH11 0.037802536616585 0.0503163715028939 0.0535950241127273 -0.011222990242426 -0.0310817152740978 -0.07985906819083 -0.0252219452344799
HH12 0.00286289387608196 0.00826656422325615 -0.0532628254731091 0.0271420191451561 -0.0951544734087177 0.0258429606950986 0.0623163829794958
HH13 0.013479534228828 0.0144724261947199 0.107357927199256 0.00379589051971722 0.0566308777526388 0.0592875890750046 0.000598607796614384
HH16 0.009897905561845 0.0928193038494902 -0.0175205906444192 0.0184823244586002 0.05573330333314 0.0882266511588082 -0.024769324455767
HH18 0.0570419869752736 -0.0427164102886811 -0.0562830907541558 -0.015669305362628 0.0731525686391527 -0.117835567308435 0.00160329750294414
JB02 0.040532443390009 0.018988418854057 -0.0912085940139029 -0.0832482478016688 -0.152103564403796 -0.0543810677915611 -0.107011471433706
JB03 0.00874269921284367 -0.0144416853692904 0.12329502651463 0.00925103994543728 0.0838253952224508 -0.0811744858587681 0.0259041252657581
JB04 0.0482302786068409 0.0848742831914804 0.0377001913389904 0.0714736932614182 0.068372474143527 0.0398499236644885 -0.0367920429993204
JB05 0.0330184113909799 0.0633548843060021 0.0422561902801936 -0.090610772115364 -0.185962746825203 0.0870583252587521 0.0496986880196046
JB07 -0.0114427970681802 -0.0217415264469704 -0.0498656714406588 0.034573941949495 0.0496179052694262 -0.0140027358272298 0.0398527248541176
JB10 0.0988318807544136 -0.000707465777428617 0.053601833615809 -0.00401932748391747 0.0340467353523249 -0.00623498409279703 -0.0153080352321711
JB13 -0.0323334276160343 -0.0374804133920955 -0.0924704719611215 0.0733942099878722 0.040866213965628 0.0622161934494544 0.0301653631000949
JB15 -0.0816508593408192 0.0412827502735634 0.147044772219937 0.0490234605578165 -0.0665053858709609 -0.0338765919955264 0.083059521841322
JB16 -0.0814941151313461 -0.0457630783861563 0.00836743201902872 0.0265966282912218 -0.0272791956580541 -0.0110644332742767 -0.0532701023641345
JB17 0.0662587189776456 0.0455263877275316 0.16033499582082 0.0314766972357341 -0.0164360369401946 -0.077141398612042 -0.0508187942330704
NB01 -0.0297700556822825 0.0408804772530523 0.0243648166498348 -0.00965378273602544 -0.0319915295590928 -0.0163540492478028 0.0480586433191328
NB02 -0.0614144142748337 0.0236356613323596 -0.0462551421114003 0.0586401240929153 0.0372993006793652 0.0467728931022256 0.167167078055428
NB03 0.0342870382053125 -0.00818504778616207 -0.0321857170393536 0.095725870260185 0.106281015067921 -0.0890872586315747 -0.0235788107843029
NB04 0.00812148152568497 -0.0163777284208437 0.0462950880208147 0.021070329496348 -0.0125544069542956 -0.00741832213876889 -0.0190483239656577
NB05 -0.0652630212975523 0.0192746605465307 -0.088775100243092 0.100295305494787 0.0868025615151823 0.105931212132262 0.00806658589526562
NB06 -0.00660642565405939 0.038052846270148 -0.0738268300583003 0.0915435450352454 0.0109627418237227 -0.0871643223910592 0.0673223222401216
NB07 0.115068898934648 -0.0145401972041591 -0.0334165661181958 0.0374696583719341 -0.0216210026632327 -0.0496487731959332 0.0484689624033663
NB10 0.189309653831243 0.0379702954440452 0.0485895935798446 0.0205566906121605 0.058502667726188 -0.0302969692139667 -0.162605848254647
NB11 -0.00412941479850986 -0.0445010073481737 -0.0257080423008035 0.114427397477895 0.0414195280628608 0.106683545693716 0.0562592506235261
NB13 0.0164015346453952 -0.0442209617331927 -0.0315581647832279 -0.0319869900795872 0.101104089602127 -0.110807704673127 0.0416907096598101
NB14 -0.00644738484444965 0.0166645186943662 -0.193044855862622 -0.0685017595182503 -0.0155887038489998 0.0560394175787066 0.039048915280116
NB15 -0.0518025756755855 0.0204333855503457 -0.0172745895124027 -0.0239386008961371 0.0807537953233747 0.0026947442791868 0.0583233786411329
NB16 -0.124577319861902 -0.0039417857051756 0.0121831685560225 -0.0666985192486892 0.0671408572373825 0.0295272868864236 -0.0489911111811029
NB17 0.00317857681925074 0.0322333419589154 0.0363626960734521 0.0301591623353156 0.0461581260659341 0.0948209778890482 0.0161872797787298
PA01 -0.0508891973843699 -0.0654299122413324 0.134181784247911 -0.052498561889256 0.00209115650518999 0.0176547730294561 0.152031820949612
PA02 0.00565356231087669 0.0362589762422239 0.120794483791533 -0.0895414564624857 -0.0529165648865394 -0.0386731596851489 0.0130506319653821
PA03 -0.0540276791587552 -0.0140122266017731 0.0255250053720958 -0.0654175775178635 -0.0502982597988332 0.00522074203261009 -0.00822887462618667
PA04 -0.0454485501490082 0.0237166392649258 0.00642497380110008 0.11279886715959 -0.0686901635318643 -0.0548348893118664 0.120768606420487
PA05 -0.0885088935542354 0.0194133372852874 -0.0485410707055849 -0.0659686291961131 -0.116398242988274 -0.0692965959162575 -0.0798983698043033
PA07 0.102274136274085 0.122704595084424 -0.10187009142647 0.0446645481579525 0.0514289826077296 -0.00859141140957338 -0.00894879346439175
PA08 -0.0819770515029802 0.00295685022800804 -0.0216310330577688 0.0858287630928847 -0.086267424577592 0.0617893499599366 -0.0429722854070807
PA09 0.0585753592167883 -0.0753337548043799 0.11389996286079 -0.035540220671358 0.107211316322888 -0.0286282597933125 -0.112429457487373
PA10 -0.0380048330889921 -0.0635533883023421 0.0428498903261954 0.00415480938187662 -0.0458082844891369 -0.051581936793514 0.128064924246586
PA11 0.15101613908767 0.00613152821474103 0.00397074303520235 -0.0314116077938807 -0.0451775102584258 -0.0378324386515882 0.0940860839310522
PA12 -0.000576015873061271 -0.0342486595762949 -0.0307439376399427 0.0804946169402825 0.0353000787926116 -0.00167080343453426 0.101698555209092
PA13 -0.0109288689989804 -0.00344479543230955 0.0228455993195237 0.136204666192052 -0.0922132206274734 0.0148817178068931 -0.056280574592563
PA14 -0.0777183118418693 -0.0313459315028728 -0.0230662726450192 0.116081264685191 -0.0071080910854562 0.00342460867176001 -0.128014675083099
PA15 0.0198306599222619 0.0428126568807781 -0.0727124287162218 -0.168440493019982 -0.122051248563698 0.0541521707715906 -0.00607037748970016
PA17 -0.0189933179339542 0.0258866150625899 -0.0229381290650918 0.0152819385303027 -0.0163569580583686 -0.0283275985091929 0.0119989123109256
PA18 0.0623299344595186 0.0309551223368817 0.0618652662581095 -0.121036382005355 0.0234940206437123 0.137921735785025 -0.0318091634515515
PA19 0.125241033177012 -0.121747545257565 -0.123038636980234 0.00820530926281263 -0.0275724573001663 0.0858066799095055 0.0505338306517815
PA20 -0.0453471591870292 -0.073431081826693 -0.0477711580567487 0.056808186947987 0.0560536022148067 -0.0277737333063256 0.103887874692697
PA21 -0.0122857652712118 -0.00468513238385676 -0.0999167432828509 0.0852848122822308 0.0482187818019505 0.00359523714660884 -0.103058089305608
PA22 -0.0223693492311079 -0.120580628245746 -0.0130231734518131 0.0112137202348763 0.019869705923628 -0.0428706902839879 -0.125412978332534
PA23 -0.000724652413680388 0.0491819375041375 -0.0215159545043173 -0.0317427758661659 -0.00589355339831314 0.0146750202614137 -0.011607316930347
PA24 0.0294676454988552 -0.0664289945930488 -0.122160953558845 -0.021852185399502 -0.100820391486901 0.172126794623989 0.0579714039866161
PA25 0.00501386514895077 0.0207921434118193 -0.0125025500627868 0.0782373094452583 -0.0811911918857634 -0.058615673609188 -0.0578444287068873
PA26 0.00018213145346817 -0.0366732643321206 -0.00198151643428286 0.0314106695897008 0.00781776408744564 -0.0444110580423605 -0.0743162975014749
PA27 0.103102408542742 -0.00987040152562722 -0.0262319793283653 0.0319216908679391 -0.0817361832848335 0.0597950461970435 -0.13663031822045
RB01 -0.0648614568308708 0.0955896391846446 0.0682997522110986 0.0656440962752695 -0.123372998187542 0.0690492748106554 0.112684697210333
RB02 0.0837579118119956 0.00769015730731126 -0.0154242130121115 0.0713958017829855 -0.116496225197297 0.0425938533873122 -0.171618203238941
RB03 -0.056590098037442 -0.00282874716662107 0.070580979160471 0.0224664615575279 -0.18088235700601 -0.000798423776412927 -0.0724629938056921
RB05 -0.025593439156739 -0.0101458227833686 0.0508411484421531 -0.00547721487829154 -0.0291131363993581 -0.0632190631641906 -0.0931498229089746
RB06 -0.0284300458722487 0.0445386743586383 0.139075322710276 0.0349940267715182 0.0877486459599676 0.0989944372405886 -0.0337267957855628
RB07 -0.00431931469650923 0.00438203370219095 -0.0775656515000474 -0.0978656316136362 0.00640629488013392 0.0404862205046782 0.0604942038436652
RB08 -0.078163292296665 -0.0131963450321999 0.0780556205854281 -0.131344932627499 0.0576090820406937 -0.000141735311700933 -0.0347882890812509
RB12 -0.0500489772661443 0.14205392436476 -0.0258229908635106 -0.0588552312681237 -0.0130313254827942 0.057546606999795 -0.0802901311088749
RB13 -0.0627034020723889 0.0449606588540667 0.0980213020526729 0.0108444815411549 0.0945580297989059 -0.0021623642124237 -0.0965243397440392
RB14 -0.0123241642472531 0.00462836917853111 -0.0416116307686739 0.00805799976892704 0.00263305788022816 0.00955416053178058 0.0471171209030443
RB15 0.0317405880496895 -0.0150240335936072 0.0370478118238085 -0.0628685715442726 0.138719636304374 0.013411789638948 -0.0543615017177904
RB16 -0.0713585538993991 0.0663152738220362 0.0676600076617346 0.0718673576736801 0.0111206563771036 0.102529155741192 0.0603792541013066
RB17 0.0666275026522114 -0.133622993726297 0.0267305268740564 -0.0783032189367161 0.0803757909396355 -0.0133570396140894 -0.0202348004556414
RB19 -0.0651101586480419 0.128922533824789 0.140909674460124 -0.0307240896702507 0.128113611884474 -0.0332427809002415 0.0919594848655576
RB20 0.0249377747970711 0.0238433026189829 0.0543410721959296 -0.00228972009902688 -8.0158843526698e-05 0.0338781719194015 0.117584667911351
RL01 0.151738303034373 0.0558063099683381 0.020508748611346 -0.044679524674526 0.115440155255589 0.0553556714196037 -0.0171534395075718
RL02 -0.0106688918224253 0.0512288204152447 0.0388583019934329 -0.0928263195215589 -0.00457727953790773 0.100238380992595 0.0255685674108512
RL03 -0.10496198891096 0.00299169011726815 0.0558644097956653 -0.0388888270195389 0.0679926374049054 0.0635551082520285 0.0655793367336449
RL04 -0.0759643821315023 0.000573955260599542 0.0568608662490188 0.0922220596885193 -0.0892300534794774 -0.0779459376275938 -0.0307506997850798
RL06 -0.090756290275791 0.0603046246064705 0.00317019782826797 0.0581062853241501 -0.106623920126504 -0.0453737865192957 -0.0307306461642608
RL07 -0.025434674862324 -0.0491632501473115 0.0815946954627753 0.0162459093821575 -0.0120294834069839 -0.0132204314507584 0.017403665535043
RL09 -0.0560205735937611 -0.00554808443384822 -0.0328833341707854 -0.00290737364885252 -0.109676485298368 -0.072299849813132 -0.080754584992213
RL10 -0.0547193396600226 0.0801616279256251 0.119708928480439 0.0822488359962128 -0.0454921792068401 -0.0536233659077398 0.11445491948776
RL11 -0.114001079178374 0.0139721586734954 0.117055082815294 -0.0771240575936831 -0.146359025012769 0.0459916394667528 -0.0717538258628661
RL12 -0.00671061527849234 -0.0713635284667937 0.0936185513997325 0.0318644436276601 -0.0454165349738057 0.0356573173214305 -0.0881515848906459
RL15 -0.139531773621581 0.0183060310405666 0.0619253666161307 -0.0925025988350015 -0.0496733825360766 0.0432208354768328 -0.0200362930073746
RL17 0.000780625426854865 0.0397998381477839 -0.00392031320200255 0.0248290205465601 -0.102042524382892 0.00508625299172499 -0.0872889804352971
RL18 0.231664993157075 -0.0214255184577442 -0.00506753773127693 0.0217841841332809 -0.0325439746323724 -0.0133134768292358 0.0531207726297794
RL20 -0.00803810316569771 0.0260881874182707 0.0776460968449496 0.0871580602211153 0.00656407968401838 0.013457611007254 -0.108962695253201
RL21 -0.0659726535285679 0.00286645890417748 -0.00477340243476664 0.00643086445468369 -0.0465499798796118 -0.0640996702538784 0.00272495574628805
RL23 -0.0457500265798755 0.0684422662881916 0.132336728789419 -0.0344853713709297 -0.0785430895015275 -0.0768491856777687 0.0444754141776669
TR01 -0.0379253334757517 0.0739412013999535 0.0103921557905806 0.0235746666131062 0.109946400870521 0.0755785715130206 -0.0192222588249826
TR02 -0.0563330818295487 0.00812869994141271 -0.0163399116109335 0.0178417157410557 0.0533233091018818 -0.00557194188504325 0.0719636618832596
TR03 -0.0726299013659229 -0.0245404771443365 -0.00590879759381515 0.00260425961075256 -0.022124115665241 -0.149693959767304 -0.0236025499157811
TR04 -0.104918870399411 0.0386762864432514 0.0161673844393567 -0.165070275798688 0.0215937368136486 -0.0414878297477911 -0.00378762609906466
TR05 0.00438350510834262 -0.0744170426135069 -0.0642611849848726 0.0298254055972178 0.0761461531296858 -0.0304159949098797 -0.166450414704384
TR06 -0.0615439481047183 -0.0430717839511822 -0.198379607152242 0.0193000525818191 -0.0729207821965133 -0.0135793621862354 0.00908401452324203
TR07 0.00639211019091994 -0.00816846767539821 0.0111666178339894 0.125096165251361 0.0353657144859376 0.038968027615361 -0.0815197521185685
TR08 0.0133245863508451 0.0776807556146826 0.0322905506958666 0.0264079845787945 0.0126094587261804 -0.0428564834455257 -0.0465536192624809
TR09 -0.129758821498006 -0.0110584356858436 0.0387529402189126 0.00217168419678026 0.0119117920078524 -0.0296257968099524 -0.0681222150772378
TR10 -0.0826209225356994 0.0038853855106661 -0.057212650955482 0.143274452799758 -0.0257668457668117 -0.0228474565344755 -0.103889940104733
TR11 -0.0703574868116156 -0.00405400410545901 -0.0323571723014469 0.0495642000924872 0.0676027302197684 -0.0288007665355338 -0.0548281211786541
TR12 -0.022247278624787 0.0217867901161323 -0.000377707950320967 -0.0512115449595545 -0.123806120680253 -0.103719290946476 0.0308885554339036
TR13 0.015695489250266 -0.0117690942833609 -0.114766196904572 -0.152384027905441 -0.087702028832535 -0.0686672796711595 0.126260746394911
TR14 0.233173679383347 0.0224054205011571 0.0933260036345257 -0.0355865450481499 -0.0643905513326323 -0.0434839730851666 0.152621121936077
TR15 0.037819378999734 0.0668782236345237 0.00840156957844207 0.0766185109094143 -0.0271795945095782 0.127926245662198 -0.0383093114630138
TR16 0.00485235438152279 0.128733484442602 0.0914877159846385 -0.0772423915655581 0.0269059468339853 0.0174933401336214 -0.062584967560535
TR17 0.0190000530512782 0.0103263470377999 0.100339217883207 0.0718308609367995 0.143254082989798 -0.0657126249508137 0.0789956296507274
