sample MDS1 MDS2 MDS3 MDS4 MDS5 MDS6 MDS7
AN03 -0.00290940507612691 -0.0564241219800307 -0.0295864149406432 0.0252300729998138 0.0294639992127504 0.053946604994494 0.0365634726732009
AN04 0.0544316792620408 0.0150590260088508 0.0441036992116394 -0.0069883235723267 0.00907027105426916 -0.00642467183118531 0.0482201812257744
CS01 0.0835315416145429 -0.0141778338370196 0.0641269380315959 0.0790567582106801 -0.128118880750306 0.0209648333010652 0.0367176635052266
CS02 0.0562271999308021 -0.0118228191922514 -0.0446282742379114 -0.0790219979980347 0.088376449695749 -0.0966014610227933 0.0508212096119516
CS03 0.0442747149380872 -0.0459289677959313 -0.022939127879223 -0.0459981620256632 0.0293646625489076 -0.0613314902324683 0.0212811620237269
CS04 0.0290163731174293 -0.0406681832163252 -0.00787692157573758 -0.0562898965443887 -0.0279956088150979 0.0611471735610655 0.127179729098495
CS05 -0.0393851636765196 -0.114584251991274 -0.0335502447521533 0.0529643712066605 -0.119547865254872 0.0622722067567908 0.0307308642787004
CS07 -0.08749569442546 -0.0552444872831396 -0.13941116325998 -0.0413126677867583 -0.05894206888036 0.0931030686046405 -0.0732622085196179
CS08 0.0783095029681317 -0.369506709026507 0.0618706781312797 -0.0500678354372598 0.0817970494527822 -0.0988447589166793 0.0248303749372061
CS09 0.0846084743734302 0.0140161236577837 0.0582441242682687 0.09997176073088 -0.0131501508413346 0.0702940164293852 0.0301843771451299
CS10 -0.0148115639742137 0.0553418575657034 -0.0606091303757777 -0.068328656564086 0.0260195140084179 -0.0497220743585043 -0.0298601351650844
CS11 0.0881658141763781 0.0462631155250611 -0.0596438375014377 -0.011206152745778 0.0605733673495097 0.0402352403591623 -0.0402681980737403
CS12 -0.0492325804119772 -0.0400153270170573 -0.0120687789268114 -0.00715770481648839 0.0870683854067642 0.0446339004468971 -0.0717917503471959
CS13 -0.0253555132227716 0.0948376871342043 -0.0250268921385392 -0.163301669942396 0.0761829451420363 -0.032296077075195 0.0685702973415219
CS14 0.0215086134312386 0.0207472602395302 -0.0498019409734015 0.0857221535452387 -0.0440046776662244 -0.00233129989176814 0.00429486197374492
CS15 0.0377401001600065 -0.0432302279187229 -0.051911951589878 -0.0316575712358419 0.0121289410230241 0.0222515954574699 0.101462530155861
CS16 0.0407402263759745 0.00128804742713737 -0.123087778949628 0.102550082424877 0.0940277402363517 0.0400851380711224 0.0034920298952978
CS17 0.125164571703196 -0.0519841427440862 0.00558115170846502 0.0553715689466792 -0.079549153085199 -0.0522167457495893 0.0178751996672925
CS18 0.0224375408551744 -0.0210538145705952 -0.0888004417845153 0.0922054635056573 0.00541076849688932 -0.0103993370213912 0.0602061658333682
DK01 0.0444690848166271 0.0644438676190241 -0.0120258427593988 0.0180073655287067 0.0387198665021297 0.0850482967169256 -0.0073785717467636
DK02 -0.0531881100692664 0.0176968674366923 -0.0310255445798161 0.0229435633035117 -0.0811816003912875 -0.00108981663313207 0.0118112791492463
DK03 -0.102816449274598 -0.0383531616549192 -0.108688913437276 -0.0226648051532199 -0.078582985970871 -0.0319840873025295 0.043788300164244
DK04 0.0514460835470691 -0.0932011278245145 -0.0889532090230584 0.0482137407798432 0.0365641779231107 -0.012884864640123 0.204604820327903
DK05 0.0277706613804689 -0.527553779351669 0.0694095362677459 0.0133665019717635 0.143406179039939 -0.146219845808846 0.0237604004729621
DK06 0.025630889990716 -0.0284863147720807 0.0639875902133841 0.0913985850857851 0.0503629685659384 -0.0785478281240831 -0.0396863863914595
DK07 -0.0505456538504128 0.0709918883406135 0.00472314562779342 0.0250281659616443 0.103974233293984 -0.11898721486435 0.0286809917820591
DK08 -0.104052784987041 7.08983016133614e-05 -0.0039995054122456 -0.100846322405229 0.0152131824739409 0.0159037092015537 0.060423528168418
DK09 0.0238437628992201 0.0255394287325142 -0.0307490070157374 -0.0669836334727286 0.0381078187288858 -0.0503813956464407 0.0154935307649715
DK10 -0.2130591084315 0.051346375092299 0.0664179930204569 -0.0352012644196944 -0.0117283046531374 -0.0379377825543735 0.0446821967736656
DK11 0.0843965095936095 -0.0160778126326074 -0.0444283697667408 0.0855590733521965 0.128264257703536 0.054706515647088 0.0576857909530919
DK12 0.0774488812989713 -0.0357519619885032 0.00704661327080609 0.0290976598941238 0.031545764758316 0.00842646572731838 0.0415966904271268
DK13 0.0197650543889255 0.0404146649050586 -0.0382827595709085 0.065652921805227 -0.00695836863706739 0.00149352820589778 -0.0408623535517739
DK14 -0.0749389448219294 0.0319976385700226 0.0222678577440156 0.121779827469271 -0.00775561112458873 0.0748766171425029 -0.0830455609795317
DK15 0.105853362519927 -0.0506388433638657 -0.0727670665439909 -0.0625293048192643 0.0251324957382161 -0.0159755586373692 0.0585630720604046
DK16 -0.0124022126120899 0.000667553343230529 -0.0654199973166908 0.089939734985752 -0.0303997951282778 0.0295790824851233 -0.0106214630232612
DK17 -0.0465814487238942 0.104848415225715 -0.0686652902753212 0.000788966783667383 0.0135569668965664 0.104525142020921 0.0513252609317816
DK19 0.0362577749011855 0.00136415031171175 -0.0849633028964858 0.0611735793184752 -0.063896428576722 0.106187288828469 -0.0174488871687083
DK20 0.0741485614090031 0.00834090049944644 0.0296442522424519 0.118983924152605 0.100941638644399 0.00664344479133175 -0.00351524220012841
DK21 -0.0525425285065864 0.0618610563746287 -0.116287559195331 -0.109348080032519 0.0321651355528757 -0.0738532983521839 0.0390682111008407
DK22 -0.0480249231310347 0.082317581641605 0.0307835166747019 -0.055520778563955 0.19818322027323 -0.0548770225945614 0.0110563182303017
DK23 -0.0648155015358871 0.0290058614723423 -0.105528060489033 -0.0356599515341241 0.0832241000959562 0.0175051174230629 0.0369957962799072
DK24 -0.0393922071051874 -0.122132685575873 -0.00227038995976907 0.110762166832541 -0.0801830893309283 0.138435969928959 0.0339055189008204
DK25 0.0393267573097762 -0.0436668367026991 0.012543849322934 -0.00380563211572016 0.0718861892389241 0.0270510270248591 0.06236969873807
DK26 -0.1121708494378 -0.0430147912281812 0.0160186302831218 -0.00345728293139062 0.0206841946926796 0.134322182191925 -0.0528995914699432
DK27 -0.0989085922321006 -0.0359572860789662 -0.11493746342191 0.025189914695452 -0.0499290383401394 -0.0933633647528111 0.0280937193720771
DK28 -0.14553079014685 0.0278557107771933 0.119070494965501 -0.0524234301773574 0.13490367836082 0.0251894279151716 0.0151075145023031
DK29 0.0955882638496405 -0.00803099602602889 -0.016506485957303 0.0659585924391111 -0.0620066248281797 0.103826838548166 0.10402867562845
DK30 -0.126823333563069 0.07780182299897 0.0543596421802463 0.204313759198392 0.00297862781480576 -0.068356680338023 0.00783407454898553
DK31 0.0172431797056567 -0.0640149920217133 -0.14083411256231 0.00573092325373606 -0.0381696090765374 -0.0260143395108688 -0.0235738196532207
DK32 0.0320675056140302 0.0722039378389619 -0.0328983940925134 0.061761621400682 -0.0644121009996409 0.0966290760781701 0.0595291918761917
DK33 -0.0867460913806375 -0.0585180529580913 -0.0576925675641666 0.139138908703348 -0.0481991687493901 0.0658915613792171 0.105993742193882
DK34 -0.0585244581629973 0.027680104657659 -0.13726109453557 -0.10764370233509 0.0165510625776826 0.102794083243932 0.0253393563257677
DK35 0.0290197191227616 -0.054098162887085 -0.138424786993837 0.000913668299157957 -0.000464574516112897 0.0541078570253901 0.105832426034293
DK37 0.0296781309131369 0.0177983697745398 0.059264779878824 -0.0484379703553075 0.0877042844952332 0.0113055894002431 0.268099962937069
DK38 0.00124745648231481 -0.00254870723003863 -0.0551753305393977 0.147845247031324 0.183885985484424 -0.00384442356243422 0.0583583257891337
DK39 -0.0445443047832035 -0.0212994699418802 -0.129961288120214 0.0404169528822192 -0.0551977802023514 0.00324928495120971 0.033240363960493
FR01 -0.0656918585380042 0.164257394725076 0.101633797898848 0.0908026754152646 -0.0403129343098766 -0.118267057103126 0.0857742835226612
FR02 0.049096732377232 0.0577947741001278 0.0336215533958202 -0.00351549969700666 0.0202875459942428 -0.0097905093023334 -0.0567329221848199
FR03 -0.0260451419769194 0.0757601064474747 -0.0829402598099452 -0.0207639702891328 -0.0720097761034789 -0.03147383837233 0.0380648405617596
FR04 -0.0697678079371325 -0.0677685197414454 0.0527303705048027 0.0117053542764355 -0.14906831621833 0.16006615791687 0.0331087422167517
FR05 -0.115564520672053 -0.0689985587581055 0.0592148045209524 -0.114798771615079 0.0210720030229253 0.0153893937016677 -0.177401778504763
FR06 0.0345121313287843 -0.0307440578843036 -0.000933709892221735 -0.165432867409418 -0.0838483847362766 0.0809667996080558 -0.0045727250347555
FR07 -0.137718208791858 -0.141848642727431 0.0365786830774509 -0.103954549937663 -0.124213819517476 0.00721463038801459 -0.0301399855821829
FR08 0.0399467193400917 0.0117588704226948 -0.0579274419871713 0.109386850565917 0.0578664127704111 0.119483454687106 -0.0518174271056784
FR10 -0.0404376709364198 0.0521852734959603 0.0270697029252239 -0.023631539962821 0.0256943016210763 -0.155027070197435 -0.0473612536392717
FR12 0.0429625631919752 -0.0228942157637413 0.0858758391263801 0.0367075315665852 -0.0908578859367072 -0.00911591390342327 0.0100606921168564
FR13 -0.0702132929259789 -0.104209890996592 -0.110057295279251 -0.00478742431047973 -0.0499353242558684 -0.0399855746838893 -0.160108009435314
FR15 0.0430444449531165 0.00470427929830562 -0.0802925177759897 -0.0997219274907805 -0.0541441099325255 -0.0422529362510202 -0.00173528796857524
FR16 -0.159891953585537 -0.0526283224805263 0.0059103452084688 0.0638167665233035 -0.0141425555943512 0.0259253216747309 -0.0206777011340589
FR17 0.0174163685100685 0.0541664552613363 -0.0771802118244743 -0.0774098959436173 -0.0674053108766862 0.0893136922959201 -0.0653035909480088
FR19 -0.0397175579062787 0.0568981174608831 0.0106362253146924 0.0409733848877451 0.174022779040513 -0.0254065835051445 0.0373099746848359
FR20 0.128481516507024 0.0595704523400717 0.0256166068541102 0.000634546546487372 0.00617151622640936 0.0922765893971647 -0.0321879906039915
FY01 0.00738271540773658 0.0451568415317177 -0.0423308509232817 -0.0615835756134492 -0.0807931184599483 0.0323295451012043 -0.0212588822334668
FY02 0.0650158516072241 0.0578703806000004 -0.0933972259105121 0.0318257603494958 -0.0521591505710562 0.0163838468874049 -0.031208846564398
FY04 -0.00371811683445078 -0.0963920305995745 0.155088661691977 0.0657710557445926 -0.0617086381347246 -0.0692719963606401 0.068588856034469
FY05 0.00542055727615422 0.030758720716727 0.0858166692071975 -0.0750476848510677 0.0843268808220816 -0.0104762940195125 0.0186510386410654
FY06 -0.00132352275638425 0.00327310930511639 0.0806810988756313 -0.02605826013952 0.0772156725553884 0.0189357137613321 -0.078170689774718
FY07 -0.0177808212326982 -0.109146516654553 0.0496080522585218 0.0731756588349087 0.0667173354572593 0.0710451487148129 -0.0329862220912444
FY09 0.0175656889549268 0.0587043323173577 0.0350486780895958 0.133369006147729 -0.00244337692854179 -0.0237833379672004 0.0702086631619247
FY10 0.0308075269220103 0.0535310535192896 0.0311568876424741 -0.0419632978930423 0.0851839647968002 0.155800808788322 -0.124400260679026
FY11 -0.0995228133617516 0.00992771852889312 -0.0159696256435494 0.0765885550968189 -0.0662383702935025 -0.0511566933791551 -0.0450105709836228
FY12 0.0664561134640943 -0.0519119704607602 -0.0865882326152927 0.0470564166645585 0.0287416787759188 -0.136123283278121 -0.0244707173937678
FY13 -0.0701230841896088 0.119772195629497 0.105572219264566 -0.15062566263266 -0.133384030463869 -0.0842549051381026 0.0224174323141287
FY14 0.060937595818259 0.0328548427747844 0.00205852377164788 0.0575913559467611 0.0501028782681065 -0.0288743954183433 -0.0130467936539022
FY15 0.0784285123262081 0.0358388262108138 -0.0852341657826053 -0.0729563023524774 -0.043460582294139 -0.045069311364887 0.104761439939082
FY16 0.0187624423258595 0.0811726615238906 0.00448943914974818 0.0165584090880762 0.0315474390792735 0.00127579505716304 -0.0813825583231299
FY17 0.0375600064905228 0.0228132491572928 0.0243369009820445 -0.0397010191431501 -0.0463258427565315 0.0532228627250372 0.115218144249147
FY18 -0.0338742845001602 -0.00849129796195159 -0.0279385510232923 -0.10999872377714 0.059614381339335 -0.000452075644384532 0.0967897076917198
HH01 0.105264838948575 -0.036768462723464 0.0506778011059694 0.0205265561287755 -0.170470509087236 -0.111086001429073 -0.0935482151698077
HH02 -0.175089783112204 0.0173837311968597 0.0212070546702003 0.0910966077281784 -0.0615336699695771 -0.113766715465163 0.0105664935095978
HH03 -0.00883643851182321 0.0286979460309231 -0.00625341038080881 0.0264583476668965 -0.0729785479832911 -0.0679360902704763 0.00412630498735439
HH04 -0.07913115603933 0.011697452382278 -0.0793603085390732 -0.0867308089412233 -0.0934016769175656 -0.00242755293336336 -0.0104012047824037
HH05 0.0279310540341437 -0.0100541862030345 -0.00339198865315117 -0.0923259189252815 -0.0082728562792769 0.0621823796130373 0.0255249357511312
HH07 -0.0230009629254115 -0.094930891214633 0.00458729911852495 -0.028657227570354 0.0266501876457133 0.0455936481145789 -0.079182060980961
HH08 -0.0561473457335847 -0.0384260460581662 0.0455980436812454 0.00663396729409058 -0.0131344677530104 0.00112342119439386 0.0245627686352532
HH09 0.0570702856802212 -0.00489862318286627 -0.0314015139434061 -0.00877566524427384 0.0124575804704742 -0.0792457444337971 -0.0441922076806877
HH10 -0.0589354119932362 0.0478314522058359 -0.0327507109864066 0.144496430298325 0.0224152042891196 -0.0723876298513675 0.120485995778053
HH11 -0.0433078675121067 0.0425942430208649 0.0211132532376579 -0.0141490325483592 -0.117359751921841 0.0891763346649273 -0.0395619841012569
HH12 -0.00493790233771054 0.0121740256533143 -0.00230942954616044 -0.0712484366513418 0.00471678798236769 -0.0472685557380955 0.0842494465275458
HH13 -0.0134507432051878 0.021329904023854 0.0503654316225206 0.012325233071864 0.0428255527291828 0.0610582930127705 -0.0465266203178806
HH16 0.00522943339656189 0.0898253097569955 0.0161993892057597 0.0248640955209185 0.103754772417566 -0.0137076666656101 -0.044972564611368
HH18 -0.0710577823496322 -0.0307245556260998 -0.0825149806328535 0.0168792371172196 -0.0743821004846817 0.104570036957081 -0.0278175365184133
JB02 -0.0505727469322128 0.0449334132004049 -0.0680774191939648 0.0896286980642822 -0.113462292829354 -0.172770830084788 0.048480146827859
JB03 -0.00945615627865781 -0.0513454850412229 0.118835564342666 -0.0188134090359849 -0.0383594251617125 0.129430204272975 -0.056686755179516
JB04 -0.0499102752712486 0.0615799238411902 0.0663983189756036 -0.00456874611248271 0.0958679382796255 0.0331384148235601 -0.0289360635475341
JB05 -0.0286521163534719 0.0517030819338649 0.102200111814195 0.0530020549342068 -0.0324275034285838 -0.163732857778181 0.185745085556112
JB07 0.00465242338609207 -0.0179913360582474 -0.0405829003298278 -0.0353930245550756 0.032265544204653 0.0421064864813881 0.0133412622304714
JB10 -0.0912725018335324 -0.0216679743171036 0.0467099471188697 0.00451448680873672 0.0122009180757013 0.0176110729194718 -0.0270686550991326
JB13 0.0304161059090186 -0.0241092951660864 -0.0781721939055766 -0.0663782555831024 0.115114257648306 0.0199027148546364 0.0304838055236277
JB15 0.084862996627068 0.00714850450102659 0.156748735228687 -0.104699752890364 -0.06491210285737 0.000613576909687813 0.00220942151164165
JB16 0.0790691609933945 -0.0358109545228897 -0.0279997797001098 -0.00655404431055365 -0.0202685533318376 -0.0515631757865126 -0.0340807973649337
JB17 -0.0595863020605801 0.00487473030288721 0.133736480256017 -0.0206495365471942 -0.0723815418929623 -0.0247251014307746 -0.145511668664815
NB01 0.0288459273513406 0.0355542570797955 0.0336262121306256 -0.0327109447019126 -0.0514072741168496 0.032226902542167 0.0511584360572202
NB02 0.0533744918657901 0.0279728217534562 -0.0223172838608664 -0.119137380133675 0.0722319839476488 0.0830843908568745 0.128779394383349
NB03 -0.0438357953512139 0.00134765796451206 -0.0766373720978981 -0.056605955906833 0.0167213127977006 0.0521647271274223 -0.0174325703242833
NB05 0.0618158978715028 0.0441563119406572 -0.0994377111809124 -0.0583176749224928 0.13569756474943 0.0157331079836953 -0.0276388221804831
NB06 -0.011394484775261 0.0485669948330337 -0.0680664021316516 -0.118323759631301 -0.0412767562593597 0.0403685765869708 -5.11046705342598e-05
NB07 -0.121904794224319 -0.0143664985783995 -0.0323687128291086 -0.0668551787346577 -0.0286313482837801 0.0161177906950998 0.0188982943142313
NB10 -0.192129232192585 0.0250415228511913 0.0295785424655858 0.0872807052483033 0.0134335688925206 0.00138827444293134 -0.133597705429191
NB11 0.00960533242462546 -0.0376540344196832 -0.0318130362213607 -0.0795343590155158 0.164326214015311 -0.0305837553065767 0.012751534398399
NB12 -0.032757518174316 0.028457861009892 -0.0688499451563318 0.049803629101764 -0.0669679719413265 0.0459119307712402 0.0536356121972055
NB13 -0.0233962892041893 -0.0376586806905914 -0.0688073861479309 -0.00721144119001618 -0.0792098721602199 0.148490317333397 0.0231550907512793
NB15 0.0436001788106072 0.0363222247166673 -0.0492802081050869 0.0132360612005814 0.0406437132660234 0.0741855987010386 0.0448129387490579
NB16 0.130733212138242 -0.00105777516163332 -0.018561662170858 0.0893345669729921 0.000932828002632647 0.0774187713619145 -0.0427101547565461
NB17 0.00757694504535925 0.0257771751082083 0.0387221598922234 -0.0349306430712689 0.084888000967244 0.0265431929452948 -0.0369287782232486
PA01 0.0661519827234011 -0.0943780336771811 0.11600665453477 -0.0233491644317842 -0.0212477686781173 0.0618175609272331 0.0581354555612076
PA02 0.00246654114838927 0.00368102268105038 0.141931275738116 0.0487846226737897 -0.086547244247906 -0.0105039998781385 0.0372637239788269
PA03 0.062802540233086 -0.0100963556412496 0.00413077458094072 0.0374408873667976 -0.0875323081714675 0.065466024368559 0.00975189203459728
PA04 0.0413115665751647 0.0300320034916831 -0.0082181989856642 -0.161417542606477 -0.012074703140037 -0.0605741436743173 0.00454699583138714
PA05 0.0822067754931425 0.0319305393963755 -0.0607998093594207 0.0363796740600352 -0.131088951241374 -0.082053649861066 -0.0114740717620678
PA07 -0.112242382266565 0.129913719351079 -0.0560791625941758 -0.0200958964962913 0.0643371406655116 -0.0154128681350891 0.0103936801855019
PA08 0.0831245486502656 0.0172093095017138 -0.0196903979787921 -0.0664584116805939 0.00360733766177738 -0.100422631394303 -0.0374188289676956
PA09 -0.0455419574957416 -0.0813765727050106 0.0309926826450103 0.101338660607271 0.0363360220016727 0.0172927980472604 -0.114856524564376
PA10 0.0346470920959265 -0.0651979094717434 0.0162089372146389 -0.0655436415857829 -0.0834651412983135 0.0721313155666569 0.102497673142929
PA11 -0.157322123468033 -0.0062898950327258 0.0414503345672343 -0.0249508077528367 -0.0655041806631887 0.0413509939156483 0.0856235792239957
PA12 -0.0145475634676414 -0.026263463737643 -0.0397162805181453 -0.110838196505963 0.0109199089646827 0.11456741129618 0.0317115267728201
PA13 0.0095254682593346 0.00459314815178199 -0.00301090772883157 -0.113108079333501 0.00861082568680814 -0.054138877596205 -0.115063812110857
PA14 0.0760004088816603 -0.0212170123036273 -0.0494486051717649 -0.0609134955331779 0.015347853148429 -0.0559299369471417 -0.175142191531385
PA15 -0.013701034732146 0.0534351749095804 -0.010725673590573 0.145548899117923 -0.0341608398603736 -0.124670608679085 0.108669674477051
PA17 0.00100339003875348 0.0488539830854771 -0.0690174412143459 -0.0101923181965146 -0.0283536627014639 0.0345084292210983 0.0296201056258157
PA18 -0.036987795046112 0.018229975179451 0.0760828386304651 0.144383244958977 0.064420286388942 -0.0400688151039937 -0.0193366594570253
PA19 -0.124136209294135 -0.102278002304514 -0.0877159877178758 -0.0328097168911411 0.0563347272697476 -0.035484484252602 0.100414211344122
PA20 0.047160941672321 -0.0607168573949117 -0.0703102856783963 -0.0873025266654859 0.0159811177091034 0.00489513918726515 0.0187075150927649
PA21 0.00308529520823062 0.0282663745093619 -0.120166743018151 -0.0150093097279085 0.0132839120578118 -0.0184885249732635 -0.0673725798725582
PA22 0.0262777344627296 -0.102523309010388 -0.0944173379325213 0.0234089062943107 -0.0196225639091203 -0.0238049776120693 -0.118036172877379
PA23 0.00155900276392422 0.0559336524174664 -0.00487566029650318 0.0502181763232957 -0.0266344441898738 0.00272821312656852 0.0212237695546305
PA25 -0.0230553858275455 0.0257329396232027 -0.0106282485711805 -0.0834058493937918 -0.0605648490175067 -0.0268881391252906 -0.0441974966477103
PA26 0.00527736099535475 -0.0362307013944692 -0.0352032503960147 -0.0190925094439132 -0.00742999608459865 -0.0810224436466713 -0.0872912005044994
PA27 -0.0971965293746675 -0.006515668959443 -0.0231070063200389 0.0249214966773939 -0.0164957578412325 -0.117247314300141 -0.0842050504729661
RB01 0.065088528299006 0.0930562389548931 0.0911834939100201 -0.122469045697829 -0.00237066216816319 -0.0689158031636969 0.0542723941880224
RB02 -0.0787448182798651 0.0183207442398218 -0.0359339904083849 -0.0019239456326479 -0.00227275951056088 -0.165043251085727 -0.141146212204495
RB04 0.0564032338986166 0.0296592335030186 0.0745841745596983 -0.0568526490773172 -0.0428745672422428 -0.0953298402152543 -0.0107679699122207
RB05 0.0319123420828391 -0.00990564212717531 0.0249530213669154 0.00440270453202181 -0.0564324136306266 -0.0646416633269914 -0.109876084711461
RB06 0.0460430319652785 0.0152106670990863 0.130213284191862 0.00697983192214232 0.121255078235902 0.0291496295969156 -0.105938503863432
RB07 0.00988398347444219 0.0270793464115962 -0.0592299230527574 0.0784985700054469 0.0216599321511613 -0.0799277494881029 0.100363011304868
RB08 0.0850649101708967 -0.0138659028867715 0.0381912261230037 0.132765265861299 -0.0656101354122137 0.0884139374475238 -0.0257503758279033
RB09 0.068000885365931 -0.0933873867797392 -0.0144208851990886 0.0374225879089158 0.0159398866154548 -0.0262650245039433 -0.151309507209694
RB10 0.0112523001461001 0.0601001145971833 0.0212519436930537 0.0137898607869562 0.185978765138575 -0.0612662424207607 -0.0964673376303644
RB12 0.0520465674312969 0.150454300729268 0.0297642358257885 0.0923913941564236 0.0475791723341194 -0.0566323604953696 0.00830033116158046
RB13 0.0794601435422208 0.0407408398001967 0.0393720326012789 0.0416276259022212 0.0103128891312681 0.0739259893271212 -0.130236540432532
RB14 0.0103708952319934 0.0104556314989919 -0.0206772889778271 -0.00698747298859667 0.0203738868196828 -0.00967406873600844 0.0409061740738913
RB15 -0.0268362763966401 -0.011415112033853 -0.00607377161576778 0.106062856634477 0.0553800078743775 0.0754458170323259 -0.0532034931402716
RB16 0.0736158097377776 0.0588139368642116 0.0623726521458454 -0.0711212701082685 0.0805700619679933 0.00273798384759026 0.0100869094107455
RB17 -0.0542366072051643 -0.136913760927521 -0.0110022330553304 0.0950932348745739 -0.000433484338986121 0.0484570100400208 -0.0329468409984192
RB19 0.0786113279689534 0.0971172826018816 0.14219253758119 -0.00173767631440482 0.00137356588884444 0.222089170305178 -0.0311651581500269
RB20 -0.0157382187420459 0.0135111642085977 0.0746118078322439 -0.0376773312208169 0.000538007644611616 0.0850908160027184 0.058413894268946
RL01 -0.144349095288958 0.0325116038003845 0.0412890786596704 0.115500752466113 0.104399755137218 0.0978716523665891 -0.0162543423914039
RL02 0.0183679677688783 0.0337071941717821 0.0766089098179314 0.0846219149575085 0.0418951073076761 -0.00792591950704777 0.0347988445239681
RL03 0.112401234810538 0.00321808818700087 0.0444478840893059 0.00806125784752606 0.0559383402142959 0.0833920512259892 0.0596256564432998
RL04 0.0624309719039697 -0.0064571349128881 0.0521898950030982 -0.0969204496789264 -0.0924378895496665 -0.0474204101434737 -0.0414269646174709
RL06 0.0815201465109076 0.0565907278976532 0.0308311555195124 -0.080746966130746 -0.0760907088865694 -0.0935636615059965 -0.0185425099954687
RL07 0.0276019686912506 -0.0662966734040517 0.0648066421775718 -0.0235813345746075 -0.0195709346581419 0.0195521283476732 -0.0477233142703001
RL09 0.047647804595154 0.00759901163008677 -0.040092583883879 0.00445738263369313 -0.0782411365991942 -0.125631408508189 -0.0258302792264231
RL10 0.0482159272911563 0.0555771755111569 0.121457346042962 -0.140657659649489 -0.0571093679048655 0.0387640124925315 0.0051211483653843
RL11 0.132927882791018 0.00370243730388061 0.117799366641211 0.0567899713954179 -0.073584737514942 -0.146563928260664 -0.0258304223371781
RL12 0.0126278384832563 -0.091992886514538 0.0805414483031812 -0.0132855321509563 0.00707810056461059 -0.0874762012686597 -0.0730998916140697
RL13 -0.021561490265913 -0.0902128891614103 0.184645259800812 -0.104035479221078 -0.0558287939846376 -0.0198823367516315 0.0229980562556107
RL15 0.151689519400335 -0.00231990302069101 0.0844762908827919 0.0642433366920189 -0.0201605462571027 -0.0583535493312576 0.0246691021721891
RL17 -0.00882683292921118 0.0502655658934401 0.00363797642612371 -0.0131384377454095 -0.0245714426941549 -0.0930288788322845 -0.0507013734423994
RL18 -0.230925453324232 -0.0384323761788424 0.0457838079520915 -0.0252710140393438 0.00394459377775247 -0.0203855817590327 0.0406089738416155
RL20 0.0115726451972816 0.0156274218348824 0.0593265388665827 -0.00717514663665254 0.0556559776317366 -0.0698474522994985 -0.080773891809803
RL21 0.0574898681114621 0.00964794831070621 -0.0222683013545807 -0.0308764774693089 -0.105384973523568 -0.0298719856776479 -0.0411717816386861
RL22 -0.0223693125963037 -0.0867367554586047 0.190510128519179 -0.0225124977448624 0.137091153758341 0.0164850524462899 0.227664921780789
RL23 0.0504020779414522 0.0406012806102489 0.146785746735851 -0.0183925777621582 -0.120783519574985 0.0106716722173375 -0.0212496466399252
TR01 0.0388740083683861 0.0758194623762862 -0.0067368288449831 0.0261403543019273 0.111052486535485 0.00567723926711666 -0.0399472878421003
TR04 0.111076264694669 0.0432751725534169 -0.00784640599370195 0.123099140777371 -0.0992002249130418 0.0247587544922541 0.0297678295212278
TR05 -0.0106613397475269 -0.0489767736468428 -0.13643749343744 0.0630577696751486 0.0182735159864389 -0.0138826053219744 -0.139417295453052
TR06 0.0470186154248363 0.00602523541284123 -0.20117929372836 -0.0317813276803866 -0.018374191636886 -0.124570878597078 0.0749491328887365
TR07 -0.00894022427166407 -0.00740165483215495 -0.0169877437512438 -0.0471872449957656 0.103483443037474 0.00533326280061872 -0.123141057736249
TR08 -0.0143524855244277 0.083214890402622 -0.0175430401616692 -0.00877442283696675 -0.0450385131228785 0.0312373209341066 -0.12042969533922
TR09 0.128376598964673 -0.00621210036128898 0.0104824628522999 0.0114484580714681 -0.0619137676319963 0.0340490336428664 -0.0788917291539617
TR11 0.0653806976432411 0.0127315016400027 -0.0569804548908459 -0.0134783997155689 0.0159376406759812 0.0522940144603989 -0.0443619343770951
TR12 0.0182237493251323 0.0234127600751968 0.0135349016293484 -0.0229404206130117 -0.141765628181748 -0.055137317446115 0.0504138957433728
TR14 -0.227045421582695 -0.0112764653084585 0.141709285408692 -0.042899017980376 -0.0589812557381411 0.0386493537781011 0.082672156498106
TR15 -0.0345821193745692 0.0743570199326459 0.01032117417589 -0.042331494575387 0.104268971717112 -0.0536000486093568 -0.0574938468689539
TR16 0.00299706484082482 0.112273860339044 0.108262126792302 0.0841635620345398 0.00665935972343194 0.0126956888052593 -0.0281217127215255
TR17 -0.013548072646752 -0.0126582218448849 0.089519688815628 -0.0665062782754037 0.0444496275242032 0.130117188655784 -0.0591664537960044
