sample MDS1 MDS2 MDS3 MDS4 MDS5 MDS6 MDS7
AN04 -0.0454458251541809 0.0240032291751557 -0.0387682831331487 0.0112277197512205 -0.0121343353435862 -0.00961097147802445 -0.129245540324955
CS01 -0.085344833749713 0.0230157303558492 -0.0517472156418525 -0.08695824085755 0.132397569652835 -0.110548087071178 -0.0904730328756035
CS02 -0.0651519936866044 0.00899470938147079 0.0984516286378448 0.0359884551703809 -0.0479129627682072 0.122708887366177 -0.00913341306839954
CS03 -0.0598515413040467 -0.0289918847321035 0.0300429660316452 0.0499890502516966 -0.0193359805689057 0.0516291910200976 -0.124393695011984
CS04 -0.03882057712964 -0.0314873646968717 0.021225790601965 0.0304058196217683 0.0792450935978631 -0.0104908651349764 -0.0640513366199152
CS05 0.0226945757506457 -0.12429720367831 0.0612785940274104 -0.0411105585006181 0.118286400043251 -0.0984324324805366 0.0387589991840733
CS07 0.0847872021066485 -0.0521376406775735 0.111790723255042 0.117883195045625 -0.0131623401305531 -0.119850842572092 0.0382969229243144
CS08 -0.175827441033835 -0.361627435268132 0.0465830277964092 -0.021721111688804 -0.0209115803293917 0.0902421279116196 0.0706390640465483
CS09 -0.0676618362116791 0.0311794527012871 -0.0656915902582362 -0.0850746599000257 0.0119341477749351 -0.0518381251388924 0.0796827389981227
CS10 0.0242305564704235 0.0573769149612017 0.0459086094901557 0.0748981350308467 -0.0238376488752796 0.0496622387219738 0.0276509866638449
CS11 -0.0732520252090201 0.0866136162646213 0.0675637889237175 0.0379732122116944 -0.130837728155812 0.0200183666135612 0.0135978015963937
CS12 0.0578522441748483 -0.0552226868543125 0.00158700316355714 -0.0010635918585313 -0.103223894468004 -0.0324901418301735 0.0498029349207951
CS13 0.0424393467821802 0.0635446688821406 0.00946458757003765 0.120996653393123 -0.0708597826380131 0.070883789206753 -0.0666618373849738
CS14 -0.0121183596715853 0.0294336983856588 0.0432600480484282 -0.0782839506925017 -0.00631218529319228 -0.0637834325130516 0.0532707349394424
CS15 -0.0257007705308644 -0.0398251823201832 0.0765965774094759 -0.0117438186051526 -0.0392399595147634 -0.00358604035040339 -0.156400293117069
CS16 -0.0175248112263685 0.0337180068718707 0.129320973657947 -0.0749837546606884 -0.0767094508910277 -0.0397748331133683 -0.011326271864987
CS17 -0.138088402427389 -0.0220613808999195 0.0324647881470979 -0.0720158142560368 0.080856612831488 0.030044583976805 0.111608069284231
CS18 0.00537677793135845 0.0142387483893941 0.118562379956394 -0.135898993890886 -0.0231083448936082 -0.0194552099403205 -0.038171028781957
DK01 -0.0259309735100515 0.0754371825916659 0.00319401803900609 -0.0120624013299729 -0.0397300068554631 -0.0382396014668314 0.0554071881737282
DK02 0.0666479506692521 0.0108868058036671 0.00999964744036068 -0.0217999197169334 0.108500417832366 -0.00220126678443175 0.0920869521625348
DK03 0.0987794467116722 -0.0482477324205682 0.104557937206273 0.0243611796761734 0.0560603230778232 -0.0185633622270727 -0.0799302935435381
DK04 -0.0483694960972 -0.0792427838597537 0.121463862883246 -0.131815790281498 0.0340537533814436 0.0442221080357729 -0.0455290799042112
DK05 -0.154933074838593 -0.519488006304662 0.0672862514888958 -0.11221078291491 -0.0810171576541257 0.135593057431881 0.110739877697792
DK06 -0.0304295554040951 -0.026783431765966 -0.0423953175290467 -0.118448695761408 -0.0452253731879265 0.0902122139128679 0.100506166129521
DK07 0.0654561082662681 0.0606792931308911 -0.00669476394000025 -0.0489424327093822 -0.0484453670094369 0.125733096259104 0.0160564283938066
DK08 0.0960130604072466 -0.0332930202857828 -0.0152671848074324 0.0726064159562143 0.045661973843092 0.0250371753653698 0.0129086734182318
DK10 0.211243632711127 -0.0220197124567658 -0.0699310223740116 0.0220477748014402 0.0372311285360251 0.127684113048388 0.00818086578461308
DK11 -0.0629607799619142 0.0220923383717188 0.0616205642724717 -0.0856746932011379 -0.0765350206539022 -0.0267384703349021 -0.00758691368442193
DK12 -0.073611009682006 -0.00252824551645238 0.00973110303268452 -0.0364631291323822 -0.026396156424473 -0.0390789873615935 -0.0568558878275435
DK13 -0.016089901464378 0.0647409910918743 0.0246791417815742 -0.0222457548509413 -0.0056397136062139 -0.0823277484283606 0.0214954051069738
DK15 -0.0959051398423448 -0.0101005507622968 0.0973214378330877 0.0231498435585215 -0.0185252037189065 0.0511462228290204 -0.0810621354615539
DK16 0.0309646416288232 0.0115426014199768 0.0684684325672911 -0.0415611257624 0.0238804443568696 -0.0830960926178476 0.0437876373627666
DK17 0.083914993718712 0.0884432141261052 0.0353715438308841 0.0221434283582865 -0.027994061315182 -0.0647829267740602 0.0347122848693657
DK19 -0.0225714478729077 0.042039536951338 0.0751778650441929 -0.00892091021908784 0.000431617249710403 -0.109028656966285 -0.017122878306474
DK20 -0.065466498710113 0.0438822398253563 -0.0161255684546333 -0.106754588931764 -0.0540499861586667 -0.0363679467147803 0.081894378852621
DK21 0.066112052941383 0.0465688417062675 0.111120161874769 0.0833812114026325 0.0179101185034743 0.116609641513927 -0.00969347325663162
DK23 0.0854749107360153 0.0332253771516279 0.0789802205968272 0.027634723812208 -0.0582852373116564 0.00894102792804851 -0.0564514819657793
DK24 0.0276182119021329 -0.113297505441659 0.00447411201874992 -0.0521685009707546 0.0554202382891026 -0.228343369207794 0.009819566079811
DK25 -0.037826461760408 -0.039695981271424 0.0157965775171637 -0.0604369450601759 -0.0387742337559011 0.0344057162724035 0.0291698114599376
DK26 0.107926193909444 -0.07791512765986 -0.0415463218166818 0.0823550505936419 -0.0450530561130542 -0.109988911281364 0.00550943763417588
DK27 0.0929470023398987 -0.0405061560290492 0.138645491303402 -0.053107535338478 0.0287399473142299 0.0446121490701085 -0.0167474230426323
DK28 0.146137500140145 -0.0283071128688134 -0.114883110556318 0.034873711010281 -0.0677906314342389 0.126801936767992 0.00951516033597402
DK29 -0.06868517160466 0.0169004399286728 0.00955254372602708 -0.0626644310922013 0.0721053103855593 -0.0932227044884565 -0.0173098049953033
DK30 0.152462574423135 0.0498702595475801 -0.06218971825306 -0.198165636306508 -0.00857089514048306 0.0142275586452077 0.0784612391877893
DK31 -0.0183474300248404 -0.0288015193827734 0.153781142485715 0.0200632251009569 -0.0101400014173437 -0.0490944212546564 -0.0573753372197493
DK32 0.0146030743668478 0.0659228237283891 0.0148249898080437 -0.059713360875399 0.0451498803331261 -0.102676974540242 0.0430710201304802
DK33 0.0887095415234764 -0.0544243727361077 0.0523186989862368 -0.0923432236093574 0.101253379983203 -0.185831070164843 -0.056983737827822
DK34 0.0806255916644923 0.0256632042342952 0.106123830224261 0.113638064411378 -0.0470514622825881 -0.0476403750690755 0.00102894106390342
DK37 0.00287417440802208 0.00511824624630648 -0.060508572196734 -0.108859532874 -0.117473925439418 0.075869735990632 -0.411032026918274
DK38 0.0277968272009575 0.0156238876486632 0.0458784315937811 -0.178105384290391 -0.138230840546391 -0.0824436709617681 0.0199425939740421
DK39 0.0479633535684519 -0.0107145358359161 0.124802216475659 0.0101855171008007 0.0859983557658075 -0.058741070852982 0.027131884469835
FR01 0.0820813290979741 0.13585993956113 -0.110691595978734 -0.087610845533281 0.123641571393607 0.100325848972509 0.0514808982374161
FR02 -0.0362710808968801 0.0712625154901506 -0.0310617842627908 -0.0207573572962179 -0.062469805619218 -0.0124102690132192 -0.0600600926306659
FR03 0.0439951457955023 0.0795756684616295 0.0804354933511894 0.0319887059438547 0.0770058024434055 0.0590771349229132 0.0650305849323478
FR04 0.0560441744755372 -0.0820602990856828 -0.0579133718847354 0.0323973531699674 0.129242879021066 -0.193882756228815 -0.095715678790158
FR05 0.0572129616714235 -0.113145266824951 -0.0757797530765769 0.196417941438474 -0.0257466904874884 -0.00327658826977985 0.0307313621193918
FR06 -0.0595125896130004 -0.0262509006070596 -0.0178205399252152 0.18604165455048 0.0846579876932594 0.00211950617504517 -0.0170525986350777
FR07 0.0897206871044803 -0.18685300338876 -0.0286775041227205 0.107570332679124 0.0800533190945125 -0.0100496926456705 -0.0122807532658138
FR08 -0.00784862513889972 0.0503416527681937 0.0351176026632289 -0.0652226458467751 -0.111238979234494 -0.161782960474152 0.00437227900132941
FR10 0.0428768192190118 0.0259477573325003 -0.023372981802906 -0.00853186495310774 -0.0267218095970755 0.125095985335332 0.000525710269741481
FR12 -0.0581657957236223 -0.0177752579364191 -0.0600736779500002 -0.0400946457923878 0.0598814762252993 -0.0402786391116301 -0.102843046765014
FR13 0.0397205683017433 -0.0907910149365642 0.114037761901594 0.0727860610058544 -0.0071253724164715 -0.0715686787982823 -0.0345270226002477
FR15 -0.0408704751763079 0.021288512060036 0.0838178145767539 0.0893812073674549 0.0442474031097646 0.0186397041059175 -0.0230537860027808
FR16 0.14770399203506 -0.0922694956749175 -0.00793764319034932 -0.0504257004014099 0.0140399257992048 -0.0208246533558261 0.0678160490631968
FR19 0.0618128386074694 0.0259228638005885 -0.0272609653297417 -0.0632936393664697 -0.116431245573719 0.0738839862288927 0.0993304727306009
FY01 -0.00426293003073757 0.0510084757454318 0.0224397931898333 0.0869522043101453 0.0518689400124597 -0.0238593087572289 -0.0376213073449001
FY03 0.0763960893369432 0.0445692441713224 -0.016836345077427 -0.0471807958032298 -0.10192042547822 0.00998754453385538 -0.109512324191116
FY04 -0.0448601550939273 -0.111608679784262 -0.116608953345873 -0.0758031440522335 0.143622769937398 0.021696373509678 -0.0333863042623813
FY05 -0.0069150688785943 0.00331148639702569 -0.0739019027716866 -0.00240057782134 -0.100996419736583 0.144557191292943 0.0478954783469952
FY06 -0.0142786356535233 -0.0103813652326903 -0.0953936806103237 0.0421109418896902 -0.103481130705748 0.0219130387836791 0.0340007568052116
FY09 -0.00379485898020908 0.0688128396405455 -0.0431256058173721 -0.138557880524989 -0.010515986777116 -0.0197301099321862 -0.0361065865042087
FY10 -0.0242326268954892 0.0419429554301098 -0.0656725827615481 0.0952699695481784 -0.150351372679337 -0.0971809359412077 0.126039132422357
FY11 0.104671266098907 0.00240839373473242 0.023734419511785 -0.0628025083914039 0.0684530337958257 -0.00244649706681686 -0.00392637221853229
FY12 -0.0667319384211166 -0.0165946421246742 0.107468804395999 -0.0753237094831049 -0.0486713277263105 -0.0124559827319207 -0.0398575375440048
FY13 0.0485949377197246 0.0797661696924264 -0.153716279441179 0.160082608789146 0.125986388131984 0.0881179171397492 -0.0908374550879261
FY14 -0.0544903401810654 0.0567227523521735 -0.00452183647989442 -0.047016004175726 -0.0591895201039313 -0.0545518691918109 -0.0454796458087209
FY15 -0.0522629553350798 0.0583747532311891 0.0852846137889094 0.0113010932482971 0.043298895832124 0.055658508535209 -0.0881061239482706
FY16 0.0025081172008571 0.0810389085948142 -0.0333293504006436 0.00984555022360133 -0.0686573815440953 -0.0348118164148939 -0.0350867406218911
FY17 -0.0225111857060399 0.0216859900255366 -0.0275680725437543 -0.0044612705152492 0.0666193705777514 0.0108066187310492 -0.0394461720460011
FY18 0.0371989293690135 -0.0265720727870446 0.0233843131996821 0.0564320648137377 -0.0503265742693448 0.0970482982445102 -0.106539245606013
HH01 -0.146433784330194 -0.00253735666975803 -0.0414009668265039 0.0225901112498003 0.140221064491419 -0.0145802113510068 0.0191942749232129
HH02 0.159163852199557 -0.0232077202970338 -0.0467540661752886 -0.0447854020437995 0.121509585996442 0.00898455050699365 0.0253161790466237
HH03 0.00497461923297461 0.018878515588943 0.00302956808824992 -0.0270539437738951 0.0381569476673941 0.00756835525606722 -0.00271190381961584
HH05 -0.0303957684100277 -0.0232538213044111 0.0151414158299578 0.0760255536091549 -0.0235793475021491 0.0161858842098887 0.0178506887032365
HH07 -0.0170528790184065 -0.0961607520492583 -0.0153275312547799 0.0614086555127883 -0.0397349259777792 -0.0512611899316513 0.0129002007966869
HH08 0.0432563445062528 -0.0592272353316833 -0.0337775082455849 -0.00281008602602245 0.00566651186693962 0.0112200920464012 -0.0397152696984428
HH09 -0.0603261836199822 0.0160600150100262 0.046319484703275 -0.0139793847152823 -0.0264871823041861 0.0716049923955697 0.0659397035775345
HH10 0.093722653669772 0.0359659547648018 0.0371134427725355 -0.189755261032537 0.0260478670530135 0.0888378369817063 0.0752866821161551
HH11 0.0454207750973406 0.0198737376261763 -0.0551649351165971 0.0594045640473301 0.0647291798338122 -0.061639931655404 0.0815072606523544
HH12 0.00674217247154827 -0.00360049904171956 0.0327367367096292 -0.00325588347811249 0.0102575878548869 0.112506195010543 -0.0348226269971277
HH13 0.00664922396970058 0.00751352386046289 -0.0787812627739599 0.0489444951523864 -0.0156555981669358 -0.0109015314665811 0.141080835395799
HH16 0.0219699341139562 0.0844485283836621 -0.0291018045014743 -0.0350434373312805 -0.102161824162768 -0.00830697308248041 -0.000758431807823134
HH18 0.0726463684277421 -0.0252579274400173 0.0786222968541876 0.0534129110717381 0.0299651024847009 -0.13322315482567 0.0115369937728669
JB02 0.0537994235721515 0.0513377215776421 0.0636215924051452 -0.0749781611021983 0.140486220657322 0.0688633866877856 -0.0551814396452579
JB03 -0.0110318040919391 -0.0650645011197998 -0.118943879866411 0.0335408649583324 -0.0541911878446944 -0.0923295996775071 -0.00434874461333171
JB04 0.0580994583084745 0.0420280090216756 -0.08794816660495 0.0085912284808463 -0.111273652613183 0.00177031512704335 -0.0141187101155183
JB05 0.0317123328376187 0.0299887620177122 -0.0844391284679458 -0.126294496256285 0.128148238076874 0.18623524749316 -0.0461654202975294
JB07 0.00185176896132218 -0.00837929217842511 0.0430163679669908 0.0153030704618131 -0.032028338879176 -0.043095474716908 -0.0210906972993215
JB10 0.0759848113615643 -0.0544796713556572 -0.0706536046854313 0.00766401606742219 -0.0422199792589186 -0.0298288669895386 -0.0192856912327093
JB13 -0.00670060285662645 -0.0118621760530953 0.0919276233127735 0.0211804880386914 -0.111113620161998 0.0439762976261682 0.000780841705932468
JB15 -0.10697151106245 -0.000483000667264606 -0.154396753209083 0.0798368944636259 0.0566573243065775 0.0204102703169241 -0.0320911703745057
JB16 -0.0861504464859775 -0.00538983176888736 0.0408565211915399 0.00417555631325732 0.00185692393684705 0.0216788457994734 -0.0356473345476148
NB01 -0.0202553895134642 0.0313000593647209 -0.0299505020615727 0.0329679581543168 0.0708795612436662 -0.0175424661960943 -0.0525953687868627
NB03 0.0505122699354873 -0.00266360600887202 0.037829189596176 0.13141200275983 -0.0590151857892079 -0.12000178742417 -0.152616381356788
NB04 -0.00551894878764615 -0.0243780253514861 -0.0096389981396745 0.0319081205816255 0.0114963208253454 -0.0278963889229867 0.0743429218052374
NB05 -0.0267384984831113 0.0702453222505 0.104502550447854 0.0479045308007329 -0.147944945777277 0.0389057050163087 0.0408672930673577
NB06 0.0210122869812173 0.0469006354775103 0.0664900777584298 0.124428299596356 0.0216145836521059 -0.00926500029779909 -0.0419026324814739
NB07 0.106575775852345 -0.050677141951361 0.0246881061704212 0.0695944065726982 0.000420539184716486 0.00839402109905571 0.00774757452729916
NB10 0.176618336540341 -0.00859236865080316 -0.0583452214556864 0.00304766826509559 -0.0358748164672044 -0.033464756774091 0.0731942733049509
NB12 0.0538026123468466 0.0347689633464204 0.0719507847105276 -0.000994757705381808 0.113199823977411 -0.0116261328078473 0.047739335811505
NB13 0.0375578582584856 -0.0354734910858354 0.0470392416632164 0.045638738146637 0.0232817090664713 -0.153270248816587 -0.0401220869212007
NB14 0.0371843658117075 0.0777799603675893 0.160698747113943 -0.0845027402810536 0.00824736263111549 0.0518213318730178 -0.0523493776333506
NB17 0.00597419099441552 0.0132376230767952 -0.0350251801594302 0.00802750932821749 -0.0958918449953236 0.0307798938978395 0.0489849416333365
PA01 -0.0906033863838947 -0.100223844819848 -0.101505320360189 -0.00900348553430281 0.042212399015962 -0.0327886445379988 0.00531857085568724
PA02 -0.0182724358201689 0.00229155755590221 -0.152030273396582 -0.0497335718069098 0.0820006691057135 -0.0246766854578206 -0.0444271223170515
PA03 -0.0434889682150438 0.00306734909546228 0.00868983359630555 -0.0576571650762066 0.0665268044257682 -0.0126777352576123 0.070242979442193
PA04 -0.0438296632568687 0.0226069237656802 -0.00978460119199608 0.131527409582131 0.028652181541847 0.081140753377854 -0.0528556189435236
PA05 -0.0760302127377338 0.0641363825021658 0.0628390480413421 -0.056930755038485 0.12012318590943 0.00274855855185011 -0.015611013059413
PA07 0.14423323760955 0.107314494372892 0.0133835635380742 0.0301471947909756 -0.0532930351695062 -0.00410879088492384 -0.0810432537313475
PA08 -0.0885961071645116 0.0369543240998773 0.0593849796163147 0.0330482296069134 -0.00270842104343109 0.106130976925385 0.015986223475028
PA09 0.0117923018521562 -0.0925327964911928 -0.068107750144866 -0.00545550720274391 -0.0911215235002692 -0.149310196266276 0.0619547998324801
PA10 -0.0502493419148118 -0.074299258984442 -0.0119149150903978 0.0547071589361246 0.0887664100196238 -0.0087852376258052 -0.0417540475725172
PA11 0.148233681049087 -0.062910784190423 -0.0498370315739758 0.0191130527284673 0.092176965061629 0.0406775208766158 0.0300004889673476
PA12 0.00946610023536779 -0.0290700104000063 0.0282601676672356 0.0817069658944434 -0.0120553864122911 0.0289571984762286 0.0688791642037711
PA13 -0.036194449636086 -0.00656669149375525 -0.00470337064100614 0.107727271935065 -0.014229264798454 0.0776975552061136 0.0922848848869217
PA14 -0.0898071870829808 0.0137941006445163 0.0670207180469182 0.0779041598379272 -0.0752547247955906 0.00941391149544219 0.112154043684141
PA15 0.0304900562447042 0.0603164909346652 0.0215972255455029 -0.185136960922867 0.0953522681158463 0.0738154579025938 0.0595262941660814
PA17 0.00522453038126888 0.0630189745335145 0.0471743658061226 0.0883528837917488 0.0892595704498941 0.00668963958838197 0.0762804841539351
PA18 0.0321921628531105 0.0116321497439043 -0.0572497929721146 -0.132365037133537 -0.00908850660101319 -0.0492046132303594 0.0938867176818684
PA19 0.128539229921412 -0.136344140311361 0.110897910746268 -0.0489693906610772 -0.0545273237395154 0.098294094884778 -0.0113402632224842
PA20 -0.0451547439748021 -0.0415870817610813 0.0759361285185778 0.0673089078797634 -0.0307196994096875 -0.0252745917963567 -0.108461086914462
PA21 0.00742902770702765 0.0674729207609843 0.121694158120755 0.0640321946736359 -0.0348640578852313 -0.00799621876837493 -0.00809828875693266
PA23 0.0201140558858853 0.0648661799421743 0.00507104894436318 -0.0206067846363253 0.0793691191192007 0.0123831617073811 -0.0400339288279408
PA24 0.0383229471237699 -0.0584284288007852 0.125524663551212 -0.0998668275262631 -0.0374461792955527 0.165406843215997 0.0253215422171173
PA25 0.0141789437764433 0.00755372681063713 0.0123571888959867 0.0959924064541271 -0.0021060112941542 0.088397237539975 0.051220541014187
PA26 -0.0288628397165065 -0.0241724705848824 0.0140995590695409 0.0358662322401531 -0.0244411640340641 -0.0692911229880597 -0.0672685343299861
PA27 0.0851913073434799 -0.0260569695683264 0.0282236491212771 -0.00867890462574355 0.0216811444635512 0.0910027216409538 0.0758772270678254
RB01 -0.0665759842116043 0.0847813390084022 -0.0727635291900695 0.0701157109689004 0.0670928580750223 0.162794467438429 0.0122796628680594
RB03 -0.0874528635103706 -0.0016739156204158 -0.0341833281209327 0.0309384160521099 0.113024931432288 0.1159495890894 0.120926456050027
RB04 -0.078903721328304 0.0233498101084603 -0.0714741162461274 0.0210583617953424 0.0092022896456302 0.0295479840482041 -0.0412531475612484
RB05 -0.0524036100013775 0.00879133976914334 -0.0237221486283316 0.0235144036965827 -0.0168651392119102 -0.0294805370341016 0.0203367141947091
RB06 -0.056912913013369 0.00749641842467079 -0.137126545032971 -0.0113057604599564 -0.137293987396533 -0.00994026752278533 0.0353229476307857
RB08 -0.0789790076947112 0.00311725199291523 -0.0479761757123207 -0.0847766993764549 0.0379068859580686 -0.0901163382326946 0.109621674349614
RB09 -0.101733177070434 -0.081799878369177 0.0255005601977364 -0.0308711338922872 -0.0559001514157056 -0.119977639220174 0.05973527370586
RB10 -0.0106753434115726 0.0590609624214333 -0.0276875415272036 0.00430468676030977 -0.154891924109438 0.036987728870547 0.152779688126264
RB12 -0.00935042281244422 0.173420727034129 -0.0201267048298113 -0.0937489049465306 -0.0400019151432174 0.0415645460988884 -0.00377974378618851
RB13 -0.0642037999514442 0.0619167255941457 -0.059386503556215 0.0294808167200801 -0.0536994368206527 -0.134031689013298 0.00806631821444387
RB14 0.00085708079472587 0.0139255105768805 0.0271158167892425 0.00670857221128454 0.0188486419882116 0.00762624362015177 -0.0263815165156739
RB15 0.0369439994199992 -0.0021775181949069 -0.0411766066302204 -0.0246545951171147 -0.0533733522509195 -0.10142228102871 0.0677194121118458
RB16 -0.0736398566852523 0.0524326868432313 -0.0545206568332166 0.057804464806346 -0.0908113957390777 0.0626912156396155 0.0287174952459381
RB19 -0.0464843497562651 0.0968285360110379 -0.165558498743836 0.0177900042915154 -0.0605815564857949 -0.108545486103188 0.000963555848323476
RB20 0.0201657853073705 -0.0129393051757569 -0.0616858977548383 0.0123901964151422 -0.0119742384143068 0.0128102375915303 -0.0233812450200365
RL01 0.164526783683486 -0.0139321377372916 -0.0689385479284975 -0.0996016782982465 -0.0885856539108785 -0.0689164332957607 0.059746122687601
RL02 -0.0172010897911258 0.0278000045564091 -0.0530591945687631 -0.118618769487863 0.0118634275760496 0.0084759219762721 0.0706581071854334
RL03 -0.104317595156529 0.0217874785141117 -0.0271007590903695 -0.0299522757644732 -0.0625404895306095 -0.0555514416278833 0.0343901154934114
RL04 -0.101578460677405 0.00156453106493311 -0.025095193849496 0.0980149425793932 0.0610818201895081 0.0567212461792142 -0.0301159036458903
RL06 -0.0877661559326904 0.0582793368893746 -0.0313951462009 0.0439753571732346 0.038197985407448 0.0838041907236937 -0.0652899662120579
RL07 -0.0551840709795045 -0.0708277354562572 -0.0481500229979019 0.0254743780270473 -0.00485972357455769 -0.029337080504694 -0.00460272188419633
RL09 -0.0672630660633725 0.0385500923330552 0.0506969823369477 0.00564016981149307 0.0741189935543254 0.0371568394309178 -0.0391515973359659
RL10 -0.0637270852563235 0.046310353319732 -0.144523896123196 0.146367182564857 0.0612839261750133 0.0413418158590916 -0.013042554021019
RL11 -0.144855079846046 0.0220282988050233 -0.0896954517488648 -0.0835173393031651 0.0735806331369892 0.0743104736180176 0.0161800781349098
RL12 -0.0586190402930087 -0.0918613239612874 -0.0668392026101193 -0.0244556087581709 -0.0474468903979753 0.0398727958565895 -0.00865830076653501
RL13 -0.0286462694366206 -0.137785061642444 -0.159353745075277 0.0505999432754476 0.0716382500348913 0.0809810800057749 0.0306656391737621
RL15 -0.151947773097623 0.0374455511438499 -0.0623842928924776 -0.113814127248059 0.0207140488134824 0.0175949802190054 -0.0214285943505257
RL18 0.21082677339607 -0.1043575250476 -0.0343050272482839 0.0143741139741739 0.00664218743784407 0.0529988461891814 0.00687633064110065
RL21 -0.0529161400330196 0.0362515379304603 0.0210048662157414 0.0434563908705464 0.103991487390319 -0.0188342912457374 -0.00306010930734146
RL22 0.0124585665040214 -0.114571656693837 -0.170772489448711 -0.155318178708931 -0.214298501837084 0.0634143047571343 -0.424265890403584
RL23 -0.0738217538320684 0.0282423720961782 -0.150305515125401 0.0250854834990167 0.109461073151009 -0.0185043499421953 -0.0119758095850455
TR02 -0.0452759673980994 0.0299078572018736 0.0435982619247056 0.0439755038152608 0.00196075320229758 -0.0208279719450596 0.0930059433855526
TR03 -0.0628890152722395 0.0136722676212764 0.0341051512984865 0.0604985280387136 0.0950094682637324 -0.0866870492554739 -0.039248570659797
TR04 -0.0844403871296023 0.0797359972305731 -0.00527294645256489 -0.0969987561287256 0.0884134901619781 -0.105228834038707 0.00456129742946514
TR06 -0.026553612573672 0.0524284094298319 0.22819713253002 0.0268296583904811 0.0702418146180561 0.0670249321135605 -0.0764934007965864
TR07 -0.00767601849433027 -0.0182821721253725 0.023497937071106 0.071246820163785 -0.126498414935008 -0.0136549291792139 0.0829974161030531
TR08 0.0224623727309283 0.0804117593675374 -0.0200738420299543 0.0842362156071118 0.0102614497876257 -0.0476871763991138 0.103792923485133
TR09 -0.137489004332784 0.0356467180109881 -0.00221588612104211 0.0158274524634241 0.00950209679797553 -0.0394171873547643 0.0608429388135142
TR10 -0.0552742767643885 0.0592632787984529 0.0998871813088641 0.115604170669186 -0.0429170274738685 0.0661449910473107 0.041060187441834
TR11 -0.0463953493625722 0.0366328036196629 0.0265931022466192 0.0288307821891942 -0.0815224413567251 -0.0332939444072888 -0.0309706592409635
TR13 0.0514217670937353 0.0245336603220352 0.0907502686858105 -0.0841765221213304 0.200657030783578 -0.0041529476142893 -0.0497425989944688
TR14 0.210395064465885 -0.0932053092472079 -0.147101357037693 0.0212359110641588 0.0945845032495577 0.0296915014706969 -0.0317052971238035
TR15 0.0370670444981255 0.0506008304125486 -0.0155365250873398 0.0260382176242975 -0.122140418598987 0.123043311655255 0.122835504519921
TR16 0.0050234491079696 0.118579921083715 -0.146361102133084 -0.0396141176389387 -0.0357233560187934 -0.0501850899153293 0.0225196435618357
TR17 0.0177649266426817 -0.0391312042843608 -0.0960134848264772 0.0898456285178566 -0.0886673663398194 -0.104740806946793 -0.0858221082727661
