sample MDS1 MDS2 MDS3 MDS4 MDS5 MDS6 MDS7
AN03 -0.0147740913907259 0.0338882111357225 0.059505776046478 -0.0256548625161891 0.0475861824335253 -0.0462026351652351 -0.00259720558719609
AN04 0.0449979150535064 -0.000904904503172987 -0.0345115009601955 -0.0132176941867112 0.0353840041784557 -0.0644844485487106 -0.0247019315924503
CS01 0.0679082229441242 0.0254553741819585 -0.0479220910724193 -0.142396007800709 0.0541164674088042 0.0443935199355506 -0.0983552771803823
CS02 0.056110911768302 -0.0028301997016319 0.0617604536090766 0.018875629008044 -0.00992888205230893 -0.0338523199170583 0.116950697837169
CS03 0.0407503795063614 0.0432615012461212 0.0544530746462742 0.0188252577148132 -0.0257071208559719 -0.0594179321773959 0.0245266448244338
CS04 0.0293855652431145 0.0318058117492319 0.0381202198139678 -0.053864782943959 0.127914846178007 0.0700579467107229 0.0368143451247724
CS05 -0.0395611937610092 0.0867981408675577 0.0876195232268533 -0.0901319603259497 0.0577205409054932 0.0740520232952307 -0.0883056985876752
CS07 -0.071505965775001 -0.00392610957520637 0.151356570259674 0.0940389521424612 0.0260574862136496 0.0376164247201178 -0.108769180420914
CS08 0.0504936483530683 0.375074084651455 0.114212591725996 -0.0296100402266528 -0.0278886373036414 -0.0438087334360522 0.120447173707882
CS09 0.0708055139093427 0.00827720903585392 -0.0928503031521276 -0.0759438859987702 0.0407411420644873 -0.033910653864819 -0.0546706112900536
CS10 -0.00605942959908411 -0.0647668458773952 0.0302669829457078 0.0749903776958501 -0.0407809285171546 0.0333685118500233 0.0430885081708222
CS11 0.0918964844619628 -0.0624818987263257 -0.00119861783819941 0.102626557772239 -0.0057898943518062 -0.059834239847434 0.0100038560768458
CS12 -0.0636150125091594 0.0269528998005589 0.0166448271734226 0.0716621593879974 0.0180782128925276 -0.0595796091692732 -0.00527561501317073
CS13 -0.0177766023281486 -0.0904972990760322 -0.0039323367946984 0.0922116053700851 0.0743429308635954 0.0125923446046785 0.0870088833078763
CS15 0.0366201213265772 0.0155644449749969 0.0809297403803483 -0.0138555604673769 0.0968610670442095 -0.0757356729286373 0.033724764425605
CS16 0.0328338510167465 -0.0589611919820095 0.097439064475264 -0.0120176712185446 -0.000514624404735811 -0.13991632209732 -0.0227911269062142
CS17 0.128045635284633 0.0620133441643588 0.00223328797583816 -0.097819144634496 -0.0448764295821578 0.0661116314123101 0.00675351512736931
CS18 0.0114093453060805 -0.0366650776620393 0.065047411600939 -0.0967280506040769 0.0101176934355921 -0.06393013296989 0.0276744900175611
DK01 0.0448855544657974 -0.0680312909060286 -0.0126188389784354 -0.00828808456667701 0.0658895490377069 -0.01509722698518 -0.000742500342647709
DK02 -0.049646630668614 -0.0312962586346258 0.0380459191399212 -0.0641460895997345 0.00442600363050879 0.0943279921116844 -0.0240462432011854
DK03 -0.0899286257978883 -0.014387317712493 0.134859368244297 -0.0263631783849468 0.00594135819454305 0.0303672594490203 -0.0416181438937145
DK04 0.0470699802950262 0.0486555501215123 0.127963770103367 -0.162795906614047 0.0657876071570986 -0.0329660222883069 0.110202474391125
DK05 -0.0175519039165833 0.504689971874359 0.154359998560366 -0.0644486580644742 -0.0780664357701789 -0.107019319396668 0.151729129270791
DK06 0.00353793870850517 0.0356291903152623 -0.0686353071270254 -0.047606083148402 -0.121993795491987 -0.0195904600816314 0.0472898819097107
DK07 -0.0579166395784845 -0.0773055866559097 -0.0207333087431388 -0.018741955869644 -0.0795054289140865 -0.0499645094553918 0.0964377988648673
DK08 -0.0947908773588413 -0.00269779672960667 0.0197642152354154 0.0208621477353166 0.0745365561893466 0.0768951765332474 0.0469714224193472
DK09 0.023219083213391 -0.0214675051546169 0.0171309641282763 0.0304380841087925 0.0107816031118673 0.00352316178494627 0.0522764786736892
DK10 -0.212842170210815 -0.0374557388953584 -0.0517715033528332 0.00297903573170891 -0.00483443347657359 0.07201881945927 0.0828116783283538
DK11 0.0689626538504198 -0.0223852856368831 0.0325516953943137 -0.0669598131278509 0.0583152394067252 -0.134876157128276 0.0131008707986399
DK12 0.0646653181402606 0.0264861694578882 -0.00548420462259889 -0.0316658326832028 0.0370806401055428 -0.0640579739958487 -0.0362443026249302
DK13 0.0194576355444109 -0.0523441171976654 0.00326782617992203 -0.0120823486916288 -0.0409484929094469 -0.0195647155312476 -0.0893539511901662
DK14 -0.0969344435535165 -0.0391773930267629 -0.0354940042925644 -0.00871886528243109 -0.0114382651647374 -0.0509498059115149 -0.136238537901486
DK16 -0.0228343788286085 -0.0285289085453705 0.0439054066198438 -0.0519317743678072 -0.0177033841669788 -0.025471172542072 -0.0542483013022394
DK17 -0.0463178289602634 -0.117756777149617 0.00870966545764497 0.0246392568574296 0.0846984930589949 0.0064348346951026 -0.0234611365377184
DK20 0.0581771951963005 -0.00237947756140405 -0.0464310183694012 -0.0609028098266919 -0.0185396765170539 -0.103083990670806 -0.0221325826895372
DK21 -0.0226478129118315 -0.0922425218335326 0.100735461452212 0.050681737239541 -0.0211415168795009 0.0586042419431609 0.11486690110236
DK23 -0.0629564274896362 -0.0797438943411167 0.0883727225859093 0.0358043505560436 0.0388556062797377 -0.0378742809015233 0.0508480847405256
DK24 -0.0543593148920523 0.0937322963884439 0.0345631162024004 -0.08211793075862 0.114522220016356 -0.025513608218551 -0.186833405812152
DK25 0.0263164518619165 0.049320971185502 -0.0019380529642459 -0.0292672731629185 0.0661010871066824 -0.044056351057347 0.0966718434113567
DK26 -0.133161760304801 0.0419209227200237 -0.00483215835527241 0.0775033647403594 0.065363974068982 -0.0342629527225621 -0.0924443570393286
DK27 -0.0790031105390056 -0.0327036649918967 0.12174908017025 -0.0638366196680417 -0.0621674397050486 0.0227430204695351 0.0396309096380157
DK28 -0.16797546509325 -0.00511381755760874 -0.0874938114122212 0.0584363263438351 0.0540963231610552 -0.0350974349868687 0.110893044370061
DK29 0.0865616007230929 0.000421636739086029 0.0136637176449475 -0.115768898663139 0.113043250974984 0.00535595582739042 -0.0632212042212624
DK30 -0.143691447474576 -0.0834042474997341 -0.0851494805570917 -0.136262323988769 -0.119762327154877 -0.0572518956410451 -0.00561452259796858
DK31 0.0329756792160297 0.00926435815151119 0.160619408027398 0.0247003691142362 -0.0412843341594765 -0.0291041951659368 -0.0224842369325873
DK32 0.0163863737221847 -0.0799985534104357 -0.0127581214152727 -0.0654262890785195 0.0921559211997128 0.0331178009542399 -0.0525218821165414
DK33 -0.0965654707387505 0.0176843837194774 0.092353073708946 -0.165281625256093 0.0609745778706162 -0.0582310957678029 -0.116226538913563
DK34 -0.0521085712288194 -0.0713867988275075 0.10402306394426 0.086416137670869 0.111392809770811 0.0322457129748416 0.0284945402492397
DK35 0.0352969521395521 -0.015732528513046 0.140878878715457 -0.0380389226261015 0.0888689830300943 -0.0223212963851131 -0.032911433265786
DK36 0.0797207959610832 -0.0489111995549957 0.0714446891036689 -0.000287584933559363 0.045333497590587 0.0304683077288951 -0.125546377988522
DK37 0.00624902303011714 -0.00831811033476191 -0.0630443436319428 -0.0533637398172024 0.153371696823124 -0.123020351580525 0.201766847399103
DK38 -0.0244193001311337 -0.0342509276430667 0.0193921222301074 -0.0694096977263449 0.00391070305261056 -0.197427624208648 0.00159053378623064
DK39 -0.0284168417953415 -0.026082095860229 0.135199601411377 -0.0400619099376525 -0.0116716112539344 0.025676546405038 -0.0639979237619561
FR01 -0.0753286221768082 -0.123618058100093 -0.141951058249235 -0.138744597716255 -0.0829654282152247 0.0617369172907623 0.0236103046009545
FR02 0.0403858769834465 -0.0432994872206968 -0.0576433618614689 0.0318755980962302 -0.0127523412773188 -0.0508072636108964 -0.0182778542903128
FR04 -0.0765764150010114 0.0679623348770465 -0.015394086187242 -0.0408017646437763 0.151049309462751 0.0863695664464902 -0.158430956423353
FR05 -0.1150621408314 0.104437558489648 -0.0198881365289609 0.200524223896984 -0.0751263534116402 0.0580090535208588 -0.0280395431694634
FR06 0.0502136513830339 0.0393626612733575 0.0197994819013708 0.097952618662416 0.0880253981442776 0.160535414105546 -0.0226540610469765
FR07 -0.138678692204591 0.142940701779765 0.0277012016045102 0.0551280836706806 0.024685988779122 0.130516695921665 -0.0390637560553896
FR08 0.0341529475028908 -0.0454655204286337 0.0167925698209328 0.00488442288716221 0.0420057864294037 -0.143416498508749 -0.124149852751302
FR10 -0.049537691610823 -0.0349600384048215 -0.0353355229014877 0.029159670304955 -0.125930467631826 0.00121801673462348 0.089746940756098
FR12 0.0342671736872863 0.0503445320572496 -0.0573570250819571 -0.0473841433050862 -0.00627455538370753 0.0180927571044125 -0.0339412220093519
FR13 -0.0545636127211973 0.0586406758023306 0.138383275576836 0.0973519784259902 -0.109306887402895 -0.00726942433579386 -0.0826753690411256
FR15 0.061310088329563 -0.0249341763738197 0.0777699257406007 0.0493529012829321 0.000661455223496756 0.0607254827920144 0.0269991498565491
FR16 -0.180931642169733 0.0374565037036066 0.0175571104334175 -0.0267624531724858 -0.0289253813386966 0.0119249519311609 -0.0250655653553947
FR17 0.0308389248154775 -0.0569185184736574 0.0354302588500955 0.114253006804546 0.0432107123906809 0.0688737544572246 -0.0453544379993881
FR19 -0.0572788931523147 -0.0508172350913843 -0.0291243878314239 -0.00781261036179014 -0.012137251105857 -0.108231807227516 0.086171157130758
FR20 0.126526323722161 -0.0477764878272554 -0.0690897031674406 0.0300886038446015 0.0640471668220546 0.00202495092518481 -0.0501788003065453
FY01 0.0283940369122191 -0.0427816236204971 0.0313967017544524 0.057713027268079 0.0231526186463463 0.0878427928133907 -0.021725046809373
FY02 0.0706407989052372 -0.0859396010124048 0.0498300676121341 -0.00517078566038427 -0.0135796546006483 0.00194839795119465 -0.0383103388461761
FY03 -0.0653603593091441 -0.0609433955435714 -0.0222740216686359 0.00367211787606495 0.0432797692209118 -0.11109872273846 0.00381669904334701
FY04 -0.0269482915255484 0.149314892078043 -0.0725526744903873 -0.139531466067348 -0.0339304325384484 0.0440787056681296 -0.00407699291867914
FY05 -0.0057400031914525 0.0174495952133169 -0.0943737259780662 0.0641148161621557 0.0258570884789923 0.00233156430726616 0.176124800038798
FY06 -0.0126731859484762 0.0380316339176881 -0.0920346124836325 0.0951239259395761 -0.0193003872024434 -0.0434292143168389 0.033214444158021
FY07 -0.0462787634569022 0.111664503671241 -0.0161505518584055 -0.00979751750799658 0.0199018719029558 -0.110708650584446 -0.0902905537110637
FY09 -0.00263499183371816 -0.0443836331449163 -0.0607644590591057 -0.123494989993798 -0.0257675250186959 -0.0900683755061136 -0.00770092089386401
FY10 0.0263054212773391 -0.0191307435557697 -0.0772516960744005 0.149391637009406 0.0566771300228891 -0.0548261169031855 -0.0652978091681892
FY11 -0.105290590770673 -0.033445340711798 0.0296318776572892 -0.0630652122394157 -0.0771234739001763 0.0452753067493804 -0.0264376646998384
FY12 0.0701921674669073 0.0144447346580882 0.0748401154433476 -0.0214699904668715 -0.10144159916585 -0.0988078771539261 -0.0118124383715803
FY14 0.0490662889643293 -0.0207736042715478 -0.0302674512288836 -0.0106255112166544 -0.0302817417478313 -0.116473467435087 -0.0627973713375372
FY15 0.0927614749743688 -0.0553265076890517 0.0517475619765573 -0.0250354473094244 0.0454047543842956 0.0287950550718032 0.0859918511433465
FY16 0.0069999891542983 -0.0691460015085631 -0.0598197978570797 0.0638011434414038 -0.0465664708972573 -0.0420600672445164 -0.0350792147700834
FY17 0.0391365356801515 -0.0110654111808257 -0.0317732268102744 -0.0412131518580548 0.122162838285741 0.0563972430562186 0.020186593407464
FY18 -0.0318044867974166 -0.00220949147965091 0.0313987504567683 0.053539149453079 0.0650026022490912 -0.0129395947505494 0.151006303023651
HH01 0.115181412539302 0.0739314049993408 -0.037428360420233 -0.0304360411325271 -0.152107095258652 0.11814390313675 -0.0933278104041726
HH02 -0.172979344554749 -0.0213530304882414 -0.0102211605408026 -0.0913615014624731 -0.117330886820548 0.0362034135898244 -0.0550680529649166
HH03 0.000251229792485984 -0.0228947121007759 0.000945873374675468 -0.0348109212598657 -0.0712183702255457 0.0473960507446364 0.0207524555450533
HH05 0.0344854507341298 0.0175587514860516 0.0192343545270607 0.0434416841938572 0.0845149495202732 0.0461040244730281 0.0489632983108968
HH07 -0.0240707433784552 0.10230737387463 0.0262293353470246 0.0861515046961322 -0.0048646432160308 -0.0199651609543072 -0.0266388895439223
HH09 0.0604212327921836 0.00721290661251535 0.0161848627844625 0.0101433619799351 -0.0824550335199107 -0.000232176982406723 0.071756385970201
HH10 -0.0640217719255682 -0.075195496904095 0.00229950787970192 -0.155665821177009 -0.0599244736545273 -0.00450396334476482 0.107140374958741
HH11 -0.0389075919893689 -0.0207948410414665 -0.0332925350479588 0.0227640788061001 0.0194796691637015 0.126401883147761 -0.0444322603107645
HH12 0.00234803132236464 -0.0140374408747057 0.00327514841176127 -0.0134605247115526 0.0330923977805932 0.0695040936521744 0.140131068122239
HH13 -0.0202204397083547 0.00640017304970572 -0.0709055740060125 0.047508859270941 -0.00475522133544189 0.00924955351217649 -0.02762419608413
HH16 -0.00240732346455682 -0.0775052192454219 -0.0586219442362504 0.023700988726199 -0.0203159200757785 -0.0801461052458362 0.0239101882639507
HH18 -0.07025700348781 -0.0157635890555218 0.0863885019519937 0.0141973062701694 0.0459070936969362 0.0457318421657426 -0.10339588967875
JB02 -0.0321771687540466 -0.0709014144246092 0.0512920575075534 -0.121735812655257 -0.16385345992229 0.0528295000498224 -0.00387201185052506
JB03 -0.016665669032679 0.0913862836658718 -0.093950253475797 0.0624516106473436 0.092695271490148 -0.00733889182207261 -0.0803211885810293
JB04 -0.0547101884418842 -0.0364229953295424 -0.0775308595752969 0.0772882322203263 0.0102004761092641 -0.0680468255428532 0.0179581455207639
JB05 -0.0346983069895226 -0.0194402216633228 -0.0903238842923044 -0.165924487659959 -0.0480125145515226 0.0391849713347856 0.124055823483959
JB07 0.0103918422440899 -0.00130195977213365 0.0503831910970908 0.0237980527397661 0.064291258931436 -0.0171998052588043 -0.00223301737034768
JB10 -0.100436309226028 0.0295297940787479 -0.0384240269582828 0.0316476321785371 -0.00170410078673638 -0.0226058063767463 -0.0187701419708357
JB13 0.0339519634644014 -0.0054683392581353 0.0741013094263636 0.0597271622474068 0.0669774199142711 -0.0524876853133291 0.107434930137159
JB15 0.0802095431786609 0.0684232774616906 -0.130566128646954 0.0342465852112941 0.0457749498135946 0.092036809862737 0.00625700794833297
JB16 0.0766309793387184 0.0330171373080442 0.0412826797250658 0.0150840558952582 -0.0510110873784393 -0.0197104103337839 0.014867596729223
JB17 -0.0596814239613686 0.0463646700147523 -0.147099518496614 0.0884894959798364 -0.0816202612371315 0.0660539322364679 -0.0938659019341826
NB01 0.0268517706617175 -0.01930577236094 -0.0325095985479271 -0.0297184877631201 0.0532848845724848 0.0881507106259354 0.0129201363739405
NB02 0.0581317939218341 -0.0354761209079848 0.00282589863129212 0.0468686761111462 0.174694630323513 -0.000453515265458938 0.11748136097664
NB03 -0.0440093428735711 -0.0253246976978135 0.0869328996958273 0.103469214517799 0.0432129349462261 -0.0559130264529166 -0.0674654788611002
NB04 0.00148228829980378 0.0220210083276078 0.000131687345572736 0.0256740639959408 -0.0356605083464407 0.0420028122570073 -0.0475512394960695
NB05 0.0621218400145923 -0.0748263968548607 0.0557064875849402 0.10367813503041 0.0220201835666019 -0.104326911726348 0.0815904045531586
NB06 0.000990856884229526 -0.0629658171362558 0.0681309052645768 0.0728470051465952 0.0735695028383068 0.0715260208605744 -0.00389456678522848
NB07 -0.113768327455841 0.00162576708860278 0.0327398895466769 0.0457627537749406 0.0345536557818605 0.0680255528309777 0.0329501400402473
NB10 -0.196750285121153 -0.0233890599038231 -0.0381335102230705 0.0599396304205435 -0.108872149285534 -0.033558682468994 -0.0699639630040676
NB11 0.00427616700170601 0.0262193753542939 0.0510388182659103 0.07767269970155 0.0222542675953482 -0.115361702365906 0.0886891684457773
NB12 -0.0257442166103265 -0.0554657696741965 0.0808971498202072 -0.0827405030733337 0.0263159318844309 0.0633298022147204 -0.0148822209790173
NB13 -0.0269878993149913 0.00238660065262291 0.0864443186825953 0.00744960860992776 0.132956072378204 0.0352993948295361 -0.0942422208605704
NB14 0.00622998231006082 -0.111398525368947 0.109545249342112 -0.110598122297043 0.0337281441890569 -0.0210770342728761 0.0828085863089002
NB15 0.042404137819503 -0.0491020607054597 0.0141574128358254 0.0130461348767535 0.0737263510758698 -0.0658526406902375 -0.0263529903179655
NB16 0.113370617347131 -0.00940354290468537 -0.0199856062810287 -0.0279652907883397 0.0101053290310068 -0.0384916804353406 -0.0591590224853707
NB17 -0.0054680970231893 -0.0137613569858676 -0.0628879447893766 0.0626643619340435 0.019697339116474 -0.0133447966413589 0.0429849695902476
PA01 0.0452651230835127 0.135199069718866 -0.0762055187401037 -0.0459177644054422 0.106458044816537 0.0250853127439417 -0.0306803803791649
PA02 -0.00666146447480259 0.04792605749618 -0.131071932943685 -0.0787761152092442 -0.00887504152384686 0.0201852962636397 -0.04074624386554
PA03 0.0511804051223015 0.0152239014653977 -0.00893899190180364 -0.066696046522334 0.027696425610247 0.0920586754764175 0.00964506715919812
PA04 0.0528957748642311 -0.0130958489660409 -0.0052082146591503 0.0855878316913831 0.0102872066914088 0.0707474004814332 0.0381746890745886
PA05 0.0908420077347379 -0.0440729513199628 0.0269386331987113 -0.0712846770148092 -0.0798144242088583 0.0937656139416678 -0.0231639696144378
PA07 -0.105371723637264 -0.154356150142568 0.00822036607737828 0.0458669159494473 0.000285224861596142 -0.0313739655655295 0.0150951862014225
PA08 0.100570422602512 -0.0102529748929694 0.0175136005279641 0.0274623465411657 -0.0826367943647482 0.0339667986289692 0.0930911989718004
PA09 -0.0562127471012389 0.092647487996337 -0.0238069805682152 0.0369903626726949 -0.0703650317242339 -0.116209668769003 -0.178779837616227
PA10 0.0331081591858188 0.0743110250155354 0.0361767722155255 -0.0299864627864349 0.119980135794895 0.11170035232547 0.0204098246416418
PA11 -0.147127560200084 0.00393439010245576 -0.0137631274966805 -0.0358749563975341 0.0672541251017005 0.135934555861118 0.0173634837676379
PA12 -0.00337107499325525 0.0179308577103901 0.0387637995028402 0.0705165218656278 0.118962385016698 0.0756055492099931 0.0636029954310277
PA13 0.0292264533400929 0.0226002957294385 0.000205182759142512 0.115171700497707 -0.0832351521129521 0.0992201921653162 0.0558407839234295
PA14 0.0896692840326593 0.0143149338403593 0.049432874304352 0.126772821734633 -0.10136730153923 0.0169901466126173 0.0145178029906987
PA15 -0.00825977957450382 -0.0663134207333666 -0.013350666644217 -0.193857978478434 -0.0892840306188179 -0.000851146819139098 0.0298260341947096
PA17 0.0117059150213194 -0.0623137133671143 0.0486915954765822 0.00797919062620387 0.000406508381440759 0.0746470301635408 -0.0349660089779212
PA18 -0.0577340602152603 -0.00498783284862664 -0.0791795319361406 -0.0999930371622487 -0.0701019349962611 -0.0771634467490562 -0.0340839883566629
PA20 0.0423349300483836 0.0258877991705946 0.0797643536550087 0.0517786974304308 0.061583398209744 -0.0178456150502667 -0.0115315302126048
PA21 0.019705934885722 -0.0714307980396035 0.103701634163016 0.0695593455433803 -0.0573496922853682 -0.0241233044006306 0.0150884221890046
PA22 0.0294526142572374 0.0614867161651674 0.103658665385426 0.0426652236538537 -0.0833190361612059 -0.0302900484228161 -0.07077684730645
PA23 0.00187896590510375 -0.070377141128707 -0.00367122297852415 -0.0625368898976307 -0.0147857096077912 0.0168983914603928 -0.0159414836323012
PA24 -0.0263316269719958 -0.00436744152799456 0.0887150446471011 -0.0954160421784271 0.00370638278908962 -0.00181148133147445 0.198346094889564
PA25 -0.00323544642761747 -0.0119738471594217 0.0114982592164536 0.0762054043741962 -0.0375309635121538 0.102168383775706 0.0412950560547333
PA26 0.0139360240344702 0.0335776451844183 0.0431052001006919 0.0491768164322303 -0.0786770900200878 -0.035926828213058 -0.0675538312839828
PA27 -0.0971602190721386 -0.00117677658090813 0.0402397650097626 0.00176173878282018 -0.148145880246899 0.027730960345603 0.0492732627809595
RB01 0.0732618375355144 -0.0404887543238456 -0.10447881959736 0.0204083165579997 0.00172946260639562 0.135241525715132 0.118697571598237
RB02 -0.0714796981308098 -0.014730285620529 0.0410343640595826 0.041347772529053 -0.204151932730669 0.0404883214043317 0.0621965840906262
RB03 0.0699066294169187 0.0453161628227806 -0.0406298404428722 -0.0109494151896946 -0.145459634071116 0.136329877060901 0.0238178534426324
RB04 0.0622194552726233 0.0224832474022909 -0.0914168372370336 0.0134307961983431 -0.0604127632097414 0.0487420472206728 0.0401371114895474
RB05 0.03704434092512 0.0288565083598165 -0.036736583896225 0.0348644939645453 -0.0950163757124361 -0.0153628181088861 -0.0558555278816037
RB06 0.0244312513215145 0.0427039412410331 -0.139975197799188 0.0714321432053964 -0.0113149020320012 -0.122890706703478 -0.0127655460372018
RB07 0.0151920448305314 -0.0510968876539337 0.0427270430557814 -0.109242582502997 -0.0214321009243249 -0.0786046932591638 -0.0261988620666703
RB08 0.0744392157889055 0.0300657512780231 -0.0571264693931537 -0.0795147048084227 0.0133872557486827 -0.0185082589354741 -0.11518541830544
RB09 0.0615749303582635 0.099541356131398 0.0353003632185284 0.0303786730467037 -0.0756485516212521 -0.056226919837531 -0.107469351194757
RB10 0.00633256510131344 -0.0312385680588493 -0.0496792522649933 0.0800639143992206 -0.0840739785443703 -0.137098960142987 0.0412677133553504
RB12 0.0489785676684938 -0.138945653402067 -0.0967568640993046 -0.0523019525674406 -0.0630196264735492 -0.0773825317842472 0.0407830485684183
RB13 0.0693746902818065 -0.0136091353140539 -0.0826600836745877 0.0692248134271081 -0.0187231458120204 -0.0529107413998099 -0.100512275501019
RB14 0.0210654337865596 -0.0322702697160217 0.0200818659159579 -0.00854286060739817 0.0230142617893036 0.0249048877741655 0.0170060242917187
RB15 -0.0426141875508058 -0.00278794787123088 -0.0179853888844724 0.000733093214050089 -0.0053043942979419 -0.0999696897988865 -0.124317884852824
RB17 -0.0736990775156084 0.110347556834224 0.0495069067294804 -0.0488482075662412 0.00626215017554582 -0.0786576319415884 -0.0679608253696147
RB19 0.0540316211902166 -0.0409853472586497 -0.195033062702238 0.0471814060789036 0.167682943585712 -0.00961128367063438 -0.0647813894359637
RB20 -0.0315240791605707 0.00708643050428287 -0.0465065759754004 -0.0111181437501739 0.104757382983334 0.0323766859918952 0.0581541465762794
RL01 -0.161545612487111 -0.0370368367334935 -0.0645279438349336 -0.000889294467272333 0.0269959141480774 -0.103464557591687 -0.045394544061884
RL02 0.0162164257383513 -0.00555298999321127 -0.0875233745499514 -0.0803487373810469 -0.00414159573842478 -0.0290156318611257 0.0253719066131606
RL03 0.0975822266119061 0.0217020417282427 -0.0577746971054758 -0.0109632934240599 0.10101472449022 -0.0662376485067891 0.0312029609175082
RL04 0.081962839117548 0.049648337955057 -0.0336381258446154 0.0590376133867426 -0.0417511805761788 0.105726229585122 0.0200680658847203
RL06 0.0990220060518413 -0.0204335862505989 -0.0414391915531597 0.0236562742604168 -0.0610720149891724 0.0726309728932329 0.0534726302769246
RL07 0.0183291328450736 0.0888185618118381 -0.0366198882663034 0.0237970728609039 0.00558008932093343 0.0177898916950364 -0.0106830539164586
RL09 0.0676148306988487 -0.010644329132575 0.0454469666324398 -0.0291548330876587 -0.119993818956198 0.0403063409323163 -0.00951534967522329
RL10 0.0479827794605433 0.00862259583461023 -0.127242433022451 0.0747817937202867 0.0624820728582332 0.137916044715672 0.0027768980924374
RL11 0.114575706228384 0.0560206786532879 -0.122390252174419 -0.0872318166212948 -0.131222640443946 0.0272754672742507 0.0289751569708092
RL12 0.00890135054071466 0.117307370149941 -0.0596428172963166 0.04228083726203 -0.0995728031009897 -0.00186526204511318 0.0231705665421802
RL13 -0.0328843785041677 0.157303289808706 -0.112063508980539 0.000791508258903522 0.0414105708468326 0.130527330301757 0.0602263062776149
RL15 0.132774731797821 0.037388080436154 -0.104763945809548 -0.0814837044659023 -0.0365795011579295 -0.0254459233096191 0.0128104158101281
RL17 0.0016426322024051 -0.0293075321485486 -0.0321816228590846 0.0191416164287276 -0.121130561944116 0.0727981575588692 0.0438987701055892
RL18 -0.229919102756002 0.0311988267660726 0.00349196778978011 -0.00138225452704905 0.0182196841304419 0.026900124341883 0.0683216725616956
RL20 0.0120954153410392 0.0301178969549471 -0.0553278110127785 0.0905449060992298 -0.0867891909864416 -0.077298383555921 0.0115926757939958
RL21 0.0690210283449704 -0.0163787025781612 0.027783509378536 -0.00297920721289302 -0.0213050974585981 0.101188404105146 -0.0498481300751748
RL22 -0.0691116551290904 0.133506625709441 -0.15008131630308 -0.0391149070681956 0.150022397982333 -0.22232253314864 0.202439201435096
RL23 0.0454087341388808 0.0324246027143539 -0.138613574624185 -0.0301712029541163 -0.000447596367852712 0.116903191218477 -0.0326296174130399
TR01 0.0396422874312099 -0.0709207651459255 -0.0520190572344074 0.0572666547014975 -0.0236261498832026 -0.0870629557306235 -0.0388587775492259
TR02 0.0546357528657108 -0.0263951131639903 0.0313489500885366 0.0278535581044048 0.0518603237870755 0.0104090414260494 -0.0340967498536325
TR03 0.0742205984823299 -0.00252802484310775 0.0458370699706001 0.00980045946233314 -0.0215033394241379 0.0691559419201279 -0.101242169262649
TR04 0.0985404642232477 -0.0479144704275129 -0.0409944031799956 -0.119855093820398 0.00558055834893803 0.0136995469501667 -0.123232615532485
TR05 -0.00283660256596923 0.00445044316249452 0.121111735790971 0.0569014975629325 -0.10362784999608 -0.0672079498280588 -0.100833363610606
TR06 0.0661303522274347 -0.077799620859624 0.213308041461614 -0.0548406547169346 -0.0359892522695705 -0.00579150099332743 0.0632107571238162
TR07 -0.00298014895302057 0.0222435759954908 0.014101435199678 0.137684748877112 -0.0547420568063556 -0.0537657264404297 0.0197408266911818
TR08 -0.0198596983741451 -0.0731082756540285 -0.0343995457600603 0.080811866963641 -0.0569011306801693 0.0729610942358674 -0.0638298142131274
TR09 0.142132780127638 0.020043933235269 -0.0137050309441893 0.0141749078768214 -0.0218094842955316 0.0300513124470396 -0.0556829600468747
TR10 0.0784585153743035 -0.0406171196346566 0.0638563635089012 0.121893519566514 -0.0834220107610975 0.0314802918794194 0.0376814041085489
TR11 0.0637013410109023 -0.0277963707708838 0.0127337941288303 0.0747007492833366 0.00934685294269127 -0.0410889450167062 -0.00240650335606034
TR12 0.0343579569783239 -0.00984795690828252 -0.0044378166774771 -0.0597770934233125 -0.00705592257760698 0.109431957478682 0.00127577308597603
TR13 -0.0146902970954458 -0.0604872692661244 0.0825250450480769 -0.194063884724362 0.0816832394138576 0.12298090948769 0.00865185923782982
TR14 -0.233084887134208 0.0352751302119239 -0.103618996502765 -0.0398411512118182 0.0808370179977556 0.133352810095274 0.00983899646229181
TR15 -0.0286632681602145 -0.059500012360661 -0.0416998057212482 0.086496475646236 -0.0630631528491823 -0.0304506827972881 0.116926873230704
TR16 0.00179898349636697 -0.0591752951519561 -0.133762034533367 -0.0386799346140703 -0.0230096390812849 -0.0920729909281191 -0.0588309375113903
TR17 -0.0196665895632665 0.0300401652520974 -0.0680371281126122 0.110468362895245 0.127428594732287 -0.047975721189776 -0.067248424980088
