sample MDS1 MDS2 MDS3 MDS4 MDS5 MDS6 MDS7
AN03 -0.0412944417718151 -0.0367133234306776 0.0454222103673041 0.00656018825074217 -0.0107310676944644 -0.00486038422382253 -0.0189591768426591
AN04 -0.0195641443943833 0.0598290305319797 0.00201801654614456 -0.00143959812836424 0.0132008697061773 0.0157087801802109 -0.0300179822100191
CS01 -0.0543233614532559 0.0815281139975811 -0.0124744596774528 -0.0736214837605605 -0.126075268779808 0.131108706404526 -0.0258270881157977
CS02 -0.0397095540728704 0.0212602568946927 0.102199820301011 0.0139081565752894 0.116602967521381 0.0137858550175358 0.0307032620626098
CS03 -0.0537674221622553 6.09233238509366e-05 0.0280182852713625 0.0487209633586513 0.056701536774693 -0.0159276350016136 0.0518604249617433
CS04 -0.0425083536078225 0.0101199972708037 0.0479439272079568 0.0103608117573434 0.0418493340728935 0.123075924207503 -0.0678000076832155
CS05 -0.0641586254257288 -0.102953269504262 0.0252185809773994 0.00961647156037919 -0.126615740690649 0.103416855440351 -0.0137658052018051
CS07 0.0326491953161261 -0.133837153686305 0.0547852278508703 0.142625385021172 -0.0494144924002385 -0.0515157472793044 -0.0935473753604733
CS08 -0.353729628390768 -0.159263905855826 -0.0263449811179929 -0.0175638354516716 0.114753342001208 0.00140688015144834 0.121149382586391
CS09 -0.0624396176987986 0.0877090449626 -0.0147695152332307 -0.0866171868073569 -0.0976820277127197 0.0352759610902789 -0.0206956678629458
CS10 0.0787956279888019 0.003571317630815 0.0330666035361658 0.0572945964349905 0.0546673815906148 -0.058312083117746 0.0290285973649902
CS11 -0.0135600414075367 0.0865016710531427 0.0648227045063644 0.0342301303301911 0.0312467549275669 -0.121248753519731 -0.0476697123355126
CS12 -0.0126261034095233 -0.0709513070047525 -0.0335898754253173 0.000681724147351709 0.033369054637563 -0.0820398401641963 -0.0618976708471372
CS13 0.0954484632107687 0.031039381343091 0.0200557945974358 0.057343645822525 0.166567653246713 0.0431095722762565 -0.0525904825941457
CS14 0.0121322206351987 0.0219688224850369 0.0467503960817741 -0.033389603921782 -0.0990089662602149 -0.0548036532285006 -0.00228284650414522
CS15 -0.0433652510426102 -0.000875191066477311 0.0920415256054421 0.015050857258645 0.0289418198244507 0.0710057164273193 -0.0442808505890432
CS17 -0.117141216752726 0.0558595779082216 0.0457800302392539 -0.0314182397993041 -0.0878886471499161 0.0408129015046176 0.0763903379686968
CS18 -0.00594999775436566 -0.0248956014041137 0.11757899508201 -0.121285355113147 -0.0343761163588868 0.0136699104701124 -0.0231508691612661
DK01 0.0274202562092474 0.0746485245872312 0.040274081432009 -0.0416209670981821 0.00217574834105411 -0.0244660897232853 -0.0839033857709457
DK02 0.0644345480079486 -0.0406603758555151 -0.00222999749574672 -0.00427164921365589 -0.0594741104175111 0.0393526815668619 0.0561209421758454
DK03 0.0563207542897397 -0.118896754846325 0.0555377599775875 0.0513970046462533 -0.0245964792140859 0.0658286736784655 0.00926524814016391
DK04 -0.0873800335886275 -0.0510796518210383 0.140750078154121 -0.131177052366058 0.0559895445598058 0.0916858608897403 0.026884104802227
DK05 -0.445040867211744 -0.291536365597282 -0.0407873911573685 -0.1061505864807 0.116810428571045 -0.0638994025686982 0.13635790281793
DK06 -0.0565932994916029 0.00389122878953768 -0.0626021507480894 -0.0869785525212502 -0.0071264284540089 -0.0613360869404504 0.127294338390594
DK07 0.0926287936134965 -0.0103970715851498 -0.0167105491603995 -0.0856036599994514 0.09334504081894 -0.0866802172602923 0.0544102371146852
DK08 0.0540372310365614 -0.0806397310856232 -0.0404065185238297 0.0213812394578161 0.071734957967463 0.144747927122497 -0.0185230301076831
DK10 0.157494428742368 -0.119228201860343 -0.114761530468473 -0.00666536207521915 0.0434327145887927 0.0470383288412984 0.0415919532952534
DK11 -0.0548499380843128 0.0305797569805552 0.102631839580972 -0.124344476401291 0.024366069797738 -0.0469172529500045 -0.112951622366882
DK12 -0.0732621554246415 0.0332261052993324 0.0393666954625962 -0.0378006416697438 -0.0127413498366132 0.017862808020371 -0.0200151950167422
DK13 0.0296165650612017 0.0146908411387481 0.0341662318464782 -0.00602117102956746 -0.0815689213818275 -0.0460443171643933 -0.0310456167587488
DK14 0.0745071849803275 -0.0345103593900651 -0.0601155500055837 -0.0367773741281937 -0.120174860684069 -0.133283732327116 -0.0933582243194261
DK15 -0.0968512686399832 0.0260019699559429 0.0976076980991641 0.0241762504531085 0.0954360397752406 0.0591431995623494 -0.0146126158844606
DK16 0.00831731274925789 -0.0247790591895278 0.0658489338557126 -0.0409793863567552 -0.0844231434582038 7.57877133658325e-05 -0.0179622607262787
DK17 0.118736741946769 0.0216633570488916 0.0378333986415538 0.0125718379316561 -0.0117901147260101 0.00448570499385508 -0.0836732724445007
DK19 -0.00167735984365181 0.0181230216067669 0.0903774998840888 0.0271729898761107 -0.119826255501152 -0.0323696690876853 -0.0529546082932293
DK20 -0.051199025546002 0.0739615189820915 0.0190910968248025 -0.125225492248731 -0.0375456378997715 -0.106540358103281 -0.0113882506695616
DK21 0.0983205837689319 -0.0329581475574411 0.0991665783032561 0.0695821534104086 0.103156623817712 0.0313694337544971 0.0798732748752798
DK22 0.0793366391213985 0.0150398055452778 -0.0278148830945838 -0.0450173499949522 0.168061460948923 -0.0812620183764839 -0.0121842681977279
DK23 0.0769800582045394 -0.0617533755139159 0.0767568063017909 0.0038712033128405 0.0521070949531608 -0.0382980077829177 -0.0436908360324096
DK24 -0.0743681758294071 -0.0919124958349702 -0.0119193955823157 -0.0502862551590684 -0.186695078738522 0.07056339852891 -0.172402415823923
DK25 -0.0672059148523952 0.00215540832801326 0.0252658221490087 -0.0642232255904476 0.0344732530951305 0.0457133756651524 -0.0260465766024171
DK26 0.0321109312266623 -0.120699216755782 -0.0797353110981038 0.0653092930311852 -0.0353441306834895 -0.0512656300922593 -0.129657390954395
DK27 0.058188336755493 -0.121042932877482 0.106291806434418 -0.0358538846186022 -0.0134826500986434 0.0350073751806872 0.0491904388367072
DK28 0.0828848139758144 -0.0457617753150867 -0.136725085862349 -0.025026174583126 0.139486600892413 -0.0473851753612656 -0.0404356831436325
DK29 -0.0529251035662611 0.0736452196530353 0.057945297338905 -0.0705841375473871 -0.0621709501626909 0.0747483217339775 -0.0706994500069032
DK30 0.136144477437076 -0.0518589491818504 -0.08589040992472 -0.210115276544002 -0.0822815281543186 -0.0396885292554718 0.0766157305147583
DK31 -0.0343384447842876 -0.0561760194627149 0.120217489934922 0.0739458872998896 -0.0423387914645489 -0.0480698097130492 0.029836623973654
DK32 0.0437520869115246 0.0638733641840476 0.049008347890623 -0.0375611651344009 -0.0797239847755666 0.0443570283169497 -0.0739822883771644
DK33 0.0277869842798384 -0.125105140601919 0.0382688886361049 -0.102445599374936 -0.118726311061315 0.0857179896513354 -0.078939422666976
DK34 0.0826433763879108 -0.0744780654611642 0.0849977944563462 0.0822957963670832 0.075744314026346 0.0181224886853091 -0.138426158887488
DK36 0.00430160343676938 0.0391279555559914 0.0924121027301697 0.0476184158738885 -0.0988748677234129 0.0213197854186259 -0.0152596264954094
DK37 -0.00133632928273047 0.0384009911695049 -0.0211601774972332 -0.124694635404595 0.228551538127129 0.0795799623606751 -0.100535603465313
DK38 -0.000786080239894311 -0.04167696365554 0.0409831369691636 -0.192817949589208 0.02697330899016 -0.0922785914949973 -0.0982319445780006
DK39 0.0314030424959807 -0.084113259713727 0.100803661624472 0.0709797000447008 -0.0802562877811928 0.0281101787701765 0.0258908256898517
FR01 0.157010336047927 0.0761706576657361 -0.0984242412561666 -0.114106639030655 -0.0309131624575317 0.0576358002851022 0.128202150132809
FR02 0.00997738872015847 0.0750635119673515 -0.0110361369019422 -0.00177005315788439 -0.00252193593246649 -0.0501467403839141 -0.0270435878336343
FR03 0.0964255460103128 0.00204193418396104 0.0834302664892324 0.0510211092077681 -0.034753839869518 0.0381003213250005 0.065018172905604
FR04 -0.015071489773802 -0.0632050667021175 -0.0684236743467659 0.056643807668617 -0.138054423942888 0.155690895797444 -0.155870570352838
FR05 -0.023303637526271 -0.103312614871733 -0.148019041353091 0.192260211834289 0.034242383567386 -0.0841810160878689 0.0306255103277895
FR06 -0.0394739654993381 0.0143370192723604 -0.0246416398783077 0.185176053630686 0.0275815717173476 0.0901171395333066 -0.019459157282446
FR07 -0.036309942864204 -0.178552208909067 -0.119018142166675 0.111632190883678 -0.0179595356615442 0.108677230350738 -0.0217189506634416
FR08 -0.010984539024827 0.0296320514699308 0.055163084987085 -0.0558462283336565 -0.0895626396859248 -0.100275020172286 -0.143942646785403
FR10 0.0541114242090101 -0.00338194326953877 -0.0543299117431497 -0.0111915144306387 0.0714788121091875 -0.0477677911156653 0.098302513516126
FR12 -0.0415239172101289 0.0351666076552611 -0.0690042419572296 -0.0274268643170723 -0.0579689769928754 0.011060448988381 0.0371885059925047
FR13 -0.0349815295399283 -0.138772002603469 0.0458892089655198 0.139299390784519 -0.0863892798364276 -0.0860700383412168 0.0327035184763397
FR15 -0.0144131820051186 0.025245506604931 0.0893692841194742 0.098463602306008 0.0268808998755458 0.0645495156636008 0.0584996696660397
FR16 0.054659068241217 -0.160196908900295 -0.078411284460517 -0.0220054916497446 -0.0335224077148111 -0.0219299083777824 0.000704124631432733
FR17 0.0327073597121966 0.0359924242916481 0.0410306102618917 0.149909520349329 -0.0420319479806074 0.0108649028610095 -0.0488168919259624
FR19 0.0546631324377074 0.00181001577875923 -0.0223444244637772 -0.113537596653211 0.112133497502647 -0.133342194635054 0.00711774732695655
FR20 -0.0395244557363747 0.152765011778753 0.0448824657289858 0.0249312380334319 -0.0446050596792478 -0.0105493248998452 -0.0397398571737845
FY01 0.0365242743006651 0.0354121946885976 0.032158182433439 0.110166167468227 -0.0449276968909546 0.0177621132335312 0.0273366943352689
FY02 0.0254144362759966 0.0533109811200805 0.0940865895093068 0.0108252242335423 -0.0533950983760731 -0.0261779467341297 -0.00798723693451445
FY03 0.0654506214782119 -0.0209093402755883 -0.0174831039822792 -0.0751621873904394 0.0459456614599483 -0.0802400009427246 -0.108514581143344
FY06 -0.0268580084101809 0.0312634236820029 -0.0735469556992095 0.0230463172375496 0.0449596993571123 -0.111301338925917 -0.0293568603557087
FY07 -0.0799058223608323 -0.0660123733045644 -0.0799956330294217 -0.0647053598955738 -0.0283094946034022 -0.0636382802216182 -0.130609034623528
FY09 0.0276931211539386 0.0602042348120006 -0.00731205895943305 -0.133729414505653 -0.0621159265461852 0.00795165873483413 0.00840424042133834
FY10 -0.00894844238004399 0.0797269083889613 -0.0470672866233997 0.0623709151436093 0.00441552161794442 -0.117262546485187 -0.124150786401144
FY12 -0.0647145753052975 -0.0260180484951577 0.090910398485147 -0.0480276166157564 0.0102773441898882 -0.0801392933577424 0.0675123047647586
FY13 0.123017938287689 0.0814090878014886 -0.13420214207076 0.120780876519297 0.0433618650403483 0.102040840765064 0.103529988725916
FY15 -0.00228618071397357 0.0567254625170073 0.104102038251129 -0.00288241468349926 0.0636075122039884 0.114070303455651 0.0304216589684711
FY17 -0.00609366810928509 0.0667275561322763 -0.00281532527971445 0.00444566922481639 0.0231894884607464 0.151552396632514 -0.0537090538734799
FY18 0.0062054445344362 -0.0373258499908429 0.0328521763284735 0.0331993141761001 0.15173472652077 0.0407346507006221 -0.00431095617397383
HH01 -0.0895476592552763 0.0674534596553489 -0.04524476609788 0.0644548700799093 -0.13319023259621 0.0254596425697862 0.163194474056309
HH02 0.10648450430569 -0.125147445313444 -0.0937845495842724 -0.0490376185213975 -0.0771698212615122 0.0600800788718857 0.0977540277679978
HH03 0.0340227244141928 0.00125800022398561 -0.00166474047274183 -0.0198880076973046 -0.0560066135341658 -0.00274957075738135 0.0918114573041412
HH04 0.0736759626958771 -0.0717143932436457 0.0405507722944237 0.113436751637112 -0.0340660369865706 0.080005203201392 -0.023858823766125
HH05 -0.0110360136334549 0.0273667207201043 0.0235530495962047 0.0469504608005076 0.0581030217235691 0.0195125629009558 -0.0330678045983815
HH07 -0.076059120274391 -0.0645036263464336 -0.0473486212646154 0.0839778808493281 -0.0075978456001756 -0.05646842102414 -0.00716531924647452
HH10 0.0878347547124048 -0.0458658922827576 0.0252129946851227 -0.191489651791358 -0.00936029708904512 -0.000175369621137083 0.103144450998014
HH11 0.0565549675244174 0.00316938744039538 -0.0497272587047461 0.0604120192658002 -0.0848522744564699 0.0225006641391307 -0.0134611174275495
HH12 0.0252926579992863 -0.00861266328304113 0.0241718430754959 -0.0296430597289814 0.104897603062672 0.055013713434427 0.0255933028353915
HH13 0.0111959906667118 0.0150398320872101 -0.0863351756091324 0.0087803819491698 -0.0151657306749652 -0.050083956699592 -0.000438719243699684
HH18 0.0287901762470234 -0.0729464914450209 0.0505097620806436 0.0718185619377347 -0.0793918065194923 0.0132880108351252 -0.0888164533834421
JB02 0.0918593576375948 -0.0420186038776983 0.0407559623558045 -0.0535748681029188 -0.0795060655338269 0.0506818381201666 0.19073526178546
JB03 -0.0545680628529354 0.018009213033662 -0.12333865917111 0.0482623001521326 -0.0673972698423069 0.00840179478637185 -0.149329237738021
JB04 0.0603767522849362 0.020013615141137 -0.0912546369120939 -0.00527708652384289 0.0452339960369058 -0.0921637576801485 -0.0570099802487145
JB05 0.0542957861062839 0.0197419367879267 -0.0790288551995435 -0.138234452931735 0.0554923141367171 0.0859769287085875 0.139423613558576
JB07 -0.0108010077206702 -0.0216893668877681 0.0544409921270169 0.00764818193629481 0.0266119003540764 0.0072988888123089 -0.0728393547154694
JB10 0.024336050712153 -0.0708510493040431 -0.092718765560431 -0.0102096737121035 0.00427635339299321 -0.0235820295039866 -0.068319461348045
JB13 -0.0310121864948061 -0.00603873461895973 0.104215024013158 0.00142379781828532 0.106463143913962 -0.0439752962483409 -0.0515288577363041
JB15 -0.0677758029948824 0.127729226258437 -0.122249969694638 0.0569826671668953 0.0373606450604794 0.0797793299689338 0.00999203079506538
JB16 -0.0717800004889079 0.046291536057119 0.0351497030103796 0.0415894909132329 -0.0183636775975053 -0.0485288007251275 0.0640725231080773
JB17 0.00245868469414776 -0.00184258532078887 -0.189958113378238 0.0804101613116493 -0.0667404489544884 -0.0231480506412996 0.00300751931753507
NB01 0.0214416693821856 0.0447770700034085 -0.0172084101207845 0.00514907576353814 0.0103365053044866 0.0777678433414038 0.0161569859557727
NB02 -0.00707444771090143 0.0513549445875429 0.0586427746017259 0.00280196432937128 0.155142888891943 0.081235262807629 -0.128383893991318
NB03 0.0421907029386187 -0.0508220616710575 0.024576802548917 0.0990984008934913 0.0119797041857376 -0.0588883043504013 -0.0517973278105794
NB04 -0.00204989952645674 -0.0165739265591753 -0.0204088713086488 0.0378479348099389 -0.0285493926289 -0.0542133835283656 0.03630355438176
NB05 0.00479890379825564 0.0385635908295056 0.123781646939351 0.0145851536095172 0.0998215123188344 -0.102337936608498 -0.0523007949689384
NB06 0.0713010345392778 0.00277888051212723 0.060636239622045 0.120740028903705 0.0299194585421347 0.0345004498347381 -0.057268229486174
NB07 0.0778049110732998 -0.120735760858407 -0.0211406498203292 0.0363278877175363 0.0215187132945908 0.0529163516768913 -0.0544830767437908
NB10 0.1278526102101 -0.120308564626614 -0.113085627974729 0.019915103539754 -0.104289757353194 -0.156695788761249 -0.0100922516308344
NB11 -0.0301733484290009 -0.0155227884535094 0.0268934577666632 0.00151709142931555 0.152807331080082 -0.102145099122048 -0.0463782129259679
NB12 0.0685462915207158 -0.0205071775208578 0.0809260018847904 -0.0030723908686008 -0.0801245200637673 0.0140866084972489 0.0362567388293218
NB14 0.0695156202231659 -0.0110066577488164 0.181348559490712 -0.109034080087454 0.0317461072024206 0.0359518539487265 0.000913336429039229
NB15 0.00206697180395319 0.0585230679384791 0.0587328545403521 0.00110744154615067 -0.00417686231900742 -0.0227736167120653 -0.0907268993344741
NB16 -0.0831984388552276 0.0923173847049003 0.0629648647918404 -0.0426385711361188 -0.0721268285167326 -0.0753855426951952 -0.0369762749801388
NB17 0.00959658549832337 0.024297862475723 -0.0406313440768084 -0.0149954128610517 0.0712314543403734 -0.0473287643469793 -0.0681140087018366
PA01 -0.131616352193699 0.0234624450730309 -0.0835440693092499 -0.0340181606865233 0.00872693251613852 0.0996916389285073 -0.0772716496275252
PA02 -0.0154543955689676 0.0399418311602785 -0.140783622539107 -0.057504688841612 -0.0492582256479445 0.0856266189147943 0.0135287703581092
PA04 -0.0115838143940756 0.054879647595093 0.00882955624860113 0.113838078138128 0.0894321135068071 0.0785716573223066 0.0307670820937965
PA07 0.186021997941688 -0.0255019085564052 0.0271775036623302 0.00485903253314689 0.0482926448028778 -0.0458691041250551 -0.0367053780861705
PA08 -0.0344148404310786 0.0580908275984056 0.0566158223138679 0.0364986413897151 0.0549407383009579 -0.0193551626527706 0.142389937156453
PA09 -0.0524077684830098 -0.0831526294929393 -0.0894227581264952 -0.00895065552446046 -0.108594099192849 -0.129177487183397 -0.0185826746053848
PA10 -0.0649458628190424 -0.00374762571039783 0.0055914389084365 0.0340592871434187 -0.00441168467894112 0.114544583072266 -0.00309102440881245
PA11 0.0903025973184335 -0.0989407827047946 -0.0899834908003974 -0.00536070103208885 0.0178488594144142 0.112913897735343 -0.0215148874460662
PA12 -0.00740498790864113 -0.0223831431693395 0.0435822950004231 0.0890882943794745 0.0588363390773527 0.0636467433058085 -0.06067912087043
PA13 -0.00225795357763976 -0.00469483958465984 -0.02121299790309 0.105737124734458 0.0663151072678781 -0.044660048199934 0.086947624588081
PA15 0.0587290036993467 0.0128781307217727 0.0403894860897689 -0.167478147665037 -0.0640321403074877 0.070471036144678 0.119288604040003
PA18 0.0366825704969876 -0.0272346356765926 -0.0739917100308708 -0.165236625572682 -0.0506260322113852 -0.0409369845036596 0.0426483286220941
PA19 0.0117694079153041 -0.192415922269481 0.0515860347214609 -0.0574527933827349 0.113636093144714 0.0542944722092539 0.0203765676685248
PA20 -0.0653919184962595 -0.0212981222884847 0.0583253468706307 0.04362006254469 0.0523720005328469 0.0540606437369612 -0.0681222454345196
PA21 0.0432020812781392 -0.00723018489802539 0.117250585731819 0.0467872789223485 0.00271861476151207 -0.0959962021475523 0.0618393533223889
PA22 -0.0797551484666286 -0.076419704322187 0.059368620465498 0.0459286251225077 -0.0635722904192087 -0.0879719791209204 0.0169678238783503
PA23 0.0513410116911553 0.033392614645559 0.0266647299019728 -0.0203012199432077 -0.0318657235518576 0.00533029388551136 0.0637901828802327
PA24 0.000808111585214483 -0.0777086299851298 0.0987976718398562 -0.104196311025998 0.131399926045725 0.0546799783720337 0.0816838062314325
PA25 0.0449803025704396 0.00312232252319103 -0.0115351529453548 0.0878317193586634 0.00944330462521093 -0.0190096935125788 0.0517673667951625
PA27 0.0618519354968118 -0.104726327889655 -0.0222490332156092 0.0003932549592035 -0.00711791799143024 -0.0909072108594182 0.131520859645539
RB01 0.0343522016607844 0.128900742739785 -0.0586524116174739 0.0442383968311151 0.124328316000069 0.0843937133708554 0.0967424555861347
RB02 0.0710482897966249 -0.0859900288126972 -0.0380162737774982 0.0153335147037134 0.0080439763971687 -0.11763305002615 0.179553408354376
RB03 -0.0430711660717617 0.0448187214326593 -0.0545343558740653 0.0666102110385703 -0.024650386438191 0.0268021623637864 0.193149291869292
RB04 -0.0171900536724153 0.0688324029177426 -0.066032154245054 0.0143337079737924 0.0251044587397369 0.0659084881941516 0.0877860203437158
RB05 -0.0361205141102429 0.0197693296494704 -0.0294101703764711 0.0273125803297943 -0.0652466930507005 -0.0322250076375682 0.0472983222090854
RB06 -0.0509992671619343 0.0810421906817594 -0.117871116150602 -0.00564996412109626 0.0382007415345794 -0.107377584878574 -0.0434359905633272
RB07 0.020130059408925 0.00604441098708431 0.0836042374157213 -0.0945727917722782 -0.0343136034641157 0.0616979121228888 0.0356391903286094
RB08 -0.0667668582923228 0.0572164458218199 -0.00983291855827479 -0.0553840612192349 -0.1639772669668 0.02087681729905 -0.00681409466441302
RB09 -0.132130447836156 -0.0206399200735143 0.000127763348730674 0.0293845732348785 -0.0781267337383824 -0.0793666597578914 -0.00424047830206359
RB10 0.0166823585109091 0.0599693731885817 -0.0106048489137962 -0.0391959089165076 0.0555980630349834 -0.191197293984222 0.0068585296283522
RB12 0.0884665880647731 0.138993990419389 0.0215773288805309 -0.115648891049522 -0.00309448484675009 -0.0756120628654043 0.0334712307192397
RB13 -0.0323822839802204 0.102735220655596 -0.0423158730430111 0.00454696130545046 -0.0773800999429902 -0.10739846275028 -0.020134229499713
RB14 0.00179339248907511 0.0119657253055886 0.047725692801661 -0.00608274066694891 -0.010869753960312 0.0418063687485135 0.0502349698922454
RB16 -0.00701756325884337 0.110061373971622 -0.0392375430845952 0.0258883797961677 0.117436863395075 -0.0739254273888836 -0.0113733574923731
RB17 -0.0765034319421043 -0.141924395027602 -0.0164656606611504 -0.058985182288578 -0.0944270139944395 0.000896830721751517 -0.0801381624412036
RB19 -0.0015268539788036 0.178044391690074 -0.0909732467559047 0.00509927801472394 -0.0335442020844902 0.018025859088032 -0.184740850602318
RB20 0.0186446296265749 0.0134389149877651 -0.0511235347635008 -0.0285503675881249 0.0508063389700025 0.0468754421237623 -0.0500466667396719
RL02 -0.0192822093533032 0.062188417416259 -0.0189857279428361 -0.0952230989326794 -0.029269501307572 0.0347921341557577 0.0398995937456813
RL03 -0.0666802390552069 0.103381338465122 0.0155974948250026 -0.0564278918375803 0.0118730256297154 0.00314409084232134 -0.0950171720108486
RL04 -0.0528325047438843 0.0831046088425531 -0.0263654565930949 0.122910787669569 0.000940563590485406 0.0362003729914777 0.105851815840746
RL06 -0.00659757556057889 0.121184098025063 -0.0049058211717555 0.0674766272132154 0.0382581403942037 0.035647569887887 0.098403739123189
RL07 -0.0897894792329279 -0.00123877249316532 -0.0479989207548668 0.0395803558473929 -0.0062822377059785 0.0127240829130609 -0.0254989838286731
RL10 0.00499104947685149 0.11946089354543 -0.116584318270331 0.101961167542926 0.0733877669021952 0.0685261975878441 -0.0326215105049468
RL11 -0.0831832955427704 0.11535564992558 -0.0622817565789063 -0.0784827204096979 -0.0422062662896772 0.00077489835242571 0.150415466614989
RL12 -0.0916096009932219 -0.0304916730769732 -0.105837704619706 -6.86027416036075e-05 0.0283835409208175 -0.0426877730541292 0.0503129264627508
RL13 -0.0900126234044149 -0.00521337411742963 -0.169768583618362 0.0342983259229218 0.0541902179707875 0.145576356594989 0.0264245091212976
RL15 -0.101954719145149 0.129562415987349 -0.0411854198033776 -0.0852956404965916 -0.0156830031075506 0.0201705572489969 0.0109941754501873
RL17 0.0395957258754434 0.0190166104203099 -0.0195178000492726 0.0167982592857959 0.0027853019895572 -0.0251403433600239 0.0899470193131092
RL20 -0.0214118658719346 0.0387078094609959 -0.0681341619483139 0.0398077959953042 0.0101572503861127 -0.102146521691713 0.0795641543650721
RL22 -0.0789150809329497 -0.0248675758947243 -0.142491408586623 -0.160845059060269 0.217184819778818 0.0620919160413779 -0.190517952765706
RL23 -0.032793754597216 0.121860478306856 -0.120343110993379 0.0357276535083944 -0.0525701647235657 0.109337523461998 0.0371852378559365
TR02 -0.0168197994949795 0.0640264466773686 0.0591576006651583 0.0478317023159962 -0.037512103663433 0.00248015529567025 -0.0354108625689256
TR03 -0.0422174881862628 0.0517615162156079 0.0649162959453083 0.108707537292949 -0.0975039404918442 0.031257687942541 0.029737918169433
TR05 -0.0267290411775082 -0.0730638650387377 0.0707453283778904 0.0505897346783475 -0.0705440466911198 -0.125683065545521 0.0198102206168599
TR06 0.0255411210016323 -0.0204736417191856 0.225660991613766 0.0140555831694203 0.0282827235639079 0.0205978801633457 0.0975644795518335
TR07 -0.02427122608553 -0.010880606816325 -0.0141285793278664 0.0814061820710886 0.0310556361339381 -0.122641324364099 0.00778034060835704
TR08 0.0642423056828356 0.0314522758733906 -0.0335586999935098 0.0714533761441365 -0.0704088710259611 -0.0570065810032118 0.00227750886512001
TR09 -0.0691201119987073 0.107903001932667 0.00879809496994481 0.0315679974498852 -0.0665074145328828 -0.0363535067614845 0.041180356201744
TR10 -0.00197778124098794 0.0561223645325527 0.0752041290108485 0.1207081048359 0.0182162802705233 -0.101853571302383 0.0818258221261266
TR11 -0.0261785650731593 0.0467692002970427 0.0503492211872152 0.0378634008869091 0.00576780656315842 -0.054750428264758 -0.039892730053305
TR12 0.0229635078582336 0.034827945559283 -0.00290051799367104 0.0132824606812706 -0.0498459393697779 0.0990734543782889 0.0421540119267011
TR13 0.0625553038648345 -0.0423542322535432 0.103655220952311 -0.0826772157825773 -0.0607687124953978 0.203454137535078 -0.00453217896966367
TR14 0.108650188086667 -0.140032268352624 -0.191359263485777 -0.0372624418749599 0.0180736744669461 0.178640198339483 -0.0580968167405356
TR15 0.0749708566779918 0.0152707670863258 -0.0290164425294478 -0.0224757596738311 0.113934143303984 -0.133887283624283 0.0221651653688341
TR16 0.0798769264975468 0.106048205192976 -0.101142589283808 -0.0851287494046584 -0.0581977431166726 -0.0751490547912281 -0.0347033177499156
