sample MDS1 MDS2 MDS3 MDS4 MDS5 MDS6 MDS7
AN03 -0.0138604291098217 -0.041855481707435 -0.0480766920965796 -0.014174375245469 0.0704571586716 -0.0362570070091401 -0.0646948954371919
AN04 -0.0362842106644355 0.0285268306892222 0.0658316780589033 -0.0342400474355767 0.0284886796245763 -0.0436194668238621 -0.0810456476373164
CS01 -0.0658061719264341 -0.00537214056035562 0.0584841765650294 0.115007290495188 0.0996501093016169 -0.0279229173869676 -0.108392374859303
CS02 -0.0865289720351386 0.0407823840900333 -0.0708394970331597 -0.091144657591147 -0.106108533857108 0.00592822247392865 0.0351942548239883
CS03 -0.0829484232380129 -0.00405826983926211 -0.037156529923236 -0.0609782970801863 -0.0275007178188764 -0.0538361736143272 -0.0459961385706252
CS04 -0.0217176713792587 -0.0226947285489547 -0.0351523555853828 0.0652688915271576 -0.0633646760390053 -0.0510812506611759 -0.0748510455712421
CS07 0.0645237668627534 -0.0268280789215851 -0.156725374068945 0.0805832003776172 0.0121464090750801 -0.115243199679766 0.0642860181606148
CS08 -0.239920463376505 -0.331342900611355 -0.0407236992738764 -0.0804054787057782 -0.0809338554687742 -0.00076731496528578 0.0505310670198932
CS09 -0.0529174909241993 -0.00122602879635397 0.0713127585439907 0.0345575600408395 0.107769739526498 0.0146049653657954 -0.0274623668659748
CS10 0.0187646401799461 0.0609243572881991 -0.0447301641241558 -0.0130025540251255 -0.0707380489795538 0.00176891529609292 0.083692906236337
CS11 -0.0602194363382555 0.0956404898907794 -0.0270703441230986 -0.0711463212666714 0.00619557980189242 -0.045640476663736 0.0237049205029403
CS12 0.043528220946489 -0.0561153646774825 -0.0166475662744406 -0.089298830137415 -0.00559533619400082 -0.0566044188951835 0.0175852839666088
CS13 0.0358006749890551 0.0889106761556094 -0.0110634604933795 -0.0510644688893251 -0.164910764677967 -0.0684250032510461 -0.00126463607607943
CS14 -0.00236242021675038 0.0391457283021811 -0.0146190770523352 0.0115019612528996 0.0905605292885195 0.00507659746828518 0.0405200038228855
CS15 -0.0520422076922805 -0.0136450268088638 -0.0477623965961999 -0.0572648204328473 -0.0104655939480711 -0.0678449101692739 -0.157750418304468
CS16 -0.00934300867590613 0.0384315652650244 -0.0892399242711176 -0.132428961715216 0.121089953760405 -0.0355284818755645 -0.0521817024791312
CS17 -0.149114721172125 -0.0120727309377499 -0.0138827413349628 0.0829807810774731 0.0572292397663767 0.0993793745904398 0.032600681096919
DK01 0.00978907132739016 0.0651223726695168 0.0219526373306812 -0.0117240205426464 0.0199898039715031 -0.0213277018561851 -0.0336925595898029
DK02 0.0532693268311421 0.00186626008759466 -0.0418106580534272 0.0814568789969066 0.0252338282618684 0.00587487624094803 0.020300799246276
DK04 -0.0636655883155102 -0.0870673234398615 -0.113507476648369 -0.0463422257884181 0.0265058545798106 0.112527926530849 -0.15422330236044
DK05 -0.253301410635836 -0.502636548863484 -0.0519144957660528 -0.143070389901398 -0.0419684611609702 0.0586447838705253 0.0884152140298693
DK06 -0.0343517961797921 -0.0534747985766395 0.0393693433834378 -0.0677124800687695 0.0581031483208357 0.13495233838324 0.00610438136968299
DK07 0.0781233034399902 0.0302413335368426 0.012393028895773 -0.113935966138965 -0.0227123791244708 0.0810120298763689 0.0574465954120841
DK08 0.0818551487147869 -0.0353841040741853 -0.0618295100697442 0.0421911862068095 -0.136251591555816 -0.000152714018060551 0.00940265466340284
DK09 -0.0122908741426784 0.0512962252358952 -0.0185767989586219 -0.0226687898285231 -0.0751660210415186 -0.0165348707346917 0.0478221402722231
DK10 0.211823795626794 -0.0583150273024669 0.0406072550979811 0.0167319684718646 -0.056088333626457 0.0672267170343502 -0.0108391606410872
DK11 -0.054925377364508 0.00137618705444408 -0.0468955706042387 -0.10316298096533 0.0887200012506088 -0.0463985634593256 -0.054654497526323
DK12 -0.0842558297806726 -0.0235424409594914 -0.0035428226747791 -0.0451700603889337 0.0568661725634412 -0.0615594708173764 -0.068625357475225
DK14 0.0987934667226763 -0.00527667026582476 0.0550416125172305 0.0132397807179522 0.165438172888071 -0.118333404466186 0.0603368956706709
DK15 -0.114236624408252 0.0166402838413656 -0.105682351735211 -0.0463890244930559 -0.0720486826835347 -0.0134853155963856 -0.0623044328936411
DK17 0.0914996411303065 0.0686715320688671 -0.0286412543092366 0.00824350635526658 -9.93553870714281e-05 -0.0608921208469101 -0.0233353080759498
DK19 -0.00543133369811354 0.0327870067504993 -0.07059284415016 0.0310984940090146 0.0961307101557528 -0.0503123988714321 -0.058053742617535
DK20 -0.0390268834306044 0.00608783320504959 0.0576972956062795 -0.0960282095151857 0.13692070590343 0.0144996089390884 0.0161288421747439
DK21 0.0530823948290476 0.0682087981874166 -0.118097410654521 -0.0355473153700981 -0.149127806058165 0.0827694237122141 0.00864548318010505
DK22 0.0764788006992429 0.0443663478936273 0.0477627890097184 -0.166734807003704 -0.0947620853935462 0.0227602146390145 0.0611185642508364
DK23 0.0896468320157072 0.0355720968533167 -0.105585950144283 -0.0691097016928902 -0.0218431592477548 -0.0460386910223448 -0.0253962304581946
DK24 0.0125218080951664 -0.137559778964562 -0.0263819006455131 0.105679595878122 0.0983987992371094 -0.142309164193354 -0.00342603561952425
DK25 -0.0502728575198297 -0.0377625536057471 0.00766087081527727 -0.055232014884482 -0.0369759220776836 0.0193177039381697 -0.0454597694684773
DK26 0.093196410517861 -0.0937319765832255 0.0138638150512067 0.00659839468232729 0.0312102783348923 -0.173253572243511 0.00200530716362139
DK27 0.0809569471662388 -0.0473132712828122 -0.142818245558753 0.0277825231842298 -0.0160228834772779 0.115251941423543 0.0336831569517477
DK28 0.157004537339509 -0.0456480829247919 0.0952842139288964 -0.0936298419863635 -0.0798993313995935 -0.0665565769223395 0.0125136055546708
DK29 -0.0654849934920145 0.0104948736252828 -0.0102177849860762 0.0818012366399703 0.107016833322683 -0.00480179139050576 -0.118853203159347
DK30 0.178285900149049 -0.0332162662462155 0.0460803463524573 -0.0227838468176272 0.127954098039802 0.169657498424069 0.0460953970959077
DK31 -0.0398990156857742 -0.00146396642181567 -0.136221338346517 -0.00845165493294788 0.0325686359075362 -0.0290715733263974 0.00498617340893518
DK32 0.0198950322837724 0.0561936829128499 0.00488835153715038 0.048613914147528 0.0785183136881987 -0.0228278981140649 -0.0783938071066041
DK33 0.0696606493979836 -0.0939788829838558 -0.0955043002830486 0.0605282121165666 0.15714989067237 -0.0109291166099354 -0.0852518043764302
DK34 0.0766197844058831 0.0409369360117104 -0.136261890476276 0.016098071308292 -0.0842371535464717 -0.0598751849204779 -0.00528460417663626
DK35 -0.0234383692554118 -0.0069468456344851 -0.170608671910857 -0.0370126961113743 0.0247867920453029 -0.0686328460069678 -0.0998142506813415
DK36 -0.0421814318940448 0.065138476950637 -0.0812669438498063 0.0658425692978734 0.087899729383833 -0.0536791831233457 -0.0303891365011175
DK37 0.0177125580527986 -0.00577899311705625 0.0812135545231987 -0.141668754013362 -0.0782946254485159 0.0483701346486015 -0.385604587652102
DK38 0.0427461190954878 -0.021885381305548 -0.0323714341691203 -0.175465043517476 0.10560470826972 0.00212316274398903 0.0134716115391144
DK39 0.0188455576240325 0.00631697834729962 -0.128689093834691 0.050679994604474 0.0758124516777803 -0.0153612494144394 0.0239503284312611
FR02 -0.0179379935738321 0.091739654322258 0.0709348735601241 -0.0442125934718179 0.0266799258029353 -0.0196549002476158 -0.0140844063674288
FR04 0.0595989405664468 -0.0830430063433354 0.0275047472432088 0.186165878943551 0.0302073272191309 -0.141573118477605 -0.0667765312198112
FR06 -0.0719975210977816 0.0187631671307396 -0.0421096899664654 0.118717759531143 -0.0965031446559452 -0.107041141653838 -0.0504851151170174
FR07 0.0531370401423668 -0.162654216797875 -0.0261714549502251 0.154997575393693 -0.108193360116976 -0.0561403767353834 0.083192769189185
FR10 0.0456536855338638 0.0361985351110069 0.0608649805816955 -0.0420070506406066 -0.0590600061465489 0.0923346275731779 0.104726672546954
FR12 -0.0409462270657721 -0.0219916909268571 0.0722448910813954 0.0442142276978499 0.0771502977539496 -0.0080584862138826 -0.0933389300299404
FR15 -0.0606468699504083 0.0629041822619527 -0.075594586414127 0.048321096171579 -0.0743186869833629 -0.00245624479854106 0.0284506889571092
FR16 0.137520001913626 -0.121703112456054 -0.0105891571856338 0.0171343497554492 0.0459220213278004 0.0341753885853873 0.0222437070242036
FR17 0.00584690159336712 0.0941707848618589 -0.0408040948792773 0.0671970174165896 -0.0652948753167196 -0.0552345549973276 0.0206135779600841
FR19 0.0693335450490271 0.00769903199459619 0.0236618481070839 -0.150334259633468 0.00900340683130638 0.0288416345833059 0.0351296447617411
FR20 -0.0794960663778065 0.104235172132319 0.0485905340314825 0.0221885446636081 0.0499241021146337 -0.0564504771199797 -0.026199669847497
FY01 -0.00125454332083261 0.0693578584818289 -0.0319004238078835 0.0728681232215194 -0.0122285527524667 -0.0282774144562891 -0.0300787891818883
FY03 0.0887176786897961 0.00122953982034061 0.0102065538353539 -0.0940959861142419 0.0287851564126655 -0.0601922311301359 -0.0786301527109009
FY04 -0.0443745834392905 -0.141504534298245 0.122390680787677 0.0713181710115688 0.0460504644116854 0.0562987920803827 -0.0330662329579915
FY05 0.00805406923731237 0.0043799554063791 0.111068813378526 -0.0640566237229311 -0.0922601599503437 0.0605933364411302 -0.0139449728372639
FY06 0.00366849952495805 -0.027343822697438 0.111155575895647 -0.0530194732048869 -0.0409346187197623 -0.0348265478379453 0.0551146636838575
FY07 9.43247742770443e-05 -0.127182685953804 0.0331329333394867 -0.0299400246458008 0.0505219664395387 -0.0831869763076775 0.0577435554312873
FY09 0.0077938463764355 0.0147680811726346 0.0567684229637241 -0.0262628554133242 0.106392631823844 0.0626049756704049 -0.0504373705488875
FY11 0.103731295573493 -0.0316387401336386 -0.0346974495624669 0.0369904863381473 0.0607159539698626 0.0698141436790397 0.00520707723336617
FY12 -0.0761304069164923 0.013686872157702 -0.0662289619061711 -0.0841347228443903 0.0538293148638334 0.0185757478239163 0.0775858007337371
FY13 0.0646984103060674 0.078898292625131 0.119697008894877 0.139355304264627 -0.158702848418511 0.0308862590660094 0.0030437162264818
FY14 -0.044258808873536 0.0530971080522075 0.0495061816182913 -0.0740100887205282 0.0750764970637512 -0.0396206812226811 0.0340030747335056
FY15 -0.0643671997702979 0.0794552090664888 -0.0792711954407222 0.0320319752939165 -0.0554521061829033 0.0534759142852032 -0.0904485205416807
FY16 0.0202371473677556 0.0806774820750052 0.0605611093299974 -0.0655421875339763 0.0396613019431309 -0.0186480301965537 0.00911837295013002
FY17 -0.0113268626491377 0.0344342200522798 0.01972665365744 0.0651363244348063 -0.0651672844250688 -0.00456397245529103 -0.08027689398432
FY18 0.0220383287508289 -0.0193830220013978 -0.0329175588058671 -0.0664585412787886 -0.115314449047292 0.00198703769074066 -0.115185769606262
HH01 -0.15366600303666 0.00946971458151403 0.0583702470137251 0.14783089913953 0.0518039225345593 0.066770605990636 0.0766879732896948
HH02 0.145511781375714 -0.0600558003838638 0.00291376674324646 0.0498284385964602 0.0402783329703803 0.105609020238495 0.0729818145081527
HH03 0.0102458136130664 0.0240095548210284 0.000811999235857182 0.0452716755934579 0.0394086741676785 0.101566674302485 -0.00592516332960446
HH04 0.061654982492784 0.0270432757018214 -0.0990976945721678 0.107734108034263 -0.0701106987230455 -0.0211229444060294 0.0501953054967155
HH05 -0.0352145582692212 -0.00081329329507108 -0.0129887807615976 0.0285655377177651 -0.0746525439210702 -0.0459780893816015 -0.0405611392630495
HH07 -0.0221660754935917 -0.0795429137243525 -0.00328863042937861 -0.0194822584038532 0.00933806627741546 -0.0815881495669237 0.0247225258223723
HH08 0.0402079759417979 -0.0573165974933845 0.0249411119369139 0.0136388853408838 0.004983762556864 -0.046854405883054 -0.0105656737120937
HH09 -0.0639603294847322 0.0252159190705625 -0.0182642478551958 -0.0435004810301808 -0.0150764769986305 0.0888826315981731 0.0605968232941292
HH10 0.10393542686522 -0.0231738184772006 -0.0370596752576109 -0.0329334549974665 0.0887453915378858 0.210304500821488 -0.0465696633914555
HH11 0.059165895827537 0.0102219693456182 0.0331033683092852 0.14083187604869 -0.00300849246286187 0.0185713337282407 0.000158991231101226
HH13 0.00788780351591096 -0.0156241520731121 0.0520549719486029 0.0143813513355299 -0.0173695192624232 -0.0540807649471015 0.0772742381271687
HH16 0.0518016177186446 0.0635098482138762 0.0497754586363976 -0.121434714705737 0.00743494367777922 0.0147321342135282 -0.00920628998537088
HH18 0.0632233051620281 -0.0210033092087745 -0.106146526560765 0.0849716637966986 0.0137962595042892 -0.0817656451565546 0.0171821244081634
JB02 0.0394730193758129 0.034379390473292 -0.0664930107950624 0.0513276195650196 0.0802689786048032 0.198161983591964 0.0104209159914825
JB03 0.00706278776246048 -0.0624615805363149 0.102313475052123 0.0680584910193543 -0.0208992936140913 -0.104718320055179 -0.00659482822666675
JB04 0.0768153645152851 0.0250560888594283 0.0991570789543394 -0.0910331988230537 -0.00390475840539657 -0.0451652100407383 0.00525748944331707
JB05 0.02202138704454 -0.01501116177171 0.0963110678989009 0.010335560425889 0.000374952239191617 0.161567976626683 -0.103515091891025
JB13 -0.0201247879070364 0.00566051134548615 -0.0609276817157677 -0.113203149907894 -0.0830623433748576 -0.0230056337894184 -0.011615086960919
JB15 -0.0892629096461053 0.0155874597928635 0.145273654696284 0.096516298493481 -0.094724258964666 -0.0301155119952354 -0.00965859574433752
JB16 -0.0856528107186049 0.0189164304444438 -0.00284449220032899 -0.0195899540875523 0.00888300199266665 -0.00220378881506689 0.011778703271814
NB02 -0.0125048740136466 0.0491273509834164 -0.0195988674253936 -0.0544194869282889 -0.133990708634937 -0.0432246231426788 -0.123110281253142
NB03 0.0361252540327269 0.0201360253518182 -0.0528902674417204 -0.0382060352938607 0.024158291596525 -0.177223032709713 -0.0424763917249763
NB04 -0.00254018716218997 -0.0226100791932992 0.00595575760078974 0.0425171809231262 0.026342655056542 -0.00831571488066802 0.0621918298793988
NB05 -0.0337763691913001 0.0814650187339121 -0.0664668936376166 -0.140726835823591 -0.0399438736914648 -0.0500747975108738 0.033982265414739
NB06 0.0179014893895375 0.0784590304819145 -0.0691410223045751 0.053747201324846 -0.0841137230210981 -0.094784127554216 -0.00427789328553246
NB07 0.110925682926159 -0.0447555895873489 -0.048483167603291 0.0439269062619545 -0.0695111626122808 -0.00519420290997928 0.0536130551546709
NB10 0.187170398668524 -0.0423897368232825 0.039864997357238 -0.00219933868774366 0.066959328348875 -0.0293992621815213 0.14189834972129
NB11 -0.0205046987188172 -0.016325381458773 -0.025997722780467 -0.143130753489505 -0.0829980055242025 -0.0507321429275101 0.0303686368570801
NB12 0.0427738382017517 0.0239973201884692 -0.078156762944803 0.0989394066558141 0.0858285404663661 0.0373054962357367 -0.0483222261213146
NB13 0.0362285922848132 -0.0249565063256663 -0.0653798241057436 0.100360015668414 0.0247681173522016 -0.128701301320878 -0.0487209673970591
NB14 0.0431367173531252 0.0571546946217417 -0.133680129485091 -0.0532689231868909 0.029000237123213 0.0758142889950585 -0.0800527827427815
NB15 -0.0174263712200892 0.0604892499991 -0.00661095175816978 -0.0342172299883174 0.036310889603814 -0.076371271849577 -0.00811354396392963
NB17 0.0101714423602489 0.0143837775292083 0.0467539747379702 -0.0505178554522178 -0.0493854634837251 -0.00893615522795895 0.0137734668014652
PA01 -0.0823120613072938 -0.0951189344569871 0.0814430757489932 0.054850129908302 -0.0508590488567966 -0.0377321529001033 -0.0186078228749104
PA03 -0.0395807170470431 -0.0178170151119318 -0.0162610887381985 0.0764397686430249 0.0688142586612909 0.0977927055604908 -0.0941119002218732
PA04 -0.0567524972203791 0.0665661995394503 -0.0224772020577522 0.033861303516354 -0.143066561767146 -0.0219650469001419 0.0500819118645894
PA05 -0.0634063285977471 0.0767378205104092 -0.0265662650724311 0.0829124361845428 0.0630921655199141 0.108597007156066 -0.00697913748261387
PA07 0.165217301967243 0.0948987255955794 -0.0400803263200553 -0.0467865752385559 -0.00425705709237586 -0.0364753587956679 0.0253515741617188
PA08 -0.0901637137471199 0.0621036852522506 -0.0172924632446244 -0.0291514184213354 -0.0570060599835247 0.118360635737173 0.00227154160970799
PA09 0.0126270242193541 -0.122162641462894 0.0438419723684285 -0.0330398807521624 0.12618604907321 -0.107646062150093 0.150646808086363
PA10 -0.0627861383702167 -0.0492094670610077 -0.00903704475341663 0.0934228979012674 -0.0305129351795558 -0.0374081582824922 -0.116340808031991
PA11 0.150431025526679 -0.0852899700778785 -0.00297942189641635 0.11920349137642 -0.0766450105967334 0.00425769562556123 0.00415086392063529
PA12 0.00986896444884194 -0.0180045614974493 -0.067007573684427 0.0328339676944659 -0.120646480252966 -0.0328448293629993 -0.0196839768696608
PA13 -0.0334021790540013 0.0177288930472744 0.00660484116266092 0.0068018853122396 -0.112666784805126 0.0625838589870921 0.118603694085242
PA14 -0.0874319047216522 0.0425934341938827 -0.0315733615774932 -0.0148425999466892 -0.0198453789152317 0.00938199155976816 0.157958908847398
PA15 0.0309699099019705 0.0156988612454052 -0.0259462533640957 0.0133032946263268 0.106171928530423 0.207508396104628 0.00316590374562144
PA17 -0.00693817274881968 0.0596006681768468 -0.0702214395493427 0.0450207252979115 0.0313295276253238 -0.00879502966325688 0.0205275692235944
PA18 0.0393947952614752 -0.0360776105724696 0.0694349118300442 -0.0499092123432914 0.122415678529592 0.0458669145336914 0.0292251423873207
PA19 0.0925696033209157 -0.12981681485636 -0.150151017777363 -0.0552206353694276 -0.0945984902107539 0.100623498108519 -0.0357872914255338
PA20 -0.0743588370915159 -0.0135236801912592 -0.0973160209254968 -0.0138180537208659 -0.0742190986311754 -0.090968354893628 -0.025126998111107
PA21 0.00698106283566179 0.0690775345129298 -0.115850872436962 -0.0435548759103727 0.032390694823111 0.0148642628700351 0.0320763421706631
PA22 -0.0601242591259243 -0.0518135358867156 -0.0945146168469316 0.0219741536602506 0.0583329398228206 -0.0227589202558196 0.0992331080227453
PA23 0.0334443428856857 0.0493451221622746 -0.0224527025849567 -0.00568004970591824 0.0900755748596047 0.0292244623199824 -0.0852050843717063
PA24 0.0151733352998915 -0.0527291046755578 -0.109430307480743 -0.0748490366706122 -0.0798617232247914 0.216007414340248 -0.132828394157772
PA25 0.00414393733467996 0.0220842525980765 -0.0117408805570015 0.0729681054930301 -0.076814454751404 0.0305330076464015 0.0641780291256033
PA26 -0.0273675385860487 -0.00722947240165022 -0.0123194709012222 -0.0100543970452268 -0.00637057039629449 -0.0330795961194978 0.10156895960933
RB01 -0.0544235319311232 0.0910647753094394 0.0718819221799796 0.0273793494623986 -0.103929078777186 0.0451793546042622 -0.00533902984936294
RB03 -0.0837211684749447 0.012498570080981 0.0159027879589924 0.0858263797337402 -0.039980709681568 0.18858675410532 0.0829318939184658
RB04 -0.0690709418964627 0.0276643553523903 0.0729347294533463 0.0550020396365189 -0.0590238620629275 0.0865374023159136 0.0124248828853235
RB05 -0.0551641375761802 -0.00101364060949413 0.0480174161084971 0.0488189091852201 0.0276793497779981 0.0175750133260486 0.11701560590376
RB06 -0.0247423185078483 -0.000990368390165114 0.140429113801265 -0.0943712940254204 -0.00488634429744985 -0.0637280198070137 0.0611270729398279
RB08 -0.0777877089305767 -0.00877902703321889 0.0557561455828872 0.0678390776379516 0.153937534178148 0.00867711776332949 -0.00792384430900404
RB09 -0.10782521269638 -0.041050952441822 -0.02009265856051 -0.0295803362700494 0.0704660919152809 -0.0271300948411851 0.103500759618468
RB10 0.00229654734742627 0.0447224998304351 0.0715506192082426 -0.151404273454014 -0.00955439729114313 -0.0158937548644939 0.203294645022395
RB12 0.0305329259595898 0.132544430872974 0.104202073795389 -0.080307266922968 0.0911587828319259 0.0993241535422928 -0.0148689593087736
RB13 -0.0531442113614483 0.0546741645245465 0.0873389318383186 -0.00654265091327559 0.121732258423007 -0.0648409393632343 -0.00711598938016031
RB14 0.00191385317355833 0.0334078050198189 -0.00896879702677457 -0.030400443897629 -0.0111531145354212 -0.0059904318574687 -0.0543051968441415
RB15 0.0472919998651179 -0.0331913340906725 0.0105905017991806 -0.0314608317003949 0.121341776031366 -0.0827841480024069 0.0650092795588194
RB16 -0.0610338173616628 0.0724195658473134 0.0970624088949642 -0.0766078741884985 -0.0492102017242246 -0.052898174094882 0.0169668736431157
RB17 0.0142639850218342 -0.145215395699904 -0.0433674389029135 0.00819546622598614 0.0689400395508433 -0.0507765142487971 0.0394277233111669
RB19 -0.00371900017623199 0.0780415128537527 0.195475308608106 0.0325585297420384 0.0318067579577053 -0.137981717612589 -0.108537457827813
RB20 0.0305735898394673 -0.0173909174805664 0.0543209965349304 0.0160217447194764 -0.0407965217664054 -0.017485559883496 -0.114838576492651
RL01 0.168616388777381 -0.0465405957746876 0.0629584190841609 -0.0895923086917579 0.0692063883499709 -0.000758594746016162 0.00237259268138765
RL02 -0.00028689743950886 0.0127591410183051 0.0858225356180381 -0.0240381264497071 0.0371476200730216 0.0797579598001679 0.0200382950677237
RL03 -0.0772116170376825 0.0230753589988468 0.0803162650213667 -0.0257078980157282 0.018027903460343 -0.0442813725385637 -0.0410855931033896
RL04 -0.104887960671596 0.0347493852720943 0.0560736159875474 0.0753246389880311 -0.069667013623356 0.0206626984857147 0.00489360512942742
RL06 -0.0673364882278936 0.0883119519180319 0.0506222293294802 0.0484889528896775 -0.0763591718514368 0.0746833997131795 0.00543245697904662
RL07 -0.0554321561795728 -0.0454881555373828 0.0344581413058591 0.0203177589852878 -0.0169476845663749 -0.00869675672163935 -0.00205426029621685
RL09 -0.0639240689521489 0.0456871691235153 -0.042737234728741 0.056317997530389 0.0247572568614884 0.0968854414907928 0.0526198482356979
RL10 -0.0414964734916427 0.0554686960352026 0.121228694476688 0.100911192352539 -0.141377178799049 -0.0668576841371954 0.0267760689945131
RL11 -0.129805036555504 0.00881759906079367 0.130643510482069 0.0457334497294283 0.082111630341936 0.146227011252458 0.0245739260770945
RL12 -0.0469164361133481 -0.0887295952200527 0.0573632572239941 -0.0108080510249911 -0.0394302114012868 0.0445187975794007 0.083039464267932
RL13 -0.0286532854781197 -0.120101873662709 0.131715919086183 0.11232172028377 -0.14403721311128 0.00982537437743707 0.0457730555538689
RL17 0.000285597271202053 0.0393065859338006 0.00966241506755577 0.0340927924100324 -0.0472819659047603 0.138498623926466 0.0982912863087206
RL18 0.197040805044134 -0.12177356161146 0.0120083818299305 0.0213672944010429 -0.0871224327062602 0.0427549174800236 0.0339344365685211
RL20 -0.0306758995747888 0.0270377065012487 0.105368412588522 -0.0797215025323759 0.0219387872902858 -0.0211583819548159 0.0634301794258807
RL21 -0.0536413360660034 0.0561074355719194 -0.0393458599506028 0.0851078313467403 -0.00199206176125143 -0.000277181998857868 0.0162061318764605
RL22 0.0333657266615967 -0.138800170909011 0.181812190767819 -0.158323567889164 -0.0923931797064852 0.0430011983817707 -0.343035571991194
RL23 -0.0442350165562689 0.0278580394770996 0.14802704110143 0.134889674195254 -0.0321119695830943 0.0529012825467768 -0.0289274077193725
TR01 -0.0129679056262635 0.0868975773458153 0.0226174704043447 -0.0899930879257117 0.0519693566207574 -0.0901745460817107 0.0600900817630778
TR02 -0.0365201758005321 0.0570605503882899 -0.0207657175485854 0.00111600462390098 -0.00922982564848375 -0.0834981990108764 0.040731311008598
TR04 -0.0585309447655942 0.0697434383798857 0.0129046129988742 0.0775820433166892 0.166455954422299 -0.00871666476544288 -0.0227599692793435
TR05 -0.00946800811341739 -0.0132000831804055 -0.100326047510639 -0.0382197366282632 0.0905825852436719 -0.0353977024735105 0.0999870035055423
TR06 -0.0558686784178626 0.0784925292737635 -0.214793120646504 -0.0286489869031325 0.019267864093278 0.0470290922392119 -0.0247245505997006
TR07 -0.0156230651472607 0.0120316345419196 0.00683103692033867 -0.0793406787128559 -0.0522581326010198 -0.0270379805802752 0.0926365854726345
TR08 0.033164338618584 0.0795078798169846 0.0191965900270306 0.064249335115047 -0.0146222465139083 -0.0277450893823429 0.113561117954885
TR10 -0.0611143221967256 0.0966225712047203 -0.0718449277845739 -0.0269938533182455 -0.0426588511535214 0.00816702249610127 0.0861235689362197
TR11 -0.042358834622819 0.0458972360593165 -0.018008805190992 -0.0364025664898667 -0.00290059734541444 -0.0324183265488414 -0.0293699862336932
TR12 -0.024388217532662 0.0335830892952251 0.00669172746439689 0.125175158395041 -0.0170364203035097 0.0617762244102207 0.00229900805168092
TR13 0.0449394549656229 -0.00499349609470701 -0.105982746248727 0.13456176930429 0.0462207479076783 0.0562223637029849 -0.118979030893904
TR14 0.216521319190482 -0.134011477595541 0.0779403354352949 0.127278208916961 -0.107523898553256 0.0366354625665728 -0.0371579274194442
TR15 0.0607166290350109 0.0490308877384609 0.0399187941088521 -0.0735237875071726 -0.0608467895965121 0.0731516894584815 0.125220712120573
TR16 0.0579506720395759 0.0496672494269001 0.161639739119335 0.0157662899589945 0.0677987756733881 0.0143871009406449 0.0236408586277841
TR17 0.0236804754637835 -0.0161017535794505 0.106291618534019 -0.00991915706527838 -0.0113798561765976 -0.182402622583788 -0.0270360492382883
