sample MDS1 MDS2 MDS3 MDS4 MDS5 MDS6 MDS7
AN03 -0.0202225142180057 -0.0361069221540295 0.0584426296328423 -0.0179846998661183 -0.0220976909429851 0.00187619369251658 -0.056553533349302
AN04 -0.0328489579344725 0.0103272926524177 -0.0471680191087649 0.013128689791827 0.0124738027600809 -0.0206335194667725 -0.065379036673783
CS01 -0.0552420661011914 -0.0156438523556564 -0.06344284359969 -0.0429587350218268 -0.0751250164639976 0.177680580800303 -0.0509134724108458
CS02 -0.0778513539237359 0.0104915539291175 0.036205314747425 0.0149280074518382 -0.0506948430006902 -0.159317965103624 0.0723356102741741
CS03 -0.0625117582827896 -0.0380018693994892 0.0131416473173603 0.0431522770911923 0.0139686801262699 -0.0582984467298552 0.0546255197685808
CS04 -0.0458408893822645 -0.0364821368277344 -0.00702683940532958 0.0315627369003559 -0.12719065493113 0.00832280112516348 -0.0628126058840083
CS05 0.0045030045709718 -0.104321059849334 0.0780658944085484 -0.00811136306514706 -0.0592434132186749 0.136459173316036 -0.0621597338013986
CS07 0.0327278390085106 -0.0278289949143077 0.146482277598649 0.0974207715759509 0.104572288472645 0.0235557007001714 -0.111698813261657
CS08 -0.120971342286201 -0.367997494574043 0.0259942066292798 -0.039949320055768 -0.0695408974701629 -0.0849104138805308 0.0956645635072938
CS09 -0.0579197575184082 0.00477075747838814 -0.0857564785102714 -0.0682550044015994 -0.0151608968590081 0.105792573158869 -0.0311445461523997
CS10 0.00393406601006429 0.0659118432614219 0.0375407245550468 0.0541978710699389 0.0241617882802707 -0.0641126150572234 0.0554247591457922
CS11 -0.0981222799135928 0.0650977186925939 -0.0110530011579744 -0.00434660777652074 0.0937865409914774 -0.0572753799953657 -0.0255457211500874
CS12 0.0413775935331162 -0.0389549782116041 0.0217047688108028 -0.0446425906286485 0.065311940084128 -0.0571851407368011 -0.060273266017694
CS13 0.0227138264325035 0.0913163081535695 -0.0222479744373458 0.0872379390373864 -0.0218149936006428 -0.177871155997588 -0.0155299906606764
CS14 -0.023707866403642 0.0383079724182714 0.0274315914256943 -0.0584779034208414 0.0426407208566947 0.0645078778337835 0.00131193634214152
CS15 -0.0670498675807517 -0.0145594098267 0.0550688870849823 0.00633404857910402 -0.0411990825996311 -0.0629220164209556 -0.109195856744086
CS16 -0.0714677694143649 0.0382570600780581 0.0903314103849599 -0.105935666142442 0.066222446287164 -0.0282801134221082 -0.0344689495510551
CS17 -0.115701547599087 -0.0433240341191313 -0.00392488436786931 -0.024532714119911 -0.0688319455992297 0.0749117513758095 0.07409114269752
CS18 -0.0443465356886521 0.0149321592388325 0.087855554878012 -0.127524665820721 -0.0350903979822789 0.0377780994009099 -0.0071340332533161
DK01 -0.0369441001003404 0.0713250101674822 -0.0271683097520093 -0.0589157648285287 -0.016657852084597 0.0121476262370649 -0.0631063536789433
DK02 0.0506082820837234 0.0188374442468657 0.0537016011887233 -0.0134916102998426 -0.0788782923515099 0.113461400446126 0.00793990816010243
DK03 0.0599852801851958 -0.0143550427778703 0.141687300419457 0.0498750468315118 -0.00580542244283812 -0.00179246414698962 -0.0390399584735852
DK04 -0.0949993679482496 -0.0501986941647849 0.0928286052794837 -0.122237209227954 -0.163697395586861 -0.014987214550379 -0.00327149881576938
DK05 -0.0966858884610171 -0.516119439235512 0.0887239116344304 -0.130024395801296 -0.0477346382658043 -0.109909883994929 0.10750135554688
DK06 -0.00238571196868402 -0.0427604458523589 -0.0383768750935497 -0.120704745258367 0.00379727719492884 0.0598999931763533 0.0867594890663738
DK07 0.0652911656826437 0.0645460614701983 0.0123217972174273 -0.0848844667742452 -0.00221909599402609 -0.0848871481934407 0.0800804479470866
DK08 0.0870650477243896 -0.00929062793279096 0.0174444118756393 0.0732669953074037 -0.0895920949623795 -0.0834878552341559 0.000570695983523935
DK09 -0.0227832185300337 0.0217696112764108 0.00302205389118571 0.0196085970407957 -0.00802986129583566 -0.0881639133267115 0.0137502545798203
DK10 0.229638070431159 0.0157174958217051 0.034615937430401 0.0291906262373177 -0.0699149236475241 -0.0355587623556153 -0.0206391727374562
DK11 -0.0998715470847057 0.00960752007781614 0.0102575091318987 -0.130232231431046 -0.00197489618240809 -0.0312805549458246 -0.0516453424224225
DK12 -0.0798769294731369 -0.0199173201896763 -0.0257247653367302 -0.0342327095376386 0.00424981962236895 0.0191413046487281 -0.0326455818832775
DK13 -0.0173511208356062 0.0439139511063965 0.0188973861126747 -0.0238081456256988 0.0688424849734384 0.0588504480102641 0.00669458032740193
DK14 0.0961150022741481 0.0168634364176269 0.00341559233270552 -0.0673722140283901 0.117255407214587 0.0775582825383792 -0.0750924951127825
DK15 -0.130412910234608 -0.0213114755336748 0.0404476602227482 0.0164791410686595 -0.0469460146192199 -0.0786646139825148 -0.0233314972787237
DK16 -0.000603054402969774 0.0150444272807326 0.0663062084930455 -0.038179375097295 0.0150761183453592 0.057586051331758 -0.000468522825969912
DK17 0.0335822955864133 0.113236264764 0.0336995962790764 0.014402269376219 -0.000565112127493149 -0.00602610911106449 -0.095717159288854
DK19 -0.0634046087711513 0.0293652585848114 0.0627843532316082 -0.00750857034170248 0.0247337397334393 0.103436133567979 -0.0724620726127263
DK20 -0.0614502411770552 0.0113507684062054 -0.0475917490536467 -0.140796626269736 0.0359898061449351 0.0280836913630431 -0.0163910828422926
DK21 0.0177931457499888 0.0855776368147767 0.111426761210475 0.0648430786321727 -0.0715033990026419 -0.0924542722640769 0.0636409755324502
DK22 0.0549333873137065 0.0640811973225596 -0.0543509177854877 -0.070749143758799 0.00793209093050716 -0.180719630515643 0.0513816881303125
DK24 0.0194662309525033 -0.11012490591763 0.0363949083983436 -0.0414877191392937 0.0260984480835374 0.12107136424873 -0.154043997245243
DK25 -0.045028970363913 -0.0410578035663538 -0.0167107154462765 -0.0597346559587975 -0.0777877640710582 -0.0710696646314288 -0.0132596337247447
DK26 0.103587268198278 -0.0553513320605182 0.022205754942121 0.0346117685297591 0.0887542397280687 -0.00138029216186081 -0.158768477755494
DK27 0.0552395620390814 0.00186557328463051 0.17598980369805 -0.0176395662989558 -0.0364236724339575 -0.0105122264145649 0.030784255940099
DK28 0.171140099660047 -0.014207833970728 -0.0510222405510587 -0.0275905387113009 -0.0296760919076702 -0.142344802188645 -0.0569206236770139
DK29 -0.0912674602373439 0.010714630009952 -0.0165274096028359 -0.0419345971183762 -0.0740523507224519 0.0834365510520627 -0.0873885060721935
DK30 0.168215046981995 0.0600231749660298 0.014877733487321 -0.180225765981835 0.0103952906539149 0.0677400836742053 0.0793745274026878
DK31 -0.0690953129854208 -0.0249532239335533 0.135721790440232 0.0251825760086053 0.0569364119533221 0.0139244246844828 0.00941908075538438
DK32 -0.0132700344206876 0.0799820463362925 0.0100949818973274 -0.042759441646012 -0.043726693882149 0.0710446587599356 -0.13214484109766
DK34 0.0178457461545689 0.0540101412026403 0.102729704949803 0.0764451612650683 -0.0087425564674134 -0.105022703565927 -0.107509750107652
DK35 -0.0882875708757143 0.000734795539521376 0.105119021615152 -0.010965143447943 -0.0334719573635553 0.0108281428410412 -0.0936745383313249
DK36 -0.0835037763952674 0.049001416689865 0.0351544510152546 0.0475553404867583 0.0316765589792003 0.0993303698831702 -0.0397524441878
DK37 -0.010983534911822 0.00410103663285871 -0.101122928726353 -0.105877917617575 -0.128862214435669 -0.108336123444038 -0.102287480806869
DK38 -0.01184937812916 0.0129253803562808 0.022148684061755 -0.227931067678874 0.0662641551973286 -0.0563639670526743 -0.0133731566241139
DK39 -0.00505509869341022 0.0104425982528293 0.146082485186998 0.0328543305612671 -0.00454016801885894 0.0582182563664399 0.000784989731418814
FR01 0.12117845462452 0.128118827732296 -0.0790768773240209 -0.0571567186529088 -0.104513656923606 0.082854057313269 0.125636769973988
FR02 -0.017456248391464 0.0493746421014914 -0.0615426527721024 -0.0118900874130311 0.0637213667765129 -0.0296956882473405 -0.018127847249908
FR03 0.0221169164413201 0.0949584784713843 0.109238636913087 0.0550017597013062 -0.0684322709950393 -0.0101771592665625 -0.00250736006720099
FR04 0.0688825141005051 -0.0861672404150997 -0.0200377254747324 0.0651073356843837 -0.0316886989897517 0.142782968314488 -0.163810043101448
FR05 0.103168622677804 -0.111337145688556 -0.0133423453803046 0.168963782894718 0.117631801969197 -0.0498478063737867 0.0502505758853
FR06 -0.0485403523536842 -0.0312493255910811 -0.0177326660949656 0.192857403564896 -0.0562140024981392 0.00706154779825194 -0.05007837258338
FR07 0.125904252277786 -0.164969245198126 0.0508200942435677 0.143423360620129 -0.014690469381972 0.00598993946828963 -0.0439185996222685
FR08 -0.0571158914714638 0.0395821203511814 0.00785420740617554 -0.0941846022981027 0.117577360869336 0.0509635259647356 -0.0859074906196405
FR10 0.0703489285737145 0.0231428868907377 -0.00644242566856412 -0.0108191768613232 0.0250700853476407 -0.0842078969780379 0.10729199094367
FR12 -0.0157745406006664 -0.0378966771532888 -0.0712641583354304 -0.00092128485077795 -0.011637367880075 0.0937263802889018 0.00669971514366599
FR13 0.0192319624654393 -0.0837339356893915 0.152704536591742 0.0772555036884742 0.142914344764439 0.0234382795053652 0.005589541928943
FR15 -0.0694407014433402 0.0256066212809048 0.0605940935225416 0.114192788967844 -0.0275929198062546 -0.0181458181023245 0.0152159368524793
FR16 0.144235583240918 -0.0643600012583964 0.0766455207126769 -0.0334383267956606 0.0115634505113451 0.0280082465206331 -0.0153529968079859
FR17 -0.0315297392413743 0.0601598723064064 0.0383381871471788 0.11487886654808 0.0375644100312893 0.026300154184493 -0.0683662293438754
FR19 0.0525022874326696 0.046169728397558 -0.0243996714661857 -0.117325903642817 0.00819912200556805 -0.10953460701815 0.0472244722481576
FR20 -0.103494197867547 0.0667819774759223 -0.0761963062805581 0.0219387611481358 0.0154798226612734 0.0236801057566263 -0.0865192866582724
FY01 -0.0152611338274192 0.0530042689751075 0.0166917289146106 0.100662785341433 -0.00818802982632537 0.0518083443600792 -0.00885569090142757
FY02 -0.069832488724041 0.080991977253981 0.042226984198582 -0.0149274567651171 0.0291479324196926 0.0692908616394795 -0.00657978354488307
FY03 0.0587278066750879 0.0325914463899523 0.00282676174222825 -0.0973249932185722 0.0466677095275448 -0.0328963041647201 -0.102240389162602
FY04 0.042062004531803 -0.134111499167328 -0.0857807220850243 -0.0437951342284893 -0.0968820317290574 0.0822200618762566 0.0898339476063167
FY05 0.039403191758673 -0.00390993307144755 -0.0772345620790077 -0.0273256005021338 -0.0559626397909121 -0.133099434451695 -0.00465231594064804
FY06 0.0281265350430446 -0.0294448718254585 -0.0968446722798557 -0.000784777099282389 0.0694330443584717 -0.044831856361001 0.0180281319986737
FY07 0.0145544914187273 -0.12037835816916 -0.0346940069124098 -0.0662130235338955 0.0803569584679655 -0.00313428620273703 -0.0254489775335488
FY09 0.0127649722634249 0.0535765839731502 -0.0318990844747939 -0.107198566006644 -0.0143744433485407 0.0177114993483057 0.0192845663977241
FY10 -0.0189335296297847 0.0352974078680097 -0.10217490717582 0.0500893131689731 0.120572604734156 -0.0534973497532825 -0.0636871602806036
FY11 0.101539702701149 0.00444382487032579 0.0794058199287761 -0.0417565476045548 -0.00829887446147294 0.0893814716813123 0.0206576417675362
FY12 -0.0842785712824789 -0.0224296228377274 0.0559611013183914 -0.071238624338331 0.0881300800949511 -0.0253024978291504 0.0781835292371472
FY13 0.109137950614274 0.0676472162807895 -0.11132509007203 0.193504243136665 -0.072083848815206 0.00637033819461629 0.107239042152408
FY14 -0.0436009062059171 0.0367978662705889 -0.0307341133025651 -0.0456130693152785 0.0847197986220246 -0.0393653788675094 0.0115096977063755
FY15 -0.0895719876922071 0.0628377289457037 0.0282753291715202 0.0487970631459031 -0.103700377116466 -0.0360625644435396 0.0208905244551583
FY16 0.00967689460311238 0.0670328826357101 -0.0482613999641846 -0.0160075191993414 0.0976846100251331 0.00567769517559047 -0.0095211743502751
FY17 -0.0309341433452721 0.0204790225506904 -0.0493783753167181 0.0196039961638749 -0.115981581304246 0.0382463826070992 -0.0491688198671126
FY18 0.0169602894567996 -0.0097300677339614 0.0283548778651857 0.0507124575168725 -0.0745658796072863 -0.112352514006244 -0.0411215072682209
HH01 -0.0771586333411436 -0.049342467798548 -0.047412739101886 0.0876061693631398 0.0226639879433056 0.148390103557686 0.137389156044231
HH02 0.180262108989171 -0.00808164676831119 0.0633741658382187 -0.0100912950911073 -0.00567230329628267 0.0789777600178185 0.0918403516662718
HH03 0.0154754870013888 0.0190374262360424 0.0103171607696989 0.0150762233704211 -0.013458339875637 0.0487129091196541 0.0702522451544341
HH04 0.0490201379307173 0.0181652606578006 0.0865703095362896 0.129235870004317 -0.0133952601025559 0.00539794667343398 -0.0237509346408944
HH05 -0.0399696548034057 -0.0020896709027178 -0.0153221768668999 0.0623897949445724 -0.0510530538842145 -0.0436079910905157 -0.0405587266824208
HH07 0.00505445673911556 -0.103440261247717 0.0114854947670992 0.0431491900249361 0.0610732702858428 0.00509433675962962 -0.0249274674480517
HH08 0.0672203258974771 -0.0542691552242517 -0.00253838075929087 -0.00444523521896966 0.00458038283249287 -0.0229886496954593 -0.0463010559300941
HH09 -0.0517600683657279 0.0024413472318163 0.0261226628889157 -0.0151967587283376 0.00215421603163845 -0.0509041311255505 0.0580864610857143
HH10 0.060149017726791 0.0570083173574002 0.0622067759060798 -0.176146209340007 -0.106472254353778 0.05701914703495 0.0732341564333815
HH11 0.0548851381272078 0.0207371598135768 -0.027768852622555 0.0727159512475244 -0.0178727999009249 0.107554587194394 -0.0215522638126698
HH12 0.00537975441747849 0.0156262375030628 0.0142052871946072 -0.000867044814852039 -0.114226686100596 -0.049855161123759 -0.00460011607971243
HH13 0.0221642929882762 0.00135268988028634 -0.0746506658934251 0.0129025067007856 0.0348029792621566 0.0137805171464651 0.0419288030955675
HH16 0.0203543869076618 0.077393967695965 -0.0433372974539521 -0.0777601152821882 0.0417681643757994 -0.034502320545755 0.00466980526392724
HH18 0.0349321212883172 -0.00962510421980964 0.107794695752143 0.0406363234364668 0.0284170271550848 0.0694141645399295 -0.0952330830115315
JB02 0.0424649342892676 0.0597064180576112 0.102317461861576 -0.00405748864675549 -0.0382725066489345 0.0938370053347152 0.173068172301884
JB03 0.0303479762674789 -0.0758527887777985 -0.0944817927460005 0.0462853158054906 0.0557271658065956 0.00314532501065863 -0.120501550722617
JB04 0.0692252992009925 0.0374979476277529 -0.0680321039101962 -0.0266230895482069 0.0694491966002429 -0.0551144841517369 -0.0429042124956757
JB05 0.0766633454536705 0.0195031154015639 -0.0548479759577499 -0.0880580692314357 -0.175642361468809 0.0311659660372796 0.101263863824887
JB07 -0.0313403215090694 -0.00044503629709221 0.025502419548191 0.0151357701336513 -0.000270395472911849 -0.0297819487224686 -0.0457567439638802
JB10 0.106644449371721 -0.0482963362565533 -0.0213086102740272 -0.004990467629228 0.0537153817006392 -0.0306717240900143 -0.014265082570402
JB13 -0.0585931558439115 -0.00088828299291328 0.0453390368933045 -0.0455735222097834 -0.0143067362046429 -0.114238210239938 -0.052655495518414
JB15 -0.0353414539621498 -0.0299493747623461 -0.176486642792257 0.0999554395998665 -0.059850747923458 0.0115976041134532 0.012390459848866
JB16 -0.0789856669979215 -0.0294301561882805 0.0115064144444072 0.00259188585444971 0.032063379172128 0.00439410235835932 0.0446971394537968
JB17 0.101976576917868 -0.0529064165607259 -0.115752309336458 0.0728520356279743 0.109232620472441 0.0841007747640085 0.0351883503782256
NB01 -0.012991565096891 0.0322624546503801 -0.0483087180970505 0.0280562257240184 -0.086938291032857 0.0530773331752151 -0.0205216689874695
NB02 -0.0598672865586344 0.0367673630537721 -0.0291815171223623 0.0116535380083244 -0.0885172264130462 -0.133075828384912 -0.138793720610495
NB03 0.0102368656017639 0.00967757449266936 0.0438385994071981 0.0847662156786889 0.104074032776148 -0.0171509735368286 -0.0510645399883387
NB04 0.0022334273761458 -0.0219957224093991 -0.0105502635577409 0.0319195534146027 0.0353975483559524 0.0557766481039833 0.0310406719371094
NB05 -0.0830211189896272 0.0750910230688056 0.0493234452138051 -0.0073606699216837 0.0580711275365391 -0.154900369104213 -0.0365359196852963
NB06 -0.00490218700906402 0.0641900080726284 0.0540900629965085 0.114347537922144 -0.0204574855200294 -0.0454607189947172 -0.0755770017515691
NB07 0.110072227791287 -0.023466288219397 0.0725355779628548 0.0517647301627749 -0.0201630419732825 -0.0475721676652006 -0.059818568982707
NB10 0.199953564895788 -0.00600670716423417 0.0412324219093724 -0.0257427476708914 0.142846737280838 0.036360081123193 0.0206440218102548
NB11 -0.0286880363950698 -0.0258994721135104 0.014501329607482 -0.0176570785844239 0.0383709937656949 -0.193708965082411 -0.00753439855569945
NB12 0.0110589678597889 0.0521135595047198 0.0909494367071265 0.0160979833028397 -0.0794902038230784 0.075052704623448 0.00557866269375642
NB14 -0.0369266683770061 0.0926967569017112 0.127702874129584 -0.099392450540926 -0.0996782621026399 -0.0169254978536299 -0.030995742736407
NB15 -0.0501661258851692 0.0481127901007309 0.00342206163788585 -0.00800242624973934 0.0305444618918897 -0.0279362701591662 -0.0873264914982688
NB16 -0.118216441260857 0.0152067693920192 -0.0271218272560635 -0.087332841749444 0.0336269444017796 0.0904984950717936 -0.0512201294948128
NB17 0.0118561733025929 0.0101053647462672 -0.0574824282245443 -0.0393966111371957 0.0213139972749166 -0.0590289873750089 -0.028197393930345
PA01 -0.0397483371240142 -0.115164060642029 -0.114163559802152 -0.0100356274129661 -0.0741799037104709 0.00889329118920772 -0.0594910146527867
PA02 0.0452411132416895 -0.0328981904386076 -0.121491083968569 -0.00123815298012701 -0.0400779087147479 0.0836039768042306 0.0480843350185943
PA03 -0.0455254549806897 -0.00994728004845663 0.00371409044162044 -0.0200558308286787 -0.087857703216864 0.112029947456482 -0.0484416681272814
PA04 -0.0396910029736579 0.018253630848369 -0.0365846585895343 0.1506926131619 -0.0279070901189473 -0.074466453175651 0.0453901637814068
PA07 0.107466018392318 0.13130239850585 0.0433426819084534 0.0101289718796902 0.0442893896860526 -0.059606770674211 -0.0144577943119872
PA08 -0.085382625406734 0.0262944544430676 -0.00639991524141055 0.0443614141092604 -0.0328582397520276 -0.0262212836815296 0.119640466584009
PA09 0.0448180188772854 -0.0975117717469247 -0.0147495416629474 -0.0227423094221794 0.192800721250556 0.0859498720509056 0.00712382434915996
PA10 -0.0387983384821519 -0.0691393234172749 -0.00748173692852547 0.0698978734431623 -0.127724295664724 0.0341480076012764 -0.0627874518789234
PA11 0.149632591287831 -0.0242344377126803 0.0183948520863469 0.0206691022320343 -0.104886423924902 0.0501163958999776 -0.0355467746189671
PA12 -0.012577870115263 -0.0142293184645368 0.034919646097873 0.0707097565756841 -0.0781766730554593 -0.0432957080547844 -0.0822246366469237
PA14 -0.0889611742430401 -0.00318421072847394 0.033381214784571 0.0515582855579582 0.100304656467599 -0.0420110375031197 0.0679031824823894
PA15 0.0177970235233012 0.0711476680127087 0.0453219691843739 -0.110329916566453 -0.0981858779675424 0.0574280278387082 0.124885888518149
PA17 -0.0194567460961575 0.0619653619613081 0.0399561894410396 0.0677924649018908 -0.0274461885114023 0.0368056421545337 0.0268389627642908
PA18 0.0675482314973383 0.00365614745572003 -0.0496306542450807 -0.137203219880794 0.0171436788727502 0.0219541284759128 0.0923580030441103
PA20 -0.078687466059327 -0.0388459651779962 0.0372397760008375 0.0695912307418031 0.0128859389628454 -0.060651948629119 -0.041386519483545
PA21 -0.0361936408481903 0.0595042060169962 0.092730701661928 0.0292096106541403 0.0639711742256328 -0.0157402314413723 0.0564352281434552
PA22 -0.0633640078515147 -0.0803804772302884 0.0784059276570696 0.0024040696599425 0.113510685650281 0.0590101032747401 0.0362340462874534
PA23 0.00328587058627481 0.0667924819966303 0.0139299192469936 -0.0179158495962525 -0.0392767373500277 0.0831054418009158 -0.00296966683851841
PA24 -0.00912667995441474 -0.00319447052635616 0.110956899250194 -0.0861019941539586 -0.163530349397241 -0.117641903881509 0.0519855392708809
PA25 0.0154596514601397 0.0255763677853971 0.0228124781835438 0.0982523478758722 -0.00330412781871255 -0.0105445817107028 0.0301647327921923
PA26 -0.0147153955561689 -0.0373672703851079 0.00478301546015178 0.0337209574980918 0.113992985081249 0.00565500327189452 0.0758148979221079
PA27 0.0957055932539343 -0.0133359558056041 0.0783884842399904 -0.0236491603627869 0.0154246914334647 0.00387156495659452 0.138070637086617
RB01 -0.0230481446671934 0.0633316247007095 -0.124196619183122 0.0793619768838849 -0.122805875700166 -0.044150687715495 0.0713882863547452
RB02 0.0783559723768373 0.0021383208654315 0.0637655214678715 0.0130563764315169 0.0531646496795438 -0.00083142330239154 0.207219026148266
RB03 -0.0367171318941475 -0.018554938126779 -0.0422531529873669 0.0860852509566439 -0.0480326912737543 0.0716324168042851 0.198420777577059
RB04 -0.0291787413846128 0.00859753614446307 -0.101432120457225 0.0669506787725482 -0.0203533225299887 0.00245022956344731 0.131994185932838
RB05 -0.0169242933842658 -0.0179816346027464 -0.0299833016826689 0.0496499128086773 0.0911015394580246 0.0362992624753002 0.0648731518336997
RB06 -0.00547562277521445 -0.0164659890971858 -0.151009730895812 -0.0334014351841717 0.100870208343673 -0.0568633290837168 0.0262720877287983
RB07 -0.0238202921414877 0.0476378979517005 0.0523496241268094 -0.0580893815847757 -0.0190650948694339 -0.00322014245161074 0.0541545927978042
RB09 -0.0788722288477719 -0.0946392385591266 -0.0054582213847033 -0.0171888156096367 0.132385136984773 0.0358221928797332 0.0536280492546384
RB10 0.00124419486159818 0.043626816967723 -0.0515727997434527 -0.0654929480788277 0.117908688393416 -0.120181044260449 0.0806399074863962
RB12 -0.0115900594006164 0.15143468585117 -0.0607267238692034 -0.0973225928486619 0.0145211560347846 0.00898372339004443 0.0478048158244745
RB13 -0.0473900105351868 0.0331547102154165 -0.102953327021113 0.00145911523237042 0.123350685840678 0.0722284736712128 -0.0171879575286809
RB14 -0.0224186907238619 0.0213208488918699 0.0143967029946954 -0.017074474882562 -0.0398455208735427 0.0242822182193242 -0.0223205672478584
RB15 0.0295350153091424 -0.0125367128080207 0.000157870438356556 -0.0614616267319658 0.116277764997103 0.0551813158052931 -0.0550195873839902
RB16 -0.0438292478207138 0.0404998983790759 -0.105420477306634 0.0159601947152229 0.00522258301565759 -0.114037430768296 0.0026949099309228
RB17 0.0308332002227621 -0.132715606690106 0.0682369182480089 -0.071493367543322 0.0427586322252014 0.0478116512970243 -0.0421669467542445
RB19 -0.0108853738304954 0.0615112764450308 -0.187356484287232 -0.00124416206199001 0.00999156214953623 0.057710556720687 -0.198960760657278
RB20 0.0302072203258207 -0.00542833092886791 -0.0609697960697966 0.00493258232030406 -0.080646425676878 -0.0239643829741265 -0.060638899299313
RL01 0.144939146892973 0.00995142597587625 -0.00883678022771649 -0.123582810601125 0.0683126252158608 0.0210424109171164 -0.0887215972142691
RL02 0.00588254049912272 0.0180870215717291 -0.0791938112830666 -0.10951631454344 -0.0436541227826736 0.023342948649253 0.0507538043441749
RL03 -0.0904546296625414 0.00065705600572769 -0.0893630142275062 -0.0402892968776682 -0.0278480294128685 -0.0504487372014248 -0.0698550788502311
RL04 -0.0549946055211634 -0.0219936464425189 -0.0576482902609104 0.137471467323106 -0.0252120837276397 0.0316193261404397 0.0825525233013935
RL06 -0.0547464633557059 0.0464268243619452 -0.057044236083847 0.0841591766081172 -0.0355856949478008 0.0127130313426738 0.0937002276464971
RL07 -0.0160508110163678 -0.0828178247090283 -0.0427600982465561 0.0309562721319011 0.00847191230237193 -0.0053109338187712 -0.0217678329984833
RL09 -0.0558295782417589 0.0155902245244485 0.0317318066259425 0.0556008672304913 0.0130144718286338 0.0514289735017258 0.144232841167616
RL10 -0.000595905289960874 0.0141140822118643 -0.156933807254545 0.129378458292361 -0.0591254387239731 -0.00664826869803678 -0.0135316911017039
RL12 0.00359737026972127 -0.116091790475044 -0.0581160053196932 -0.00673047578856699 0.0572652612905688 -0.00736998917263336 0.0788463789189433
RL13 0.0576359266367491 -0.140198225106338 -0.121819212141565 0.0787984248476044 -0.121691818806447 0.00316555524632462 0.0272133661275928
RL15 -0.104572543240207 -0.0151807708619358 -0.121898781011056 -0.0823443773927805 -0.0260016329625548 0.0407952588478912 0.0474570920508274
RL17 0.0176551868960522 0.0354624049900131 -0.00898575365570324 0.0369849478693063 0.0028246870755186 0.0057625577964177 0.130154759198849
RL18 0.216871778702274 -0.062107846558284 0.0740579928008268 0.00980980238848531 -0.0496825056125623 -0.0610938699150497 -0.0276627961652117
RL20 0.00652763762249483 -0.0121062530439951 -0.0673987788646879 0.0246653054828548 0.109328510033103 -0.0470731078005123 0.0885718812333448
RL22 0.0572724253894168 -0.124844679648665 -0.166752119521845 -0.13452429388729 -0.0672857807305815 -0.173432628715067 -0.0962254959119227
RL23 0.00443368292538346 -0.0124796059983266 -0.153130825633174 0.0778147401274296 -0.0626775748568037 0.113734175143776 0.0491982727672068
TR01 -0.0292081575745654 0.0736597503559088 -0.0607548553537194 -0.01830402889514 0.0978165031879651 -0.0460740797892965 0.0232037249733401
TR02 -0.0577596345713041 0.0334102398967383 0.0203668486965826 0.0244962335168635 0.00364578860659996 -0.0194017583583549 -0.0592220880533719
TR03 -0.0751033452249084 0.00394237229401219 0.0301880870621105 0.0965773751251468 0.0227922068017492 0.123882465400413 -0.00900558694557469
TR04 -0.0828972205329378 0.0542827221480164 -0.0347454023671509 -0.0632980365691099 -0.00134007581472771 0.152449065253051 -0.0243842496472175
TR05 -0.0169471239747695 -0.0233091392177168 0.131643295355744 -0.010672439446312 0.147786674868794 0.0197866115269682 0.0250190689771978
TR06 -0.102976924537917 0.0688762873163857 0.183560465807271 0.0343278717463446 -0.0585320785822427 -0.0601463290721802 0.0805426978245798
TR07 -0.0106432568683594 -0.0125996707597338 -0.00980843892963275 0.0379248101829478 0.102258136701091 -0.0938108381035451 0.0638614064809671
TR08 0.0301396300250345 0.0629670390842524 -0.0162896640613584 0.0655058889865121 0.0739810375012913 0.0539103716509063 0.053725213269614
TR09 -0.120796220543168 0.00395250468212699 -0.0525890540746419 0.0194888188827329 0.03040640911643 0.102844682545418 0.0210645259941221
TR10 -0.084122248232645 0.0497744952918986 0.0500460139246604 0.088451204636614 0.0606736949705445 -0.0484623969339703 0.0721146344611087
TR11 -0.0746659276020009 0.0235550140397893 0.00673943083169476 0.0170868011075145 0.0592132271352224 0.00397847024997396 -0.0354939062633027
TR13 0.00648008031249815 0.036845208022602 0.110924749323451 -0.0353168454329861 -0.196472612282658 0.100473961892867 -0.067154945738497
TR14 0.250562178111262 -0.061212031246211 -0.0322507279033673 0.0442179863532547 -0.118340270205122 0.00499127789517267 -0.0710537009543363
TR15 0.0476802756200728 0.0600612478960708 -0.0252336028692572 -0.00956818701583539 0.0466096824700461 -0.127568960739631 0.0706535239274539
TR16 0.0550335474616197 0.0779949940251761 -0.133951462981323 -0.0538474396911956 0.0495966079332306 0.0457966955392819 0.0358394929886531
TR17 0.0315928514102428 -0.0378273472577763 -0.0855830171487708 0.0600876442780463 0.073605378167695 -0.0285794016073589 -0.175790004908118
