sample MDS1 MDS2 MDS3 MDS4 MDS5 MDS6 MDS7
AN03 -0.0120991156833972 0.0435739446146027 0.0578446703775774 -0.0257992231760472 0.023655411134681 0.029277988933828 -0.00419432364945207
AN04 0.042401144561039 0.00969962483426315 -0.0319648571163449 -0.0252749579418255 -0.0526692208574135 0.0124195997599102 -0.00770856261005751
CS01 0.0693964390172968 0.0257097031346782 -0.0379693165364745 -0.0867343064336527 -0.000327526920173099 -0.0458875664192913 0.146430219128699
CS02 0.0561582608302946 0.0228955752325913 0.0660395063225991 0.0841054649204558 -0.0530866056446511 0.0189651760917461 -0.0928392715991033
CS03 0.0369535029243874 0.048917009416363 0.0270347780337069 0.0491543549255935 -0.0271977174902625 -0.0247358305737716 -0.0505549420338148
CS04 0.0120789517334185 0.0332177537094606 0.0220549995121036 0.0249438694359438 -0.0382683403447202 0.106605357082418 0.101116177447826
CS07 -0.0969431823074685 -0.0234604318190618 0.112347187464306 0.0360420587739194 0.155423816620267 0.0465836869884222 0.0218037731148809
CS08 -0.0199574461133623 0.389615686328477 0.0771211822188166 0.091364837145028 -0.0591406057289866 -0.0132680738051331 -0.0478012554163048
CS09 0.0605190218487009 0.0285657856037003 -0.0468119330893085 -0.0957913408035926 -0.0044618376042328 -0.0447168791681195 0.127123660910903
CS11 0.0962240045040887 -0.0331123070083089 0.0265372444749398 -0.0336126176119555 0.0511758469109465 0.0239494360386854 -0.0615399433127765
CS12 -0.0619181582595259 0.0362262150322322 0.0114429198169578 -0.0634430105623098 0.0517396584050523 0.0328533975563995 -0.129450024399938
CS13 -0.0215386895396702 -0.0937749094950197 -0.0208625064380188 0.081964151621114 -0.0706486871205348 0.125302947988214 -0.0505915442019774
CS14 0.0359074438402408 -0.0400508059033354 0.0321109231335908 -0.0433657933513821 0.0395129406152943 -0.0567392542046705 0.069064850727953
CS15 0.0221076897329308 0.011667509754168 0.0811131281128733 -0.00495769021221859 -0.0421253247831853 0.0725830044916611 -0.0182344946636035
CS16 0.0474599925000729 -0.0262929239537571 0.142442715711894 -0.109339068130885 0.0241800208410608 0.00276776658376643 -0.1017256964241
CS17 0.109533630544267 0.0766450829122274 0.0191628505092683 0.0564381397727928 0.0202626490009305 -0.100194099800847 0.101892948881335
CS18 0.0208736027141769 -0.00380425249622868 0.104733503864898 -0.0776986716172931 -0.0564008573502273 -0.015181819824977 0.0552230500170581
DK01 0.0627504304598026 -0.055053698510691 0.00981692729429624 -0.0910250897469024 0.0264345786191568 0.0775447624821432 -0.00783238267624625
DK03 -0.1086501037969 -0.0508046807681544 0.10996487488326 0.0681946755531168 0.0114414639443211 -0.020294412454858 0.0304198175636071
DK04 0.0389534437934833 0.065616319220331 0.157068161189225 -0.0172079222942057 -0.167053923535549 0.0548283740274434 0.0955896986910717
DK05 -0.104327034989329 0.536745961506827 0.139845564631552 0.0653695210516257 -0.090079831599779 -0.0776753027453487 -0.0814001557127633
DK06 0.0203322172180115 0.0618131107771389 -0.03365802374535 -0.0632181259911449 -0.0766271712658238 -0.121932685168486 -0.0611747567291914
DK07 -0.0355325810934709 -0.0602715507381902 -0.00688378226426585 -0.0241661264125119 -0.106721288504684 -0.081992076106196 -0.116857135474648
DK08 -0.107228686585695 -0.0228223573117586 -0.0169650959012447 0.0835415693205609 -0.0276709740263953 0.0886223698943232 0.0300089420810544
DK10 -0.205581856221448 -0.109543533079066 -0.0630524530011259 0.0284618464640744 -0.0758165215915095 -0.0231313174955481 -0.0327208938749178
DK11 0.0697075096307661 0.0321380634687032 0.075170475803037 -0.128890787719012 -0.0393461280506269 0.0447054261852578 -0.00735857692701147
DK12 0.0606951158545176 0.0527719356500747 0.0231839211438714 -0.0661688978104246 -0.0408319256942591 0.0357823178948361 0.021618148608004
DK13 0.0227871316161346 -0.0392002282798206 0.0273787675699484 -0.0475487604295089 0.0446766549742666 -0.0430996662415 0.0282297288978304
DK14 -0.0677207955353077 -0.0500955926869339 -0.0238998073794216 -0.147320290691624 0.10059092671119 -0.0583532240415419 0.0204566685869399
DK15 0.0807989375726775 0.0511306225025079 0.0813987334937264 0.0481361668425698 -0.0488228947764874 0.0710042444606214 -0.0400793025835933
DK16 -0.0235764344954573 -0.0367661984859746 0.0779091294536913 -0.0627471972383911 0.0267463603666548 -0.0621240105627354 0.0454097551068662
DK17 -0.0305705905429391 -0.126697933412757 0.0188820647777445 -0.0416764429695096 0.03014651856274 0.067850129578135 0.0168811551014385
DK19 0.0484004379883097 -0.0361998656179586 0.0793753623385433 -0.0757484450474298 0.0849456351980025 0.0183061009781718 0.0506979246896793
DK20 0.0684746424766196 0.0309442123003066 -0.000995920356940705 -0.151396482391741 -0.0333690946700013 -0.0632597196495155 -0.0579662162557494
DK21 -0.0236612292441622 -0.110824628781971 0.0840868379247523 0.12343881534421 -0.0593934743909992 0.0530779566031965 -0.11343903287755
DK22 -0.0289719377737647 -0.06157961162054 -0.0394679479642744 -0.0272679552344065 -0.0908965930645445 0.0568258752309526 -0.175833952579693
DK23 -0.050071127642486 -0.0728585907085437 0.0711156327021062 -0.0367955676893637 -0.0434482877449616 0.0691748583514955 -0.0625614784116772
DK24 -0.0805621660764189 0.0907800587677296 0.0416327775684367 -0.0988455036671597 0.120223834482781 -0.00143605184841837 0.179686945644548
DK26 -0.144929331584298 0.0182768447055169 -0.0203825196351784 -0.0521162632957147 0.108680860899921 0.037224550005163 -0.0359751230162258
DK27 -0.085531450372825 -0.0430285966267934 0.145471168996119 0.0644063264445691 -0.0412141263015005 -0.0540441059433558 0.017276172986792
DK28 -0.143358861464268 -0.0199403297628179 -0.110097286291417 -0.0368496859582428 -0.0404612977080442 0.0414111283765436 -0.161853758780068
DK29 0.0835902930919019 0.0211575791117325 0.0325936741308059 -0.0552217039711944 0.00430346454924219 0.050227545151957 0.160611113417744
DK31 0.0246789768156219 0.0100086442245117 0.143422920977903 0.0307843227522791 0.0500849294101366 -0.0284507273084834 -0.021821204871619
DK32 0.0411949770236925 -0.0875216085339772 0.00683823294720235 -0.0819825239746058 0.0187277127279371 0.0321674147730129 0.0794379642020381
DK33 -0.112750164834671 -0.00307422469298141 0.113103165578362 -0.0754991341838408 -0.00978732501007168 -0.039201616205802 0.180582462313688
DK34 -0.0701883838691759 -0.0878819880308782 0.089741337488827 0.0439061527366259 0.0360193338797502 0.153573745346414 0.00915869829403176
DK35 0.0165291030053579 0.0137774019038828 0.148172113059265 -0.0244779172781332 -0.0216028869788164 0.0808425689722026 0.0188604767543376
DK36 0.0688878529100076 -0.0378101821652308 0.0693281324871246 -0.0168230055477872 0.0935722131862722 0.0267816428881606 0.0734839910207155
DK37 0.0132662743985311 0.00415699921523127 -0.0466493306104454 -0.0962109345916715 -0.29458644279166 0.162321847237408 0.00390379501368625
DK38 -0.00788165847534675 0.0184779113994293 0.0778346973958955 -0.187126155407214 -0.0901102532558365 -0.0135387940721119 -0.0282083543347567
DK39 -0.0382283178764233 -0.038138408368845 0.123032896358101 0.0447366482666859 0.0660153785554349 -0.0354505485274648 0.0482319105127081
FR01 -0.027156614263863 -0.145456592803706 -0.111721061610274 -0.017463172789002 -0.123323960676086 -0.1493315330859 0.0462280082260188
FR02 0.0553312852659965 -0.0327656608350741 -0.0566034359450434 -0.0430751944471028 0.00545431331303007 0.00461268954975588 -0.0703697138804816
FR03 0.00300396502676501 -0.127966766624388 0.0536497925943351 0.0812582354708024 0.00708135378214892 -0.0247995826542167 0.0039068098544397
FR04 -0.111615051283096 0.0269713205406409 -0.0447717993065711 -0.0435923272612524 0.105663793900111 0.0557694415953515 0.180629505214208
FR05 -0.135137324560847 0.0567885682505891 -0.089209545166115 0.0977036050967831 0.129023764950398 -0.0136864227650278 -0.136904771863938
FR06 0.0221158698107305 0.0116043481366997 -0.0309765862075832 0.124580264578467 0.096526622540011 0.130386520627132 0.0291115647663914
FR07 -0.1878823193597 0.0989071635194644 -0.0198432152928679 0.128925411207853 0.0834518138064393 0.0222605930067778 0.0733138890623709
FR08 0.0325006976601799 -0.0125358389845368 0.0610588560098468 -0.162579708479262 0.0905222054907555 0.0194161970348192 0.0099543772427489
FR10 -0.0335919215545385 -0.0408673131314343 -0.0498323728127844 0.0558341973030248 -0.0638573563207857 -0.113025563675198 -0.111274193122537
FR12 0.0264088758980971 0.0378832985215713 -0.0540481225853891 -0.0395265432240601 -0.0206379148674503 -0.0563251454257395 0.0608755947610744
FR13 -0.0781064791022102 0.0249480509425594 0.103610734081926 0.033661870762095 0.124473784019688 -0.0827584255510614 -0.100899432457541
FR15 0.0437548809463172 -0.0175315921410889 0.0494899497959187 0.111336662952848 0.00908808714902149 0.0365997894199993 -0.0006412007601135
FR16 -0.179395951789945 -0.0100006199962399 0.0343310556898947 -0.0392282045085651 0.013434831949591 -0.0479703145675267 -0.00803348222654982
FR17 0.0324657046074831 -0.083491424270543 0.0136333321546102 0.0347920388372241 0.10927585373474 0.0724821935572084 -0.0115825002591327
FR20 0.130605426614254 -0.0110533438964462 -0.0484452367232265 -0.0501379228832898 0.0856363375232033 0.0393487952392184 -0.029330195334647
FY01 0.0292647355219749 -0.0673077663735135 -0.0110501393165911 0.0504849518155461 0.0610071624602948 0.019458259274335 0.0152479447193665
FY02 0.0896094875462239 -0.0717056072445108 0.0518739784272989 -0.0263732231606121 0.036039985364061 -0.00406764798634327 0.0309828477556896
FY03 -0.0469363868308964 -0.0339912381181178 -0.00278092004123636 -0.128474773758037 -0.0529730419329886 0.0456936001544324 -0.0697819039019812
FY05 0.00377498665537931 -0.00230671219968517 -0.0987498747135191 0.00605170871030117 -0.0790819133794828 0.045767723030351 -0.087410277073387
FY06 -0.0153196361054276 0.0298374783594365 -0.0938981369307672 -0.04024762679594 0.0170538922754017 -0.00183930557194458 -0.0556374015051205
FY07 -0.0585937581733832 0.124146768893689 0.00627060856028721 -0.0886570617040178 0.0612515629296921 0.0118843794038019 0.00436606716571789
FY09 0.0177616801899231 -0.0427498262566011 -0.0186004251427897 -0.0690926981646537 -0.0745282596816498 -0.109096351928935 0.0684442075196431
FY10 0.0335008612307185 -0.00479987094329893 -0.0698683067862176 -0.0420488745599142 0.129288396897031 0.0966300664309411 -0.064706667717602
FY11 -0.08358916674297 -0.0606663710796845 0.0194440759888935 -0.0341690500801874 0.00214532487131647 -0.117519402232961 -0.0065461047297259
FY12 0.0593683330841648 0.0548012796219805 0.0949473394239907 0.00447159541955709 -0.0345776100155335 -0.0914743535673907 -0.0315473922418572
FY13 -0.0264400447224526 -0.113313959859552 -0.156512945777218 0.189816599265168 -0.0286775522239768 0.00933984626012974 0.037588417983056
FY15 0.0871101968248678 -0.0380609066718674 0.0528740204853688 0.0972256770192691 -0.0816481978148559 0.0705137854186502 0.0612257424999407
FY16 0.0257224728909251 -0.0662477037603306 -0.0535008487649484 -0.0680032589818067 0.0056164798857015 -0.0502392004204159 -0.082080025390398
FY17 0.0307982807016901 -0.0180202367926138 -0.0372079770045788 0.0160568862311441 -0.0359506204177151 0.0968703297316739 0.096242756646995
FY18 -0.0357971248465099 -0.00132326777518805 0.0243209928045562 0.0517516474482523 -0.101692402702298 0.0948850959141377 -0.0491280899861227
HH01 0.110891017770765 0.0654474400854898 -0.0548650481223484 0.107561611303646 0.0729137034922794 -0.146421687968922 0.0715328617717688
HH02 -0.174359007238268 -0.0609647465295705 -0.01920904130397 0.0323194300731819 -0.0445536814064624 -0.176501042920697 0.0359177185494611
HH03 0.00708109216085733 -0.0289019331686728 -0.00306008008252254 0.0395935324123594 -0.0274963370415249 -0.0921652090466118 0.0422308328281986
HH04 -0.0785713513746298 -0.0623318836098118 0.0424498375958599 0.125737847638665 0.0567582222161234 0.0224118804291937 0.0427644550036498
HH05 0.0332423250919883 0.0188748743803761 0.00360685795031678 0.0514204596173154 0.0152981469046587 0.109682615120728 0.0372818549385393
HH07 -0.0333687110145129 0.100537598103912 -0.0024698502780651 -0.00291292011919297 0.0809954360027444 0.0179442555397678 -0.0851856895952055
HH09 0.0616424155146124 0.016418314500791 0.0277561071812126 0.0519896305550208 -0.00149608550570684 -0.0669132337591989 -0.0940909149521023
HH10 -0.0304331781772651 -0.0655664902545213 0.0640303407190027 -0.0595416975574768 -0.142004238405609 -0.0958905353051726 0.0368654663879803
HH11 -0.0248518134738207 -0.0672552650534671 -0.0610189088769088 0.0301307340229205 0.0782827202918548 0.0196880060629386 0.114034039625424
HH12 -0.00206752306314172 -0.0146670403305838 0.0093327927001682 0.0581528114059637 -0.0886544099210121 0.036466508701018 -0.00219470941100976
HH13 -0.0214994297216798 0.00388722387033055 -0.0658486101044319 -0.0224591999772263 0.0600642784318677 -0.0150960410887141 0.0230341070263872
HH16 0.0233145020348534 -0.0503267071265174 -0.0481667679197249 -0.0982200966647911 -0.0480562689024529 -0.00801693876855449 -0.127004119212532
HH18 -0.0664244799440267 -0.0276377988880745 0.075839339886447 0.00154463748015117 0.126551771863044 0.040971779334085 0.0429017898402746
JB02 -0.0237651796228468 -0.0911881477981258 0.0744577030105951 0.0740629093515684 -0.0910153259975136 -0.184864961774988 0.074789032176153
JB03 -0.0342972371979401 0.0667279315547432 -0.101236474895079 -0.0304939040546732 0.110241517808685 0.081966276978464 0.0423249371691774
JB04 -0.0355299389286063 -0.0313214835833569 -0.0764921644602515 -0.0758970718048849 0.000449503618711301 0.028657854470101 -0.109798882715163
JB05 -0.0175607067109757 -0.0338328667488865 -0.0754178738928015 0.0183228988626175 -0.212686107140982 -0.109904737366174 0.0406232811466655
JB07 -0.00642131686531915 0.00203328110160046 0.047436251915545 -0.0258398542389898 -0.000981691135342724 0.0817614077518114 -0.00134233990051928
JB10 -0.101306264854302 0.0219014504607952 -0.0495372134558833 -0.013475731338796 0.0155950122622039 -0.00900363097524075 0.0474375877383383
JB15 0.0668360596278027 0.0556082074891036 -0.163639030869936 0.0699252517517534 0.00734416685879967 0.040485738997176 0.0319714059492757
JB16 0.0706379193343334 0.0417022470918185 0.0201659444537373 0.0196602197298156 0.0204072874173521 -0.0588034089924003 -0.0421442895874694
JB17 -0.065902413849518 0.0155836844137288 -0.171969937869694 0.0158983624704718 0.0789778042887875 -0.090222915137512 -0.002376790300559
NB01 0.042915980365361 -0.0253610875300614 -0.050953140179454 0.0111828587173051 -0.0190581091955678 0.0462714248959281 0.0519620782475048
NB02 0.0521550542844326 -0.0134215702149651 0.00561472597348649 0.00148356166562673 -0.074388055710278 0.208734509085508 0.00191992254631746
NB05 0.069336649634791 -0.0245894849324436 0.0779028166265647 -0.0296696818856249 0.00321412734901021 0.0856744620505887 -0.132067480174979
NB06 0.00397445160859212 -0.0800392772451962 0.0313231696258799 0.0730556725677115 0.0595923492602133 0.105035525313045 -0.0149559510735612
NB07 -0.115838404574971 -0.0277462179035759 0.0201362898679674 0.0735401955633203 0.0144617218590867 0.0510723532306458 0.0226397677835383
NB10 -0.170581260904097 -0.070569522205826 -0.0383400540078508 -0.0705534305601279 0.106785812570835 -0.111474446302874 -0.0886526021390833
NB11 -0.0108831249066604 0.0467139065031437 0.0446246584362441 -0.00320406432174137 -0.0393353296379517 0.0671547099867805 -0.154896637845429
NB12 -8.23372806172248e-05 -0.0709638866135818 0.0749563946196875 0.00295343279191191 0.0426425013142197 -0.0134168127664312 0.0873679447174271
NB13 -0.0280571608351628 -0.0114445840865847 0.0673495380404394 -0.0239704450202307 0.112933944061866 0.122669017467191 0.120454119615451
NB14 0.0279443893843571 -0.091935643105358 0.147425171803731 -0.0434478746651902 -0.111726130139381 0.0296116145700701 -0.000442089380694271
NB16 0.127175338277015 0.0250978388136211 0.0138930659430594 -0.125223479467279 0.0407780087775888 -0.0212089866621319 0.00991518947307783
NB17 -0.00277318909691652 -0.00112266943865685 -0.0510894647868418 -0.0442170490349651 -0.0222689834005655 0.081865309495176 -0.0738172191552022
PA01 0.0153085333719349 0.125687869899804 -0.0753814098961282 -0.0146794391542481 -0.0222376178551873 0.0874895211088161 0.0846376947675214
PA02 -0.00635629253785315 0.0347630205425747 -0.122179007036024 0.00340878499602257 -0.0430330431877152 -0.0336616997488809 0.128820873249589
PA03 0.0618993422030411 0.00901277216082767 0.00734250539584016 -0.0427018313393147 -0.00360369232735217 0.0120051270529957 0.0916285309911433
PA04 0.0338465128660132 -0.0130413982488427 -0.0529807723296915 0.14496902398726 -0.0223434203660669 0.0471472913978475 -0.0264641406597609
PA05 0.0989573389139146 -0.0483308885313934 0.0380524151400724 0.0424511234286482 0.0104651137057652 -0.104282501014968 0.050846019003712
PA08 0.103607085819094 0.0104590263463471 0.0180198691194122 0.0965967830231199 -0.0341113743396731 -0.0143867359452974 -0.0828614004977531
PA09 -0.073232089415025 0.111188401308922 -0.0225962122302247 -0.0860676921129959 0.0872505043754857 -0.0989798725086682 0.0251101474912235
PA10 0.0295931848644109 0.0613137833847434 0.00135076337611628 0.0439967768666193 -0.00187737728262821 0.104471417475437 0.128672225004888
PA11 -0.154756153306882 -0.039516989548119 -0.0349250546965867 0.0427055288919133 -0.0200125398251814 0.0523819232130034 0.116523808281782
PA12 -0.022698459977166 -0.00315220430904765 0.0346710320196894 0.0537807655333678 0.0482556234539712 0.150958377767623 0.000258217014580707
PA13 0.0199203401159443 -0.000461753985351168 -0.0309159545581746 0.116202454428769 0.0383562846288071 0.00948997670186114 -0.127701420289784
PA14 0.0925961390312754 0.0457562500784563 0.030309059104058 0.075013869296181 0.118208161148804 -0.0305748722923627 -0.12331822592437
PA15 0.00828708444554336 -0.0643593254960615 0.0368382876697791 -0.0072358193440841 -0.138437782231847 -0.146996534825093 0.102368964011721
PA17 0.0297152362347113 -0.0762790423163536 0.0349539234332894 0.0518954240173584 0.0446662510213758 0.00742605701715547 0.0211068859278873
PA18 -0.0344496355455658 0.0114028000940314 -0.0323191620439159 -0.114351335344357 -0.0556123616979645 -0.0882243365962299 -0.00381537241334913
PA19 -0.138332393526981 0.040574205632112 0.135742906150617 0.0425037614687879 -0.118070669959281 0.0685291213715188 0.00686748123322223
PA20 0.0164735488569476 0.0675909992995754 0.0654108626115607 0.0425444210686774 -0.00292946029937165 0.0791078029281604 -6.39749207438992e-05
PA21 0.0363600410246311 -0.0581818464140382 0.105167690344204 0.00772146649489583 0.0557838059903484 -0.0192147056249378 -0.0795395505690151
PA23 0.0233867466068593 -0.0692448344899721 0.0105953174923901 -0.0533286687863356 -0.038761313111316 -0.0551316231849776 -0.0047076931365964
PA24 -0.0153749627859806 0.00172904377961104 0.13979952251267 0.0451966510557907 -0.174117454927561 0.0540168778649471 -0.00596663398331686
PA25 0.000486809405248556 -0.0349396246797133 -0.0185257204028836 0.129318943068112 0.0582716067704044 -0.00201069492327785 0.00917261150321137
RB01 0.0852369249672188 -0.0460608474733485 -0.124961334756588 0.113212995471158 -0.0752437793747117 0.0233467235738843 -0.0352574779978087
RB02 -0.0465002093543252 -0.0187465054280903 0.011740611377055 0.0931432652338872 0.0143465713590176 -0.156968130635546 -0.10040787169955
RB03 0.0587457719092468 0.0168721703053057 -0.0467691135975508 0.163326746405604 0.00702158421324543 -0.12451583100567 0.0411916399088526
RB04 0.0518209407772406 0.022385625189773 -0.0831690392268762 0.0936425198945008 -0.0550786535921609 -0.0304352020439094 0.0575407988928939
RB05 0.0137606839598025 0.0252138398236404 -0.0366127938462037 0.0451153556177938 0.0422258570684486 -0.108034961928795 0.0176720890950421
RB06 0.0244091798174176 0.0639102673688479 -0.127216310200222 -0.0818338771317487 0.0133414828931785 0.00222813529991829 -0.0958305311472257
RB07 0.00510048075925304 -0.0367567553200686 0.0755571896982279 -0.00350014449175112 -0.0891558552952615 -0.0617616349849072 0.0684774568020343
RB08 0.0767687187922439 0.0519851743639433 0.0033339486628146 -0.071960361321343 0.0918313815388894 -0.0426131867253843 0.129119742098218
RB09 0.0447725089823741 0.103251341700432 0.0114081583640646 -0.0273416438435324 0.0834623808951165 -0.0848997109296295 -0.0270563020245966
RB10 0.0255888606651845 -0.0104314984711352 -0.052110374788536 -0.0403248371900628 0.00609957276378966 -0.0801545562144873 -0.171578358042405
RB12 0.0861208206676598 -0.117524739950389 -0.0403407467366638 -0.0848958865362543 -0.0702470901979885 -0.0809998777663696 -0.0746497875496099
RB13 0.0816745096476636 0.0129655139531072 -0.0741593290480386 -0.107513337973849 0.0898324621254301 -0.0272675853991328 -0.0206678836791025
RB14 0.0303679133563714 -0.0164593315467249 0.00862405884150906 -0.0186120015391291 -0.035535818559138 0.0248245190064409 -0.0498492702581625
RB15 -0.0434330226455942 0.0205371589051958 0.00401538708114417 -0.119696560801329 0.0655139801490609 -0.0396865758353929 0.0239409389601079
RB16 0.0847538953849641 0.000246040974819812 -0.07669867618177 0.024196832596191 -0.0188090329150423 0.0741756588323026 -0.0857067168674917
RB17 -0.108935753406562 0.099468733932867 0.0637665442300537 -0.0752616506077517 0.0483376747743478 -0.0572160846068734 0.0612995057048253
RB19 0.0678384587069123 -0.0334546966474347 -0.18544651127023 -0.158315873460297 0.0598806228255134 0.117344297571422 0.0380015342516059
RB20 -0.0226219420012241 -0.00503500599414361 -0.0640736795557492 -0.0278107104688475 -0.049700066386058 0.101846246870395 0.0298066448998535
RL01 -0.148316961839412 -0.0665344609120423 -0.0463905331667822 -0.186992253283564 -0.0107222971742273 -0.0279301925744176 -0.0763698464032458
RL02 0.0176746823755585 -0.0138211323700262 -0.0569397883389398 -0.0639519279397961 -0.0623100130789322 -0.0495837685712463 0.014685383094871
RL03 0.0962288423561053 0.0528157120498964 -0.0271389757219398 -0.0539606480797402 0.00297602773812223 0.0895889928093056 0.0187747378583901
RL04 0.0752456273918653 0.019384057136896 -0.060992727298895 0.118722793839229 0.0332549078280277 -0.00613790739799731 0.0127326610005946
RL06 0.104870060009776 -0.0250796958439433 -0.0595637936571742 0.10822188585069 -0.0348529654569087 -0.00833810985160603 -0.0197826132139003
RL07 0.00440702164293023 0.0793249280641238 -0.0411122488874695 0.0108334809822751 0.0313412456064774 0.00694609287153165 -0.00177841262432913
RL09 0.056348095470852 -0.0130775706991557 0.0292982753250669 0.0980260006445012 -0.00371094284865345 -0.118439104808901 0.0418753946121599
RL10 0.0437294789819217 -0.00921713294766411 -0.164876047060167 0.102154472265736 0.0404342654504935 0.0992404734159698 0.0283523374412697
RL11 0.125268969231792 0.0768515750824612 -0.0921407285206346 0.0373534039502776 -0.062326442761442 -0.153495363417404 0.0439900882479002
RL12 -0.0195131394413898 0.121812169323954 -0.0584607039365684 0.0303022068835598 -0.0219025109381606 -0.0523988670160605 -0.034531858193069
RL13 -0.0535053224408452 0.134454000896139 -0.149035169069548 0.112262814600845 -0.0101513420704856 0.0443767952170183 0.0719111560966073
RL15 0.14102731819019 0.0702764713042932 -0.0649615654071842 -0.0368396288971647 -0.05577640350611 -0.0562465877607019 0.0421904177305736
RL17 0.0135344030340346 -0.0366970462004363 -0.0283389586524987 0.0829905104838126 -0.00937291269590052 -0.0866169572096363 -0.00269937696863136
RL18 -0.234721269668945 -0.0126145189898252 -0.0133129685149238 0.0427117222102794 -0.0340790688248383 -0.0094260036290106 -0.0150354711871885
RL20 0.0159756935770859 0.0183110012191226 -0.0835493664527421 8.68300131655478e-05 0.0150817324642138 -0.0865035326206432 -0.110880899361592
RL22 -0.0762838258936245 0.143321485010804 -0.107239056113582 -0.120855479525972 -0.287372856388997 0.146451646517189 0.0285123181929677
RL23 0.0472058047226604 -0.000752746404859162 -0.168501170216755 0.0293156694826795 -0.00543160527097631 -0.0413137171137224 0.0971058769549764
TR02 0.0551266313801565 -0.0279459992990934 0.0237314280774908 0.000515314263580216 0.0655404827735156 0.0414417780248291 -0.0225660695929316
TR05 -0.0139688602006216 0.0157699996169241 0.120878202634457 -0.0305183681806854 0.134607897855185 -0.0934932287805277 -0.0980436816212994
TR06 0.0663054129586877 -0.0686176373635738 0.198519946716063 0.0998191151037959 -0.0512609365857445 -0.0300268247852216 0.000864424542747074
TR07 0.00453654644027857 0.0245846346707081 -0.0123738117789561 0.0313069716951401 0.0823890399336623 0.0155810036985368 -0.155190510785836
TR08 0.000315463085782983 -0.0888557949623064 -0.0624874497535373 0.00139291480406493 0.0883163023330179 -0.0495096385142345 0.0038895783474963
TR09 0.13765737407552 0.0414431166364086 -0.00784231023005151 0.00110074072638982 0.086052816345448 -0.00272400852342239 0.0118054555020767
TR10 0.0874378389083758 -0.0262616150848407 0.0511632160808309 0.0974554930744301 0.0805771857832348 -0.011000150390379 -0.132678544918072
TR11 0.0651473162943667 -0.00280134856609502 0.0298740444027696 -0.041157277503834 0.0352448942840617 0.0365324702854373 -0.0389870234498001
TR12 0.0248750890131618 -0.0345615346811819 -0.0299175868501543 0.0986666467889975 -0.0210079528232862 -0.0434240319506488 0.137552336982803
TR14 -0.245085309025537 -0.0256474567584365 -0.117206754569157 0.0282017610045453 -0.0661246297904126 0.0588240847583896 0.0823940229518395
TR17 -0.037220529103564 0.0528083243801201 -0.0959657798124288 -0.0660095772336959 0.0843064991406189 0.101972342359675 -0.0604338030268759
