sample MDS1 MDS2 MDS3 MDS4 MDS5 MDS6 MDS7
AN03 -0.016188849207087 0.0334353810104277 0.049574014436131 0.0164056234513945 -0.0418875353513718 0.0502632453792831 -0.0341290705464611
AN04 0.0655258249273019 0.0129021852018674 -0.039829107654426 -0.000898616974878814 -0.0176038617238539 0.0207664270293829 -0.0442012073543651
CS01 0.0706227500058704 0.0215785324868145 -0.0384767923468929 0.142773088331061 0.0303884654052169 0.0368464306268353 -0.0764242551512844
CS02 0.0388417292345438 0.0103145386362193 0.0675566885315076 -0.0525403293458641 -0.0587284486510997 -0.141351921836271 0.0694969544121907
CS03 0.0298712253340319 0.0500318825012896 0.040011148460762 -0.0471731720418303 0.0164697806379295 -0.0222052534099685 0.0143673932468851
CS04 -0.000827715404123645 0.0307225641020274 0.0441090329240181 0.0453427996333955 -0.0219701114827773 -0.0616681137844944 -0.142721534362032
CS05 -0.0641098204702377 0.071017885463681 0.0662009218459956 0.0918603591468472 0.0636805361122673 0.0544439041413605 -0.0940168165958008
CS07 -0.0996276666125082 -0.0160798909912476 0.116252525509725 -0.0813462746267502 0.0729419788139187 0.102437580957923 -0.074883875427676
CS08 -0.0165738103338011 0.3872629504605 0.105119495053197 0.00776078430849009 -0.0281745452931648 -0.0678859075770903 0.0512345230097433
CS09 0.0960671899240252 0.0259209627005857 -0.0534976923817925 0.0928438811107838 -0.0117040464853063 0.0590377203080589 -0.0780944645687903
CS10 -0.0123956786121188 -0.06870882027105 0.0393715320227403 -0.0674368869735647 0.0103527929658096 -0.0433067015374645 0.0551225436208253
CS11 0.104299786655836 -0.0340025300665087 0.0480467610786772 -0.0896951914711891 -0.0578189051714947 0.0364632747559452 0.0344679048934771
CS12 -0.0607918629813449 0.0284283151464187 -0.00455172878417243 -0.0811580450994013 -0.0763823265702629 0.0412061987656453 0.0134079972241425
CS13 -0.021327638577266 -0.0912440722259066 -0.00924979891283727 -0.115674058834849 -0.0487148642969319 -0.143389587604134 -0.0525206585078665
CS14 0.0392923885518114 -0.0327449584408273 0.0244268482915291 0.0470415131430542 0.0225762421257514 0.0522121678979311 0.0278206093517575
CS16 0.0268878741690466 -0.028974963282918 0.0967387861924895 0.0132269417524388 -0.116465458515536 0.1062115532062 0.0461908778735693
CS17 0.118977319838192 0.075043565808521 0.0499849577945486 0.103582754739347 0.0638276574717346 -0.0427269084548317 0.0232916626508012
CS18 -0.00810025311209825 -0.0207408819468923 0.0929674500603482 0.105900757316983 -0.0884138361478351 0.00614531475065996 0.0150719633424942
DK01 0.0406271583678322 -0.0610794004014224 -0.00709652449816757 0.00701941251270122 -0.0813114210451727 0.0248775671974688 -0.0230342626305766
DK02 -0.063543683245936 -0.0518436375021984 0.0121232558043382 0.0685912464147302 0.0647422391046821 -0.00404137537339846 -0.00602420081612098
DK03 -0.116500225587885 -0.0317743419334153 0.091602554888106 0.0165917289565109 0.0617862660709905 -0.000836011497990702 -0.029211421325073
DK04 0.012083014887032 0.0600593301997896 0.135488179257584 0.13593173107762 -0.105710648371303 -0.0803183584581632 -0.0278387883382794
DK05 -0.107584364366161 0.526463333730228 0.128672224520263 0.0490703642619843 -0.0741165086758841 -0.0508758862859988 0.126036051392201
DK06 0.0243396022062192 0.0651137370751067 -0.0449801295526011 0.0723440673159201 -0.0181417329348445 0.0178904005499916 0.0990432188855014
DK07 -0.0341193635882069 -0.0644056737891258 -0.0233451175848694 0.0171677423600447 -0.0678494981125862 -0.0592974211268657 0.128419759130214
DK08 -0.107342904826271 -0.0228229149401878 -0.00930373278507637 -0.0413364857640264 0.00258664045819683 -0.131268434194918 -0.0826402168749276
DK09 0.0268518855432463 -0.0173373459423663 0.0200409934910674 -0.0509331871957113 -0.0108106072693946 -0.0816685779459315 -0.0131139557598406
DK11 0.0708445247557037 0.0141025262659595 0.0753592117590428 0.0596685668638433 -0.160956580773754 0.0547207438825507 0.00119126837992284
DK12 0.0742163633679902 0.0417629062376082 0.0131976547526444 0.0166049776346827 -0.0602633859836582 0.0329970603338336 -0.0212952375544086
DK13 0.0282419445958227 -0.0517734970133933 0.0191833639582491 0.0240972373942365 0.0141530447607925 0.0726248041443147 0.0529238371629363
DK14 -0.0597045397071547 -0.0446913406108515 -0.0681698064934391 0.0331368028234482 -0.0158180788874663 0.187836439357838 0.0322556063339071
DK15 0.0723982245502744 0.0447984122653318 0.111030622060077 -0.0226109783631903 -0.0483331915240825 -0.0718255578854127 -0.0441682447177372
DK16 -0.0223353460352727 -0.0294065460974371 0.0441724994889941 0.0605805344655704 -0.00385927548408219 0.0490151388863863 0.0177207743080154
DK17 -0.0331856923244532 -0.127096566573419 0.00832267217007562 -0.00738017324921048 -0.0318694647643034 0.0300114601716677 -0.0695541711547939
DK19 0.0307873915056371 -0.0362561378563315 0.0679062893907946 0.0218842937537595 -0.00169993265109259 0.110845122120658 -0.0450249251054971
DK20 0.0810373419452899 0.0189030640439096 -0.0264380897982148 0.0502025449945986 -0.105567768349815 0.07905777418636 0.0698445271538434
DK21 -0.0483809813896313 -0.0947525760810949 0.090827628115373 -0.0600729784765226 0.00590376627552761 -0.131894837307782 0.0387021536912137
DK22 -0.0403812432376097 -0.0594904491508566 -0.068027377715589 -0.089290464587427 -0.141553712227264 -0.0973574999797574 0.0978087856953472
DK23 -0.069254680112133 -0.0749568483802099 0.0655126142327744 -0.0540378711092654 -0.07737384640343 0.00375183829001252 -0.0206426914021543
DK25 0.0256556696710701 0.0520440679231525 0.0151435318488633 0.0178480822810482 -0.092273560465345 -0.0787858982449592 -0.0157131957331702
DK26 -0.121944178482567 0.0221946474256014 -0.0341386031189928 -0.0525097296745408 -0.00292530600697329 0.134523596304826 -0.0758570065872219
DK27 -0.119374167840766 -0.0338638473613389 0.109009523655853 0.0704581722483179 0.023021019227359 -0.0544683168135742 0.0536140893744788
DK28 -0.141253306544465 -0.0131809385014596 -0.13435386669265 -0.0577449625144158 -0.0940431292380148 -0.0459338008520497 -0.00413030359149014
DK29 0.0833958318514183 0.00276607414310627 0.0248033114013152 0.103906687004977 -0.0223930568730677 0.0275984102549335 -0.119937807438865
DK30 -0.101070394501991 -0.0819041690542044 -0.100742820837774 0.158681843390066 -0.0411566316723349 0.0413682912900602 0.137191176264794
DK31 -0.00717661795903199 0.0114707170219859 0.132827847934885 -0.0354188060462894 0.0365632838359302 0.0505695420034348 0.0416738851898103
DK32 0.0462536140395819 -0.0796739768840577 0.00358035930558904 0.0780419035560591 -0.00907891336865655 0.0395745703261683 -0.0983841015686801
DK33 -0.106785042389225 -0.00537703082345805 0.0510184377177183 0.146559986328112 -0.0140577061595586 0.081976521817803 -0.0640349361826801
DK34 -0.0673128588386573 -0.084282619366465 0.103478213859285 -0.0907217572862082 -0.0392745865918521 -0.0475765094393131 -0.11190015067669
DK35 -0.0006727750390351 -0.00616114191959084 0.15413668825296 0.0280852840668958 -0.0518207299730734 0.0326732392811035 -0.0736856542619994
DK36 0.0612179788932183 -0.0470618845494365 0.0706437398404509 -0.00524683498895168 0.0487132742442015 0.0852967481264092 -0.063764395045432
DK37 0.0161934453864085 0.00423177688164696 -0.0639094820652509 0.0267163966726478 -0.189296459009265 -0.11013356547357 -0.118371943410207
DK38 -0.0123177839690964 -0.0136029695380157 0.0254375062728668 0.0505025479313537 -0.21027639066602 0.0464640746024242 0.0760188662673054
DK39 -0.0548894447236182 -0.0378358292132269 0.118406370010136 0.0405208548153858 0.0599210608452802 0.0495476781632507 -0.00451923101237761
FR01 -0.0175130745349725 -0.129422476525647 -0.154545992177849 0.141298188563564 0.039740162573081 -0.0704504110776545 0.0877046455642388
FR02 0.061023859334914 -0.0322391298687358 -0.0547766699632447 -0.0457973585029526 -0.0205204826575621 0.0191770629573547 0.00297911398121314
FR03 -0.00699860128358611 -0.0982194863840609 0.0528948519866553 0.0205273477498345 0.0714451275009841 -0.052490503266478 0.0265457261895368
FR04 -0.0885705245809221 0.0273141045423352 -0.0454486403951571 0.0491439771953963 0.068420884720173 0.0802842672345968 -0.192463088980449
FR05 -0.121398438070588 0.0884205710363427 -0.0561745063704406 -0.180554919923023 0.0983334211204011 0.0544730093221544 0.0253050815517476
FR06 0.0322482296926457 0.0335071609359348 0.0270375460208482 -0.101355658561353 0.104820352953993 -0.0367076131323768 -0.15606434540112
FR07 -0.161715900811715 0.111685078525433 -0.00590109030560463 -0.0456224219706934 0.115013658970604 -0.0225832616892909 -0.0958264155128475
FR08 0.0405855607447478 -0.0325186258389171 0.0388808553424187 0.00093469591412383 -0.10175493115178 0.146088144304371 -0.0119073303236551
FR10 -0.0280383311736641 -0.0318419268293051 -0.0596796566320854 -0.040381476652787 0.0291270283511248 -0.0952709507432279 0.121439831108949
FR12 0.0491570860053786 0.0510120547338492 -0.0651270451614679 0.0447195091730909 0.0552850285283474 0.0451874371717741 -0.0372578079901314
FR13 -0.0927279041908166 0.0544629377033059 0.0956138380581862 -0.0865871286744306 0.100108576120949 0.111057950399628 0.0621600335205871
FR15 0.03724726938349 -0.0183957921671966 0.0807615133753978 -0.0626827927233653 0.0638554720134474 -0.0694134277386533 -0.0387000611483922
FR16 -0.165913709927499 0.0246438317081968 -0.0147476517140155 0.0449789950118058 0.00491153701729847 0.0638784389927658 0.0110775961404708
FR17 0.0256230412090342 -0.0651067338956757 0.0411304973995435 -0.0985704406942458 0.0652590264822895 0.0254608836649682 -0.0861316477577741
FR20 0.143744760913728 -0.0212379530635149 -0.0244329289981697 -0.0302144698353326 -0.012070296248047 0.0357986713026707 -0.0789246915274931
FY01 0.0151688270629343 -0.0602829129949777 0.0192139811823338 -0.0488254995025504 0.0810148391013669 0.0128215227691231 -0.0417292815748702
FY02 0.0728788949822096 -0.0746707826048224 0.0668459087438472 0.0118951961093598 0.0117238477963478 0.0578061747723487 0.00779486206005567
FY03 -0.0456842788051261 -0.050168698365217 -0.0309942639594032 0.00515140926406767 -0.115025186815663 0.0663565800455583 -0.00305431070989066
FY04 -0.0228462375102526 0.135753892176443 -0.0944266501749437 0.143056737246574 0.0507830548222708 -0.00594825087931604 0.0249008937067929
FY05 0.0131305679862223 0.0163923499127042 -0.0862454612484063 -0.0564741418324887 -0.0735490999116648 -0.10541831325043 0.0259652706902001
FY06 0.00453507476417581 0.0375641560984193 -0.0964136662797719 -0.082191442138651 -0.0369160976985554 0.0164692134107813 0.0459203764885847
FY07 -0.0436366376056276 0.112026375276693 -0.0200312126849607 0.00424083493847633 -0.078325749634074 0.0973746125788431 -0.00400175445588185
FY09 0.0349461931013107 -0.0436213765630718 -0.063916750249915 0.115780943217058 -0.0327091403032267 0.00483374931811575 0.0642143697653592
FY10 0.0486827552439076 -0.0110442269823581 -0.067598088915997 -0.143973010536969 -0.0383997507346084 0.0660573607101842 -0.0542747843635846
FY11 -0.0956706894307465 -0.0379914189507764 -0.00201951649191966 0.0806471560790211 0.0586246781210241 0.0432173340070633 0.046659448098327
FY12 0.0478073977979391 0.0389697703936264 0.0912584011419285 0.00264790467121743 -0.0158597147581221 0.00462604125449268 0.0983271809846593
FY13 -0.0332676184914506 -0.0760760816214699 -0.148729677046472 -0.0598352306411822 0.181674641082251 -0.127934231668902 -0.0353682487560581
FY14 0.0665046294826005 -0.0162156916948531 -0.0342928544931613 -0.0184646184391678 -0.0581428687110882 0.040980874278017 0.0721645881079881
FY15 0.0661968211625997 -0.0471303538153038 0.0710456330615141 0.00530908465671606 0.00482938005447316 -0.130058023258258 -0.04840455600354
FY16 0.0475614696523551 -0.0477544524698603 -0.0525009178705481 -0.0580451567205115 -0.00425239752043167 0.0581889861421966 0.0072464535997888
FY17 0.0311911490059733 -0.0146409796778521 -0.00955768590510011 0.0435569922997604 -0.0155284998130661 -0.0709310656075842 -0.128010056879378
FY18 -0.0513381020287127 0.00335519164638179 0.0212288150278977 -0.0603303170792749 -0.0582265936432357 -0.0975539846101131 -0.0525951409768666
HH01 0.10591037200961 0.0754973004086179 -0.0157191938835031 0.0422131672191949 0.196580297988176 0.0185802027798345 0.0717943016528182
HH02 -0.157146270835852 -0.0402888220430822 -0.059183583028543 0.0950844135799807 0.0999001437963976 -0.00459894858803013 0.0641024440366008
HH03 0.0126801654588972 -0.0257117988552406 -0.00851710845734553 0.0345774942345678 0.077471206726774 -0.018991482730863 0.0437327425685587
HH04 -0.0793099220005447 -0.0544384200944968 0.0558343648183945 -0.0399939238854232 0.097698273697586 -0.0479665395384238 -0.0746285241776826
HH07 -0.0560935830253068 0.0883081666515598 -0.00654666846359255 -0.087364925025285 0.0100297825282401 0.0684447072276276 0.012268105704792
HH08 -0.0594197735394072 0.036390734534513 -0.036304138904206 0.0196055021180246 0.00324046899468482 0.0214703683127646 -0.0212068480311503
HH09 0.0478467696029666 0.0110906449053372 0.0252390884600739 -0.0222038746049335 -0.0031014549227431 -0.0645237927868121 0.109625573009426
HH10 -0.0500611703799089 -0.0608705437558823 0.0131142925934057 0.174599272471128 -0.0596893680825133 -0.036400231035808 0.0803947146954072
HH11 -0.0298487036193648 -0.0390370728810999 -0.0413373472063318 0.0114989337511064 0.103140999693556 0.0481553353619904 -0.0599232344824859
HH12 -0.00734654772334899 -0.00859122536394335 0.0239208195560475 0.020652719294545 -0.0196028114443513 -0.101303740252542 -0.017790241960603
HH16 0.0234902929827473 -0.067508631051207 -0.0621994296242204 -0.0368725423041033 -0.090560869200696 0.0122536328079735 0.0672831574943425
HH18 -0.0848399301785471 -0.0295902402524129 0.0772611118856778 0.00408848695667182 0.0381212485579722 0.0753775745852842 -0.0717086840087804
JB02 -0.0299916844130962 -0.0713275983381485 0.0445967019050479 0.122435251436072 0.113873616107184 -0.0291245593157606 0.111875390675494
JB03 -0.00696662660666639 0.076905389424649 -0.100446028753628 -0.0488822456069379 0.0174969406043175 0.0596394548422532 -0.11374577651142
JB04 -0.0279314114511822 -0.0386732106704993 -0.109903947848352 -0.080962424425339 -0.0638095819868555 0.0342914695930658 0.027024492915345
JB05 -0.0106710172738333 -0.0206778898909931 -0.103440579477601 0.157214772503273 0.0156905824078424 -0.13875416292626 0.0633901739586991
JB07 -0.0025734018465589 0.00150779318308074 0.0437475005373976 -0.0429576476079584 -0.0483811957860321 -0.0136071137693273 -0.0659104082252172
JB13 0.00954969952571112 -0.000295595636565909 0.087899309901937 -0.066875891570484 -0.116256669114595 -0.0548636750699042 0.0198145094341251
JB15 0.0853684021711619 0.062945131235397 -0.114997764520345 -0.0354556517211882 0.0604919739080194 -0.0732739614762329 -0.0689894902104307
JB16 0.0582120955728987 0.0422814886746629 0.0316243133922537 -0.022037909607724 0.0343819779424358 0.00985905438125992 0.0447196597002021
JB17 -0.0296859861391601 0.0419755492176558 -0.151403670189386 -0.0650982804048515 0.120218155496007 0.0462313586839922 0.00175961442751607
NB01 0.0258113509722894 -0.0234047494813801 -0.0278693551462127 0.0292955011661462 0.0184745927012584 -0.0122473852048014 -0.0608402779888691
NB02 0.0458496717634476 -0.0226965795772725 0.0264778832087893 -0.0548925827970263 -0.116434454481948 -0.112377199026325 -0.13384474502058
NB03 -0.050494693549948 -0.0387974988266315 0.0286980996550704 -0.114286304224697 0.0117424330481056 0.102408889171855 -0.0461574230762834
NB04 0.00130571290446999 0.0214956404806181 -0.00105764318150527 -0.0150780094203321 0.0618256272654869 0.0502144310272651 0.00161776599069067
NB05 0.0600793964603704 -0.0474671588969523 0.0760063897492038 -0.122223581344189 -0.121031742603604 -0.0263774616482786 0.0270875117816011
NB06 -0.00827592848618289 -0.0781628334623141 0.0531900430923798 -0.0769929417346426 0.0446474924126802 -0.0308688263853824 -0.0804766557448907
NB07 -0.127667593601137 -0.0217055339736361 0.0165577282793784 -0.0342027264646137 0.0210805503546622 -0.035601680168841 -0.0387076776161112
NB10 -0.16976142518487 -0.0503463054124952 -0.0889942252392923 -0.0300427983980224 0.0238896246229229 0.136337709922762 0.126435567563055
NB11 -0.0122789938980105 0.0401980701326725 0.042076007124455 -0.107816369665004 -0.119614588497461 -0.0534821133096587 0.0348259445984582
NB12 -0.0244805775619239 -0.0623497409949525 0.0696881422871373 0.0903101343385681 0.0438597579625061 0.0365926623278095 -0.0416479702360936
NB13 -0.0455394654615761 -0.0146742211577385 0.0650230993955105 0.00150264236058072 0.00392563140130536 0.0837655740026125 -0.139131307637221
NB14 -0.00450034862493383 -0.0959855273547467 0.119385527135002 0.0957166140373155 -0.0926352384275202 -0.0584009308115923 0.00338892091707346
NB15 0.053762788635952 -0.0350657016865721 0.0253381532901066 -0.0122404856556908 -0.0521009065327864 0.0372903371633939 -0.0574889276634103
NB16 0.128794782809785 0.0156417743296533 0.0266743966742839 0.0366699594055933 -0.0443458944704104 0.0932912131194432 -0.0126127987327371
NB17 0.00154270975875596 -0.00173326467896887 -0.0506034057638605 -0.051201515621384 -0.0761526241049695 -0.0272528138319838 -0.000198396686178857
PA01 0.0418045350410074 0.131581241263577 -0.0592878008344511 0.0339952685142705 -0.0273293083689241 -0.0366663699849461 -0.114150199054586
PA02 0.0126209865495483 0.0415661973477814 -0.124478627652551 0.0851256549871102 0.0562212980943033 -0.0101189924149433 -0.042058313164958
PA03 0.0577507831981048 0.0234585888607294 0.0196126363833053 0.0933722347186185 0.0335024528869781 0.0333389062227111 -0.0763682725641266
PA04 0.0415382446879719 -0.00708715993293895 0.0021944406220459 -0.102070759282265 0.0714184323433266 -0.122641789122522 -0.0617111467585672
PA05 0.089444667041436 -0.0381595050173903 0.0541863110805453 0.0769717446468658 0.0996510880391028 -0.0168375531791654 0.0428219136716542
PA07 -0.091854195618872 -0.165508290438007 -0.0247094793784803 -0.0557145604355335 -0.0455124707384055 -0.00593465223469709 0.03190827696193
PA08 0.0867575457882735 0.00966616421303938 0.0385694725278687 -0.0438146809360138 0.0366979979631492 -0.0850814969190504 0.0583936906262207
PA09 -0.0533081542189561 0.0899548922899309 -0.0430049519084544 -0.0195357761788142 0.0159231903928186 0.207805363511392 0.0518973914862792
PA11 -0.164434733806254 -0.022025579712383 -0.03969435391365 0.0657188518088048 0.0328083468957203 -0.0456542543027967 -0.0830997155576288
PA12 -0.0302182556132283 0.00561875186108373 0.0621432600262602 -0.0600819563314349 -0.031201645106455 -0.0581553916292715 -0.117634721086925
PA13 0.00611820796886394 0.0171477270872927 0.00963862852465782 -0.108020616888491 0.057522987135322 -0.0671175038527777 0.0798143414810376
PA14 0.0636187648534498 0.0269622413058162 0.0584770227119406 -0.116430947973713 0.045685901600088 0.0132516340148019 0.114759093979167
PA15 0.00158288882005895 -0.0588148889225248 -0.00394502876974696 0.185509581028649 0.00651897784080882 -0.0666205364860323 0.0899409177145631
PA17 0.0164045238961473 -0.0656393201853766 0.0479349832522089 -0.00776120099413997 0.0414846293568903 0.0174995043007733 0.0101837978726348
PA18 -0.0346590801509197 0.00324308062174836 -0.0890293007415844 0.0997793449588243 -0.0709834342892117 0.0350528573238751 0.104970288546338
PA19 -0.163003138688004 0.0374091658680398 0.116168980667342 0.0310921530369184 -0.077842124858209 -0.0944559107727267 -0.00296439243114431
PA20 0.0167613706939719 0.041890578519758 0.0884031014429241 -0.0675981811752695 -0.00944963731340139 -0.0368996417060607 -0.0908017877067755
PA21 0.00580883620765428 -0.060450388647466 0.0951571867483164 -0.0736673317581482 -0.0044358807045562 0.0381716687354138 0.056396327026317
PA22 -0.00928801376320739 0.0738715536302707 0.109530857015643 -0.0252693732188889 0.0401779696166036 0.0968852399607952 0.0484700838708676
PA23 0.0259284736420163 -0.0579465523972468 -0.00199201440760182 0.0620135821558345 0.00799294960548784 0.0548950402619324 -0.00192207962856105
PA24 -0.0566899196827218 0.0120878033537695 0.105209282762255 0.0918100662074884 -0.0997014725245122 -0.149372304428407 0.0356036710078767
PA25 -0.0151989750383722 -0.0233469899301772 0.00697668664127689 -0.0484817242968634 0.103546388887984 -0.0370880842998644 0.0260549853195723
PA26 -0.00966488447233903 0.0286866609831153 0.0160367589796506 -0.0612438291919121 0.0439832663325469 0.0287568510838224 0.0515648263197011
PA27 -0.107497173283925 -0.0137237258862594 0.00264293284733084 0.00853944917346265 0.0481982451347128 -0.00967014102249548 0.167767372354611
RB01 0.0742554284149506 -0.0295277390754418 -0.0825301780586088 -0.0199082411692297 0.0437302435752447 -0.163288225405559 -0.0190066661861136
RB02 -0.0755840689711855 -0.0203485124549452 0.00799594711385739 -0.0348488310688751 0.0999570470141031 -0.0194565864066014 0.181640892706888
RB03 0.0588467247820587 0.0456471297049448 -0.0123164586838167 0.0238165792348562 0.154645821051372 -0.0769436818221969 0.0829025173246678
RB04 0.0652862474827827 0.0247571166725718 -0.0709321562470836 -0.0172916947537797 0.0667386364920265 -0.109256416137313 0.00277812861452287
RB05 0.0373322003685279 0.0346052515842369 -0.0355035219709374 -0.0321883244372327 0.0789081136159282 0.0192763303559641 0.0492358315703985
RB06 0.057372657439357 0.0557103589910617 -0.13049252102944 -0.0731341474669038 -0.0723063162047633 0.0445339108617283 0.0195114773454324
RB07 0.0159367945071731 -0.0391035530765114 0.0466156448709891 0.0860099277680077 -0.0271965534051203 -0.0317203894671675 0.0316218650889086
RB08 0.0895875304002354 0.0361899533443641 -0.0309941649099914 0.095581128167522 0.00938004027165918 0.102049416236714 -0.0148613244740164
RB09 0.0508980265945651 0.107542978164079 0.0240792453623249 -0.0465893883457222 0.039268373363658 0.0881942067371197 0.0472172121890508
RB10 0.0241631125952109 -0.0220495201374431 -0.0620622194707069 -0.0970257579072707 -0.0877160990572494 -0.0101971628525572 0.167108221015809
RB12 0.0919403991194942 -0.115410121277968 -0.0733531869243102 0.0498013779254367 -0.0700260796654096 0.00689082351019564 0.104588137310888
RB13 0.0920209455196945 -0.00512333860695096 -0.0734471177431554 -0.0613224841647754 -0.00844973412615489 0.128863582865174 0.0225593899308342
RB14 0.00634504624659585 -0.0218742175278707 0.0179040320236532 0.00873917134820882 -0.0230212940305282 -0.00888701149104969 0.00713258269472009
RB15 -0.021164273754713 0.0103841879195359 -0.0103257052352956 0.0217484334977095 -0.0432785703378299 0.165324632932792 -0.00122416146338521
RB16 0.0825749378528227 0.000114525529725971 -0.0664382424905813 -0.0751881730412963 -0.0420043245586936 -0.0464291877644115 0.00974924712621923
RB17 -0.0868568486072064 0.101285803894303 0.0367060395688424 0.0534351519641158 -0.0410403082861262 0.0839568021723753 -0.0124782618965991
RB19 0.0932361801519005 -0.0330006728969475 -0.166752671828587 -0.0191347117729152 -0.0636560252661996 0.0847373791451205 -0.170547540974567
RB20 -0.016340160872781 0.00990717703427385 -0.0581463864300604 0.0142902706588565 -0.033939933888099 -0.025668595774978 -0.109078841040614
RL01 -0.129700275655634 -0.0433493457256827 -0.100758461472942 0.0122029414595467 -0.111266997939609 0.0993760409337863 0.012567908203486
RL02 0.0282322348670147 -0.0100837084690304 -0.0881812870726365 0.066625953617271 -0.0624505856109172 -0.0596353392789215 0.0538650627903237
RL03 0.100156945884062 0.0345396539246831 -0.0320492076421778 0.00560769725360602 -0.0917504936981532 -0.0121433690992839 -0.0611980115256191
RL04 0.0705162123218617 0.0436607104701505 -0.0209573899138271 -0.0543534861301242 0.11996640207865 -0.0512444867569703 -0.00595345027312001
RL06 0.0897947946908479 -0.0119805399930741 -0.0217199811124909 -0.0245424637680641 0.0922115445719141 -0.0818955727560406 0.00137839022877411
RL07 0.0162030870788516 0.088647859498724 -0.0344617465138979 -0.0263179585107542 0.0245233465264424 -0.000687947858349508 -0.0250292247326816
RL09 0.058566401796595 -0.00460921529804737 0.046762186916034 0.018183548926701 0.117190977608003 -0.0277282622989996 0.0642956152088366
RL11 0.149751465969878 0.0774578669097675 -0.0828571055055577 0.0891996238346121 0.0802280689415597 -0.0412098843484879 0.0890076366132768
RL12 -0.00395338326253647 0.130962679130451 -0.0404336645174621 -0.0271349409184103 0.0263342395047959 -0.0125235101791611 0.0593274902819662
RL13 -0.0426428934757065 0.138751594889223 -0.116597531643766 0.00306761939213692 0.0654853286818039 -0.123677650852533 -0.0741660990637949
RL15 0.154151884985081 0.0669614173887844 -0.0528949877115886 0.0847467335091762 -0.0126365948666366 -0.0297174473351722 0.018106066730386
RL17 0.00830403534291431 -0.0266895270200494 -0.014438519593576 -0.00610076467862619 0.075525126888132 -0.063459606043926 0.0948256208780371
RL18 -0.235184242064843 -0.00286841181776063 -0.0606222601569084 0.00553403012858928 -0.00272621824818465 -0.0641173886523648 -0.00181507445875959
RL20 0.0270561993476297 0.0299209711595774 -0.0898420435105611 -0.0974739603320696 0.0210802348124014 0.03251693731079 0.0971527292510508
RL21 0.0590514077163677 -0.0110021682021398 0.0462610788121767 0.00752381370331871 0.0939785794694562 -0.000479153577950926 -0.0336637258737085
RL22 -0.0491890214584272 0.135794911740889 -0.16699487416348 0.0187558238346621 -0.230213106727536 -0.0967132481686187 -0.101418835631297
RL23 0.0711345457503692 0.0288162252358189 -0.13225170025405 0.0344267986564892 0.107783049036563 -0.0358741621327694 -0.075462705179627
TR01 0.0600294864840458 -0.0513593156379394 -0.0355920467892485 -0.0573941926223181 -0.0620944993171817 0.045124645669698 0.0482353421292456
TR03 0.0640321214736883 0.000395515021564543 0.0517264411266291 -0.00272038265592281 0.122011754262711 0.0663861198477907 -0.0482298616036129
TR04 0.115396441581904 -0.0286911407141787 0.00228556452193911 0.129406720733181 0.0306206149079939 0.0819294217383344 -0.0556917760670367
TR05 -0.0250013304959709 0.00496171064109755 0.100841902963928 -0.0544153175879851 0.0283872798205675 0.136490851915546 0.110453815284368
TR06 0.0385279516019821 -0.066576914531516 0.197242103644656 0.0109457360477771 0.0148638239303039 -0.0745726672302197 0.0514880534476705
TR07 -0.0128685808722146 0.0136847875222445 -0.0101993952181091 -0.149593688209607 -0.014055557117728 -0.0113177632759209 0.100346102825873
TR08 0.0049839175520962 -0.069111020680551 -0.0229367417002662 -0.0487248853262345 0.0827631229878158 0.0498992722189359 0.00511784745492326
TR09 0.127500954259294 0.0342682313891078 0.0205052441695614 -0.000282239092540428 0.050407750935827 0.0651414754579392 -0.0093685789564392
TR10 0.0591193276898451 -0.0335156551049979 0.0739304537540082 -0.118009451898365 0.0518083638902722 -0.0154452000068859 0.0935066787946889
TR11 0.059352602288935 -0.0107989875819419 0.036051268822541 -0.0681867855487058 -0.0213600800379571 0.0459046774615019 -0.0280464040150004
TR12 0.0221702081268924 -0.0225089290557477 -0.0112856371949768 0.0609772077635562 0.111202112826139 -0.0740497461699913 -0.0350132868373497
TR13 -0.0344260246754801 -0.0624500414018111 0.0910692407157485 0.193819534067821 0.0319245679705085 -0.0633959089398579 -0.106759035755294
TR14 -0.227405607585754 -0.00137075060379424 -0.149546626139987 0.0476747522422384 0.0228426639830239 -0.0905971439327926 -0.106351570548485
TR15 -0.00849366894191271 -0.0393954155739083 -0.0310931694755825 -0.0737773182320945 -0.0435557689989382 -0.0534672229015955 0.0846929606749061
TR16 0.0315142439631267 -0.0653502290748553 -0.157891373430664 0.035996729638118 -0.0203187874771155 0.054996826201573 0.0484340489273898
TR17 -0.0145455101018294 0.023930678403646 -0.0981716797814021 -0.116184536187298 -0.0492673198495084 0.0808601131099378 -0.108219643835424
