sample MDS1 MDS2 MDS3 MDS4 MDS5 MDS6 MDS7
AN03 -0.00259255408830716 -0.0524984367022288 -0.0431349093095897 0.049691354775369 -0.0315149725894202 0.0475837501028911 -0.0762417089821632
AN04 0.0511619826147883 0.0125866606855919 -0.00796423967772503 0.00161049503855085 -0.0114935519120884 -0.00234876627108418 -0.118532502837079
CS01 0.069622779419403 0.0606314151081254 0.0427827569946665 0.12931842650023 -0.148887678220942 -0.0744312836771577 0.049539025000749
CS02 0.0638868025736416 -0.0675709782725688 0.0416472419806408 -0.0979539153061841 0.0161298439276084 -0.0552524577092649 0.0905113406525218
CS03 0.0523314021782312 -0.0455662467344707 0.0103064739422603 0.00769367184458408 0.0565869673463578 -0.0117032058155331 -0.109452619642199
CS04 0.0119957895664371 -0.0139429403780223 0.0479781783190824 0.0380873356482417 -0.0775784423749341 0.0660411333494275 0.0886773550130737
CS05 -0.0722221953032395 -0.0229639146865165 0.0107788051498303 0.168574103057895 -0.0738792272299867 0.00603964705051592 0.102404297885495
CS07 -0.112535337653223 -0.0773031582298119 -0.0676372133365576 0.080997812385961 0.108548377934978 0.111278922316329 -0.037992100838205
CS09 0.0655386221019256 0.0507336228591825 -0.0332420044573598 0.0360002461610501 -0.13329053965277 0.00876865042202809 -0.0866008864485405
CS10 -0.00566335788352721 -0.0418985391584984 0.0242942414803254 -0.0859001449316856 0.0679536381446941 0.0289765085061938 -0.0150176966373367
CS11 0.0955787288296777 -0.0708611381849449 -0.0649000974267597 -0.0602505937374022 0.0605060589836298 0.0213079785385153 -0.0213229975434587
CS12 -0.0490388401382782 0.00961798811135002 -0.104763882033946 -0.047595296852853 0.0211418467280333 0.0179331305786952 0.095582534720408
CS13 -0.0277490053236978 0.00700702301620408 0.0248451662206012 -0.193186382225371 0.0355611231218613 0.0757578126711761 0.0355519638866496
CS14 0.0170818492806138 -0.0461084415063231 -0.0148694953790308 0.0248682742998667 -0.00690843616801629 -0.0689786961217166 0.0175724181724727
CS16 0.034581406967924 -0.137836428920869 -0.124987103574808 0.0150178169562391 -0.0207753029564871 -0.0442698721355966 -0.0223786716088551
CS17 0.121019214934736 -0.0269076296285108 0.0853518719017086 0.0896412813476872 -0.0447873908152936 -0.0569929970311537 0.0417884561202771
CS18 -0.00918068288171594 -0.124427764849466 -0.0147667607498246 0.0207908525177001 -0.0693214483816961 -0.0478574652353884 0.105606783259776
DK01 0.051505623844 -0.0122744739020242 -0.0381147179965049 -0.0575539150271646 -0.0827519681351251 0.0723152898127725 0.0551290370580876
DK02 -0.0639627611339888 -0.0212296873256163 0.06413421126364 0.0200439937088814 -0.0732126143863426 0.00692183665472301 0.0278619570889944
DK03 -0.124624517030318 -0.0814865451360962 0.0473629196321767 0.0579632477904481 0.0403115048790107 -0.00783131012232594 -0.0150932908682562
DK07 -0.0399745320380776 -0.0190647143808549 0.0356084950427597 -0.157458322723588 -0.00920143940008483 -0.121724640194409 -0.0371427691822455
DK08 -0.0980890866933046 0.0265816301266262 0.0305808365455103 -0.0513338025865517 -0.0276638738481929 0.0710813763267372 0.132505145386668
DK09 0.0148210473163992 -0.0297794834921028 0.0214198209595388 -0.0716125043721037 0.0298850326844319 -0.0046475041218984 0.120570635378061
DK10 -0.209887171664621 0.0828434968437664 0.0848845158044353 -0.0752186893440182 0.00247040821725492 0.0259925199976319 -0.0610074021852439
DK11 0.0677645148940162 -0.0845279497239388 -0.10470674041722 -0.0354819534376168 -0.129406795518321 -0.00332072929788854 -0.0182614665050454
DK12 0.0648369858073662 -0.00917374667974356 -0.0603238156087564 0.0252612087532282 -0.0629404867034744 0.000343655599473081 -0.0270771522080756
DK14 -0.0771814801366079 0.0586391807417483 -0.123292883003866 0.00684820989506516 -0.0441556170782853 -0.0455524938051508 -0.110390767678779
DK15 0.0860406401372409 -0.101364514657535 0.0167847079017164 0.00653045715698816 0.0116039657758712 0.0298332389859582 0.0783274313986277
DK16 -0.0394966490212731 -0.0280349814377745 -0.019874690001641 0.0237740739703605 -0.0782461768578094 -0.0541348163658055 -0.0680494346351976
DK17 -0.0555381163929386 -0.0374458798741446 -0.0147939273754205 -0.0720592475957113 -0.0584848480134678 0.0968510733337698 -0.105385903628266
DK19 0.0242610258020444 -0.0862857694167676 -0.0431197319810535 0.102750417845898 -0.0338714163668718 0.0417618914303181 -0.0807131470687656
DK20 0.0683583272839355 0.00757660149208084 -0.0872387562205396 -0.0320595182496453 -0.107177667918785 -0.0691110425400437 -0.0288726181236829
DK21 -0.0526090404237962 -0.101608811374461 0.0932962822658107 -0.106014376109168 0.0663197172256275 0.029630256621529 0.0230780324921168
DK22 -0.021571693211703 0.0241836646243022 -0.0480673637205352 -0.214052047368599 0.0194907411988973 -0.0452937224737005 0.118035993204797
DK23 -0.0854933848555759 -0.0890165118141253 -0.0615297917999605 -0.0436775403679374 0.00697250980645085 0.0354963663973355 0.0400009510843804
DK24 -0.0649257438040939 0.0328742950697067 -0.0977099118625431 0.181696931782187 -0.123312907621989 -0.000119114231492764 0.105906480964929
DK25 0.0477079749216009 -0.0288439056526331 -0.0179348673178543 -0.0209230365312086 -0.0797969462236523 0.00304903818732639 0.105111230593211
DK26 -0.116214744308826 0.0605260661504124 -0.0934054459530577 0.0314577091906268 0.0224269747662633 0.128765826974366 -0.158724765814311
DK27 -0.119428433062196 -0.125047873117564 0.0751708459558045 0.0325036827036263 0.0255989957290474 -0.0826222824283303 0.0753785311736482
DK29 0.0750001319624791 -0.0234549763402734 0.00711941975792648 0.0735550977740811 -0.151986911293263 0.0696622717666977 -0.0273940071192612
DK31 0.00421781881517078 -0.137879871591235 -0.0166811152496422 0.0829992014410174 0.0892097077320256 -0.0362755755458998 -0.0326980686641024
DK32 0.00892660269894144 -0.0130551266086956 0.0066367048330189 -0.00765594477278409 -0.134352463857173 0.0406520648965452 -0.0517909929051657
DK33 -0.131688017455067 -0.0381301029031034 -0.0506540222839302 0.102160837414703 -0.139308075736964 -0.0469797574982325 -0.0886357678770318
DK34 -0.0889095384041672 -0.0955078649927688 -0.0294905092229797 -0.0562144386704072 0.0413706901332289 0.158261668568045 0.035967542544424
DK35 -0.00430531701529561 -0.162774421574051 -0.0194901965634081 0.0496350322924632 -0.0539440145886656 0.0476872947116786 -0.018813592963599
DK36 0.0428460010083116 -0.0717811372828684 -0.028219143093853 0.0996621566174689 -0.0256607701944292 0.0492203995297959 -0.0272216688792279
DK37 0.0224382431607323 -0.0468072075251933 0.0486194975702076 -0.0731713157401159 -0.0547942499196204 0.0856251759883132 -0.0265979702758214
DK38 -0.00970797971243787 -0.0724087199009247 -0.168397111353218 -0.0660939354509496 -0.0811463990807342 -0.140200281807625 0.1451324876309
DK39 -0.0590461076107153 -0.102952825018414 0.0123682600979641 0.0748168802687932 0.00292094677871957 -0.00357836162453919 -0.0716003646187117
FR01 -0.0472567086477777 0.121540835732809 0.126206921511742 -0.129245226857673 -0.140827091468956 -0.163844592788194 -0.0969942342428435
FR02 0.065434646513317 -0.00715925683323621 -0.0477358312863394 -0.00601875150938284 0.032701374438223 -0.0521175069141722 0.068571272329937
FR03 -0.0256979960801795 -0.0769330286297558 0.107771679100376 -0.0220138629731588 0.00463935087315544 0.0228726757788287 -0.0829770045746509
FR04 -0.095726651796477 0.0847103661779378 -0.016826696538115 0.197386230146984 -0.0867178146119072 0.0589974957003601 0.0603023616580542
FR05 -0.080169321962368 0.13312987907714 -0.0503871693440556 0.0245767626262681 0.202878692181718 0.0676190707509995 -0.0771687492000374
FR06 0.0450681930947793 0.0228482170052523 0.0482950453350726 0.0725775044141069 0.0433861174732671 0.188281927093651 -0.0160931368054512
FR07 -0.149349408346017 0.0931672346047543 0.0476367619478042 0.121326277246484 0.107446920943766 0.0867736015941816 0.130261640980452
FR08 0.0331065919044106 -0.0473619583358236 -0.154955421071064 0.0254844244330609 -0.0477383245187875 -0.0213788526629294 0.00541501380459297
FR10 -0.0303046194020625 0.00919197482874782 0.0710569096256318 -0.0811942355200133 0.092646252043921 -0.122472778097085 0.0487315395352834
FR13 -0.0781991914613852 -0.0810623829752763 -0.0501406498899624 0.176234435043259 0.195433398907849 -0.050268296212308 0.0211283530773764
FR15 0.0299573455877456 -0.0627455628383064 0.0563702867246046 0.00604779817923962 0.0615041835931568 0.0691637514850379 0.0160309425486336
FR16 -0.173772284379371 0.0239074238864059 -0.0175001235079344 0.0318996781310076 -0.0163833169889223 -0.0225284835831198 -0.0383542583561494
FR17 0.017624887879557 -0.0323041756083937 0.00242414785703525 0.0336266253124415 0.0744174827988763 0.0866838127165095 -0.0050618542140488
FR19 -0.0281449698969351 0.00156252769746932 -0.0625775741637811 -0.200946413485681 -0.0508599698241849 -0.028083376139356 -0.0421513874373447
FR20 0.13682339739352 0.0129677709171594 -0.0344248531302892 0.0110143271160779 -0.0611390005341278 0.0390523217708512 0.0115552555553018
FY02 0.0535490751637894 -0.0883596323160021 -0.00816172129594713 0.0463547166190748 0.0143685648003172 0.00946853297538103 -0.0432988919632131
FY03 -0.0559351535029877 -0.0285952937053678 -0.0740307175179802 -0.0684242833654996 -0.0513064684649738 0.0202648892190028 -0.0535697163413525
FY04 0.00633384365898261 0.140980061881267 0.0746890679129225 0.0854319768562543 -0.0741496356823848 -0.111474889608255 -0.049098369326673
FY06 0.0163856916503833 0.0982548982468715 -0.0704365009562085 -0.055159295730408 0.0398781983647979 -0.00158196202656598 -0.0381123011109553
FY07 -0.00745379733120326 0.056315573480607 -0.133796253255005 0.0732935023115887 -0.0284297716316581 -0.0255222307731892 0.0248733696068046
FY09 0.016243340020621 0.0143455496689484 0.00502077868018134 -0.036803330748291 -0.0984943715259418 -0.145790477417 -0.0918884163285846
FY10 0.0527160107024286 0.0876152830005109 -0.14415951602966 -0.0804370485255339 0.0225700076067903 0.105318400383621 0.0138947578815762
FY11 -0.107610712449493 -0.0109746623208235 0.0552188351396885 0.0589129449733814 -0.0154072956738017 -0.108395155796213 -0.0278442321080738
FY12 0.0413258252661615 -0.102525387223053 -0.0410137089936833 0.0125130935116762 0.0927232806011818 -0.130908915629034 0.105492884284573
FY13 -0.0227621300347549 0.149663700665186 0.168693677788338 -0.0418487888887422 0.0866312235786758 0.017918777690279 -0.0640658207156442
FY14 0.0716142241430448 -0.0191200945333135 -0.0741641394545477 -0.0120730442864923 0.0150097430271321 -0.104177507525539 0.016863926189509
FY15 0.0633923292494006 -0.0833680208820483 0.0835904377830646 -0.0294929443856373 -0.0103984626677652 0.047808386424251 0.0607003224298214
FY16 0.0198423359661803 0.0272808726859095 -0.0627467704778905 -0.0497466887120472 0.0523793591862083 -0.0578795257909977 -0.0442012013570141
FY17 0.032383214538312 0.0179467888040941 0.0540045393938529 0.0185035203458922 -0.0905881472504008 0.053255330343205 0.106522597763335
FY18 -0.0442503072974609 -0.029454816407899 0.0368573840584529 -0.0873584310151449 0.0203762378191645 0.11382855428748 -0.0321707732867518
HH01 0.125687630117397 0.0680704537980441 0.10767686409228 0.162633698987257 0.0924230580683836 -0.0747965568132515 -0.0506335690380952
HH02 -0.173102748469607 0.0631694543874834 0.0591699128386821 0.015866841975733 -0.00377557785856703 -0.142723862497855 -0.0893456413612634
HH03 -0.00746717915694766 -0.00930448635805057 0.0766984992455882 0.0172343754766686 0.0223063335909092 -0.031752903835326 -0.0155003343596631
HH04 -0.0886375149202208 -0.0416483636992694 0.0605860492254987 0.0574653286400683 0.0850124246679478 0.0229284797909499 0.0715725166600082
HH05 0.0290146881907572 -0.00328063200236049 0.0365813153301015 -0.0366124996176331 -0.0152699530257865 0.152305798543286 -0.0398110171238683
HH07 -0.00997926437653558 0.033859260746959 -0.0804306508101852 0.0695864379483592 0.0657651255041059 0.0304975110710453 -0.0139909895312783
HH09 0.0635865522888223 -0.0631972309586091 0.0472400849705534 -0.0148507601786779 0.041014190756497 -0.0386598937124195 0.0454006273815883
HH10 -0.0767983454617209 -0.0630318994637714 0.0757417031632032 -0.0781810045084487 -0.120430089708818 -0.0827485026785309 -0.0231409027629084
HH11 -0.0359252322205894 0.0719357677215079 0.0394797683278953 0.0277538349304599 0.00405758662398683 0.117075979524558 -0.0713823982994816
HH12 -0.0179090735327052 -0.0328156712702527 0.113505854948797 -0.0661496571292773 -0.0129457612061578 0.0231828747555148 0.0297932127913982
HH13 0.00465356549142289 0.101807059987163 -0.0550426295443333 -0.0705746629781577 -0.033885554460192 0.00291742875051905 -0.0942121855163199
HH16 0.0128566555228581 0.017474982120322 -0.0654130165613375 -0.100740256710611 -0.0114481569748455 -0.0345095857351731 0.041512223785624
JB02 -0.0694339624566844 -0.0620219476374389 0.131176875185612 0.0392615972888279 0.0270355632720687 -0.16794219568116 -0.114139110714844
JB03 0.0177003384672273 0.0908199379989338 -0.0574231648645889 0.117973551498731 0.0229103414252609 0.0814437656272917 0.0889958119037928
JB05 -0.0349188873616606 0.0639999671943242 0.179796138026475 -0.0920661515660458 -0.115766259516177 -0.114174979803423 -0.0822615237989509
JB07 -0.00768340787144514 -0.0431361058916175 -0.0400967120970818 0.0168247894995427 -0.0101867184255395 0.0347930532550775 0.0627894678584426
JB10 -0.0740891468239821 0.0669424986662953 -0.0528759613600444 0.0046128341156648 0.0385186429921977 -0.022990035210986 0.0275016117750749
JB13 0.0182281272067061 -0.109807140655906 -0.0334224550859381 -0.0492401540866028 0.00381575202501178 0.0515651656901394 0.12191531758803
JB15 0.104643981081193 0.159056696483696 0.0777295607138496 0.0025347548036877 0.003950569357239 0.0487301877255265 0.0717004822875639
JB16 0.0687873165049234 -0.0395689494373203 0.00373097637273889 0.0456758022085239 0.058705111986916 -0.0622579537835161 0.0223750858109314
JB17 -0.0423408051277835 0.18227348889865 -0.0168987568205673 0.0435595706380298 0.118525492331975 -0.0724799582500359 0.0779509371175631
NB01 0.0286704955530109 0.0435999415891304 0.0602766006805721 -0.00389928758879815 -0.0701079031686999 0.0893248055820576 -0.0559653317895751
NB02 0.0504189458919775 -0.0519273230749722 0.0121862507176963 -0.0822078584056328 -0.0435015695329749 0.167439495537308 0.0929362080861763
NB03 -0.0538102818651674 -0.0248948524432637 -0.0894889662420444 0.0154525237849656 0.0965817430383297 0.0829527414113389 -0.184621237498752
NB04 -0.0049790940713105 0.0388255488369408 -0.00185087611426611 0.00897809034728693 0.0295596841937874 0.0411858437461385 -0.0744783471304304
NB05 0.0622491328942548 -0.112646243860185 -0.0759779288513103 -0.125058154312929 0.0144874527073036 0.0751905012395484 -0.0133487588102541
NB06 -0.0107526308811327 -0.0563290025645411 0.0453252152799979 -0.0145390380807767 0.0288798506952084 0.0958066375681836 -0.0337543931425091
NB07 -0.130974409346238 0.000128041402656127 0.0322190697136262 -0.00674701060734244 0.0432127923519702 0.0732731860097092 0.0408909496848905
NB10 -0.16246733814332 0.0697175400008322 -0.0878571987245483 0.016241031337846 0.0929577179444057 -0.104173409874847 -0.0501886067922949
NB11 0.0127020149497681 -0.0498492296042175 -0.0725747098614482 -0.10949342381362 0.0512008881128862 -0.000326440535627125 0.060835190798735
NB12 -0.0402141424229754 -0.0597752703348547 0.0576851990256644 0.0445707147599918 -0.0947110248898996 0.0309431320596642 -0.166819928864943
NB13 -0.0413336123976772 -0.0427081344114652 -0.0521091425488753 0.101491708811356 -0.0267206871058819 0.117764940731478 0.0272018673382213
NB14 -0.0309041072816704 -0.179750646977957 0.0512411832076055 -0.0368570230947281 -0.0916422065447134 -0.0273543882330096 0.0670301129550503
NB15 0.0334144764108237 -0.0323477114308326 -0.0679198218007495 -0.0502142706743157 -0.0497898179770851 0.0300446585725782 -0.0823805358744834
NB17 0.00899687741215904 0.0372078267663313 -0.0506657088073735 -0.0935878653085114 0.00246379649821578 0.0541446311503375 0.0955574694668975
PA01 0.0577233684547711 0.109087450606208 -0.0133635651518764 0.0568865359845415 -0.0723421395968843 0.0382719764247992 0.137947933283276
PA03 0.0451010269699251 -0.016516690856729 0.0615490375493121 0.0749363750255756 -0.0974977997374017 0.0667639390699685 -0.0850175070332314
PA05 0.0647482550942232 -0.0732352629355338 0.114611976265877 0.0926291225205457 0.00920489234254601 -0.093011324541853 0.0125945780485554
PA07 -0.0990329644961732 -0.0382757029794269 -0.0191129222168654 -0.102857852602595 0.0273937474897989 -0.0491827746895192 -0.0263235923553797
PA08 0.097204932983341 -0.0368627232015949 0.0766134221091662 -0.0399177634261083 0.0671112072133101 -0.00537524362665783 0.00346316876947497
PA09 -0.0576952197325089 0.0970770360174149 -0.168514790093989 0.0489738131708507 0.0627044037371642 -0.0256425153117676 -0.161266664278745
PA10 0.0241286131296553 0.0193459851164191 0.0579376519174092 0.0870024286083552 -0.0691650730829785 0.133652719068845 -0.0107290896060857
PA11 -0.157449147206588 0.0707971978845292 0.0852868016222316 0.000532360680896962 -0.031062898063734 0.0685040630955722 0.0665364135044925
PA13 0.0271495919985756 0.0299519684591527 0.0528709536382307 -0.0442170699248606 0.137342686501386 0.0397978144885278 0.0410949167665663
PA14 0.100851623475762 -0.0440382605312563 -0.00869683906752117 0.0174835207804145 0.147128943048122 0.0219238767768657 0.0575179999744449
PA15 -0.0286760109270674 -0.0532097683168179 0.0909773646777019 -0.0192336135573362 -0.11342865158754 -0.173264119944585 -0.0149895086398587
PA17 0.00222257934662454 -0.0201333859612761 0.0207185723208031 -0.0244280600552847 -0.0235243829763002 0.0607734029682676 -0.157279804067926
PA18 -0.0325000194857568 0.0763114806272474 -0.0770933387015988 -0.0617062019484179 -0.111357109412296 -0.140888141205112 0.0383951338521465
PA19 -0.156057174667407 -0.103769065775032 0.0325757226044966 -0.0394530745596003 0.0138868923531037 0.0617258176473855 0.126604192713125
PA22 0.00485211829991173 -0.0728827065670522 -0.0801172153038005 0.112660292244341 0.106959976054379 -0.0186788332067167 -0.00805949840472109
PA23 -0.0215010511656073 -0.0149292467545297 0.0220627989842758 -0.00896232573918962 -0.0771606263551283 -0.00951571649485459 -0.174977183238977
PA24 -0.038614532449127 -0.123843597399386 0.0990029517767978 -0.101811844343598 -0.0691793546659077 0.0431318015424234 0.0326788749719027
PA25 -0.000993380850039805 -0.00315551684124517 0.103245849050559 -0.0222142816088285 0.113238346970926 0.09741834915568 -0.0689714537906518
PA26 -0.00819324406000978 8.23932111450484e-05 -0.0470283769537844 0.0225645413040978 0.122819686095718 -0.0764459230434999 0.0279772971585843
RB01 0.0951996743778248 0.0829265708436814 0.143574933483867 -0.111044301355515 -0.022615494352694 0.0315118257700758 -0.0105078231472008
RB02 -0.0652740109877192 -0.00680385901896847 0.0511416977602374 -0.054231612321273 0.142686068632117 -0.107431971956477 -0.0521930261060099
RB03 0.068501213019124 0.065574487926681 0.131820115484795 0.0149547837448349 0.0866706569616249 -0.0684732240648807 -0.0678382236702916
RB04 0.0677476025679803 0.0937482624249404 0.0714074817809027 -0.020631651827919 0.0718488608601669 -0.017483060812443 0.0373146161243041
RB05 0.0289001740863942 0.0510884823219332 -0.00981924593994384 0.0337167876830519 0.0859652625005566 -0.0623361800284633 -0.0165690230279085
RB06 0.0719726823991175 0.114124847178941 -0.12628391959847 -0.0610833736068364 0.0245718732603959 -0.0489648961941584 0.0171860911448149
RB08 0.0917157347741984 0.0330199220724003 -0.0560628819169009 0.122403888337309 -0.118286551685956 -0.0323763278449521 -0.0442112735088519
RB09 0.0591099049346093 0.00525741809623011 -0.118577928920535 0.0913976899006792 0.0891826720746119 -0.115583471801869 0.11520384714153
RB10 0.0423147761095274 0.0313189345173328 -0.105264446881206 -0.168390940003685 0.0320073693642774 -0.106439194574698 0.0019363432626053
RB13 0.082473757094416 0.083210531415074 -0.117549357991515 0.0130914398998418 0.0052262982934779 0.0124178660941727 -0.0559901623533562
RB14 0.00953064076177421 -0.0272840704605253 0.00447851437823517 0.00548390492078413 -0.030454086780123 0.0232738370584596 0.0790461941806497
RB15 -0.0345388091920489 0.0376137572161976 -0.144997352381674 0.0220863551551298 -0.0326567362281559 -0.0179701610586487 -0.129627426916996
RB16 0.111136758288735 0.0556980006850691 -0.0061196018220022 -0.142359696388893 0.0235935362443084 0.0539927656384557 -0.0484104096168293
RB17 -0.073646572853075 -0.00273981378282176 -0.102152211230829 0.121420810492965 -0.0462345496142548 -0.0767932238732472 0.0807133447082377
RB19 0.0946688998956666 0.147009638712691 -0.0771407345990207 -0.0136067824087318 -0.136014652228804 0.127046195754717 -0.0515019503557409
RB20 -0.0233810611507216 0.0484816298053529 0.0231575701263518 -0.0561954526219389 -0.0847562335453972 0.150790642250642 -0.00704765169881443
RL01 -0.148553227292715 0.0542527319783019 -0.142792884481552 -0.0454058946664426 -0.0785428012977433 -0.0750022697358267 0.0432523425074727
RL02 0.0238788440150075 0.0531994542130938 -0.0260227300402826 -0.0317131813635587 -0.0945731662588409 -0.13856109728591 0.195075795100216
RL03 0.113736025972604 0.0207253267517178 -0.044927008686648 -0.0335455009698366 -0.0833546152889811 0.0764539796938374 0.0245187128109119
RL04 0.097316332918351 0.0549335936589719 0.099087035540062 0.0558217304716467 0.0837668550461832 0.0304750959392228 -0.0466437768388081
RL06 0.105669632972385 0.0145049835181282 0.118378456010387 0.00269933918578724 0.0829658853311666 -0.0323489880226475 -0.0137725386524418
RL07 0.0345997364051823 0.0470748380181744 -0.0168864042319233 0.0759142868643878 0.0260179116093976 -0.00469258526662252 0.0774791202876896
RL09 0.0377189798660484 -0.0468979618621375 0.079430736003111 0.0646359301754698 0.0864209142993485 -0.102609255503935 -0.0376106620036113
RL10 0.0836102114675494 0.145308926792923 0.08038081402648 -0.0399067568950777 0.0240779738332229 0.102419643421232 0.0344586314185135
RL11 0.143876363629418 0.0841962412460567 0.097455807858295 0.0371279778915114 0.0105548622017708 -0.121390233919801 -0.0476585574853297
RL12 0.030632045564704 0.0545926458623544 -0.0079185364469661 0.053594132054368 0.140029746508759 -0.0700212874074097 0.11218581261943
RL13 0.0121858700979332 0.188191630663366 0.0987379636329709 0.041541385822737 -0.000494325437576794 0.0531763985154811 0.151534876639803
RL15 0.168243247054249 0.0265523903605533 0.028360200235 0.0421076924930535 -0.0453830612467114 -0.113273074250412 0.089241433377478
RL17 0.0154804843440085 0.0299886595524281 0.0849424937122306 -0.0398058195168059 0.0736691940104944 -0.0737397363435229 -0.0125723876933812
RL18 -0.213482820455391 0.0601710245474588 0.0362616716952196 -0.00708120919517009 0.0136881143259331 -0.005346494350115 0.101820757449519
RL20 0.0420111802865828 0.0546205921723914 -0.0496225701311131 -0.0285439146501797 0.101837844334273 -0.0398876243360693 -0.0826606951870026
RL21 0.0511524035704759 -0.0272496540400843 0.055633189096341 0.073690692303898 0.0204950871526737 0.00494954217034847 0.0463764149826081
RL23 0.0706279108219214 0.162641696059535 0.0774890920081734 0.0707608942177577 -0.0259575981650942 -0.0300145766359823 0.0295130408747283
TR01 0.0602696365599289 0.0142500466803263 -0.110556555258276 -0.0761709315013575 0.0131394779572569 -0.0503136891676741 -0.0299593055688027
TR02 0.068277245456465 -0.0257974261057691 -0.0264684505477541 -0.00215294618903646 -0.0405789598341747 0.019986334949215 0.0383253866122098
TR03 0.0375705422324901 -0.0227179280995363 0.0368018826789337 0.112908446655626 0.0493664198207307 -0.000644090077529762 -0.123213207627405
TR05 -0.0270453400388624 -0.0814004207458754 -0.0992459477011667 0.0731725166197812 0.0856241464402257 -0.0825512157715186 -0.0571234658626118
TR06 0.0130343324480235 -0.221169374717489 0.0666804086413397 0.00140956813585515 0.00518872554008936 -0.0450256037013388 -0.0447008879398795
TR07 0.0282366778494966 -0.00562783960171256 -0.0834913116438771 -0.047874207143324 0.124547870022795 -0.00693494829038233 0.0779138392599883
TR08 -0.00983576121931379 0.0489327017490933 -0.0222761508884895 -0.03566400900401 0.0484425151080583 0.0196971604670623 -0.0741063330665544
TR09 0.140603875677245 0.00222734337138839 -0.000325404898097811 0.0685243612090747 0.0163294167940513 0.028349682703004 -0.0158618584301038
TR10 0.0878375050741141 -0.0925818395911434 0.0366657977534238 -0.0210061494433667 0.145249916114116 0.0295151179935941 -0.0379002889972294
TR11 0.0594097071197583 -0.0596241328581594 -0.0505576898787482 0.0135509134318636 0.0269116902419232 0.0673592335548533 -0.0708277584718793
TR12 0.0155886644033222 0.000531776935440144 0.13922038199622 0.0457730970057567 0.00200710538179278 0.0167047310791443 0.0054152470348983
TR13 -0.0611636567455716 -0.0994614578911809 0.154276608730723 0.0758726656251856 -0.186608744418985 0.00299224173789772 0.0356178664875526
TR14 -0.230751126366773 0.171980699777092 0.0618402754911037 0.0020016551606837 -0.0551613032861572 0.0602668028533166 0.163118758179792
TR15 -0.0189433929465255 0.0165416461915049 0.00418703683641759 -0.178828952755926 0.0712270532697741 0.00444415909917728 -0.00551778963267492
TR16 0.0160590956900461 0.121721969666787 -0.0310578421955022 -0.0731163653066357 -0.0556838904134169 -0.0714029533445627 -0.0758903411658583
TR17 -0.00049649808117909 0.0990495558614454 -0.104258105241844 0.0242260337305503 -0.00393727299355585 0.120713478492098 0.0409646790654502
