sample MDS1 MDS2 MDS3 MDS4 MDS5 MDS6 MDS7
AN03 -0.0305343567291163 -0.0235106211491977 0.0701217457460345 0.0404842307033562 0.0163976998308163 0.0190040209500566 0.04348314601041
AN04 -0.0156362695874539 0.0438550364228221 -0.0422358049825208 0.0432911724478474 0.0458760180150324 -0.0363476757890699 0.0358293580678633
CS01 -0.0726037081225486 0.0476063619375928 -0.0862307274790316 0.172065333019016 0.0247212947656799 -0.0124267411819005 -0.0114068910594362
CS02 -0.00917862011013168 0.0269339109193661 0.0771607427143556 -0.0979180106170185 0.0809597611090339 -0.0479373390451019 -0.137706494684288
CS03 -0.0578037206906162 0.0065718137591578 0.054560578732619 -0.0083090261051337 0.0245477109549463 -0.127654156273102 0.0407295940671666
CS04 -0.0265023130997857 -0.0278882963895112 0.00778116269378548 0.053009648141933 0.029729122797797 0.119798220506124 -0.0866622281998962
CS05 -0.0642839916231956 -0.0779391054316317 0.0595353436104914 0.150358137984862 -0.00580410533337913 0.0584929811963876 -0.00788450260495432
CS08 -0.337045996274366 -0.227462465185455 0.0348042679112328 -0.086158698073192 0.0304125977409738 -0.0862823806066393 -0.113242999338594
CS09 -0.0457660208378766 0.0403507115438916 -0.0827359680666507 0.0525090918656102 0.091292160353685 0.0339706000894457 0.0125643467193735
CS10 0.0511247214063594 0.0327948795464893 0.0341688834250171 -0.0794688680275817 -0.0361401848677994 -0.00296037951092098 -0.030716821205351
CS13 0.121491869375718 0.0099110141492452 0.0353356400068029 -0.0714068472067443 0.0396604519743097 0.0412398558208512 -0.136303151152414
CS14 -0.00874705186883216 0.0593003965767843 0.013370620418288 0.0542093044965543 -0.000528444950377238 0.00406381787298428 -0.0184616111717791
CS15 -0.0463477727302711 0.0158488485077507 0.0974240783431669 0.0553466777600055 0.0153683553664059 -0.00525247450418206 -0.00131866611642938
CS16 -0.0312481535500925 0.0713319626350682 0.129283585390428 -0.0243334147871171 0.137836886267128 -0.0267556878425253 0.110429525335724
DK01 0.019832556995925 0.0714892652059243 -0.0120537077904132 -0.0338422233704207 0.029309205680237 0.105428484901177 -0.0382779354412762
DK02 0.0599649655759162 -0.0380749618596057 0.0229544858931053 0.0791135823441224 -0.0515819802753323 0.0122627653973452 -0.0390313021275042
DK03 0.056511966334696 -0.0836272931865515 0.143689802968443 0.104422830712026 -0.0475254060267756 -0.0704913983201688 0.00367643373026411
DK04 -0.0888737984337953 -0.00758652635781672 0.134301039942415 0.0605718915676027 0.0226722803267749 0.00250842688854028 -0.166971717749242
DK05 -0.398907554232765 -0.363132585048596 0.0866388075940311 -0.117230994709099 0.0217572176735666 -0.132643286791371 -0.0970063747500526
DK06 -0.0610715317401012 -0.0077032423779308 -0.0484646914174537 -0.0418416708062448 0.0057392302256013 -0.103736865569066 -0.0150636788547969
DK07 0.0861610788390101 -0.00128336336108904 0.00447573243751099 -0.0666373407039715 0.0548889253594735 -0.131259854624813 -0.0781735202706473
DK08 0.0825153244468531 -0.0971858617985764 0.0336237192624225 -0.0166826151215585 0.00843609364499776 0.0894056047755973 -0.0567051044274752
DK09 0.0188161045317836 0.0259719036012121 0.00924610192232104 -0.0430961344043515 0.0315026664344901 0.0215097738232361 -0.0820680692532754
DK10 0.196124112386684 -0.15169432111992 -0.0211583637985655 0.0285820264938413 -0.0751698779327941 -0.0393274298839861 -0.044702499521101
DK11 -0.0531072406068747 0.044507589779212 0.0441503388255562 -0.0168442321472586 0.190059522016304 0.00575284580313976 -0.0398519574521055
DK13 0.020386228194102 0.068054092979863 -0.00147457165404376 0.0263826727210237 0.0414305615371005 -0.0302143481789241 0.028289265151369
DK14 0.0642982904356568 -0.0381737789106571 -0.0416917356682424 0.0586329444326315 0.109000001169785 -0.0292276629293683 0.123153397001672
DK15 -0.0972780644425907 0.0458866311061339 0.0826276558875127 -0.007034345635457 0.0469753468445706 -0.00174400186479962 -0.0816970067231092
DK16 0.0133774104459366 -0.00240644370586464 0.0427211754624735 0.0424027546965001 0.0551346978183444 -0.0610100191485672 0.0499637640151986
DK17 0.115461679933422 0.0287277143855529 0.0361541468778964 0.0331783279629605 0.021036390495705 0.0741005462564605 0.0307157469186289
DK19 -0.0361681426070726 0.0770191973154794 0.0709362080712141 0.0739703529507505 -0.0268380918918555 0.0590682182250604 0.0969608650954021
DK21 0.0875888807427288 0.0222054496168578 0.10422826471063 -0.0737614782128507 -0.0860733255743804 -0.0125261648158515 -0.0900851338640302
DK22 0.109954546617205 -0.00223609008616374 -0.00736949693166266 -0.167796087221258 0.0935233763444187 0.0166198209522309 -0.0888462945405564
DK23 0.0894874012856156 -0.0192742478121229 0.130183262793796 -0.0412426842687148 0.0449522498729065 0.054747253006552 0.0286669189513855
DK24 -0.0598802638521759 -0.0929156242451971 -0.00139060357753546 0.155052367668979 0.125516157849511 0.0729367234735401 0.0722799245475428
DK26 0.0431079500981635 -0.111326390634719 0.00319599920828207 0.019841129287049 0.00796657175604643 0.0223516033317236 0.149703478169875
DK28 0.11819520157027 -0.159181087068461 -0.0402995394759495 -0.0888042335173729 0.0854065580004858 0.00126625301746698 0.0330517607579969
DK29 -0.063306230698874 0.0557827653041603 -0.0180704148073342 0.12612801593593 0.0493431186646882 0.0821889416269504 -0.0103587807244891
DK31 -0.0686132414747625 0.0413265518218246 0.130238915495958 0.0161742748519292 -0.0745557075710063 -0.0528454586643963 0.0717143150292065
DK32 0.037228180656493 0.0559334474066507 -0.00439088197607718 0.110424645339405 0.0455543488383229 0.0695653799767844 -0.0171504503578985
DK33 0.033623611638599 -0.0754445808124306 0.0636089579833759 0.185728069522317 0.106759736707579 -0.049591595054615 0.0982957804826653
DK34 0.0931868526854999 -0.00413483255924701 0.12758008398555 -0.0333194131802077 -0.0146229577123591 0.1329534245659 -0.0160596697732181
DK35 -0.0475831152202092 0.0205552260522959 0.163078632578136 0.0922541287434657 0.0302227578306622 0.028774038166751 -0.00384694705256947
DK36 -0.019334433484281 0.0970335737815026 0.0661785942608563 0.0911621121611216 -0.01100835254329 0.0900439586317899 0.053419167118849
DK38 -0.00447141458781893 0.0313913637100944 0.0508670156570504 -0.060976971544408 0.222384922819328 -0.0057224774629881 -0.011341144409681
DK39 0.0183930032292059 0.00150258332395525 0.132870924095192 0.0953774684922032 -0.00799960564464374 -0.0327730516330517 0.0362826687658305
FR01 0.164274310789699 0.0238951542663372 -0.135235890828367 0.0823589178262926 0.0609594398298261 -0.157228817532119 -0.102087363060609
FR03 0.087631551845226 0.0344881451864578 0.0513244845478526 0.040631974764573 -0.109271347140225 -0.0297944013738531 -0.0477066445787302
FR04 -0.0118791560543009 -0.102354332486175 -0.0555613297021074 0.189817950045829 0.0157095828934436 0.11141379229346 0.106984724499664
FR05 0.0177340208996789 -0.148555300678857 -0.0334097079633675 -0.117411226766607 -0.127364241213332 -0.0308945056806311 0.206590158369638
FR06 -0.0405029133426937 -0.00750785316432798 -0.00362513947356269 0.0265397498727886 -0.103611119953812 0.125698041136206 0.0214024864021057
FR07 -0.0159950267148162 -0.208119713775201 -0.0198739844414781 0.0385888115445589 -0.0969976488580357 0.0692324269509358 0.0136543133511746
FR08 -0.0256904967493747 0.085221568640711 0.0366362320038626 0.00198474590462085 0.129682232193231 0.044776315614513 0.0995107804967852
FR10 0.0590766354533373 -0.0109102631800434 -0.0386143809792046 -0.0680883587404067 -0.0358499294547678 -0.138892996853618 -0.0269877660651688
FR12 -0.0583213480315414 0.00979193112773956 -0.078634986509583 0.0945065627640985 -0.0490238770098655 -0.0452922259318839 0.0442055250682477
FR13 -0.0519548302293956 -0.0461520095280622 0.108068206716533 -0.011641072142036 -0.105502012719513 -0.0852512724797721 0.178842100220909
FR15 -0.0124913987796776 0.0413029632553538 0.0526615408512175 -0.0229124972938455 -0.0799755918590314 0.0155821022061225 -0.03402954112936
FR16 0.059288936952923 -0.164929524302127 0.0221539582444879 0.0533984282054115 0.0135067414113707 -0.0617610332100326 0.0764095951001442
FR17 0.0249219023200178 0.0648103576774865 0.0319164085041868 -0.00404719707733304 -0.0939709095385961 0.0980897900599397 0.0583870132740988
FR19 0.0724713335268902 -0.027510652554835 -0.000961626708129853 -0.104379414730254 0.131405372701462 -0.0321386472024927 -0.0620307393146909
FR20 -0.048814750320026 0.11728956635839 -0.0475478263794105 0.00673911080198222 0.0622138387366523 0.0935783435177481 0.0132790773240983
FY01 0.0305750435413882 0.0598936321817603 0.0256837003532047 0.0339176371741873 -0.131305298288894 0.0637897259331161 0.0550290814567666
FY02 0.00151854975766862 0.13624510816746 0.0507600930891743 0.01997213777476 -0.043989208526477 0.0321896244179549 0.0291145950234536
FY03 0.0541185372944853 -0.00155722440684982 0.029527033296115 0.00658992878742415 0.0735794116717547 -0.0429547119168463 0.0217437040439493
FY04 -0.0848163419285987 -0.0933445917246732 -0.136987664073043 0.0915997535490777 0.0297614042284469 -0.0955502078354748 -0.017158542059909
FY05 0.0339612309839817 -0.019598505602716 -0.0525948763573968 -0.127161046260855 -0.0466546459718315 0.0666796893314411 -0.0819696024458886
FY06 0.00911341256546864 -0.0276368532162364 -0.0829320549952479 -0.12027638339575 -0.00205245286117528 -0.005331814299581 0.0611942995046103
FY07 -0.0669202831091958 -0.0963833255720475 -0.0274217380058913 -0.00514798550467183 0.124305506060611 0.0105000738088764 0.0944741776256849
FY09 0.0354675710068465 0.0474681353619019 -0.0498552180235018 0.087885900049405 0.0867305675539998 -0.13164768996185 -0.00747664504556437
FY10 0.0184554537082983 0.0427271729741817 -0.0801600861647739 -0.134141427133441 0.0399582602678253 0.167977930567751 0.0811696497555929
FY11 0.0690961969122086 -0.0454847303043112 0.0320150962519698 0.0709734838787511 -0.0426896290621313 -0.12586773894783 0.0507625440423388
FY12 -0.0861803088450993 0.052671175606341 0.0674162032890303 -0.035886516336991 0.0649168667455106 -0.0989320533677618 -0.0406471731026169
FY13 0.125726181785418 0.00236032954122698 -0.151990807892413 0.0199624928968982 -0.163480256234738 -0.0253138330552694 -0.0365602322147044
FY14 -0.00371369368225967 0.0864040957264729 -0.0181318763530598 0.0034759971389574 0.0852743008793819 -0.0660592028607968 0.0200379816732312
FY15 -0.00375436736184752 0.0830487295527871 0.0527671265989251 0.00169667926505821 -0.0426196138029159 0.0437318192666519 -0.0976429593473533
FY16 0.0425568209986236 0.0685367789866519 -0.03995058671005 -0.0456992032558632 0.0195396649495152 -0.0472024495533128 0.0973868619685849
FY17 0.00224940968077359 0.023431982513467 -0.0251033008322315 0.0543508621095438 0.0250698919542856 0.103461729070274 -0.0990501021166827
FY18 0.0416308693240078 -0.0479482182889343 0.0725440344929027 -0.0741813861749758 -0.051232397474157 0.0306208850317283 -0.0296560365422551
HH01 -0.135046239228958 0.0609920924685813 -0.110504183384767 0.063043923972579 -0.128770662874973 -0.0957732143263393 0.0292753714799118
HH02 0.129254410965547 -0.112945562167998 -0.0174141022968448 0.0817304863910474 0.0159138782082208 -0.174961708946382 0.0538407555435098
HH03 0.0127720028508591 0.0230617136655059 -0.0298578096237567 0.0386346309736957 -0.0995065094363338 -0.0479207368220732 0.0103941316352966
HH04 0.0712283741293223 -0.0280149191837789 0.070177222451107 0.0442604195537929 -0.0806023470536834 0.0516628618384223 -0.0330246497060686
HH05 -0.0122687231391889 0.000540619423803734 0.01372295535098 -0.0322716065362977 -0.0616672611045021 0.103398207739373 -0.0497616701453508
HH07 -0.0686216026886288 -0.0749911671552788 0.0266539239405799 -0.0547541906713547 -0.0511480250646572 0.0281994302724998 0.14027345166157
HH08 -0.0105380196556563 -0.0881393474208337 -0.0204098240938192 0.0332000666803127 0.0257910630714419 -0.000824619865990165 0.00757801542899172
HH09 -0.0486400338492621 0.0492478017191537 0.0210501339740281 -0.0546187008518566 -0.0558410724419765 -0.0489934042145388 -0.0624346237603261
HH11 0.0406978227050193 -0.0101304252664931 -0.077927724854846 0.0409820547132196 -0.135088286865371 0.0942705193977332 0.0361921278189008
HH12 0.0295229897812505 -0.00895190747757995 0.0189682205186409 -0.0137927905972226 -0.0829029998020862 0.0437438149745697 -0.137314550307235
HH13 0.0210334408977086 -0.0323185726249746 -0.0800296974520736 -0.0516925333970554 0.0796165201791615 0.00595445463934045 0.0464680060251331
HH16 0.0588191258793491 0.0628010681944939 -0.0057780191717254 -0.0863797931357036 0.0421817759246072 -0.0101701123119246 0.015809731522657
JB02 0.0612238746099481 0.0394627180612956 0.0473299092818843 0.113583101974146 -0.0844543217377359 -0.207549656961928 -0.0281389852058079
JB03 -0.0461558277062915 -0.0505922894033399 -0.104202585861649 0.0228964675422384 0.0139417425793827 0.123325801752696 0.0726723215009703
JB04 0.0743945823167713 0.00127005745524729 -0.0407349387543737 -0.0681371973172089 0.0161374569920441 0.00317841864671097 0.077391751659675
JB05 0.0516064733191085 -0.0285693789986584 -0.0995105676618694 0.0834852868016665 -0.00325711890636773 -0.162690529214191 -0.182596320198989
JB07 0.000635126338978104 0.0148927462983865 0.0459420459436049 -0.0147903520131677 0.0265561507759402 0.0822689481296498 -0.00251191160001966
JB10 0.0377593587565265 -0.0831061361966256 -0.0458733281888116 -0.0271474431088872 0.0343190696040777 0.0103832652897061 0.04696814373836
JB13 -0.0170895036329945 0.00941863507480742 0.0984788803386684 -0.100253328503828 0.0140596590094746 0.0740549360964537 -0.0455277535343288
JB15 -0.0477717179982203 0.00846915787431005 -0.187648194064227 -0.00739544237785959 -0.0588830214482277 0.0670392843793334 -0.0528382928399634
JB16 -0.103738978800855 0.0462922369930395 0.0172301484164762 -0.00906366579599851 -0.0323164235407621 -0.0598518279005689 0.00483476888827901
NB01 0.0117419778764663 0.0198483456282882 -0.0277356068834357 0.0547098549982779 -0.0670861678218565 0.0504612190998391 0.0159351605314451
NB02 0.00864558796355537 0.0363808665079218 0.0494115847861427 -0.0590487006342385 0.0373216474041708 0.170197056179533 -0.129891145223555
NB03 0.0412515228154123 0.00535894938248836 0.0901282552719231 -0.00476676041938577 -0.0454703601186879 0.00521834384433008 0.192108311367665
NB04 -0.0228273246447239 -0.0166359666308732 -0.0234486126915621 -0.0116092062113079 -0.0520701153141254 0.0181838323950847 0.0167270790559057
NB05 0.0136397016158102 0.0753648377193443 0.0978892259076033 -0.145743886709339 0.059275882441623 0.0306780161809499 -0.0273960037519056
NB07 0.0736773654255974 -0.0969376921006957 0.0531917852420295 -0.0142818827261832 -0.0554363655794964 0.0851913980643747 -0.0329069769054299
NB11 -0.0240531945038221 -0.022065527566261 0.0562321117128063 -0.128868037622296 0.0752785348300813 -0.018703511300104 -0.040192372724361
NB12 0.0505031622444 0.00981766349613798 0.0471476469282466 0.104479202884948 -0.00951620470927635 0.0152925435515548 0.013570430313582
NB13 -0.0135377307191741 -0.0148255450230529 0.0541150745707562 0.0886184130667617 -0.00214592893525425 0.171994808297553 0.069286403099541
NB14 0.0521999345511688 0.0561618448051084 0.140220468172596 0.0468476971866997 0.0548953772468759 -0.0142891368623003 -0.124385907130224
NB16 -0.0954708883934633 0.108137516771112 -0.00760014813035601 0.0206724479485731 0.0485530072499346 0.0367368702300659 0.0239899072395455
NB17 0.0142935554869924 -0.0029624510432795 -0.0469904638508293 -0.106135465625284 0.0457185518711204 0.0603741004755275 -0.0450078066632664
PA01 -0.113509472755682 -0.0586103128743549 -0.106129002704698 0.0240435742995495 0.0862840698609298 0.120653026956747 -0.0935895046258462
PA02 -0.00945631940532637 -0.0152815135608233 -0.158283487702008 0.0676814759556693 0.0149491193938407 -0.028141365286481 -0.0142804622490215
PA03 -0.063312517102805 0.0317068262780732 -0.00400321247683252 0.0722143394026613 -0.090722713691763 0.062214294655941 -0.0191866371584535
PA05 -0.049147377435143 0.104698037519327 -0.00840904625182383 0.088321937517569 -0.0819653914253708 -0.0673392597966954 -0.0444941369770981
PA07 0.183705748228573 0.0380119664807394 0.0502595660018708 -0.0305454103996453 0.0259093312009834 0.00211503439026692 0.0421447535268405
PA08 -0.0465511504482131 0.0634670580227708 0.0168513756889365 -0.077885808178207 -0.0763951319036719 -0.0150585060754614 -0.0504847008224789
PA10 -0.0665310831497634 -0.0443725508118098 0.00674640401855561 0.0917271529465276 -0.0852291328184935 0.140333657572495 -0.0353385004099459
PA11 0.0894862572101523 -0.134848361550963 -0.0245754541287525 0.0700340690524859 -0.0339702532484794 0.0802187424173039 -0.0831165035602892
PA12 0.000318725010129208 -0.0288079316460679 0.0514124338206061 -0.0404457933435012 -0.0266153460125157 0.196321454784622 -0.0702386018349059
PA13 -0.015573097423397 -0.000946730648799628 -0.0230608358091828 -0.136236877612162 -0.156939047989381 0.0158501259837273 -0.0205368182246054
PA14 -0.0922474048591007 0.072226983848381 0.0230238976227207 -0.13269415470687 -0.132083168468597 0.014956440679043 0.0234142132756121
PA15 0.0503843582931443 0.039733035557207 0.00277266052125092 0.101083260978371 0.0519745044640827 -0.143428438434661 -0.12712882405553
PA17 0.0464858640326982 0.0411052830269617 0.0303724261333659 0.0215625598576896 -0.0283980813764451 0.0145412593758216 0.0152686905193741
PA18 0.0381028597515657 -0.0371234168873172 -0.0889372391248131 -0.00231477649830625 0.150482774377517 -0.0918357218231187 0.00311149565145689
PA19 0.0206817609116721 -0.138130360474407 0.160877507944359 -0.0249882074407756 -0.00849216213301942 0.0179656681688328 -0.113520470089383
PA20 -0.0642012384038089 -0.00765278603265044 0.0869412769945953 -0.00796918943364937 0.0546653378979758 0.0145245826702724 0.003939676017699
PA21 0.0200697581756663 0.0643815168315802 0.11415900097181 -0.0713239361633526 -0.037970735030935 -0.00811774765751647 0.107077465547999
PA22 -0.102477603056865 -0.00899950766573761 0.0692554056444117 -0.0275667575391242 -0.0434534448546384 -0.0313672536764338 0.0867620192310753
PA23 0.0490015358473811 0.0359562195193314 0.0279178284265399 0.0812548339395521 -0.010432364556278 -0.0763292952134351 0.0387345767184924
PA24 -0.0052395772441906 -0.0518770684075253 0.136212438731833 -0.0319643050021759 -0.00770853521827413 -0.0335744161887421 -0.172693611235658
PA25 0.0211902543554787 0.00366684301024995 -0.0035534461837556 -0.0304603390309789 -0.176493460499136 0.0139329324999305 -0.0362527464656112
PA26 -0.0348245373376269 0.00616602674775051 0.0114038054779429 -0.0384124452958357 -0.019278454439085 -0.0562532641799082 0.0562702673913656
PA27 0.0555399715134439 -0.06817487602264 0.0340312481147686 -0.043844328233523 -0.0850243632840538 -0.139625325059735 0.00901761441324001
RB02 0.0550374728464359 -0.0293398629137578 0.0113989370036787 -0.0959313467315688 -0.130796497260489 -0.152054964367553 0.0739383292613705
RB03 -0.0574299121702059 0.0225008355329124 -0.081329446371397 -0.0117467301048493 -0.134757131650557 -0.0824195990237218 -0.0562332679854734
RB04 -0.0181083024419153 0.0546044960764253 -0.107005901234712 -0.0460689618813781 -0.0515252147750461 -0.0242298072527078 -0.0425275002222879
RB05 -0.0263513529605763 0.0203510264979039 -0.0834532672663144 -0.0267816108446863 -0.0404612205568266 -0.0696329607842917 0.0423719636318039
RB06 -0.0233022664393732 0.014877199330671 -0.125093754363464 -0.119396522973416 0.106491013543917 0.00331908221291464 0.0515927232487342
RB07 0.0296271406814911 0.0379282378856204 0.0278982495727385 0.0471259054558404 0.147297230698862 -0.0856235630337415 -0.108270868047585
RB08 -0.0819731859409455 0.0489626503381448 -0.0617453099918878 0.0838305132990293 0.0632955266022093 0.033838577019562 0.0315683732138617
RB09 -0.119743878430269 0.0147116446719144 -0.00101875960529943 -0.0393346052090047 0.0336065136037877 -0.0296874045803421 0.0736845677127666
RB10 0.0485827611783062 0.0263141276653622 -0.0521986810755429 -0.193489078232497 0.108327782723971 -0.0554787983681566 0.0137622272122559
RB12 0.0832298468826494 0.136467931001296 -0.0513439768371388 -0.0331328220005004 0.0453072158345078 -0.0743389237703442 -0.0261829264647259
RB13 -0.0344419945118771 0.0877864516014375 -0.10170238920445 -0.0409624895156757 -0.00128411477307269 0.025109189081854 0.171440885876586
RB14 0.00518433919254585 0.0218508811868061 0.0295355808737627 0.00308248795109667 -0.00715684238764792 0.0273025081191139 -0.0248142749067085
RB15 0.000363838252436143 -0.017851284874927 0.00126475727325093 0.00826623588855041 0.120121274060769 -0.0182135983486092 0.106614234523087
RB17 -0.0588539020666605 -0.116235929943187 0.0309662893377882 0.0301964388516172 0.114258022983003 -0.00914931951158035 0.0878277941156212
RB20 0.03774932147753 -0.0550777084124894 -0.0364384086488431 0.0120988241262768 0.00483210281033869 0.0716389938997817 -0.0337233830556458
RL01 0.124640116275537 -0.0835447657906576 -0.0214111176934841 -0.00980309360417432 0.128578918393535 0.000547427772726129 0.0914664267376355
RL02 0.0114302651594792 0.0128925397311151 -0.0932035585643333 -0.00802795446843023 0.143228260734883 0.00909052515103817 -0.0729138378159356
RL03 -0.0681877029456278 0.0583194165491485 -0.0596785946447152 -0.0372279414359271 0.0896147685651526 0.121393273900069 -0.0459809887528113
RL06 -0.0257016801524733 0.0986464994569195 -0.0608262705898098 -0.01993362076171 -0.110147536473719 -0.032040730244058 -0.0670600898194189
RL07 -0.0755826735275951 -0.0253917437153285 -0.0494753390366447 -0.0124085462020273 -0.00585316149114268 0.0285815712663642 0.0153973946614142
RL09 -0.0229333826726972 0.0669044703098741 0.00037232946053544 0.0297679343434239 -0.0770825332344003 -0.109316320968567 0.010938608569115
RL10 0.0101507367061473 0.00411652565740741 -0.155701758160697 -0.0248248598088667 -0.0603172890951872 0.109330119542312 -0.0752384378149249
RL11 -0.104198534212605 0.0670329024369276 -0.154868872355165 0.0103708516200286 -0.0449858010473517 -0.122746243082456 -0.0839529375778796
RL12 -0.101206686796326 -0.0460858762757593 -0.073883792489109 -0.0777112662726168 -0.0354059784110357 -0.0328249821362272 -0.00858739145661288
RL13 -0.0548297532854708 -0.148993248885105 -0.152779530738116 -0.0202088584252436 -0.0395776298328629 0.0793688979488156 -0.0922934346203138
RL15 -0.119190222094702 0.0968405680025056 -0.121039662625432 0.0134434057262081 0.0579161876884539 -0.03448142147528 -0.0755625605761492
RL17 0.0255068514940031 0.0274119470128082 -0.0388552008871735 -0.0609820134709937 -0.0787966640026045 -0.0592173741711338 -0.014993523478133
RL18 0.131107858309176 -0.205883410222127 0.00735364081038909 -0.00345894915392306 -0.0203039652986928 -0.00179287164203832 -0.00592079795993636
RL20 0.00143456132972456 0.0117023660888493 -0.0666714572748777 -0.0988329624861288 -0.0259087859852224 -0.0910122852178676 0.131823181704602
RL21 -0.0384769240768643 0.0557825890702971 -0.00798663458489547 0.0524385689564464 -0.0531357415181271 0.0113610631460567 -0.0162431138445034
RL23 -0.0135853258662286 0.0180020929264083 -0.187592988537368 0.0472093528302497 -0.0488395178869648 0.0167826974884725 0.00113415886093422
TR01 0.0282822610533607 0.0713512737218382 -0.024815409769537 -0.0715052998990337 0.138457200532323 -0.025296815597587 0.0722088878150411
TR02 -0.0155210153774051 0.0420027224718002 0.0200511004415071 -0.00292212285769292 0.0676316941601226 0.0557546044202791 -0.0352010025837458
TR03 -0.0461418455723399 0.0608798411410672 0.0148054814777607 0.0834724978953204 -0.0837317776467175 -0.0307253641909657 0.0850346919060786
TR04 -0.047440376888187 0.111151473164962 -0.0568164064062898 0.133651782809123 0.0790764954845467 -0.0133566298272362 -0.0136382516206894
TR05 -0.0437759818174522 0.0191477383514486 0.116164704240446 -0.0289770584585305 -0.0074541411066143 -0.0759633951049716 0.16476131633758
TR06 0.0071568741831084 0.0812060791561437 0.19391373321815 0.0337287793010484 -0.026539001899637 -0.0763341485872804 -0.0509991478675899
TR07 -0.00143519888671221 0.00487263937800899 0.00365747518007211 -0.152100425195918 -0.0418674340386784 0.00187222734928588 0.0869705001067778
TR08 0.0660264925986939 0.026244260604941 -0.0448555549976661 -0.0374396524912362 -0.0455827429435132 0.00684264153959185 0.0700568688609144
TR09 -0.11755505223822 0.105055868864965 -0.0389718494895581 -7.1411780940429e-05 -0.0696977064396955 0.0619934363076696 -0.00293050924940564
TR10 -0.0314049102231344 0.0902558511726216 0.048100793029726 -0.0945347255502272 -0.116968714527366 -0.0158109296603018 0.0311723712578162
TR11 -0.0348918637303005 0.078279938855939 0.0451647265220337 -0.0446818764645602 -0.0313251450351075 0.0297659788205709 0.0967622398160104
TR12 0.0120170361830758 0.0225878136230709 -0.0300888650861848 0.0933709086867397 -0.0837526388013601 -0.0222918935566055 -0.0907736262499996
TR13 0.0335677580433954 -0.00359395482555841 0.071875500430931 0.202854972337745 0.0101019031662363 -0.00907537003921141 -0.126140604818389
TR14 0.154459954795531 -0.230448370045952 -0.0979020948444884 0.0736398552501852 -0.0144048465951432 0.0791150254110212 -0.0328947096802967
TR15 0.0797068926793257 -0.00111959109801495 -0.0255207652382037 -0.167120227038812 -0.0172322464421277 -0.0159529466856732 -0.0862201834289061
TR16 0.0774498293146834 0.068087020567552 -0.170361969512744 -0.00958875933388032 0.0587330989561655 -0.0108960754784944 0.00783237614791468
TR17 0.00714341139464298 -0.0454948372682962 -0.0598060914491625 -0.0349927803641986 0.0359774768656215 0.137788800093448 0.141227269633913
