sample MDS1 MDS2 MDS3 MDS4 MDS5 MDS6 MDS7
AN03 -0.0555478226571899 -0.00448506779610274 0.033400774113752 -0.0106145587277787 -0.0048617019561403 -0.00995264178234336 0.0442281115438521
AN04 0.0108476810554515 -0.0744840250385596 -0.0233947780347155 0.00560513132103097 -0.0128553797690176 -0.0060602803675549 0.103366284549783
CS01 -0.0161220804340351 -0.0706253113639512 -0.0188354070727178 -0.175855444783183 0.0224993330531125 -0.106324375619211 0.0475603380730442
CS02 -0.026059597754069 -0.065111107178804 0.05735797441516 0.117655395621216 -0.0567139522177175 -0.0609132408985447 -0.0565937504077084
CS03 -0.0462171191450349 -0.0347737016928982 0.0293895463735651 0.0694526219286702 -0.0112198698211413 -0.0372114255581451 0.046320886341955
CS05 -0.105615853380627 0.052352037460111 0.0407219507331673 -0.124326024135787 0.0699563007027185 -0.0620824057405861 0.00446385981598855
CS07 -0.0211906408430927 0.107469728343297 0.125484753684869 -0.0249450513537426 0.0710754962570046 0.120706443345801 0.0531230327354908
CS08 -0.397622262710534 -0.0271428298652562 -0.0847597671460586 0.095326019936785 0.0183812828946974 -0.0265849419339301 -0.116262394444666
CS09 -0.00977963881002794 -0.102508196809949 -0.0459787904519223 -0.116018389589351 -0.0230210255779972 0.0123246327070831 -0.0562987513397041
CS10 0.055391060474486 0.0168780399160382 0.0606162222983179 0.0745197082208728 -0.0115025199103073 0.0344253841950083 -0.0304934322328316
CS11 0.0283155546518462 -0.0988636280270001 0.0596323711238059 0.0544886693451243 -0.0374744613640273 0.0861912853100091 0.00703128101315852
CS13 0.096649582179589 0.0231062045133352 0.0359228793851675 0.155041684396392 0.00216945182628614 -0.00759756623214264 0.0644796364000657
CS14 0.0170968792916131 -0.0449051029207071 0.0482588808110342 -0.0525540926661739 -0.0435539670090619 0.00948844695851049 -0.034257238422765
CS15 -0.0575427017949385 -0.0583103700711935 0.0549940679201697 0.0415216431327246 -0.00878726372386262 -0.0635392204421931 0.164809798705043
CS16 -0.0178947977806816 -0.0689726540855187 0.12113961573915 0.0151371729216127 -0.12798268413582 0.0356926048885712 0.0291743253063803
CS17 -0.0822150722555198 -0.1025557104009 0.0270092095536735 -0.0766520741582144 0.00819564998115466 -0.0862365540908567 -0.142490922548424
CS18 -0.0411333036410089 -0.0010865175915164 0.0836843451227231 -0.0302162995075309 -0.129531990442973 -0.00455069009532022 0.0157832629961924
DK01 0.0536490368799091 -0.0554469695786332 0.0103694772849381 -0.00969658510394425 -0.00836899592173915 0.00992719099798539 -0.021872920441289
DK02 0.0246262551841612 0.0712457383494414 0.0218774615365422 -0.0531083710986595 0.060898507868849 -0.0670351881714355 -0.074278038340879
DK03 -0.0256680353733087 0.112065225550429 0.110457184078023 0.0088566989515462 0.0249350661304755 -0.0149017022012766 0.0622991773538209
DK04 -0.125471907946014 -0.00333198228158824 0.067257785036415 0.0635735767837999 -0.0664249223449834 -0.150167810289053 0.0446008078783767
DK05 -0.542012907216424 0.0590525943413771 -0.11733158528706 0.131553035664558 -0.0530870754346964 -0.00401286227394371 -0.14919826035485
DK06 -0.0377589299411431 -0.0480982727128219 -0.0539111621909055 0.00611123575173332 -0.0274488157366879 -0.0567734641954258 -0.1004317699781
DK07 0.0788303574837457 0.0470662608779783 -0.0074787617318429 0.120950165767414 -0.102164234404908 -0.0432832000581067 -0.0587445652182267
DK08 0.0167564496724673 0.113234779563993 -0.00709284921164768 0.0381932512521678 0.0588521259417938 -0.0472283047502558 0.00877802564131308
DK09 0.0211225699961309 -0.0315723614246831 0.0376135677407038 0.0750652053696022 0.00152784074399231 0.00494733649107598 -0.0116162259662875
DK10 0.078678744597376 0.195524385734806 -0.0874210673689854 0.0398250293886498 0.0528238973288907 -0.0592143140880144 0.0348260498848209
DK11 -0.0463024147533966 -0.0821867446601147 0.0729297296404942 0.00417274774989821 -0.164893728845763 -0.00294292794546361 -0.000508867864252083
DK12 -0.0423650148067111 -0.0633462058272244 -5.76814629178539e-05 -0.023147708388699 -0.0646026128850211 -0.0168869590263539 0.0792290320499647
DK13 0.0333689874823295 -0.0100743419325699 0.068785809984709 -0.0451861239366876 -0.0830234148632301 0.0375834760734914 -0.0246716845987545
DK14 0.0648957488613242 0.0640558065993113 -0.0346263457335383 -0.0963565318612823 -0.0757907555839962 0.117848981564879 -0.0247307808798116
DK15 -0.0814875691414173 -0.0902820350975787 0.100805215491702 0.0718911914080306 -0.0136670221648789 -0.0616806116516726 0.0425304290588879
DK16 -0.0138053692264803 0.0217529186614389 0.0609328040334764 -0.0813165834709995 -0.0429010246665005 -0.011691700330491 -0.0547693450221668
DK17 0.0941202228022874 0.0254925114029223 0.0522816648990239 0.00781237397183664 -0.0134535737129918 0.028524749093719 0.0564718268916231
DK19 -0.00942548201018873 -0.0423993278404682 0.0826450294842461 -0.0976739560330672 0.026612759362747 0.0233171387595332 0.0587273330522776
DK21 0.0539188121559188 0.050849007675231 0.104648710390394 0.135460293732808 0.0422185646009221 -0.0569121896932485 -0.0207516747267588
DK22 0.0935216450061207 0.0158361926194609 -0.0520498916616704 0.178773930916666 -0.0821238789729416 -0.00945014805933787 -0.0243421687120488
DK23 0.0458412729803487 0.070880463933694 0.0827717846854536 0.0734374332903179 -0.0145657974014538 0.0424552987920308 0.0768975298075484
DK24 -0.107678006725854 0.0568337961888429 0.00167430244822827 -0.21276330647238 -0.0630308754757549 0.0259157764384697 0.0734953682686864
DK25 -0.0616517836173797 -0.0648219474112746 -0.0298266804771192 0.0311467410640359 -0.0459360752399747 -0.0598906425404019 -0.0220124886580657
DK27 -0.0267069242471722 0.135534323849971 0.116021138955875 0.0197967510206428 -0.0430695641802736 -0.0408867162565954 -0.0312377820153061
DK28 0.0606722366163497 0.0883966736181255 -0.150058248491944 0.0960678502317403 -0.0177996834520566 0.0232406195574102 0.0152015343956471
DK30 0.0936707556387148 0.120557948821235 -0.055111837127731 -0.0834691854916923 -0.18253799804425 -0.0605990993816098 -0.049811611202751
DK33 -0.042373403950763 0.133885080756898 0.0589424842480351 -0.140909820590368 -0.0981780758586094 -0.080292176584182 0.0897020223822977
DK34 0.0228941632387703 0.0716689141238388 0.102627687006268 0.0571019069038667 0.0395006853390493 0.0782964341861321 0.0676975805250691
DK35 -0.0633644879900171 -0.0145784291184038 0.150590249773058 0.00429667169618719 -0.00925057379602003 -0.0520737599605901 0.130018886720059
DK36 0.016158782801899 -0.0510681054729274 0.111523920640081 -0.0842949978026031 0.061711114733213 0.00654501830689491 0.0703791415108328
DK37 -0.0025991749720488 -0.0457665752448062 -0.105315188664821 0.15862398519102 -0.0487637027936463 -0.128893708187663 0.357342207129655
DK38 -9.53898009604266e-06 -0.000860192805217006 0.0370232316143651 0.0307136791454409 -0.257455418004402 0.0190788651587298 0.052554633283219
DK39 -0.0197370221216713 0.0608648541844633 0.13958075479596 -0.0547621258496518 -0.0127443577942751 -0.0319679060609143 -0.00984836704117885
FR01 0.174567901910738 0.0292164197042263 -0.0755738683539783 -0.050815508466235 -0.0454448098257797 -0.20988154292598 -0.109029081107364
FR02 0.0631798194245259 -0.0783934137950254 -0.0236328916205053 0.000508871025012789 -0.0143452819026151 0.0304577152819605 0.0434500071799807
FR04 -0.0373123049089996 0.0631973390559595 -0.0400331486028055 -0.203465777644538 0.071836702916339 0.00514583550449919 0.13095366746621
FR05 -0.0356036701070736 0.117855963112954 -0.0856379414570727 0.042028322587987 0.117816620973828 0.150581454435369 -0.0355323165238735
FR06 -0.027583302546931 -0.0265416492443583 0.0141808295689395 0.0016250037160058 0.202563281413601 -0.000536799825362828 0.0409595778073732
FR07 -0.106186929002588 0.171468331932356 -0.05021132377886 -0.0419511015205425 0.120108285886751 0.0842635529555064 0.0277686183903683
FR08 0.00899622369940897 -0.0584031998483001 0.0586533310769237 -0.0895338290627242 -0.136715332865633 0.0959674066267662 0.0496547020912347
FR10 0.0656192240394185 0.0324816306693531 -0.0439200357327437 0.0940644299653214 -0.000978726154591123 -0.0163789038969238 -0.0793216818910712
FR12 -0.0223362515763608 -0.0420382301622256 -0.0717078791892516 -0.0801037734579292 0.0667224898495149 -0.039498068577007 0.070490857660294
FR13 -0.0741660323321599 0.0853648871497532 0.0841375730691911 -0.0230259504942986 0.0711176617247082 0.112732846412054 0.0160998194881296
FR15 -0.0117166496024858 -0.0172548406378761 0.0969835567596352 0.0385928959481068 0.111139484902016 0.0116809478746987 -0.00103312811265159
FR16 -0.0349690456491593 0.168206404675367 -0.0339507485524245 -0.0448836028019702 -0.0127944805855303 -0.00730974237051506 0.00210935089988534
FR17 0.048154285275385 -0.0376369124675609 0.0704547302109297 -0.0241163712628833 0.119696091902832 0.0506857443680554 0.0427023274398776
FR19 0.0548114929721028 0.0214568515513986 -0.0341069513318487 0.118220312325275 -0.130259427978946 0.00639559631327029 -0.0748009509350785
FR20 0.042160765243785 -0.163345706872204 0.0199520565064596 -0.053060503665057 0.0293674110419033 0.0258321820016788 0.00157087480620652
FY01 0.0490910415160212 -0.0149641309434326 0.0423465303556619 -0.0260853538905724 0.131894193413633 -0.000884376596245051 0.0433807014242631
FY03 0.0398994304318854 0.0185649468140095 -0.0230207685251302 0.0141092163585077 -0.096851493543846 0.0291569122135073 0.100647271162129
FY04 -0.0896335109506038 0.0200947884342478 -0.135765591624169 -0.0678733861851952 -0.0316685589285349 -0.109150963839828 -0.0422955496356496
FY05 0.0192203652496817 -0.0385357839626646 -0.124812469587961 0.134965855817379 0.0210512177200416 0.000358780867897004 -0.0282689323871952
FY06 0.00338662635298439 -0.0259734688238974 -0.116962482014121 0.0405571886409999 0.00757370613524961 0.11162570175976 -0.0527273789097285
FY07 -0.0942677625138092 0.0454512383846711 -0.0720926738604607 -0.0864840515106662 -0.125942553175373 0.0848389127918494 0.0246067042063056
FY09 0.0420692243565053 -0.0289336520164175 -0.0204241298164006 -0.0521359815233479 -0.132304555599674 -0.0946657753583854 0.00566188923096608
FY10 0.046117964970582 -0.0679697101193568 -0.0534826422829012 0.0107376213289158 0.0269262743635925 0.17985377797812 -0.0251858502651052
FY11 0.0283180170872523 0.114201321816403 0.0116495758332699 -0.0529451459961337 0.00460547411586615 -0.046933473953142 -0.0341175230176275
FY12 -0.0515941485382806 -0.0318280840622387 0.0868103646410429 0.0561009783644986 -0.096334195537199 0.0536203678572232 -0.0253368321506867
FY13 0.142187761736925 0.0471550467842893 -0.107031345871573 0.0275517656445185 0.169369280474993 -0.0814486117660637 0.0100951614618581
FY14 0.0336406510903698 -0.0782543604848621 0.00107159694366436 -0.0243231693737049 -0.123136492188007 -0.00119750263191603 0.0435121810367782
FY16 0.0851278204210426 -0.0511077392746796 -0.00775184960869782 0.016652276912037 0.00386119158102124 0.064996891536769 0.0199980179759028
FY17 0.00845079516576024 -0.0538486881864866 -0.00329105218218143 -0.0396743861955677 0.0286555359256356 -0.0865664138834349 0.0593947529311551
FY18 -0.0211027237982789 0.0229592741702885 -0.00997640949318344 0.136767677919188 0.0512510609025313 -0.00878833886822794 0.0791627528516297
HH02 0.0453268981682505 0.194153408267916 -0.0115441983548458 -0.0598814952045735 -0.0392063600558136 -0.0650135811794607 -0.0792494351516199
HH03 0.0252579103486496 0.00120780088184743 0.0192184930057034 -0.00863454884866084 0.0535095093943305 -0.04664675762169 -0.012028419421779
HH04 0.0383558584512442 0.0907293419101552 0.0862677366065781 -0.0106775088095678 0.0737848321677093 0.0227334892762985 0.00874816255765682
HH05 -0.0220301620671447 -0.0242687385684973 -0.0195929436719575 0.0601460299911939 0.0798261347057171 0.022143571966255 0.0225079947024927
HH07 -0.0768668666486687 0.0231388455289931 -0.0354596001882147 -0.00017045878686587 0.0586111916356187 0.0886768208497682 0.018504337944735
HH09 -0.0235475649466653 -0.0463097165578638 0.0270451102158838 0.046266084910693 0.0218590994028553 -0.0506668027521283 -0.0831476612191724
HH11 0.0429017886439821 0.045274800512009 -0.0344162961703798 -0.0550520614931317 0.11982078441317 0.0369628716234669 -0.0323563129465244
HH12 0.0033142601527113 0.0163354836222281 -0.0126859597071954 0.0939278926741783 0.037231091618621 -0.0492254486037316 -0.000361362059788991
HH13 0.0215123326041195 -0.00152430033495299 -0.0583713980797039 -0.0223913283955209 -0.0409028884973607 0.0578783527868336 -0.111696234121672
HH16 0.0923826887213375 -0.0400881962871448 -0.0274420791852142 0.0317743832245256 -0.0565313247084783 -0.00422029831710597 0.018885704155447
HH18 -0.0131816298775024 0.0798524925738039 0.0905211828590927 -0.0860291712022628 0.00526058464084404 0.0587687852937607 0.0337400736856229
JB02 0.0459805652294966 0.0873529106903067 0.089023974515464 -0.0445451870594973 -0.0192411580554493 -0.12617987795816 -0.0498453195854861
JB03 -0.0359137363678171 -0.0300242202151412 -0.122754477308596 -0.102572358329326 0.0279196523669068 0.0734632569531961 0.0941966953572948
JB04 0.0805126530675516 0.0116026494561976 -0.0993209599919897 0.042772958744863 -0.015527513237433 0.0310761403124933 0.0804111461262288
JB05 0.041814456420971 0.0314229655945411 -0.110878281759727 0.0251662386306456 -0.0235933974874786 -0.234856309811369 -0.0370760642800515
JB07 -0.0169550453758503 0.0118856840321033 0.0351760212763724 0.00261268079865283 0.0243580834107899 0.0146269086343221 0.077534848440835
JB10 0.00564705700903913 0.0964184530475941 -0.0559499989348256 0.00212804365349702 -0.0550876829557499 0.0803700174546592 0.0147689104309405
JB13 -0.0457482085175138 -0.0517017401428258 0.0536697783843516 0.119969716039584 -0.0171507241722931 0.0111525854436212 0.0255017897526957
JB15 -0.00242220307803007 -0.0973397324152026 -0.126629438979646 -0.0168543104724452 0.11420319716172 -0.0329748167481367 0.0145711075031344
JB16 -0.042770887047423 -0.0894644110771191 0.0411360427206011 0.0268794512570785 0.0250465490113967 0.0202167653052071 -0.0231028328418365
JB17 0.0448850628771993 0.0466450437414751 -0.13222561294878 -0.0646593447521754 0.0639238462649982 0.102814988706918 -0.0417242564474484
NB01 0.0219479460129506 -0.0141427680545699 -0.0261679920958123 -0.014865299523842 0.0794987935120458 -0.0733851869072658 0.0441657201857608
NB02 -0.00225494166470746 -0.0787204480059267 0.00711634116024342 0.115137138111167 0.0225229660305807 -0.0053379270020767 0.109377364501941
NB03 0.0301394234004354 0.0489399978670718 0.0389768450748667 0.0392982505752396 0.0321780067817125 0.123788586292916 0.167537272345223
NB06 0.0548516242747799 0.0155489380136046 0.0672989802094331 0.0282825993168519 0.0840337718964432 0.00112087218230546 0.0666618357082956
NB07 0.00677733482878297 0.143035415777071 0.00111889431752521 0.047324015818982 0.0264234278732522 0.0484319144541677 0.0148821237039815
NB10 0.0793637398824873 0.170315452585571 -0.059412525032503 -0.0491254193985421 -0.0707937843713583 0.123293473242588 -0.0361727845547737
NB11 -0.0348540735179736 -0.00821843062282584 0.0113696287670205 0.157709352375477 -0.0603983012376541 0.0431633009854832 0.030407840314279
NB12 0.0314536405985403 0.0459570753195213 0.0773825801069588 -0.0604282806385626 0.0185783627029454 -0.0718794947164058 -0.0187252494454939
NB13 -0.0268082005116136 0.0383786637476648 0.0558654228361448 -0.0799795986428737 0.0180992254110908 0.0715507889115077 0.105640545272613
NB15 0.0239651224571419 -0.0820136188396701 0.0578047932493479 0.0147738466532493 -0.0446941777280365 0.0587373186471349 -0.00352796294205508
NB16 -0.0223130771891574 -0.142237931681233 0.0229604127224786 -0.0627758072830829 -0.0101371420000961 0.0301069449596022 -0.0302824864915804
NB17 0.0161542028514303 -0.0338942061811577 -0.0548265061188351 0.0632223936734526 -0.0242911516931124 0.0610452999507932 -0.0295030489008635
PA01 -0.0999465873371827 -0.0531855246038841 -0.11214601532688 -0.0449352393926227 -0.000985375301368791 -0.0281246402941359 0.0212045487661607
PA02 0.0123195691553545 0.00507304152467597 -0.138049522135719 -0.115545658784633 -0.012216507699966 -0.0681213569877559 0.0105236782373099
PA03 -0.0310228895431551 -0.0544227437783477 -0.00262621835385743 -0.0597147986234957 0.100210751979652 -0.0847491401140017 -0.0111613265163875
PA04 0.0223419069652682 -0.039163999847861 0.0342349980815414 0.0852786146561215 0.10648479978683 0.00898411380319981 -0.00357700799388899
PA05 0.0194112430736514 -0.0586390536126755 0.0825070117410331 -0.0235199950241666 0.0488426892635066 -0.0720509016370026 -0.0684820596610018
PA07 0.160648290286358 0.0953513194582357 0.0432817163478478 0.0600200510153465 -0.0653860017176966 0.0404442781242103 0.0840680568732538
PA08 -0.000826869762100957 -0.0792465197003401 0.0333860063414456 0.0891777630743344 0.0820115210714611 -0.0429248322645142 -0.0610574443555117
PA09 -0.0587840909785011 0.0636233878356554 -0.0418052145373628 -0.0860183650006574 -0.0881727509927352 0.167792910265024 -0.0292329423731963
PA10 -0.0720587960063397 -0.0113705858435936 -0.00986633748700823 -0.025290232981149 0.127646197002346 -0.0746902558814967 0.0776297669112625
PA11 0.0220227092611747 0.15433034109106 -0.0469222161282146 -0.0251256877497875 0.0350626268614183 -0.0547212183633186 0.0043856543635631
PA13 -0.00246579835986696 0.00935694419849605 -0.00889683595117261 0.111979245514532 0.112388094126526 0.0381090333086571 -0.111490394384429
PA14 -0.026938857258486 -0.0693812445363287 0.0483401443511669 0.0577934460375168 0.0613927757082056 0.114667914062034 -0.109719147516457
PA15 0.042935640178565 0.0324527642065811 0.0306123099631289 -0.0595033571770526 -0.105141540097573 -0.192687262726088 -0.0887384278444575
PA17 0.0395317713210219 0.0173654968438438 0.0613297617545615 -0.00699192340643148 0.0434401338035725 -0.018829779480628 -0.0674189243053263
PA18 0.0345217016544066 0.0402812101429353 -0.0755601057028033 -0.0716423496150045 -0.1571308002729 -0.0607410788577375 -0.0827471012453801
PA19 -0.102866555189165 0.153381806694212 0.062245259958212 0.103464321757812 -0.0395027513363348 -0.0479197377986939 0.048241384463724
PA20 -0.0667432359743232 -0.0172829275142418 0.077540056680556 0.0345473577175997 0.00636653259136907 0.0371892718186795 0.0763405956867407
PA21 0.0268223066025529 0.00676670144311108 0.105733489560305 0.0359344478612177 0.0338602642785668 0.0824233010614474 -0.0179126272589707
PA22 -0.0990622465048938 0.028657326709523 0.0818924988926477 -0.0159008965873762 -0.0134360124890371 0.126747640774579 -0.0469331661030823
PA23 0.0507331643664687 -0.00658107573152262 0.0282493117756563 -0.0277256547950445 0.0495323792441992 -0.0772718211911207 0.0143390374516847
PA24 -0.0739708239527227 0.0457909492709433 0.0515465360306666 0.130884642333386 -0.0449166096727853 -0.174041861558253 -0.0290949232114577
PA25 0.0233179866042802 0.0287453139583372 -0.000456377421229068 0.0578186004924035 0.0977280356770389 0.0389880117982477 -0.0517216700782903
PA26 -0.0170199971535632 0.0310100430702742 0.0175501789999103 0.0154188991788178 -0.0158262406055857 0.11936952795545 0.00227343908504654
PA27 0.00944294077716852 0.128320430609194 -0.0194373599354213 0.0447560048961334 0.00293549250845974 -0.0376753512034367 -0.124981180197267
RB01 0.0839626982940899 -0.0818379083367459 -0.0641249522474155 0.10142953277785 0.0918150016405442 -0.114505857891094 -0.070581206338839
RB02 0.0403206978013826 0.130284435725309 0.00774079997862514 0.0753031892192225 0.0247843599430851 0.0341313066530096 -0.148812030406705
RB03 -0.0121502668065766 -0.0392994649949429 -0.0181853276148121 0.00582352293905955 0.101651086428222 -0.0805986895166465 -0.19639782005117
RB05 -0.00463094661128976 -0.0115852852859314 -0.0250588253510001 -0.031947147677585 0.0187159735803679 0.0887042665908862 -0.0767112312862348
RB06 0.0237543085010189 -0.0896002659367882 -0.135009399848822 -0.00152499973543646 -0.0601505621303058 0.0860226673875787 -0.0300024967749818
RB07 0.0170262349353848 -0.00696612899593123 0.100577675735054 -0.0166152022185782 -0.150361111203278 -0.059942731704508 -0.0188810608707223
RB08 -0.0310186959099776 -0.0948765497371381 -0.011902513347863 -0.172652891440114 -0.0528003966356781 -0.0203865852163532 -0.0560665332648147
RB10 0.0628273178507538 -0.0338224182751726 -0.0442841705001983 0.11070425405547 -0.119220009511038 0.107847097939262 -0.156610091668434
RB12 0.130458994264546 -0.0743396723697804 -0.0140457241214133 0.00763963429234934 -0.0929963653931867 -0.0195422212891783 -0.0319047008519689
RB13 0.0417447941571804 -0.0933135674401688 -0.040673146216363 -0.0644935796536591 0.0259065881373432 0.121359080012908 0.0102311831212886
RB14 0.00560878563427569 -0.0293847267697247 0.0499822400101882 0.00541667569849657 0.0277120306297318 -0.0621403645877437 0.0478539906707323
RB15 8.06390680856017e-05 0.0244426591239275 0.000530684799735977 -0.0836274711215419 -0.107480607310632 0.118421167734887 -0.0348513100788953
RB16 0.0498639768317947 -0.101665909293705 -0.0568172589721618 0.125807075838048 -0.00807154664070418 0.0104234646359471 -0.0130604287327158
RB17 -0.118414658064357 0.0672276195216873 -0.0106355127110998 -0.112922587995502 -0.089746331256513 0.0795914398492041 -0.0339415135883883
RB19 0.0864941433537585 -0.135116074611148 -0.130170492596101 -0.10147301748064 0.0478146381286639 0.0554781866677702 0.0807700596994369
RB20 0.00592367279004523 0.0106565263531672 -0.078808964256777 0.00682629911492728 0.0602490024373857 -0.0455743112778548 0.0658678068449321
RL02 0.0225851671048662 -0.0712952852021569 -0.0598241722901681 -0.0472287355388094 -0.0745017517664774 -0.092684881359313 -0.0745668124773413
RL03 -0.028669792955581 -0.132433654177263 -0.0488998240741567 -0.00919722685079284 -0.0552158223763373 0.0360181000225761 0.007601371851644
RL04 -0.021479695539231 -0.0576426048674895 -0.0420398667834549 0.00894870498553778 0.140968963372538 0.0075033838613754 -0.0219594775138853
RL06 0.0453623856729407 -0.0860935148991874 -0.00812868270696927 0.0363941004086747 0.0845738804083194 -0.0554493175240776 -0.0242052450653108
RL07 -0.0642919410633247 -0.0183997447594735 -0.0616440822767205 -0.0226898292066557 0.0515525270881361 0.0179471417347995 0.00424832911758876
RL09 0.00403453851939131 -0.0157403742118131 0.0727486713193646 -0.0137244483544169 0.0397061736108496 -0.0268528037994985 -0.0595971532821311
RL12 -0.0819151178179051 -0.000481218504750148 -0.0777893655820384 0.032655486211886 -0.0183376013750392 0.0713398950320741 -0.0329310771644902
RL13 -0.0799580111822338 0.0265132257465123 -0.180567129247671 -0.0100173461428776 0.0977027349548736 -0.0389835182791319 -0.0451469926457941
RL15 -0.0257742275086846 -0.151759364510414 -0.0611373107603352 -0.0450697188811405 -0.0511413435596666 -0.0582531039910023 -0.0382004341109163
RL17 0.0383833633866576 0.0265905529156862 0.000292583998960267 0.0331828982558085 0.0286785192976768 0.00425117006220134 -0.106071219903594
RL20 0.0173142900123787 -0.0399126782599498 -0.084905901895166 0.0374731510276329 0.0126021725411363 0.0604382846709091 -0.00603974636597669
RL21 0.00181050401749673 -0.0406269777378428 0.0708223993792708 -0.0532064779424908 0.0962201755888529 -0.0346312853124774 -0.00628583665596102
RL22 -0.0812769699174531 0.00658930634645686 -0.258355863322293 0.113721787267425 -0.150180686989244 -0.0646187095524007 0.374018765431608
RL23 0.0425189578718588 -0.0610384679360061 -0.113916535759894 -0.0983718585484281 0.112251324823111 -0.0620559333548508 -0.0350684627749793
TR01 0.0802681689423067 -0.0801358250071132 0.0220850930563449 0.0173044228869784 -0.0946314551301263 0.0626704452293184 -0.0269245774166144
TR02 0.00933335941254856 -0.0865488014576577 0.0566954265469983 -0.0128528975546928 0.019421892168692 0.00721604761391961 -0.0427090700520584
TR03 -0.0161137474305184 -0.0675730814173432 0.0889841389006476 -0.0703118905866068 0.103400767653447 0.00647867330512873 0.00626379089371439
TR04 0.024688765415488 -0.0938732154281002 0.0506365094089997 -0.145261766784941 -0.0446735859060753 -0.032929367800011 -0.0219661275637553
TR05 -0.0462828054337788 0.0289111798846629 0.125929054809044 -0.0151685354962106 -0.0265908404222057 0.126917513121093 -0.0719409252592029
TR06 -0.0108898955685617 0.00380416975335425 0.211454755258284 0.0676431847068405 0.00806974347162995 -0.0791668105171865 0.0131835384409489
TR08 0.0828474399843215 0.0229587418769498 0.0182252767161377 -0.043036409975719 0.0534355975974281 0.0942485677261955 -0.0997339136550059
TR09 -0.017926494869288 -0.138255076241734 0.017311226321382 -0.0649103715705361 0.0555682731590012 0.0294214703227645 -0.0482849517459459
TR11 -0.0080510021579924 -0.0614621281665392 0.0378018383271919 0.0075967255915847 0.0309609379858863 0.0751964197280565 0.0386567334725344
TR12 0.0219201723443071 -0.00414612296001074 0.00687556593302948 -0.0355262839080869 0.0692612511394018 -0.0907365415540589 -0.012422317684361
TR13 -0.00187995780107205 0.0522628470382208 0.119707107241631 -0.0908377841072289 0.013432396468316 -0.212005346316236 0.0336387669315967
TR14 0.0269625764636587 0.23231966077782 -0.151111319334944 -0.0548198022749609 0.051106286341778 -0.0498768239566433 0.0681878927346851
TR15 0.0717289562414156 0.0290110725165036 -0.0381545192468626 0.121168773672831 -0.0264473186127375 0.0872235818747815 -0.113240878463804
TR16 0.124383324314842 -0.0313678072225701 -0.115241369221957 -0.0754899422439685 -0.0902533286272852 0.0318687947029229 -0.0331777860261829
TR17 0.00510052779239131 -0.0400490948287547 -0.0725023488594813 -0.0262784232221829 0.0595660181143901 0.13468866044716 0.153349965985055
