sample MDS1 MDS2 MDS3 MDS4 MDS5 MDS6 MDS7
AN04 -0.00643762315343732 -0.0719219365671799 0.011821288245162 0.0331911034142576 0.0591863469075145 0.017895427135579 0.0683455025014894
CS01 0.0155862144391305 -0.0668436141409679 -0.0293325267990276 0.0232251994369801 0.0992980686565361 0.218448991126976 0.0418923538070717
CS02 0.0658991047830396 -0.0489587607779001 -0.0557295149066832 -0.0579545502492157 0.0195608597817469 -0.144476502086719 -0.0061470412879007
CS03 0.0748064720584383 -0.059965642334901 0.0232978071930183 -0.00572832851646211 -0.0216706194745406 -0.0125237174429346 0.0555592179296083
CS04 0.0477410655397766 0.00288267420363525 -0.0199542563067733 -0.0824546127939604 0.0498905425494025 0.0223618255358265 0.116420205662269
CS05 0.101001755572126 0.0831303817749351 0.0259453282107903 -0.00632386744954453 -0.0388021892823379 0.105459532012832 0.0425960033406685
CS07 0.0604844130735539 0.131052384391168 -0.0170761906787884 0.0651181826365989 -0.175862577294089 0.00612235429136202 0.0733540667872396
CS08 0.31786342181036 -0.0921003254502232 0.269039104577146 -0.0975451920951129 0.0286473470585958 -0.0322684092572256 -0.0221355910495595
CS09 -0.0237951202392674 -0.0751635184557175 -0.0048613808088788 0.0453577575970923 0.095221848588521 0.0664172702121541 -0.0149606853093254
CS10 -0.0156297033912138 0.00595724989540708 -0.0666530626760015 -0.00665337942324933 -0.0453614010439591 -0.0727730768681807 -0.0304481527854815
CS12 -0.000982025906627187 0.0601164687346314 0.0649332566369888 0.0766953347312586 -0.00668504325508176 -0.0761721495437875 -0.0170050427813766
CS13 -0.0746999513534109 -0.00305662996426093 -0.0497836807464645 -0.0648275316454037 -0.0113894805551027 -0.126392791865309 0.113421108591772
CS15 0.0773313834035389 0.0318116018879862 -0.0235532030409694 -0.00225845637299288 0.0457599357111037 -0.0213350035610379 0.112090491079062
CS16 0.069135331360818 0.0522739925917307 -0.0700822151064791 0.139401365366494 0.0659039482236347 -0.0744578132947819 -0.00228355345249148
CS17 0.105665547831012 -0.100443944410833 -0.0449436747220961 -0.0596345951106154 0.00478123719066692 0.0387160376709348 -0.0696356944332956
CS18 0.0704732873539743 0.0738961019137225 -0.0765242771840414 0.0235144135077206 0.11460056543815 0.0171875429436072 -0.0424679825455783
DK01 -0.0451529624093826 -0.012100138955096 -0.0848798418085117 0.0647634648498155 0.0845320551983605 -0.0167048057175806 0.0206164987101081
DK02 0.000641140723232382 0.0644456605110839 -0.0327958539111608 -0.0443087980715369 -0.020996479501057 0.0695830262131117 -0.0194231725196876
DK03 0.0429871483967976 0.138153711235723 -0.0399076519630501 -0.0271422270619547 -0.0684022474818349 0.0313255604256826 0.0398930225256752
DK04 0.156829776183687 0.0483998271590602 -0.0319810439196579 -0.0679357135453856 0.171624902171611 -0.00653055934463281 5.01058145047084e-06
DK05 0.419582561063755 -0.0281897245200958 0.381141962186735 -0.0956349469475832 0.0581644686100407 -0.0669556439762738 -0.11287470519529
DK06 0.00272879814276415 -0.0322554655848312 0.0519370744305578 0.022494738296167 0.0695198877966931 0.00755677645303944 -0.164061122912242
DK08 -0.0460509211234186 0.0787045542636167 0.0110842724001832 -0.107757375487076 -0.0446428000817789 -0.0745212879483466 0.072457254894504
DK09 -0.00455670216307571 -0.0166923818954595 -0.0533401047415383 -0.0233151964905156 -0.00581304462117102 -0.104003163222206 0.0177210728027666
DK10 -0.157024492607422 0.151509212601011 0.0844268312995341 -0.116810212991229 -0.0240402986281297 0.00843955664620925 -0.045649038539554
DK11 0.0672542109883238 -0.00678372059705583 -0.0281305927934794 0.0957628018260074 0.164522115828152 -0.0409840298927014 0.01198917015492
DK12 0.0502353647710044 -0.0503692498855806 0.00217375129453455 0.063810948417234 0.0781094140531573 0.0326577328833568 0.0387399006319129
DK13 0.000915966647565335 -0.0101835735418527 -0.0449466527736242 0.0879413174511424 -0.0109087112540005 0.0431148894257849 -0.0225255112865925
DK14 -0.0702712910322731 0.060087720364874 0.0443537078234762 0.157322338575566 -0.00552005055874903 0.0901859616325162 -0.0154215779830869
DK16 0.0165191546246472 0.0654628642086187 -0.0307207374518914 0.0387697288372808 0.0168828455633224 0.0530758245879271 -0.036704451136353
DK17 -0.075314008054991 0.0936038018606434 -0.0648917406780715 0.0193623126219966 -0.00755097808462623 -0.0286352900923183 0.0668172672488206
DK19 0.0377784259690476 0.023869088197779 -0.0755228396804152 0.0718188943534782 -0.000729004303320901 0.0823712568332631 0.0447842739233994
DK20 0.014364271010786 -0.0478549852934806 0.00633361321070165 0.115756630327562 0.12037553656833 0.0124803045828307 -0.0758499728025138
DK21 -0.00913182072819659 0.0733161717489025 -0.106917040530997 -0.0985328939120824 -0.0335406211192021 -0.1300964586846 -0.0234415290086604
DK22 -0.0936817725290236 0.00760327573671236 0.00149811639934747 0.00415765201821978 0.077359868279867 -0.192789881105008 -0.0402228733941829
DK23 -0.0104051522797734 0.102888026778179 -0.0527108701217558 0.035817428844808 0.0249743942948941 -0.0788023918259983 0.0337505836095532
DK24 0.0748790447250826 0.0755868121791772 0.0700988021743242 0.0900861040242634 -0.00654463644196114 0.164130656676006 0.0966856302486259
DK25 0.0484342656846513 -0.0168133903513188 0.0169939365773921 -0.0419120760851948 0.077085169419095 -0.083716059298858 0.0325351884614307
DK26 -0.0406739758873081 0.0950588422731023 0.124057548980778 0.0908982349675671 -0.0804276438554135 0.0196511746638296 0.0773478658224192
DK27 0.0585657520514733 0.162884771069438 -0.0440409704970695 -0.0833291904394548 -0.0284467642815842 0.00332973567342935 -0.0935035541197918
DK28 -0.126925452191095 0.0755962914514392 0.137411528624458 -0.0391705672290927 0.0245181759520539 -0.0948633421241725 0.0275774513945277
DK29 0.0556900235129496 -0.0323851022070116 -0.0464877921348344 0.0074863799401516 0.0892603789845707 0.106359790421743 0.0759713642848327
DK30 -0.124149806036635 0.118156005191891 0.0320825567064538 0.0254623555556751 0.0811464731175378 0.0690194046142991 -0.197981515493173
DK31 0.12930354709937 0.0377339550733388 -0.061373392611724 0.050309302606073 -0.0582053637801655 0.017680933556095 -0.000751944123257301
DK32 -0.0261682452675077 0.0323180057932219 -0.0851562089666252 0.0478248291823441 0.0554490759709473 0.0332890618082947 0.0623383801536301
DK33 0.0522016373272228 0.143881794912834 0.024577372052086 0.0353240936845262 0.0421926821416183 0.14318911365744 0.0271029346769157
DK34 0.00258538078412804 0.116085450251131 -0.0871573266826121 -0.00809321672297043 -0.0727485072962353 -0.132158766776445 0.116728208049203
DK35 0.123486180427073 0.074757040216425 -0.0746293310205867 0.0357245798022076 0.0403767708415579 0.013915332312041 0.0940151394615149
DK36 0.0512588125508193 -0.00748184656664262 -0.0972417749697784 0.0772419324652615 -0.0323763165012442 0.0876366625357656 0.060796205709598
DK37 -0.0258938068165152 -0.00895266595711285 0.050100505166481 -0.0734862226757016 0.271497635420009 -0.00147879370347055 0.156301738350844
DK38 0.0253289887025527 0.0588482058348131 -0.00426711954712038 0.158363290774358 0.169280358860985 -0.0896107778471098 -0.0776211926793225
DK39 0.069385424121909 0.0901892655308493 -0.0719221468318458 0.0165781033679321 -0.0638354874455357 0.0363334546857189 -0.00439771973942527
FR01 -0.184935547394268 -0.00848766370722903 -0.033402767989568 -0.0619519379287817 0.0779283100205187 0.10012707591983 -0.116661867081339
FR02 -0.0517108748068838 -0.0561986669995088 -0.0389206871324298 0.0669710868853477 0.0131822075316922 -0.0118679443916918 0.00795015238396294
FR03 -0.0234723588961076 0.0547948951745615 -0.115104530969041 -0.0772605616659951 -0.0557588684942433 -0.0194257648769538 -0.0379823255881138
FR04 -0.00467183018470809 0.0615212297344409 0.0736496462786015 0.018559137344713 -0.0460263095434653 0.195735585441596 0.158435143535926
FR05 -0.0332918686241053 -0.00782165182900562 0.165152344427736 0.00714016628596093 -0.203924732685617 -0.0506733434156026 0.00767325311914546
FR06 0.0191811668481104 -0.0634317415720894 -0.0233145203418177 -0.058221691408749 -0.123703628294326 0.00627276743870388 0.159379738260573
FR08 0.0159398221824723 0.0250219771552006 -0.0363712238321584 0.187048705569785 0.0464088938588933 0.0130525895103618 0.0110945767157279
FR10 -0.0565327493760499 -0.00521648340031887 0.00716384042123024 -0.0370809968942029 -0.0240970949871398 -0.0484006708822872 -0.125494399236189
FR12 -0.000480940003490801 -0.0651567440818731 0.033626400271717 0.00481847414615902 0.0434955217361198 0.142839070282404 0.0155802515359097
FR13 0.089061531187028 0.0823359183547163 0.0120190874863151 0.07357826325038 -0.164351388550218 0.0188833807494869 -0.0572693328918871
FR15 0.0441795289352648 -0.0325042728279329 -0.103700297452814 -0.0434126912111936 -0.0517061621328734 -0.0346375174101932 0.0254213300092392
FR16 -0.0359705982536512 0.168964527475925 0.112852438252594 -0.00550829535316358 -0.040733571790866 0.062463629198333 -0.0770650921979037
FR17 -0.0237239973459322 0.00124059250628446 -0.0906445669852087 0.0262296402131236 -0.106626481545264 -0.0146099081654678 0.0655416030460049
FR19 -0.056208075973031 0.0422535175205782 0.0455609086339174 0.026158415896077 0.076425311926434 -0.140141867875881 -0.06249415826914
FY01 -0.00406865170804884 -0.0177281985110494 -0.0714770532864993 -0.0136766833761979 -0.076108674913628 0.0482183534748853 0.0587179424191555
FY02 0.0133527068739934 -0.00516473076786664 -0.13235754345603 0.0654689752650267 0.0024106458105294 0.0359369132132185 -0.00948203181073085
FY03 -0.0604027304810012 0.0713239637869169 0.0172314442803223 0.0846918014199134 0.0860906627321214 -0.00180765417915215 0.0464339019414984
FY04 0.0297441072222703 -0.0671552350525906 0.148026930164593 -0.0778350006394387 0.0605618028734623 0.141618197214317 -0.0355265691287025
FY05 -0.0555628303437601 -0.0461062669353109 0.0548147967982803 -0.0832273660117407 0.0363732780868888 -0.149531595230785 -0.0141173108578071
FY06 -0.0519476949771886 -0.0636473649596797 0.0877569997575979 0.0347120856498608 -0.00814607733768026 -0.0799087526652145 0.00220462242082155
FY07 0.0346681206676319 0.0254626343918417 0.139038725789465 0.100892898072241 0.00469520132749657 0.0514414335272451 -0.0116899439247618
FY10 -0.0726523766679299 -0.0482456602305643 0.0198663247422535 0.116489489479311 -0.0691978070149349 -0.127039349582995 0.0463207482655962
FY11 -0.0274164811596114 0.118200991932668 0.00991965104891046 -0.00288230966149721 -0.0234855642726935 0.0821368599386137 -0.105551476097138
FY12 0.111635101999874 -0.015792096991811 -0.0413433825701506 0.0643526336325798 0.00901861711708658 -0.0305113878367597 -0.0934223192908892
FY13 -0.170006747979216 -0.0827442070745719 -0.0190040127575605 -0.148853860605705 -0.103132584873933 0.0590251664580246 0.0531096376994168
FY14 -0.000758122889506041 -0.064334918710797 -0.032174744314443 0.099099243216905 0.0243488310953833 -0.0085226481239879 -0.0215983977248859
FY15 0.0455981895658571 -0.0213067892122349 -0.126560369385654 -0.0891373512359379 0.042585971737984 -0.0391856003741671 0.0384795823993811
FY16 -0.08001009750168 -0.0371618777626941 -0.0250507868166919 0.0945765760482932 -0.00232876170067886 -0.033150295168879 -0.0255241290803829
FY17 -0.0168652756473421 -0.0338884406540619 -0.0424448559761414 -0.0711415476691896 0.0616413523506552 0.0391617566028858 0.118164822249244
FY18 -0.00917028465386257 0.029315625632045 0.0171592884580713 -0.0946970521407239 0.0513556216283198 -0.0986224662665356 0.0737055550285909
HH01 0.0558707523320741 -0.161995245658759 -0.0208993894945134 -0.0168562313784959 -0.0897678073015382 0.160214368565318 -0.0965274588203347
HH03 -0.00864136418131289 0.000462292572574156 -0.0368040980911646 -0.0456399713948903 -0.0238182100471584 0.0513480919952819 -0.0653448368905578
HH04 -0.00592604787779012 0.0767322069557989 -0.0648503226282357 -0.0719566997588335 -0.133877566650599 -0.00756416563398073 0.0367797917766789
HH05 0.0342115068011817 -0.0280909357658767 -0.0131695400049622 -0.0360636030590111 -0.00195535143065507 -0.0346081071962525 0.0902587084386259
HH07 0.0591533007096103 -0.0144958009288147 0.0984033478999283 0.0423247810632524 -0.0596376361097145 -0.014960502145766 0.0314588054632978
HH08 -0.0207194914658627 0.0559204650480882 0.0715797143201356 -0.0165698715275365 -0.0169945164537107 0.0187234680931899 0.032170577506868
HH09 0.046795999519897 -0.0404062014914471 -0.0391648974974401 -0.0250905956126966 -0.0227114493794603 -0.0238075313454422 -0.101170435021414
HH10 -0.0299039497620686 0.115461043274794 -0.03830565067155 -0.0594898699625841 0.14011127950253 0.00921450602739305 -0.175438193083044
HH11 -0.0645394637866789 0.0150087327199521 -0.00835624126303496 -0.0185963896558257 -0.0900162774729065 0.0600038733999601 0.032853894443518
HH12 0.00451993528799246 0.0232004027771099 -0.0230000342747797 -0.124927373075743 0.0548467230115678 -0.0383735388253041 -0.0145226740669715
HH13 -0.045786371448096 -0.0444232465320287 0.0572474184004512 0.0272852707209599 -0.0345599026412929 -0.0208801338083993 0.0196814810709213
HH16 -0.0808334477233174 -0.0133122593445076 -0.0305018587908482 0.0842915168928071 0.0765375855505451 -0.0745951539273871 -0.0435446081064825
HH18 0.0312399991824716 0.109166636428711 -0.018469936530739 0.0503769167722719 -0.0933433630519078 0.0576884786807479 0.0547732580559153
JB02 -0.00264313122992619 0.0569444836620311 -0.0734088034158082 -0.0903524803145275 -0.0147720597288485 0.114642922710313 -0.145630400391307
JB03 -0.0390358943213759 -0.0169640900409321 0.10210303586039 0.0318595497126522 -0.0763318092739284 0.0445170701162852 0.0895495057671485
JB04 -0.102510456889171 -0.00497010060125335 0.0424851573923099 0.0729654973589044 0.0226053157067233 -0.0448422737155831 0.0105001421967352
JB05 -0.0733764276062329 -0.0158832101946574 0.019891364453119 -0.147328402441397 0.140033917028409 0.0994756333361676 -0.0950914217355246
JB07 0.030426608412479 0.0239473741245382 -0.0200880015634067 0.0100087928763684 0.0158685090485453 -0.0243788940251332 0.0369825766109456
JB10 -0.0485958603772165 0.0462211385177453 0.079020091267426 0.0205903155108451 -0.0409083238027533 -0.031225149833502 0.0241208205935261
JB13 0.0661789161883453 0.0168822137816349 -0.030911854561824 -0.011217828050934 0.05485337104285 -0.125802643969887 0.0530329472993227
JB15 -0.0500089299775283 -0.160835640304671 0.0485982566396209 -0.0759690873549582 -0.0300268679569592 0.0531888184430303 0.0716609640518425
JB16 0.075829425228006 -0.0659592503352627 -0.0336052087258176 0.0190289203879108 -0.0164899831321287 0.0138213409770832 -0.00464671327812303
JB17 -0.106036988099555 -0.0489833427897654 0.102699610154019 0.028798230984458 -0.124861787601375 0.0482818430325405 -0.0290588538257976
NB01 -0.0178417909826324 -0.0412931569813463 -0.0214734038645673 -0.0393609272536401 0.0349208382258625 0.0742829930512058 0.0666039998597166
NB02 0.00249431292640051 -0.00535716549252327 -0.0457424342942575 -0.0536446839526063 0.089038472358069 -0.134300900134216 0.165050617834476
NB03 0.0178280894668015 0.0173570753706652 0.00616268773924412 0.101242377210919 -0.0484856754401327 0.00735879178944543 0.129917895260147
NB04 0.0036148141491777 -0.00873463355922048 0.0379135791442151 0.019998980035079 -0.0644362831588511 0.0327033326409524 -0.029510040118699
NB07 -0.0220208384910563 0.10544048012598 0.0237620975851372 -0.0604748646656079 -0.0745172261655555 -0.032036966478488 0.0273417922392253
NB10 -0.111658484719326 0.124217569651876 0.0991234723573326 0.0872334539384921 -0.108542101311073 0.0395224308644737 -0.0959665370481195
NB11 0.0438636301903011 -0.000747299133483611 0.030270566071163 0.0245431595309233 0.0163742906185474 -0.140659847156275 0.0222997400884513
NB12 0.0204561233888602 0.0663941934053721 -0.0570528177497676 -0.0330800912261369 0.00185742489883866 0.0964364203297994 -0.00973054025659924
NB13 0.0380065611138246 0.0918751608536991 -0.0223997800206781 0.0482072340300812 -0.0375460854227654 0.0699217439915922 0.129408075676574
NB14 0.0383078075884874 0.0959878402177445 -0.140701885141067 -0.0298544633408445 0.135682710230685 1.66614987464619e-05 -0.0284444445732242
NB15 -0.000352459069347681 -0.00726223130423633 -0.0482687631173857 0.058579367505949 0.0239776859852539 -0.0647727474805891 0.0880082074725584
NB16 0.0484276081298208 -0.0588191390826476 -0.0528519425944282 0.114575471333915 0.0733155490722179 0.0349474415556919 -0.0148651950791974
NB17 -0.0468686026731548 -0.0138283832870812 0.0197091131981239 0.0263692076889055 0.0327994491702563 -0.101161406868486 -0.0021121673355214
PA02 -0.0753119234190145 -0.0729224425386098 0.0651023804863761 -0.0438700423715258 0.0306850604376638 0.124758027211292 -0.000391250561756065
PA04 -0.00807828293069631 -0.0688454283506786 -0.0362187070229395 -0.0767035149893012 -0.0838230361605781 -0.0740941178806707 0.0632634282586947
PA05 0.0417321501749298 -0.0322058969219781 -0.124510818905975 -0.0205214892845133 -0.00655194755917339 0.0784954446222105 -0.0776788548483343
PA08 0.040863052634623 -0.0924356939993158 -0.0659593840393351 -0.0512571741629822 -0.00369564948549422 -0.0460519839336669 -0.0754610664897152
PA09 0.0174214010929223 -0.000733621388752414 0.153344305694215 0.157682409564984 -0.0565646612891715 0.0559157528124717 -0.0453609395174015
PA10 0.0632518616397028 -0.0302825611171007 0.0150490848552496 -0.0807636404540189 0.0211748615360168 0.0651140091248992 0.11694979507353
PA11 -0.0734588394906573 0.13245754943181 0.0600181222645691 -0.120608238534475 -0.0171220106942427 0.0458354399616113 0.0293673730858334
PA12 0.0155342760327291 0.0288328732621858 -0.0208738523429506 -0.068750698894048 -0.027524208448866 -0.0832220244738067 0.0831782386581924
PA13 0.00449356848965498 -0.04756064330019 -0.0122241583343577 -0.0498443972534157 -0.112190911288506 -0.110695997461324 -0.0743219524853441
PA14 0.078140448341944 -0.0785376696843119 -0.047044870396528 0.0426842224744394 -0.113431420166013 -0.0717537363715541 -0.0800992872845312
PA15 -0.0133694809534518 0.0496070405391029 -0.0659869171590781 -0.0798417372470912 0.0756785746419541 0.0687076670738448 -0.173414583730822
PA18 -0.0585650914020141 0.0109652616401984 0.0526135076397474 0.0543575516410117 0.0943804594647913 0.0321831018211195 -0.127014573942356
PA19 0.0914980864238675 0.186582004636421 0.0509111034007264 -0.110488952994522 0.0375602996486599 -0.0757144682747839 -0.0154710141851615
PA20 0.0941538316283958 -0.00713736487078113 -0.00687728633564519 -0.00103429520613452 -0.0230742844951561 -0.0167311898838649 0.107484901663071
PA22 0.126834398423589 0.00646501251671588 0.00758342278614817 0.0776175939115358 -0.0904836456777987 0.0100997229024548 -0.0505553455816815
PA23 -0.0349052951280242 0.00346360381728772 -0.0524114964926427 0.0280928849304168 0.061252127984291 0.0847522801488106 -0.0122930933695331
PA24 0.0763651496093907 0.110052703078875 -0.021235030754945 -0.154052983538582 0.0864251294779228 -0.105946587793095 -0.0545956798933559
PA25 -0.0125863331305435 -0.00471991547569765 -0.0254314796239878 -0.0792866371564019 -0.110601816114177 -0.0213294599573649 -0.0213723476788581
RB01 -0.0770497197543727 -0.124020239934259 -0.039796294366105 -0.140840342099585 0.0113074043523218 -0.0489949832286195 0.0135942754937773
RB02 -0.00452077884518757 0.0187850769560328 0.00670992390775661 -0.0391055741331455 -0.105524374042705 -0.0311334501043229 -0.182871548517323
RB03 0.0128844532486517 -0.101698931233377 -0.00969018138127719 -0.116299456521154 -0.108563863992227 0.00628824031049117 -0.117297698825509
RB04 -0.0364099819788702 -0.136554140153819 -0.0066512347227008 -0.0767905062171117 -0.00410120832126318 -0.00681733432818924 -0.0334146239768326
RB05 -5.66212248581825e-05 -0.0799541633139391 -0.00335635277764013 0.0324061361384753 -0.0554281972715377 0.0261551794286327 -0.0738033091361135
RB06 -0.0715896614488529 -0.108321813677652 0.0910287548519585 0.0980706743843831 0.0257674889617799 -0.0761958588065134 -0.0149872325387355
RB09 0.101932707129854 -0.0557267869914586 0.0316575093396799 0.131519194349285 -0.0837247183271961 -0.0114188733595576 -0.0600802532101622
RB10 -0.0410420894133031 -0.0630553554518325 0.0123585268478968 0.0935136566125268 0.00998343426841803 -0.166160217613261 -0.107912786542713
RB12 -0.109703485049338 -0.0481296573470804 -0.0888700271799037 0.0377490571986956 0.132173843896829 0.0187469717122953 -0.111734787652103
RB13 -0.033152624407953 -0.104155975014506 0.0063039503479996 0.143463982632101 0.0109386496414909 0.0505511751486221 5.45756789615028e-05
RB14 0.0204942962905588 -0.00208070753992432 -0.0357373882168974 0.00244350233917918 0.0436213446375919 0.0178214703368934 0.0329116569400267
RB15 -0.0191933291110779 0.0348122697601907 0.0616331761759605 0.136521921746824 0.00457637792675523 0.037878408425853 -0.0202112981712568
RB16 -0.0392619766185196 -0.117418739645701 0.00472252941893901 0.018556044442413 0.0146489559248246 -0.118088117348553 0.0508624323035338
RB19 -0.142477917341383 -0.0927298532563342 0.0231493841055443 0.0809102759337285 0.061881277297569 0.0374307002419438 0.160372905945615
RB20 -0.0486612139898234 -0.00802787816029176 0.0407217089551493 -0.0531808434761523 0.0639709157573054 0.0171209299111218 0.098803269447227
RL01 -0.1140781293763 0.132373098882734 0.0959883496820823 0.105577088034123 0.048552479298124 -0.0257148271889978 -0.0277869557374137
RL02 -0.0462389955739228 -0.0343841512723001 0.00522934153345438 -0.0112358567980162 0.0789124944966732 -0.0110613553709082 -0.0661388414039191
RL03 0.0135766325750349 -0.0822105423669329 0.0015560414131557 0.0290865475472563 0.0905277658163137 -0.0468171439440035 0.0509940263901665
RL04 0.0110533065627343 -0.132759305926172 -0.0109277742182173 -0.0832754139608564 -0.0751027775918301 0.0521735111141702 0.0177529248423451
RL06 -0.0113761051587663 -0.115685104491456 -0.0677203849409387 -0.0738781836508811 -0.037929906136718 0.0225868404356004 -0.0201328979058623
RL07 0.026844492774997 -0.0518837866874541 0.0529865073372464 2.70007036418905e-05 -0.0377214967041316 -0.0010373407234568 0.0250044935368379
RL09 0.0450698922434334 -0.0685462304479923 -0.0777019752294279 -0.0406842625256858 -0.0509679705316377 0.0452054937896949 -0.0757780538869759
RL10 -0.092602427960596 -0.125812828086071 0.0126743451754667 -0.0751927485772094 -0.0665744465537811 0.01634396526983 0.103794502301888
RL11 0.0110192833285597 -0.172806843551989 0.0130702228095944 -0.0529845308998665 0.0358252610007808 0.0869789554485954 -0.142022650927127
RL12 0.0359065278705929 -0.057252266570354 0.1008625351173 -0.015031353794618 -0.0495431560369987 -0.0223518878074607 -0.073838738132117
RL13 -0.01950429460886 -0.0874223353785155 0.136917022322001 -0.14180757270187 -0.0211153735374424 0.0245228215893395 0.0339922844694223
RL17 -0.0353556165064686 -0.0290971264341443 -0.027064760691745 -0.0617588089982138 -0.0609509451754156 -0.0253890047432193 -0.121410405618839
RL18 -0.0699013174877536 0.164548423299069 0.114629280694163 -0.101291234410168 -0.0417634191901121 -0.0193017692505337 -0.0154384965233314
RL20 -0.0320033812011192 -0.0985984750068599 0.0614856263465162 0.0535729466230729 -0.0263011741815759 -0.0251584823167881 -0.0417040857264654
RL21 0.0276059478387648 -0.0462140406778256 -0.0817879620249321 -0.0104241429120296 -0.0614662302011638 0.0663780039811957 0.0128402141434457
RL22 -0.0274947375757106 -0.0118313083004625 0.22252633222556 -0.0815396631561095 0.240579297130131 -0.00711220665228716 0.140492607996466
RL23 -0.0854066032369027 -0.133334483388584 0.0173889019019705 -0.0631288622444841 -0.0230192340305208 0.11126554709931 0.0195761959310539
TR01 -0.0492530835030326 -0.0583729596521966 -0.0287867343920601 0.119544408878992 0.0173836112055598 -0.0919193066557819 0.00168292635776784
TR02 0.0103278603315561 -0.0205300071887812 -0.0697492421207393 0.036409140104329 -0.0373173118125 -0.0525350755916156 0.0597168213009049
TR05 0.0833367235853859 0.058842131793653 -0.0221240803120626 0.115551137172501 -0.0967865671333536 -0.0266872530328344 -0.0648549962863881
TR06 0.12323888256129 0.0438356882909244 -0.175573633936156 -0.0385417875942939 0.0110016028978931 -0.0205072272143254 -0.0170690686943704
TR07 0.0197384504616023 -0.0210101991543734 0.0323819501765153 0.0505069865895794 -0.0918671180614289 -0.140040762176273 -0.02855697956517
TR08 -0.0857293868675449 -0.00943343873646082 -0.0456106267658421 0.05038340932579 -0.114147012493869 -0.00426925958955893 -0.0197114183256996
TR09 0.0545411055795344 -0.110391172847541 -0.0509296230725922 0.0484484254439669 -0.0258975521447075 0.0618828132232006 0.00791242512397307
TR10 0.0471818264727971 -0.0519410853906461 -0.0765167171231129 -0.00265536589959832 -0.107563844930691 -0.0576460611479511 -0.0462334922199635
TR12 -0.00639267306962592 -0.030642532045892 -0.0564309044802207 -0.107483595571552 -0.0382103932785978 0.0856327537556917 0.0133892778118889
TR13 0.0490105625351891 0.105416352970112 -0.112901463282408 -0.104747534124235 0.0761936054310185 0.144084814660246 0.0121683936042583
TR14 -0.149667232948765 0.152178159860474 0.143321901067989 -0.151829716184766 -0.0249625343207552 0.0640463417693222 0.0347413222981351
TR15 -0.0816872887689359 0.0114716865658349 0.00973084467014877 -0.0328611992813058 -0.0249715982815157 -0.151317139990128 -0.101834465200927
TR16 -0.145514863465483 -0.0594042263200557 0.00294971513847827 0.0638552749453577 0.0572582604119556 0.0491095647081439 -0.0581298387717985
TR17 -0.0458749630478038 -0.0328144394343146 0.0933915746444734 0.0785633598860201 -0.00731457053295237 -0.0117522006394741 0.142561367665365
