sample MDS1 MDS2 MDS3 MDS4 MDS5 MDS6 MDS7
AN03 -0.00860873904950399 -0.0492455735366904 0.0178840352773939 -0.00742323377462799 -0.00854871012391117 0.0211489302450733 0.0775745756356121
AN04 -0.030063523729732 0.0256363868179512 -0.0774865261272013 0.0356148903470628 0.0239054132020033 -0.0527640044793461 0.085555558090509
CS02 -0.0677293010785128 0.0132173893307141 0.0541654451841838 0.115908520256449 -0.0187682901578231 -0.062548803609175 -0.063421097766844
CS03 -0.0590752986193815 -0.022559105453796 -0.0176448137555729 0.00977940098485579 -0.00323523753682973 -0.0883573492943211 -0.0114735235547172
CS07 0.0735373660627739 -0.0374044564240626 0.0739737476311631 -0.0708365994753843 -0.134535528136252 0.0367234249602735 0.0956024855391338
CS08 -0.126523835811107 -0.372562890382878 -0.0050635954286235 -0.017577310578472 0.0453875978193221 -0.139833729956038 -0.103613619456053
CS09 -0.071485666616341 0.00334029861201435 -0.0662387153999661 -0.0455493250819932 0.121897323690474 0.127551938928905 0.0406595712122294
CS10 0.00869032173752344 0.0708922523031502 0.0280627694659683 0.00833440971329893 -0.0656455381080495 -0.0527269190197448 -0.0428083394008932
CS11 -0.0987665484288466 0.0543386162262438 0.00673028433656303 0.0418517637153303 -0.0757567052557541 0.0155263949477865 0.00589820883100312
CS12 0.0405948577775169 -0.0450012285829024 -0.0339929045408882 0.0827298273951042 -0.091560838425187 0.0277235312384596 -0.0370065951026169
CS13 0.0438238398004781 0.105890977161428 0.0137279127128079 0.132613797817336 -0.0583546672719857 -0.135412304779908 0.0113287571574491
CS14 -0.0365330168615982 0.0384268715609205 0.0307936558184995 -0.0155081334892631 0.00784783273878101 0.0760012210962992 -0.0480338149079408
CS15 -0.0425150193756102 -0.0370993676484871 0.0252336233132836 0.0774720413515481 0.0287034324031093 -0.0795166499139789 0.134992731713996
CS16 -0.0645397394486611 -0.0135956502839364 0.0537810405222518 0.0807805749556894 -0.0616439303165954 0.0988023765485393 -0.00151080789699701
CS17 -0.139875940191631 -0.0256414624440065 0.0652496356851029 -0.0770999405145478 0.0843118820552076 0.0600984756648134 -0.0382325741291517
CS18 -0.0357844416745187 -0.0147427505913091 0.118216529116111 0.0877891515722234 0.0344761318214238 0.119021567534456 -0.00946339579448451
DK02 0.0525201614454946 0.0359351022320135 0.0585117855521614 -0.0745813860712362 0.0490651963646651 0.0403318645354518 -0.031363225283781
DK03 0.0858178530923613 -0.0272621178491906 0.11639917061528 -0.0205264262490645 -0.0200893559182807 -0.0601839457642592 0.0605021737920972
DK04 -0.0652500754775196 -0.0864187269400439 0.14844891440688 0.0917347818279435 0.125068386227827 -0.00179898149599184 0.0209077326504003
DK05 -0.0940457533646524 -0.549089836754478 0.0351712122832344 0.0135078026884325 0.0417754918257878 -0.110488061435627 -0.145779783041101
DK06 -0.0332468454444233 -0.0518745397978871 -0.0370454443754605 -0.0223150878065492 0.108882502945214 0.0377514077575791 -0.121096135660555
DK07 0.0622571026681025 0.0525952777392307 0.00726119766887969 0.081849790523319 0.0171973964806142 -0.0369697220218934 -0.132196288256821
DK08 0.0891403937693707 0.000632285446668356 0.0380831075700275 0.0507451605327385 -0.00356093943496236 -0.0369357155679804 0.0301738529633186
DK09 -0.024055233341908 0.0378338548872736 0.0350969524447684 0.0647461271241026 -0.0344646228180398 -0.0353716621691861 -0.0425211839735398
DK10 0.234258300186021 0.0111112704177261 0.00218613977018429 -0.00795306167052573 0.0512782885178781 -0.0729256979107189 0.0183043080146032
DK11 -0.0908212961775399 -0.0184688894095416 0.0301300911814336 0.0940127936599978 -0.00342471988710552 0.116675202543839 0.0303388381976963
DK12 -0.0728308773583665 -0.0340521914457967 -0.0256407830187114 0.04463763664135 0.0257192524429111 0.00774043358122747 0.0585926448700027
DK14 0.0903836886933013 0.0198188266646403 -0.0654766369648985 -0.0515096927555581 -0.0380251555554838 0.129091561282165 -0.0133873506383434
DK15 -0.119805963672988 -0.0229703229178529 0.0775571057450371 0.0921253712670067 -0.0143429363442959 -0.0484588764494497 0.0581106879210845
DK16 0.0156879879564341 -0.0206230762467316 0.0581685055546192 -0.0256315869113793 0.00574733357699431 0.117137457882608 0.0168288681889385
DK17 0.0510011654696198 0.0863811469824579 0.0135922284116699 0.0186414847054076 -0.017682134502444 0.0361609338201124 0.0777662658126388
DK19 -0.0495698006139663 0.021023658180845 0.0397963127441793 -0.0622281909893611 -0.0313222212335156 0.0633670059965905 0.0860708987687158
DK22 0.0600174024365718 0.0617266692710377 -0.0564751305318571 0.159656506847977 -0.0271868009442664 -0.0432118806104213 -0.135053529338743
DK23 0.0667666546234394 0.0393598953278045 0.0842738753432204 0.0870053809783302 -0.0884210767438749 0.00933615811189348 0.0134148789564619
DK24 0.0299136638605147 -0.118848333112661 -0.00133331027005041 -0.0167952218079448 0.0135499831408448 0.155248955808778 0.148461809431827
DK25 -0.057006800460441 -0.0464613073385554 -0.0134261371390394 0.0794093752851077 0.0507240503182157 0.0010531755657504 0.00660611906118253
DK26 0.115148281399258 -0.0730498240229024 -0.0920902447147177 -0.0607522036341853 -0.0611197055460547 -0.00864654720776545 0.148343730239286
DK27 0.0807824690700608 -0.0426663039454305 0.199913331008914 0.0149344523448286 -0.0194165854158648 0.00875686117883909 -0.0101070730510043
DK28 0.162230813331123 0.000745340733715558 -0.0926188481907972 0.0794911696201405 -0.0376428683500566 -0.0712753052078751 -0.019926185612269
DK29 -0.0837864730627268 0.00638685863421034 0.0116691256258166 -0.019671824316702 0.0858048508349227 0.0752029742694922 0.106983780518435
DK33 0.0967820080710208 -0.0718590211194038 0.0743332427558927 -0.0227519859955687 0.0744552740794989 0.126492076278772 0.0888766661341709
DK34 0.0508441091118179 0.0454774982811485 0.0891721939683392 0.0540289280256055 -0.0967265763125758 0.00943498939210075 0.107029311862235
DK35 -0.0426381512759281 -0.0178392617322154 0.109942156271756 0.0528777963500057 -0.0070139746111665 -0.00915761776847158 0.100689323586853
DK37 -0.00936422879324394 0.00312825398093982 -0.0698176498899043 0.227134957452718 0.164425429295583 -0.162912044873268 0.10947199162595
DK38 -0.00414257115657067 -0.0157588367549662 0.0239733383278931 0.214984320038423 -0.0094052474826284 0.174375792979 -0.096655031944571
FR01 0.10631254659279 0.147080200307747 -0.0353815599929007 -0.0236654531655655 0.194020055847905 0.0227478426439132 -0.11679419396514
FR02 -0.0424157183740093 0.0681664672924577 -0.0726453541122872 0.0500945803231048 -0.0341830639130497 -0.00392398692623207 -0.0195948731268269
FR03 0.0252373877200238 0.0852293835830717 0.0891837964077699 -0.0695801985811958 0.025893087566849 -0.037405516618021 0.0384332353515102
FR04 0.0759255206157054 -0.0535981898739852 -0.0423949118062168 -0.0879663258620461 0.0421737462804694 0.0595208911281474 0.18904332866141
FR05 0.104109090199723 -0.0938225057103795 -0.121230555492494 -0.126342724544274 -0.142383528015603 -0.0969356387619905 -0.032675707647541
FR06 -0.0413130184544039 -0.000600416008157725 -0.0221926229804918 -0.103135377418973 -0.0191016393252963 -0.125344345407441 0.124392252555343
FR07 0.124539571351651 -0.145168110456918 0.0147697785671927 -0.0845625531443811 -0.0406467710142503 -0.0658548600505182 0.0808800140447468
FR08 -0.0568060153205351 0.00504631802361882 -0.0294627788119733 0.0631182526238089 -0.0538000359622636 0.172192409413335 0.0463912029137685
FR10 0.0573645701707544 0.0498077514185578 0.00798232123781466 0.0239427116087813 -0.0159356404993356 -0.0649866748024932 -0.1635003619568
FR12 -0.022855186258508 -0.0195155010971674 -0.061728895684973 -0.0637724112642412 0.0782868136405904 -0.0491982246735657 -0.000192265797355776
FR13 0.044246836468468 -0.0946577558958245 0.0690944486630097 -0.0853751168361737 -0.161128687917093 -0.00556273808195667 -0.0054639669187247
FR16 0.152748370552697 -0.0915199820238474 0.0238251370997487 -0.0313232256224076 0.0111444709723528 0.0454308198386372 -0.0310784757811313
FR19 0.0345777719443953 0.0467768697516643 -0.0383547875411223 0.119769591796294 -0.0011717347510947 0.0339335010697981 -0.142726597691575
FR20 -0.118968642359485 0.0818859287881031 -0.0612356661459005 0.00533328172815424 -0.045485208151415 0.0488470130471675 0.0953832736758282
FY01 -0.00107545742600406 0.0685907270809714 0.012871734100074 -0.0777004775599464 -0.0249810264461597 -0.051502647963571 0.0411528033720484
FY02 -0.0742364093172834 0.0720471417642257 0.0683110846551671 -0.0293696445570993 -0.0328764436610061 0.0518227704913433 0.0353751842126044
FY03 0.0446445718473209 0.0233520447851789 -0.0235206397275047 0.0931354759422303 0.0016598840612019 0.0290457001906776 0.0647971268532728
FY04 0.0159000386683267 -0.110189864717486 -0.089158134045948 -0.084942361001546 0.17907199364327 -0.0268163623198955 -0.0592418795340017
FY06 0.0128481742548009 -0.0243775657404547 -0.11737517843657 -0.00126921176688895 -0.0417276258857967 0.00648932388545559 -0.0543305780163255
FY07 0.00917220057062665 -0.130635340427916 -0.0879010873822138 0.0267582077763969 -0.0191255245258716 0.0838046925679773 0.0212809733691931
FY09 -0.00169184392574748 0.0509795338150238 -0.017923548814988 0.0412248856183231 0.121302532258587 0.0796419523817721 -0.00817677937175581
FY10 -0.036986971100838 0.0354780812397912 -0.127938572243492 0.0225079094974089 -0.134091353949685 0.0710191300293474 0.0179148464934154
FY11 0.105118192190662 0.0120044122618849 0.0809796215101533 -0.0442525488541501 0.0128542364760178 0.0688425319167806 -0.0433372403352527
FY12 -0.0811848319251149 -0.0285519622100052 0.0780800576551056 0.0664574015129939 -0.0508646398741932 0.0258957792681938 -0.115969025813964
FY13 0.0976859704759962 0.13268972052381 -0.104525127547395 -0.0981539200148854 0.0644557856108856 -0.174894652247362 -0.0355982814234445
FY14 -0.061272057768431 0.0421753189130326 -0.0744976808927094 0.0644364660428129 0.00178050083207678 0.0329056698314382 -0.00812982429759687
FY15 -0.0741776760061925 0.063926551975647 0.0953030085678071 0.0492045871527939 0.0254135155696865 -0.0535709364846559 0.0435599141609944
FY16 0.00117348087708875 0.0690221438435376 -0.0562368191111186 0.0300502346628581 -0.0523971541406075 0.0267640760012182 -0.0322502561388042
FY17 -0.0351963316789466 0.0439195137959051 -0.0160681444644979 0.0434020127348395 0.0869572915226036 0.00113277055898264 0.0574943416234137
FY18 0.0388653500116542 -0.0242255828433663 0.0185872881159375 0.0769414491284156 -0.0213804183668637 -0.128646120412596 0.0589994255410085
HH01 -0.112561556606569 -0.0169567348176596 -0.0185560077042532 -0.203550653275708 0.0442703292260462 -0.049467086468397 -0.0318416112672463
HH02 0.174004400809668 -0.0125186146736723 0.0374349710082015 -0.0769476221129955 0.0622159499594182 0.0281857693419423 -0.0489763333633186
HH03 0.0056455258391611 0.036517685784266 0.0445227029719343 -0.0618102227022373 0.0210091378948162 -0.0340440390963482 -0.0509650400550802
HH04 0.072321665625081 0.032793039301856 0.103421870512457 -0.0475909887678709 -0.0561058152777804 -0.0420898921833919 0.086241044003773
HH05 -0.0288179445193037 0.0075227627905406 -0.00173778720230314 -0.0119318523044796 -0.0155513298852376 -0.0905084428424959 0.0485811745267347
HH07 0.0124526010977796 -0.102482427825916 -0.0490052368101423 -0.0587040780791922 -0.0965559819488353 -0.0269385752758775 0.00533046548442434
HH08 0.0392245126607034 -0.0442463469513913 -0.0365759997935063 -0.00731615679131117 0.0168212113128686 -0.0473222457919098 0.0686193609306063
HH09 -0.063305089343178 0.00917208292565455 0.0510930165774492 -0.0127103496157308 -0.0210524117271057 -0.0569927400354172 -0.0461753788216029
HH10 0.0552039912589555 0.0309668444471427 0.097503235961481 0.0352137288820266 0.149753844035078 0.0851875558118145 -0.103591440450035
HH11 0.0475747317920582 0.0494969268361893 -0.0203653940310977 -0.138169242875272 0.0138101524911335 0.0195019235622673 0.025603942319586
HH12 0.0219106038307673 0.0247526476795302 0.0703155177189038 0.0294322748598399 0.0414064004458564 -0.10408421109522 -0.00911530842383575
HH13 0.0121150044162647 -0.00216067625191597 -0.0911977701654921 -0.0470043153520088 0.000866061501033973 0.0575788758180171 -0.0726871297619055
HH16 0.00207355074954161 0.0718076070755296 -0.0611143707599832 0.0867376607493793 -0.038422809236289 0.0156769249475086 -0.0399394913796543
HH18 0.0525721945893019 -0.021109747255488 0.0575077317706782 -0.0472259234487902 -0.0773140801441397 0.0701830782741408 0.106666484476694
JB02 0.0455445103090275 0.0426215324833642 0.127068806710396 -0.0874623682237767 0.115616992070177 0.00163669848880751 -0.0730663233487113
JB03 -0.0018276976252464 -0.0570232653631646 -0.140506018338168 -0.0238318202011274 -0.00456991221692859 0.019381049706373 0.128413311509774
JB04 0.0615312184359829 0.0371396147889622 -0.123975991123348 0.0582337524022467 -0.0261483234970567 -0.027132411766762 -0.00532680798749931
JB05 0.0623510336411859 0.0376033768256008 -0.0114208328019992 0.0101628614415265 0.247987063717847 -0.0864426281198891 -0.10001746592736
JB07 -0.00191967560607717 -0.0136742191819109 0.0358651767582581 0.0562915450486017 -0.0472815779672601 0.0385112174340592 0.0310068302165275
JB10 0.0847029821396478 -0.0377355025694573 -0.0434884791784506 0.0170808476377456 -0.0175242320352616 0.0225650482747315 0.0096565563527162
JB13 -0.0471603949327091 -0.00314316010327008 0.066506955540341 0.111880433906302 -0.0834274952295614 -0.0319597091704362 0.00223709278643341
JB16 -0.0892014727704578 -0.0120789922447621 0.0118572776251339 -0.025368575334184 -0.0264783069457542 -0.0465343685524059 -0.0526531158764779
NB01 -0.0156169908602563 0.0510245761186503 -0.0273853669272283 -0.0417158591334858 0.050702527487674 -0.0581673605495073 0.0633369451438487
NB02 -0.054224886442124 0.0294518089370882 0.00390119087264613 0.150835434487039 -0.00384056844085314 -0.0885872973420333 0.113463833219641
NB03 0.0450507488350171 0.0140160422908343 -0.0354746850903216 -0.011542265181076 -0.124055026045627 -0.0788481033886833 0.0687837686817429
NB04 0.00172346319085634 -0.00957868955956996 -0.0207684958868357 -0.0856845477791654 0.00126273210415765 -0.000472445939199484 -0.0200548464546518
NB05 -0.0625045596555121 0.0455771629333485 0.043388092720684 0.110902093268825 -0.153434803565349 -0.00783632341310217 0.00120298062930402
NB06 0.0124435834486709 0.0769606123941499 0.0457695970994815 -0.013629676396665 -0.064418160072114 -0.0869036328310865 0.0955145698031728
NB07 0.11434201228014 -0.0131689018589289 0.0519535811714273 0.00181100867001892 -0.0477891606098683 -0.0541569847010546 0.0621028424594717
NB10 0.186738095643215 -0.00733148660076919 -0.0710013999789558 -0.0767076928465706 -0.0708823771380225 0.0683210554650011 -0.0695401484125094
NB11 -0.00238309667656584 -0.0344527215752081 -0.0236902607402424 0.137506244831129 -0.0937757599240685 -0.0630006008509454 -0.0547599760578219
NB12 0.0307256158687418 0.0496131641774838 0.0755801647035882 -0.0960758983990389 0.0357866924390082 0.0454148025792394 0.0314581469206547
NB14 -0.000100403226199491 0.0633187530928961 0.18563101944603 0.102969907114703 0.0230127903672659 0.0428751066264044 0.0212306801680214
NB15 -0.0416019951074664 0.0368422455194976 -0.0223425246409553 0.0412763382213372 -0.0351227411498395 0.0560218329642573 0.0461589758982116
NB16 -0.131802641888971 0.0205907961688301 -0.00590432977965147 -0.000704152586647802 0.00568640076360813 0.12248658377083 0.00206079987985712
NB17 -0.00193683437391102 0.00381176508140146 -0.0445183365495962 0.0685282558188128 -0.0200770710073668 0.0131550045218692 -0.0275212942689119
PA01 -0.0661096234682494 -0.0876782821658076 -0.0950555061657103 0.0312575726494855 0.0896152424357433 0.0104943046917948 0.0701871007264782
PA02 0.000258230079440059 -0.00465982988349532 -0.113042757940965 -0.0597070479617675 0.140775535873923 0.0200934223488542 0.0227630409272077
PA03 -0.0576531492884385 -0.00865211683137748 0.0318142339177799 -0.091558059768081 0.103672200203624 0.0380616375433476 0.0889508463847141
PA04 -0.0390954232724886 0.0526922796425049 -0.00212390286978204 0.00420447242914661 -0.0288686172383049 -0.10868859629204 0.0280473651766313
PA05 -0.0752347360196095 0.0563488897745388 0.0996241214243895 -0.0914128076285466 0.0514871077955916 -0.00887141802593778 -0.0166895127697185
PA07 0.126107979308473 0.137858444368576 0.0167163615338291 0.0747309109876106 -0.0761690887521053 0.0145905113219384 -0.0119539739574869
PA08 -0.0954460344720244 0.035163173745536 0.0310198239387397 -0.021478358255663 -0.020584892401944 -0.122284697433502 -0.0649702447231219
PA09 0.0391786915535087 -0.115962047795233 -0.119636838684904 -0.067961236790753 -0.0631047427788237 0.10037022443489 -0.0316971623319308
PA10 -0.0351809627016499 -0.0433199458750696 0.00220488571207536 -0.0627964677532416 0.0615534710281225 -0.087230988026421 0.112617387016144
PA11 0.15770758810912 -0.0163087525775375 0.0254753511262781 -0.0306567034446476 0.0888868939646032 -0.0171131034825152 0.0212405306332729
PA12 -0.00259421676455494 -0.0174311502880323 0.0392151476831572 0.0183272731812586 -0.0313245394311118 -0.0289305924266477 0.0814992702822311
PA14 -0.0959763596908986 0.000331494781600068 0.0348000212526673 -0.0646334083563055 -0.164276897246136 -0.0408456610294061 -0.0782771147777742
PA15 0.0148566610179807 0.047897711430228 0.0984879196888251 0.0135980913829182 0.180851732083513 0.095214590623106 -0.083831464471156
PA17 -0.00653905699206655 0.0603523990034023 0.0317289458675455 -0.0980016550266936 -0.00561184797057068 -0.00239459503148998 0.020868621516552
PA18 0.0487853541487641 -0.00297930266164033 -0.0648407952645015 0.0412421602354159 0.0870931444562179 0.144903571712828 -0.127960282013918
PA19 0.0930729465104849 -0.114806272328093 0.157068057730945 0.111999550457408 0.023182482949677 -0.0398894197076764 0.0122608026932048
PA20 -0.0582716235945959 -0.0462055248003758 0.0469006142975237 0.0730596630471969 -0.0705186520108204 -0.0489682853140125 0.0695734718085551
PA21 -0.0162841520343177 0.0338577863878909 0.0864898651980047 -0.0424705066248195 -0.13308380314775 -0.000911858368329847 -0.0309931898617734
PA22 -0.054485552271113 -0.0880669970023989 0.0562757519966899 -0.0847761225711234 -0.0810603833302064 0.0686029116039066 -0.0155416754092403
PA23 0.0194632873197123 0.0615259950260017 0.012672272829739 -0.0505305330070794 0.0605485317632005 0.00345316932601649 0.0246079420414596
PA24 -0.00578504321327171 -0.0510380998220343 0.16285098731483 0.11595040150692 0.0927603874436611 -0.0563111882762928 -0.0410945980379442
PA25 0.0100063153159347 0.0374823412664938 0.0250215451968245 -0.0975051126580904 -0.0176701223601369 -0.105836771996574 0.000134304033932989
PA26 -0.0113398996321775 -0.0306580685880388 -0.00253097779415616 -0.0187447624445444 -0.0707085812075446 0.0037579150794946 -0.0746149786300186
PA27 0.088741953405285 -0.0135753233750187 0.048726026372742 -0.0672854263725597 -0.0122740480608221 -0.0276446744284234 -0.168838517416174
RB01 -0.0414341748344191 0.110306322602988 -0.062588654732057 -0.0174428364831341 0.092213250763854 -0.151446574864008 -0.0380637198736309
RB02 0.0703784803920302 0.00357110002922118 0.0597587603279325 -0.0996108572681606 -0.0654744195969608 -0.0422077027160225 -0.209379855768793
RB03 -0.0747352793273991 0.0135893566280615 -0.00428918468582004 -0.156664903071997 0.100949996922688 -0.0597620445054313 -0.117580315468946
RB04 -0.049012488477642 0.0232617549943919 -0.0590228023382218 -0.0234677863275297 0.0743324573576944 -0.0615148275241649 -0.0576645091875151
RB05 -0.0202213005797256 -0.015334627182025 -0.0265954263084065 -0.0709130224643216 -0.0413927943113775 0.0227628220431055 -0.0381003930493379
RB06 -0.033203049793548 -0.00238566451994279 -0.182022288660027 0.0541496913927149 -0.0255245967168864 0.0440618370063788 -0.0767502648129276
RB07 -0.0104036484819764 0.0247080874119558 0.0699803867992776 0.0694470120338954 0.0531734722759685 0.0695055671520403 -0.0286805075745373
RB08 -0.0935300706610492 -0.0201368483360537 -0.0545280295213373 -0.0816978672898618 0.0832959817883861 0.162843263069652 0.0752955340744604
RB09 -0.0886464233082799 -0.0739938217107393 -0.0122924152092139 -0.00272220133862355 -0.0840854781730555 0.100123470022434 -0.107072152599036
RB10 -0.00572993053679891 0.0433943835260472 -0.0864779664397483 0.0742201118356061 -0.106658229183573 0.0484626530521195 -0.177948322466944
RB13 -0.0492632794077253 0.0289913166165954 -0.118276161370634 -0.0696635953854101 -0.0743584527009726 0.0706555609358633 0.00137166933348533
RB14 -0.0134610844900448 0.0203748571537132 0.0232776586211819 0.0278083341793645 -0.00714865647962346 -0.0258381571908505 0.0248238166049989
RB15 0.0288775469735666 -0.0281707128945976 -0.0547585615001916 -0.0122282122842407 -0.0544876058876891 0.138801540978169 0.0203417380029382
RB16 -0.071135765312153 0.0697034530119441 -0.106937693410091 0.0579360738245879 -0.0301729181138765 -0.104525229018172 -0.0488288289313183
RB17 0.0370248827204363 -0.148697984228186 0.0243286668872276 -0.00755440479410245 -0.0157980439487385 0.148105555230915 0.0272951467096792
RB19 -0.0345689857704697 0.0846402211728491 -0.186152877581469 0.00701923641510863 0.0180411418778882 0.072320333185256 0.167574987512507
RL01 0.150947676842849 -0.0153834909698318 -0.0689171849220133 0.082808145512725 -5.796961360305e-05 0.167622077056134 -0.0317480805406319
RL02 -0.0191018116473052 0.0291684415258454 -0.0313520010580882 0.0643367988116696 0.0920129209654102 0.120566112861685 -0.0887600474582155
RL03 -0.107806150885194 0.0092530797172412 -0.0796617474731515 0.0518400009589396 0.0118251402745594 0.0198459657502261 0.0602504234544437
RL04 -0.0663366432598612 0.00666245631619886 -0.0412609251149234 -0.111387114714784 0.00583038633668637 -0.148814303370823 -0.00150151167817459
RL06 -0.0790702480168325 0.0787421644798428 -0.0124780629161622 -0.0451242966559964 0.027275646401541 -0.105617548533327 -0.0286719144446236
RL07 -0.0308974564147414 -0.0571271892546669 -0.0512972815210347 -0.0149196214728332 -0.0117994572172464 -0.00170109018471488 0.0228210466984943
RL09 -0.053931332312753 0.0196112715295621 0.0680772802443086 -0.0893444961257377 0.0206077511443917 -0.027175713432327 -0.0652955061140605
RL10 -0.0254887560976448 0.0741358284394848 -0.117486912179875 -0.0421577714580829 0.0166539578836342 -0.109386131119544 0.055406866167471
RL12 -0.0262490823145734 -0.0985905811199293 -0.0432655074616933 -0.00838375833184335 0.00471638344111213 -0.0280972094451385 -0.0743705961443859
RL15 -0.146222667893902 0.0186197207512155 -0.0478014079576881 0.0234521171851289 0.098419071072429 0.0366827776257276 -0.0464034944811333
RL17 0.00377418930514067 0.0457239622132322 0.0163466026021205 -0.0524191671550802 0.00889152191545354 -0.00898235092768287 -0.0991287251609135
RL18 0.228964858361461 -0.0652682016465989 0.0326137513011021 0.0265399684584107 -0.0192348520794742 -0.040915753357929 0.0135191104542362
RL20 -0.00877644633688684 -0.00276444245363605 -0.131005571807126 -0.0366868838334451 -0.0417153790659437 -0.0749227489153016 -0.0939322336923498
RL21 -0.0574440680572175 0.0436168320210196 0.0507770787866026 -0.0807346337358509 -0.0120332370857301 -0.0120465299561394 0.0309211415483619
RL22 0.0382271084196743 -0.127382286607332 -0.181575199702939 0.275995314800558 0.190544200437718 -0.123720533275907 0.0986305386058734
TR02 -0.0548331256547163 0.0381694331831843 0.0022667389894963 0.00782236869635569 -0.0427978758638806 0.0228956640437234 0.0248657003651585
TR03 -0.0606876366644795 0.00890732961840184 0.00702270436630153 -0.124754377793793 -0.0106693996756406 -0.0222008748267948 0.068365168632526
TR04 -0.0998259511170199 0.0674363617955359 0.0112486857253054 -0.048006471192558 0.0835277991039996 0.13974565682194 0.0371438526581532
TR05 -0.00775003463645716 -0.0552920813490835 0.0708574448029165 -0.0606122019659857 -0.142535468293198 0.0935575382280497 -0.0470918099002757
TR06 -0.0575519574958415 0.0514142542330798 0.223469139633525 0.0175232594177941 -0.0476148380052725 -0.0517662816099109 -0.00758827349885472
TR07 -0.0181043998224958 -0.0110494761625663 -0.0558503199999819 0.0104706989133571 -0.117557573886232 -0.0121579849338785 -0.0991763482010409
TR08 0.0133019210307836 0.0850242899984362 -0.0275479916878088 -0.0995320183527968 -0.0580684370350682 0.0677435087911119 -0.0575935974185001
TR09 -0.141247544599164 0.0249573673573737 -0.0254138947303044 -0.100324511874558 -0.017280625512507 -0.00996329280862242 0.00495302367742889
TR10 -0.0836348156511442 0.055743750629177 0.0282168483365153 -0.0691858886179401 -0.107842243394177 -0.0844293689843085 -0.0369705949203442
TR11 -0.0696632264584697 0.00937166037787827 -0.0144228371342527 -0.00542022893786039 -0.0621216083659575 0.00560546640423715 0.0390092193892308
TR12 -0.0186438705987589 0.0493431043760158 0.0295307348118833 -0.077942328162174 0.10913552314023 -0.0679903623926802 0.0218268461666777
TR13 0.0329136420326829 0.0332169709557029 0.178330746463929 -0.0238287231485552 0.132440501373284 0.0322598942886953 0.121403903837745
TR14 0.253830441113431 -0.0419144273587526 -0.0275819571959307 0.00998124021144146 0.0916305561917862 -0.0245109104185022 0.0912474897757221
TR15 0.0471452414694899 0.0567820114237839 -0.0134776091142573 0.0504074298218901 -0.0654910167867057 -0.0173836720756355 -0.141120589177596
TR16 0.0314779366591637 0.0913835706478793 -0.153352874370715 -0.0259467586621438 0.0671858671329367 0.0794427553248468 -0.0442001854631644
TR17 0.0338560173412414 -0.0225602294113984 -0.134928793934399 0.028236622428801 -0.118395307852717 -0.0319997226317812 0.157355260985239
