sample MDS1 MDS2 MDS3 MDS4 MDS5 MDS6 MDS7
AN03 -0.0136098520785741 -0.0318002938024167 0.0593776881439127 0.000150952323777806 -0.0830185057293768 -0.0175175899000407 -0.068514967476676
AN04 0.0579165116498876 0.0202569637636343 -0.0104578976292622 -0.0479175176890581 0.00836740282449953 0.0748722993477554 -0.101359975251743
CS01 0.0948680597322809 0.0534494416035333 0.0473586958244809 0.156570288411049 0.035939122259758 0.0461103915373364 -0.108430526512905
CS02 0.0585436285935835 -0.079375440710732 0.00498959938782062 -0.122133064120264 0.0555811197658176 -0.0810127548366158 0.0429521389313249
CS03 0.0473040060095283 -0.0465081481128734 0.0382910037917005 -0.112444231532649 0.026728916891016 -0.0126132065188846 -0.078996372976415
CS04 0.00826471524500285 -0.00196960638919869 0.0683359325651477 0.00475067128133137 0.0696779756106932 0.00161262951864517 -0.071980764608202
CS05 -0.0446291999690985 -0.00520267050719386 0.16169730294149 0.126008141010806 0.0378881432236783 -0.00695101311381403 -0.00599234913385209
CS07 -0.108852079465373 -0.09408288282472 0.0724362421322967 0.0145299438133709 0.0497292514675863 0.124157695162119 0.0793239992910281
CS09 0.0973799627363198 0.0576887018037946 0.0269522386763195 0.0584628024771378 -0.118068476748164 0.0187581104912158 0.012619459308678
CS10 -0.0152894213482671 -0.0530151288935782 -0.0637448463024471 -0.0469460346033733 0.060184549286275 -0.00499167906794361 0.0565714683898703
CS11 0.08493560449515 -0.0480024886535124 -0.0512627051203877 -0.0929098324782904 -0.0394276906039093 0.058073421289173 0.0673172345997322
CS13 -0.0284630046948627 -0.0462007475559819 -0.110528198179293 -0.132852941321986 0.126230267623129 0.0572669338196488 -0.00739120187727466
CS14 0.00946563852716605 -0.0270057297426526 0.00999782928820862 0.0697025928140033 -0.00407150067657397 -0.00286634122729475 0.0780197389852621
CS15 0.0255160622370296 -0.0676537008510713 0.0634754128381584 -0.066996361034015 0.0143404458505719 0.0274906300396284 -0.134031695704745
CS16 0.0247182526040922 -0.110568204181991 -0.00819845495220407 -0.0130486829768326 -0.144374653361378 0.0208219133791039 -0.0386183377257728
CS17 0.124925390219486 -0.00209796188967512 0.11327525059437 0.0628126017818107 0.00399005097040328 -0.144824756589831 0.0882343626203079
DK01 0.0321949408790514 -0.0188638887800493 -0.070919031881851 0.0321178138410008 -0.0729898815985634 0.0245726414920025 -0.016493054491397
DK02 -0.0652560454915017 -0.0410222632439428 -0.0160227163768327 0.14337279014191 0.0266462245554201 -0.0173279045015103 0.0307787235693168
DK03 -0.118818197422275 -0.0945844808333491 0.0772381111528693 -0.0171672028642391 0.0770445644726336 0.0530731734533136 -0.00186816778177123
DK04 0.00889693102330165 -0.109049635966626 0.137336539304666 0.00258513698330619 -0.0699445435269418 -0.135345168978155 -0.138901708495588
DK05 -0.0107042693616498 0.0691054906760264 0.419555829816609 -0.189340038780436 -0.114399996998717 -0.153139803633457 0.0911228156111986
DK06 0.0291801529687456 0.0531313158085143 0.0180681399230172 0.0254587310526421 -0.140321006115352 -0.126895592333002 -0.0180919614639993
DK07 -0.0564000108472456 -0.00904902656492701 -0.113146243217852 -0.0735449480436015 -0.0499187835687426 -0.0471801680518216 0.0297329811217957
DK09 0.0236052536865111 -0.0282650563745881 -0.00834402735474713 -0.0731424266642985 0.0912105735771126 -0.0158298315761692 0.0520646119683528
DK10 -0.214100936340661 0.0604234571693509 -0.0826601410563 0.0304439777505792 0.00364062927586474 -0.0511528121169739 -0.0352118860433552
DK11 0.0606949145963662 -0.0599114877329952 0.0447195032874547 -0.041616043667384 -0.14792447680601 0.0222798054748554 -0.0331267252608257
DK12 0.0670664576405915 -0.0103150679649495 0.0615562093144991 -0.012702129806704 -0.0412039055669672 0.0476510783506851 -0.0556086211371989
DK13 0.0215043946237734 -0.0304131690813821 -0.0127866167573687 0.0147311977310199 -0.027339163353043 0.0804526101000671 0.0596540712987429
DK14 -0.0910179810249475 0.051530984261651 -0.0199198849264421 0.063447853564925 -0.10800058433151 0.14450329980115 0.0899585829158429
DK15 0.102414347835334 -0.0961306146470796 0.0785393399626513 -0.0949526746758009 0.0402304568639417 -0.0204094104384078 -0.0581259979543975
DK16 -0.00239514915643416 -0.0545436299378451 0.0336100662210675 0.0572036726723681 -0.0735017689939284 0.0376010428603532 0.00729510008510015
DK17 -0.0493136546041106 -0.0689491197488616 -0.09321765075423 0.0428047698657133 -0.00657405218986162 0.0947480310273989 0.00603870026534781
DK19 0.0262412606664407 -0.0737570451424345 0.0138014469922224 0.0963624937672972 -0.0654899061312487 0.05888714478596 -0.0584993052765528
DK20 0.0792634098955269 0.0190590350621773 -0.0106799781883399 0.0130377340745747 -0.167937403045749 0.0210876288814568 -0.00171815475562268
DK21 -0.0570740291143151 -0.139824813911001 -0.0845712042985698 -0.0414107443637265 0.0788655953955723 -0.0858063616509731 -0.0276264681109899
DK22 -0.0472923765801189 0.0195643020617185 -0.14396680567436 -0.127517624158454 -0.0378716428894226 -0.0540583694575594 0.011994359569831
DK23 -0.0810389119105108 -0.0884462209394257 -0.0338126602487418 -0.0568947460181746 0.00260839189818194 0.0404853041778432 -0.0492878431963721
DK24 -0.0450267759990749 0.0383931183439359 0.171713599613582 0.0828467198253417 -0.013904843415575 0.147144982427959 0.0308059135318161
DK25 0.0269098872842563 0.00636728500139038 0.0295577517829384 -0.0252544910659684 -0.0464630969459685 -0.0707635218647571 -0.0275558368919181
DK26 -0.116100487673583 0.0354653375318648 0.0362798244862232 0.017864174869535 -0.0596949615740323 0.165525958552294 -0.0316917563888785
DK27 -0.121859934460306 -0.0946912569235465 0.05642396239298 -0.0299365448042476 0.0226801634148967 -0.0701745072682426 0.0784828221249861
DK28 -0.143080314201433 0.0942837558717815 -0.0970735313260595 -0.0783250790382213 -0.0445259689577376 0.011800097946655 -0.0413929678732834
DK30 -0.132774922452124 0.0584358006944671 -0.0559712482416052 0.0825672963882091 -0.142824175755755 -0.0952072616976971 0.0601091047617721
DK31 0.0103050173028076 -0.125435545326184 0.068112607170614 -0.013626256029707 0.0302024207932784 0.0269394696270413 -0.00546892570468382
DK32 0.0218739297790647 -0.0330900680407358 -0.0259781047416864 0.142967572661149 -0.0275413419749024 0.0594665984045298 -0.0442716714432391
DK33 -0.0966426046951832 -0.0556902035825575 0.114875251559113 0.0891189839060454 -0.0785834944685716 0.0257515918268219 -0.0903658052017466
DK34 -0.0788766884850542 -0.124663395128811 -0.0072076592472031 -0.0421535325653754 0.0508428148830745 0.0597299584885576 -0.0101528006810993
DK35 0.0114851786461406 -0.150546676893558 0.0878029993816061 0.00962373736014971 0.0102796906564375 0.0459237099999869 -0.108851806801184
DK37 -0.00253331399037576 0.0427662642045629 -0.0210932110522827 -0.189679457885462 -0.0210197860382605 -0.0211093693921952 -0.397038109274636
DK39 -0.0444762038910989 -0.122866147755321 0.0596417362711661 0.0779216295397888 0.0327388711227971 0.00900717140624306 0.0226816930862927
FR01 -0.0455333862479261 0.0586790969911943 -0.175140011666023 0.14102154303886 -0.00953394090205326 -0.0877756749800638 -0.0183428188029239
FR02 0.0464503069526098 0.0349656391235919 -0.0577449095704762 -0.0353712151124699 -0.00501660877485628 0.032666660843973 -0.00825293937585269
FR03 -0.0246668946003474 -0.106802637035755 -0.0670754817672185 0.0800007572385611 0.0528484345069283 -0.0603528958352139 0.0301896035709176
FR04 -0.0573931952257005 0.0815721544112298 0.113779357276563 0.112347919725558 0.10950062180837 0.163629007658473 -0.079955285546717
FR07 -0.139159527641423 0.0886722982270853 0.15265638670779 -0.0135494596129632 0.168038477111131 0.0248219768100277 0.0756302168298536
FR08 0.040326690474372 -0.0260040138806616 0.005408408764032 -0.00370001006591327 -0.124480367143132 0.129202473623232 0.0127157790661776
FR10 -0.0276932079334855 0.0259978291263081 -0.0746980301019926 -0.0823553808483756 0.0563773326246145 -0.059985383689593 0.0825674731367531
FR12 0.0441218411239501 0.0699439339026578 0.0133632257410346 0.0545548112038877 -0.0018833719083131 0.0190310906318529 -0.102642224329343
FR15 0.0496458450145119 -0.0884232069070531 -0.00880752325142444 -0.0152503748280203 0.124708777022366 0.0172921608052964 0.0125377629812525
FR16 -0.172266623185763 0.0303848763700716 0.0510446797998967 0.0540178480779456 -0.0769317178281981 -0.025477327178854 0.0282481227909948
FR17 0.0296777893783661 -0.057516028906625 -0.0370151046179949 0.0238100199605726 0.0792170137319058 0.081059797714614 0.0235477358990138
FR19 -0.0564351842940416 0.003938381747617 -0.0839144697869401 -0.0657357002135451 -0.131479022300704 -0.0450711100578646 0.056575917860781
FR20 0.144366431709505 0.0102803981090127 -0.0443582688357465 0.0553382870465644 -0.0105316084893089 0.0541687880819452 0.00121361777944275
FY01 0.0233601230108524 -0.032727703133908 -0.0516792645851638 0.052436194652879 0.0759792304525548 0.0330027876878584 -0.0469729253348423
FY02 0.060394038247912 -0.0826969919617453 -0.0342892705659061 0.0344774255695093 -0.030979939922963 0.0315432849576383 -0.0155353273147928
FY03 -0.0642816994770153 0.000363360840784732 -0.0313387511990693 -0.0868396755803494 -0.0852273063002361 0.10400770246713 -0.086498657152293
FY04 -0.0143992225603234 0.148077423321445 0.0902706190876318 0.0782208131215066 0.00297923479496515 -0.097151534802848 -0.0715847100586724
FY05 -0.000144319287685979 0.090617993851075 -0.0589334095340474 -0.0802590607118608 -0.0242986971247535 -0.095308394776618 -0.00845582232924463
FY06 0.00881687961015229 0.101776444282764 -0.039852469254008 -0.0704660434112269 -0.0405930851726446 0.0131474536176816 0.0320114482315612
FY07 -0.0197577389507666 0.0807505043109512 0.137349115788691 -0.0738257834713897 -0.0806223471414284 0.0668952326684091 0.0529309498814486
FY09 0.0137649828964566 0.0160910847886703 -0.0354677209749077 0.0150166239105373 -0.0829543698143563 -0.0406336961093087 -0.0233580228405505
FY10 0.0475323885282329 0.0583940466343683 -0.0496401241339423 -0.055112595188221 -0.0507612615834985 0.0867262510166125 0.0953669246805716
FY11 -0.0914986440555322 -0.00944513184598725 -9.09297900664923e-05 0.0839044388749851 -0.0178823060941008 -0.0376654322631816 0.00776166659941656
FY12 0.0435790964011496 -0.0560118699489653 0.0641222627158079 -0.0903462344288069 0.0115354916345806 -0.014029278525708 0.11933256012664
FY13 -0.0451536509948775 0.08651078162623 -0.158862644053525 0.0103514476157423 0.21991331344241 -0.0169034441164137 -0.0407839244899933
FY14 0.0663637927388433 -0.0041655815948376 -0.0269092806100393 -0.049374381585132 -0.00387325395209062 0.0396255260839777 0.0378953519026971
FY15 0.0700828636799409 -0.0918975374852637 -0.0119715629665206 -0.0270459647866037 0.0939418264959241 -0.0681778501355919 -0.0503665536748555
FY16 0.0383549857296303 0.0213510079713058 -0.0855381564117462 -0.0114230813607921 -0.042190095357072 0.061571766006844 -0.0250468427777093
FY17 0.0417149121048751 0.0152865366594712 -0.0179826941623655 0.0454211950396556 0.084958442652737 -0.0103658551932685 -0.0886695660143595
FY18 -0.0419847438634359 -0.0329157484611686 -0.0191686967890585 -0.111776538313246 0.00807701697756636 -0.0401777887670947 -0.12368676753216
HH01 0.132263707756508 0.050538820245363 0.0618298719900669 0.0950821429142539 0.1001261384244 -0.042229831146714 0.0783644064451361
HH03 -0.0124113848653262 4.84537621561939e-05 -0.00433199420316809 0.0471611202849867 0.0413013336301658 -0.075055117390023 0.00472201207675447
HH04 -0.0797404154974332 -0.0556529634509077 0.0173867218155566 0.00279961184433995 0.15133810963794 0.0447786602876159 0.0690705411529002
HH05 0.00586343377449176 -0.0127641426447231 0.00846113653350489 -0.0104596031757166 0.0415006538063357 0.00559705373715206 -0.0190870989335788
HH08 -0.0750286403299779 0.0536605503125807 0.0557698904463803 -0.0114138458219003 0.0125768649339354 0.0338418965185798 0.0140488327990566
HH09 0.0624139682644493 -0.0367374779041436 -0.00415618888488498 -0.0347320262714394 -0.0078975922316211 -0.0781774738526781 0.0601612136209763
HH10 -0.0841379843285819 -0.0360619820050958 -0.0342709749108119 0.0964301817250033 -0.129029288195559 -0.179462052854794 -0.0255098360375554
HH11 -0.0515388696161555 0.0335028323985134 -0.0277029299346042 0.129684626608366 0.032221334793318 0.00955780341641493 0.00846189162521296
HH13 0.0103935982018408 0.04959781074329 -0.0407406060002262 0.040234676233488 -0.0446943135970543 0.024561527749795 0.0621634687938618
HH16 0.0191385827459681 0.00711143326036125 -0.121208405732995 -0.0106760670789362 -0.0736482624933343 0.0141940810390273 -0.0445053358534402
HH18 -0.0764574291296395 -0.0666261759021982 0.0587922226139678 0.0687435734889873 0.0445885659638853 0.101040861882301 0.0314971962387012
JB02 -0.0424093733747903 -0.0803040892636845 -0.0212241490988777 0.055838821215696 0.0238584895492074 -0.114849385000305 0.00429813484730579
JB03 -0.0117823944611769 0.143562441719744 0.0633499308576963 -0.00477110124309082 0.0331646437421432 0.0661870042616471 0.0120428248903956
JB04 -0.0340333283114818 0.0712785726980606 -0.0815904494383998 -0.0614130520974109 -0.0578501038506651 0.0425999561763785 -0.0307301598037377
JB07 0.00877551149196839 -0.0272536014897718 0.0145847186284802 -0.0423052305152353 -0.00735762423677827 0.0215896703050854 -0.0247483732727854
JB10 -0.0980290195578733 0.0878815309242731 0.0496386116416854 -0.0671803539346304 0.00426379640362416 0.0373142911261894 0.0465220030282109
JB13 0.0162216582607852 -0.0629334613948136 -0.0116198582334642 -0.0905650531130665 -0.00966254631146947 -0.00204425456105233 -0.0341550249988603
JB15 0.101573472124776 0.135573308769292 -0.0135216188307621 0.00938877144906769 0.140083104708516 -0.0214535077389622 -0.0394820273376704
JB16 0.0748652948180431 -0.0151771159373742 0.020873946816372 -0.0250925308637933 0.0277054574997135 0.00601796069051591 0.0111843536821027
JB17 -0.0237622723077307 0.185526618040771 -0.0072816343571023 0.000991071007165823 0.0859665609819713 0.0550968738463505 0.114838981435939
NB01 0.0277925946057935 0.0157648858266801 -0.0494166282202858 0.0960798092009299 0.0157417448350254 -0.0251952562308517 -0.151667578872032
NB03 -0.0381552319126725 -0.0601132523701573 -0.021297621872914 -0.0566371732195977 0.047241403431924 0.176943359849128 -0.101670876211679
NB04 -0.0161643757753665 0.0188785794828046 0.0197153961202229 0.0463315857514398 0.0182325728433157 0.0257898651790478 0.0523237914110099
NB05 0.0638385448270463 -0.12120384876102 -0.074665590663412 -0.125916473729458 -0.0633995980831145 0.0356883248405375 0.0418419686353871
NB06 -0.0250387984738823 -0.0821843227952576 -0.0528739947783448 0.00357961824049559 0.126310809955888 0.0900662618964865 -0.0176859734436486
NB07 -0.126115136052421 -0.00178773644507711 0.0227270634566889 -0.0280072490264719 0.0779852620613673 0.0340140955512337 0.0458287796617282
NB10 -0.180855531255673 0.0624629058059945 -0.0666952020866061 0.0212831194840727 -0.0575453733078725 0.0780772263852786 0.12935811892281
NB11 0.00508448982645419 -0.0394250136025937 -0.0123016214098386 -0.184569647819078 -0.0101575716204969 -0.00392290644703885 0.0103094608510858
NB12 -0.0414801413907067 -0.0915996376391 -0.00566871205565753 0.127759936358525 -0.0434029939484474 -0.0195050630569786 -0.0294963617605204
NB13 -0.0509788591317077 -0.0253575113731793 0.0687500214503639 0.054166621485339 0.0308747611438736 0.124329327629316 -0.027608260596791
NB14 -0.0401403613843484 -0.153373670483452 -0.0290132935703994 0.0247243070271219 -0.046314254668066 -0.0543313881085347 -0.0798864609592007
NB15 0.0407591176231451 -0.0389601408435003 -0.00202310817769896 -0.0451116983422963 -0.0205676608369723 0.0863183628029014 0.0178125727411331
NB16 0.132765077700274 -0.0132701109143305 0.033042795074152 0.0602401673820734 -0.109830384503368 0.0354373642459255 -0.00299598735841998
PA01 0.0740768374242987 0.116852503607885 0.131854245248219 -0.00633027512371394 0.0390782749291309 0.00496026792743967 -0.0235222274370939
PA03 0.0453998192294408 0.000519675841155094 0.0515636768905124 0.141624019416342 -0.06282520936844 -0.0769802312340923 -0.0749410948611333
PA04 0.0529613754178307 -0.0126183088983981 -0.0104011696865679 -0.10621365454735 0.155801501300769 0.0142668850484934 0.0339522501502762
PA07 -0.122832152685351 -0.0460747163965907 -0.146837718903732 -0.0390752808746873 0.0461390733267678 0.0549889142063287 -0.00770421870076759
PA09 -0.023599464715231 0.0818983944641449 0.0977177700676399 -0.0423140411602972 -0.0875015327906276 0.140100857848924 0.133945235020831
PA10 0.0121751709132765 0.0200580410436289 0.0819064729083788 0.0661246817514105 0.0477916475339703 -0.0134060665332902 -0.111804479873009
PA11 -0.178082135020974 0.0677228078913149 0.0101034232584571 0.0847409913513521 0.0802132960956315 -0.0335581367321815 -0.0101587528574568
PA14 0.090030085016051 -0.0371319189472652 -0.00978572650740507 -0.0421614451087989 0.0313427059198722 -0.0174263423646299 0.154017780049681
PA15 -0.00588520858160065 -0.0447985843938954 -0.0271816899618123 0.0791529833994065 -0.0588602009160772 -0.191976618785173 0.0388064873623002
PA17 0.0138151380928557 -0.093536092920047 -0.0571893610414663 0.0813685869702983 -0.00735649891335366 0.0190239536148271 0.0130234199064095
PA18 -0.0297353364582042 0.070373746710899 -0.0311507738187123 0.0715997955673852 -0.124808011563562 -0.0842710454463688 0.0259209562307472
PA19 -0.164109339719468 -0.0700235806834584 0.120342071926496 -0.0901940487220924 -0.00398940845538611 -0.109855904677025 -0.0204248379310345
PA20 0.0517971290950586 -0.0738495246492992 0.0907510007200698 -0.110750862855488 0.0820369640252291 0.110369710599047 -0.0371380032813843
PA21 0.00606192183453202 -0.121220872849376 -0.0770699878447372 -0.0284129288891394 -0.0489130687749212 0.0188419449632677 0.0199281421362108
PA22 0.0153081116339118 -0.0602791682178651 0.112291920145206 -0.0196464421281446 -0.0112750810544901 0.0311109309841592 0.0955604770901039
PA23 -0.00315900055561397 -0.0459203004691807 -0.0795790446025445 0.0926219149702098 -0.0924846540113963 -0.014705841144919 -0.123618103702017
PA24 -0.063890456491962 -0.106040063846779 0.0503554430344668 -0.0478316967916536 -0.0816923735555466 -0.241108463002712 -0.0859063957382376
PA25 -0.0277079432678299 -0.0149437872523174 -0.0274438662071335 -0.00391302647803285 0.092262635733446 -0.033286237216384 0.078402897948416
PA26 0.0127238994672298 0.00321970226448932 0.0388332569650704 -0.0871895120564334 0.0718909602329473 0.058801075354218 0.0705507025739521
PA27 -0.101185743563802 -0.0336600053607235 -0.031461594351118 0.0261616195107618 -0.0374898273132138 -0.11790859268932 0.0670309803495061
RB01 0.072179858404269 0.0390052543228172 -0.110821480108002 0.0192806367953223 0.12053172405647 -0.104442388199897 -0.0548811417592607
RB02 -0.0630934306634873 -0.0221605255182798 -0.0534182917788531 -0.0120273330049133 -0.0155290511136947 -0.114874849355337 0.106727587577706
RB03 0.0647543189078343 0.0270569695013924 0.00778405720663813 0.0490802029217754 0.0413128461807543 -0.185691402068444 0.0893244821260213
RB04 0.072772501834136 0.0715758042294539 -0.0293600385592205 -0.0334105267694018 0.101336265162143 -0.10562266534731 -0.00623710616388921
RB05 0.0535261516519444 0.0478833545616474 0.0193470317622756 -0.0335126365842345 0.034036043190651 0.0453350791078655 0.128047467728775
RB06 0.0663925399093142 0.137988874162965 -0.0547929096723982 -0.0826827220310838 -0.0750088287321135 0.0187126228862521 0.0359461253631194
RB07 0.00846059294044276 -0.0728500145440689 0.0126984807751992 -0.00352152945483949 0.0142658808990955 -0.0366554639262755 0.0459702554428044
RB08 0.0931826527684898 0.0470653454951286 0.0606304815693555 0.116213025013377 -0.11068128263666 -0.0252097671263144 0.0405801015608576
RB09 0.0797891897211658 0.0286863525875243 0.112912221414567 -0.038297604855456 -0.0103711569343218 -0.0122643306807242 0.110645162428997
RB10 0.038547104337433 0.0299314930448977 -0.111728213175357 -0.126305490613444 -0.0667233776550506 0.0025803602298894 0.182435021251124
RB12 0.0532691441493868 0.000827895066122573 -0.174436283990147 0.00426759547093744 -0.116137083960229 -0.0236886598183648 -0.00199450207301136
RB13 0.0877049114533489 0.0522468973890031 -0.065796640510797 0.051631861567775 -0.077806467934082 0.0808119437335319 -0.0093016116600606
RB14 0.015857475332945 -0.0341246769253343 -0.0126393188166083 0.0317877606870678 0.00835569922509807 -0.0254865789188983 -0.0920364316431969
RB15 -0.0115714579698215 0.0181323357284609 0.0324532055221239 0.0150697898986093 -0.1263287167089 0.116794241695698 0.0560566640286471
RB17 -0.0462953170956177 0.0266375171045052 0.150996764164075 0.00135567984811723 -0.0877015444753414 0.0514014831145292 0.0564658199233138
RB19 0.0919459360539179 0.132373516750738 -0.102833635481614 0.0807582041857092 -0.0609526195791331 0.13853730765388 -0.098797035273211
RB20 -0.0319174085483267 0.0331558661911625 -0.0244243198918493 0.0144876998850791 -0.0159943008018162 -0.0128652224929452 -0.101646108428172
RL01 -0.130491586400955 0.0704680526447839 -0.0681823484952366 0.00918702931463735 -0.156509607045082 0.0447015763168285 -0.0133721193167577
RL02 0.0207001906440361 0.0710209850475888 -0.051409330621806 0.0596996502126807 -0.0365638230249951 -0.113501495103381 0.0200880087393592
RL03 0.109238192692631 0.0314979756875873 0.0109538273519437 -0.0100987871403814 -0.0264689929123589 0.0284170718891786 -0.00910537308314753
RL04 0.0721376599325338 0.0387711893318244 -0.0253354941541613 0.00808820710075898 0.100057524581278 -0.0218175854301961 -6.25370846968048e-05
RL06 0.0920942087738604 0.0129938804851736 -0.0671445128826514 -0.00660355622229993 0.126758494918333 -0.0497353536262836 -0.0132279763673033
RL07 0.0443742856657315 0.0651654499888602 0.06903764159895 -0.0195137619258163 0.00488634103769924 -0.029169672217845 -0.00568748013689264
RL10 0.0598488033589868 0.101193040339854 -0.0638993316133588 0.0139465493883692 0.159276235394289 0.0378747226747539 -0.0211169642469457
RL11 0.139393711599789 0.100296355635083 0.0108570767375972 0.0430747551889059 -0.00158291199461056 -0.133244957972443 0.0358639725573278
RL12 0.0151633246939085 0.114878431814884 0.0739848727724261 -0.0734237541924005 0.0397863998012146 -0.0659621771768213 0.0705783257431162
RL13 -0.00587455102370562 0.18322524672329 0.0718484266346713 0.00539533726128595 0.15049768173308 -0.0912994729229804 -0.00392706800788661
RL15 0.155222765544937 0.0838978589096667 0.0480421555404586 0.0075270017720926 -0.0124218723290204 -0.0830157099991807 0.0067550323620021
RL17 0.00976840410887796 0.0117209118826645 -0.0389453377098401 -0.00365195999274118 0.0396397081599792 -0.115480085233414 0.0829862508718491
RL18 -0.223564328287929 0.057890480854282 0.00084036351384302 -0.0247159556961967 0.0624402369415775 -0.0380728930632423 0.00985115838553914
RL20 0.0496160629845559 0.0550510625518562 -0.0768527188454191 -0.0781362399881711 -0.00800879829085002 0.0162130822175372 0.0273758985612018
RL21 0.0639996595419192 -0.0425663113473105 0.00985421948411132 0.0854147405705885 0.0899342044956897 -0.000395307524957117 -0.00400347522657087
RL22 -0.0397388597500429 0.211906547749127 0.07802339367671 -0.312776168031052 -0.0639361293957635 -0.0627987345984476 -0.329929407196358
RL23 0.0833670544038146 0.147785413170657 -0.0343229448899876 0.0881383208450614 0.082937662942025 -0.034425048617483 -0.0453259905715849
TR02 0.0578286578144156 -0.0401479509757842 -0.0155775841779168 0.0343378316693301 0.0193234553131476 0.0288104101320366 0.0629700860606058
TR03 0.0838721578731596 -0.0483999792558742 0.0236373300364656 0.0755210310611474 0.0533977246648206 0.0858451124318167 -0.0383823862714573
TR04 0.104171735922463 -0.0127946184035894 0.0265574579090844 0.132621422788029 -0.0239286996998536 0.0510301591177648 0.0201342389040783
TR05 0.00739362384722538 -0.0787233685101677 0.0621393495509152 -0.0366136718298908 -0.0963809126899712 0.0481258917188049 0.105325807280754
TR06 0.0226963182243855 -0.224339333705748 0.0168083584068572 -0.0417029890436377 0.0318759400333432 -0.0590867647698997 -0.0118778061065401
TR07 0.00598905998615565 0.00119672177863585 -0.0416827833346577 -0.0766459230954837 -0.00720798922915046 -0.0361740151241705 0.0810062923752804
TR09 0.124084862429274 0.0116058741054008 0.00207591438985471 0.0731604095403059 -0.000725673973840902 0.0192752060044549 0.0293341575681266
TR10 0.0757690839095975 -0.103734216660581 -0.0582511482962662 -0.0462713138131542 0.0535568863119249 -0.0137670064516644 0.074716099029089
TR11 0.0780075195958178 -0.050014140855282 -0.0268894029479266 -0.0509813789123396 -0.0458422671041447 0.0582892719647163 -0.0354221913308305
TR12 0.00878813575864601 0.00561734662375728 0.0149894735333812 0.0421408073174311 0.135848710311724 -0.0497746150049974 0.0333325036071904
TR13 -0.0482716205648658 -0.0972588278044062 0.047631955391925 0.162557205857493 0.0518483864824171 -0.048883816018792 -0.109065475935434
TR14 -0.224614462233496 0.153483057959778 0.00028030363535948 0.0510741993462987 0.0896909251267018 -0.0492964430677009 -0.0646416275898648
TR15 -0.0521722613585376 0.0208128843867401 -0.101120575190739 -0.0951041991930817 -0.027423648383299 -0.0528462920954182 0.155257708000506
TR16 0.012151225754986 0.109407675755354 -0.12599838884252 0.0310542468150344 -0.0572096506833733 0.0505472760925098 0.0347637645507254
TR17 -0.00213848346089277 0.108132832879435 -0.0204300003578081 -0.0453432328621858 0.035217252718998 0.191515107523798 -0.0615034487146183
