sample MDS1 MDS2 MDS3 MDS4 MDS5 MDS6 MDS7
AN03 -0.00569298095367143 0.0530044424002213 -0.0512648406460354 0.0426340141972086 0.0241716769396872 -0.0371693557128634 -0.00165678599925587
AN04 0.0616350626299172 -0.0250348216340747 0.0251566572596296 0.00818640925515654 -0.0100636018999603 -0.0350198858819365 0.00747617111041621
CS01 0.0805570713815687 0.00349468240058259 0.0439413092623636 0.127460665467365 -0.106495748472662 -0.0421808518441315 -0.0515834576345417
CS02 0.0599766091012427 0.00690652062440844 -0.0643614419274372 -0.0444949882789487 0.0840400169845286 0.0518340819807192 -0.0351518875901415
CS03 0.0480608222479549 0.0429123875300459 -0.0119886379105617 -0.0404841641658146 0.00498806458358996 0.0330987611985637 0.0257731614472646
CS04 0.0319322447240106 0.0336170487598537 -0.0371197387540141 0.000942537330152149 -0.0232181475230592 -0.0548830133680664 -0.15823412672481
CS05 -0.0325402112285676 0.115760033018045 -0.0217688307967529 0.0697606111100584 -0.104346417751187 -0.0520056103959199 -0.0498122214423898
CS07 -0.0862123266842818 0.0725512524985431 -0.115759001226542 -0.0802487111341582 -0.0844662752663316 -0.069715069272595 0.0508154802942001
CS08 0.081499083043333 0.371882044357761 0.0864336533168758 -0.0283800345491214 0.126503035763618 0.09893176654809 -0.116076675036697
CS09 0.084709340662143 -0.00998221781627409 0.0698547184058745 0.112802678618274 -0.00400747701929656 -0.0810898544178105 -0.030384169118786
CS10 -0.0165860141162589 -0.0517045631661933 -0.0729449968064786 -0.077778590711799 0.0178890358492944 0.0448165744994002 0.0291673422295515
CS11 0.0951647621440828 -0.0414376519358443 -0.0706031789342546 -0.0635894827558027 0.0539174994535806 -0.013387825795219 0.0720433097266343
CS12 -0.0639397213873949 0.0448042189541498 -0.0221815999237285 -0.0181889405976037 0.111267140695845 -0.0350080334681202 0.06615944667967
CS13 -0.0245770518781291 -0.0970146325794952 -0.0412664807083988 -0.107824015440426 0.0698889055819381 -0.0406627676029695 -0.0792749477214651
CS14 0.0283796882050436 -0.0161354127109313 -0.0460122928145677 0.0581566644314087 -0.0367475251943791 0.0134145627746269 0.0602697511054968
CS16 0.0312686104561667 0.0108641082937851 -0.118349898964931 0.0726086901087247 0.0907507311027945 -0.0184414658934435 0.106982824808628
CS17 0.135165094417652 0.0514916698698871 0.00422211154556917 0.0734618310131729 -0.0666665209565735 0.0611558094927153 -0.0401388329240431
DK01 0.0346001133574882 -0.0626924466519814 -0.0526680783676904 0.0289931444542098 0.0582056290447299 -0.0429839777392818 -0.0281384527497718
DK02 -0.0646716495461598 -0.0115560053062924 -0.0184431476107362 0.0469623124862381 -0.059558427884602 0.0260136379032028 -0.0746999485995256
DK03 -0.104062433155101 0.0398164801951516 -0.0774536238636613 -0.00164725820034735 -0.0933110140257149 0.0117849747736906 -0.00269904312677639
DK04 0.0372886370453075 0.0923120615088558 -0.130263675259643 0.123753222245724 0.0563977353870763 0.0763994322901639 -0.129265215952567
DK05 0.0266572265823707 0.528318404280287 0.0981660197298085 0.0191381259196564 0.167308011578077 0.15329288143387 -0.0906309584842726
DK06 0.022517005685409 0.027038793273376 0.0696532463811687 0.0709513555522332 0.0800373319283871 0.11460360913837 0.0582543717758794
DK07 -0.0505110116340881 -0.0673041958075135 0.0048019717843399 0.030217649346527 0.0951459618337641 0.0913548564705235 0.019850311257145
DK08 -0.104955846958968 -0.00067014689737906 -0.0012429804412442 -0.040354804061065 0.0260131344552614 -0.0527911243094734 -0.107728603934166
DK09 0.0267128085284606 -0.0260377265295184 -0.0263636713274002 -0.0463644835593299 0.0374656912727686 0.00263618604544064 -0.0139058707128873
DK10 -0.20978508720103 -0.0573162317535072 0.0832071283113867 -0.0275609626094722 0.0159011149329122 0.0469004677486501 -0.0655276106185253
DK11 0.0768079522968829 0.0236579780942706 -0.0606867796349019 0.101026603262471 0.10723842275539 -0.0674979527429828 -0.0174721259385325
DK12 0.0723573532525291 0.0348970578748752 0.015741786492159 0.0475659390566761 0.0455045030331347 -0.0525393181838575 0.00431665824535332
DK13 0.0256617541903346 -0.0308045839527496 -0.0169960044796737 0.0379499196699163 -0.0536791624890058 -0.0249239343236261 0.0762180463584171
DK15 0.0995949581302997 0.0479123184826566 -0.0864652516226841 -0.0214646733505841 0.0346243942422482 0.000562232209541269 -0.0405383221140023
DK16 -0.0279530746790713 0.0168089456671246 -0.0305179180710173 0.0872380596664732 -0.02448171632679 -0.023835872058402 0.0205934330394884
DK17 -0.0536161837601327 -0.0926657718928635 -0.065181619641536 0.00659033018252375 -0.00615729098172106 -0.0789125436726366 -0.0388473854577484
DK19 0.0271144117512538 0.00224130336129274 -0.0950056315245032 0.0428586847910292 -0.0640343376192538 -0.0479304894507461 0.0541644540869397
DK20 0.0682332788977728 0.00361003345964288 0.0309464522016184 0.111739669924565 0.103104769274958 -0.019553602045262 0.0328413037529435
DK21 -0.0634274734297461 -0.0554402170132483 -0.116767789556047 -0.0791714016879585 0.0232418185712775 0.0988556114043675 -0.0436749648574488
DK22 -0.0445010862157686 -0.0795991363459392 -0.00499056987718925 -0.043620650050104 0.189429905985765 0.0292456967794318 0.00781644323082789
DK23 -0.0808072070415699 -0.0227748477997923 -0.102706070274803 -0.0233808427507351 0.0624488610462585 -0.028604114554691 0.00917510315345947
DK24 -0.0374074738460676 0.11976089543149 0.0211166948873231 0.122933738535832 -0.0901005156580596 -0.182333638141698 -0.00846653804727594
DK25 0.0311460789881603 0.0431853887207143 0.00208252968057698 0.0252256695882045 0.104483155878693 -0.00798069710787551 -0.0836276411023769
DK26 -0.112799773084643 0.0492894815727691 0.0256907460462413 -0.0405824221119976 -0.00664197145599569 -0.114311349593091 0.0231453229392728
DK27 -0.107035761246114 0.0451100669717689 -0.104622038198256 0.0430839487269248 -0.0690351547602435 0.10545988037079 -0.0184185888043324
DK28 -0.139389834261623 -0.0386982984587248 0.0969469829452074 -0.0423932670636621 0.16382866341496 -0.0332322531484098 -0.0606524794693262
DK29 0.0882958462906374 0.0115314737560777 -0.0458895064323758 0.115184061902132 -0.0529634187587578 -0.0770651778745996 -0.103319492343064
DK30 -0.133480720820478 -0.0791373366637954 0.0732979923962877 0.178530973148515 0.0400410867192073 0.0672758582247675 0.105515828383512
DK31 0.0113267336272128 0.0699114761619676 -0.12337959206024 -0.0221408194248955 -0.0620580961772534 0.0446898286535997 0.0964919748660353
DK32 0.0213347347086446 -0.0654999490631624 -0.0400359835221793 0.0902890593628133 -0.0202565630893896 -0.0695762540984437 -0.0628232595653942
DK33 -0.0970165869159534 0.0682284743208898 -0.0277996724456161 0.170036842461814 -0.0872711702492606 -0.0904677085509913 -0.0288733173749046
DK34 -0.070553513403959 -0.0175391462429441 -0.155927061125669 -0.0828398131195081 0.010797750706975 -0.0827202485184353 -0.061580559899768
DK35 0.016336384386793 0.0564647566223653 -0.146469061972164 0.048272871470505 -0.00552496275441688 -0.0486057947792252 -0.0314429791675592
DK36 0.0565018976086647 -0.0131280664663165 -0.0917293001835469 0.0216577517225763 -0.0901817474284986 -0.0732658395086698 0.0450234658546245
DK37 0.0152786750310017 -0.0580317161344303 -0.0433021587471606 0.0133199111715567 0.0580015817517829 0.0318127761948095 -0.0843181449434074
DK38 -0.0117315122620422 0.00851379810889785 -0.0751897840306164 0.143701865424707 0.151639567671055 -0.0495017408319922 0.119391556600386
DK39 -0.0365587122913928 0.0283257277208797 -0.113519742195686 0.0448447515042221 -0.0940760322611836 -0.0077363972882419 0.0329269990373551
FR01 -0.0629532687497164 -0.168683855298768 0.129933215466827 0.127753008165411 -0.00280047735566632 0.0834604648834439 -0.0512407521760515
FR02 0.0586886266461455 -0.0642601106702787 0.0163017925156669 -0.0205496779775584 0.0195953809450284 -0.0221148338800278 0.0810415790429043
FR03 -0.0311958715279428 -0.0702252596803333 -0.0718786270612382 -0.00803102415101455 -0.0570686850819209 0.0757644325076609 -0.0427469597618141
FR04 -0.0598943799874884 0.0562989080382314 0.0528973379186245 0.0254865846826561 -0.161943436547868 -0.180465142695397 -0.0629067842467693
FR05 -0.0948232512107866 0.079699976677113 0.102456525348048 -0.19699795234135 -0.0170694839512877 -0.00933385832384893 0.068496879678136
FR06 0.0443290127932353 0.0268049186445054 0.00442347195397376 -0.144276475634559 -0.0647683329450896 -0.0668236234228353 -0.110039555415481
FR07 -0.129427388382121 0.130081692328499 0.0771842834868122 -0.109368118411646 -0.0964251313294311 -0.0423543740304333 -0.0508588573087051
FR08 0.0339936455549601 -0.00427505483355291 -0.0653394053099116 0.0804870978783773 0.0269969599179185 -0.124749367993604 0.125165933451592
FR10 -0.0372570773832485 -0.0548108124898885 0.0474480910137493 -0.03825401092669 0.0311328050601907 0.117550117390334 0.0627778920429791
FR12 0.0460526438405253 0.0160268665602909 0.0921292275292473 0.0256959694524178 -0.0568168051957913 0.0253052941236241 -0.0159149216837094
FR13 -0.0647350500335969 0.114356371319848 -0.0662324840315708 -0.0721213387778899 -0.1034206847954 0.0395215923736929 0.183164736253771
FR15 0.038525864412637 -0.00340825433915686 -0.0669359325483042 -0.0807496026416295 -0.0480581461468142 0.0172320830306517 -0.0281428164136275
FR16 -0.163622398813674 0.0600091014889801 0.0339206069743298 0.0410220637750918 0.00314794943233906 0.00331018378295227 0.0199688653881693
FR17 0.0215241005155644 -0.0517014617200806 -0.081591791013215 -0.101110041520351 -0.0677898916093654 -0.0530045449424318 0.0466867934408242
FR19 -0.0474774050982301 -0.047134193774427 0.011970787521423 0.0476944807013464 0.190187323605388 0.0160323082198079 0.00210254695321534
FR20 0.125791410429056 -0.0576971936354488 0.00196033638073537 0.00599589353121511 0.0215860044331101 -0.0940113847618355 -0.0127168248379229
FY01 0.0120084777764364 -0.0463437995403457 -0.0505915261586589 -0.0662683912686126 -0.100370104029548 -0.00038751764081468 -0.000207305652877285
FY02 0.0527873977298046 -0.0514207823123247 -0.0866982821875397 0.0215519281057796 -0.0585442877109163 0.00248518615658525 0.0640675042521849
FY03 -0.055849855301915 -0.0423315917576186 -0.0132971015472213 0.0336925759916207 0.0714288092016564 -0.041600692878212 0.0478649508227739
FY04 0.0134444515983455 0.0823045154359632 0.171285645839512 0.0780771073092403 -0.0437592103739321 0.0569948665012612 -0.0694724290467669
FY05 0.00756722083436896 -0.0422509657678518 0.043918873009289 -0.0793809068558393 0.122481929400493 0.0529130228206057 -0.0563415204103495
FY06 0.000256641178524878 -0.00196671894453108 0.0896315420257498 -0.0713795889599354 0.0806245893183263 -0.0115966106706686 0.0375595210641119
FY07 -0.0157049552612744 0.109291267645614 0.0810317432268548 0.0361098394311649 0.0479870148435354 -0.113109138769106 0.0615154291926707
FY09 0.0135551647191985 -0.0613311656038716 0.0479492981845729 0.137362890326543 -0.0111329777530577 0.0209970757995717 0.0134136846417023
FY10 0.0285003644901149 -0.0377585624461008 0.0350822548192123 -0.0915549932249894 0.0794292049572447 -0.140038797669637 0.0470063703658021
FY11 -0.107831394881558 -0.0096081583872295 -0.00667483274829391 0.0683610983575489 -0.0706893410596378 0.0669577203301541 0.0564537427103219
FY12 0.0619760995048011 0.065742633663989 -0.0605962177491398 0.0278034323048003 0.0117155011802481 0.0723123373868299 0.0963662735432939
FY13 -0.0515942699482212 -0.1356444364759 0.118977138622889 -0.129815225490016 -0.127577525427744 0.0587644148888635 -0.0660207427109941
FY14 0.0679486443298195 -0.0353718262489453 0.0122928196438682 0.0357505952336803 0.0183695001049875 -0.0289402088200914 0.111919475248409
FY15 0.0604060729695031 -0.0368398144471457 -0.0944999860391987 -0.0116244926853909 -0.0282290269819877 0.0491044705619892 -0.107206251404235
FY16 0.012871019349791 -0.0736469730394749 0.0299106668326311 -0.0223126681407071 0.0383191950495721 -0.0117115501365483 0.111893856930958
FY17 0.0429241206798802 -0.0395177516956359 -0.0187662762090804 0.0194100159435411 -0.0296962825555261 -0.0549331310095708 -0.11132654245156
FY18 -0.0504534765089096 0.00459714534472441 -0.033804577851968 -0.07495927866534 0.0694253215554328 0.0263627370012675 -0.0925762911673641
HH01 0.122689396945802 0.0356699640815541 0.09282744790746 -0.0136414810026556 -0.167486457124603 0.099207125528878 0.0590436634419183
HH02 -0.168002872620885 -0.0123885135345339 0.0860854024139554 0.0913045700481476 -0.0856701749898672 0.0502078256157734 0.041777248695672
HH03 -0.00729081001827205 -0.0234132965928857 0.0136905120289333 0.0185067669726556 -0.0657755575730234 0.0848798008194144 0.0125671652306952
HH04 -0.0722133402290146 -0.00912743754067835 -0.0609927201361422 -0.0744239442030324 -0.121412117189098 -0.0193628284178596 -0.0276286641248883
HH05 0.027116170017667 0.0091380313265929 -0.0350034069569216 -0.071112651468876 0.00983237387338822 -0.0156924222962404 -0.106222559628155
HH07 -0.0225051898520222 0.1006309764471 0.0170594825772935 -0.0653343848195575 0.0126813523895889 -0.0115578218261188 0.0411991782910636
HH08 -0.0467510916838196 0.0336854307878406 0.0802960283803582 -0.00555189955011721 0.0112538037566843 -0.036205203536234 -0.0141110901330365
HH09 0.0504108553445331 0.00949406173111816 -0.0342695951170232 -0.00391302805208818 0.0225482855652707 0.0985996260405814 0.0303880537946387
HH10 -0.0760045924291416 -0.0449380036070008 -0.0311063431183826 0.164770432659152 0.0696392820523486 0.129999748863316 -0.0274168787215881
HH11 -0.0424647059629264 -0.0388367369154857 0.0352788177886425 -0.0357634268890012 -0.0851285349710667 -0.0181328580483585 -0.0411740348276
HH12 -0.00748169324367501 -0.021569928157439 -0.0431424435014928 -0.025941991296089 0.0168050605849234 0.0793999815682355 -0.114453975986699
HH13 -0.00431456300882597 -0.00446597785543671 0.0682782586763482 -0.0131632755268126 0.0549550572249507 -0.0489646354997897 -0.0228954856849126
HH16 -0.0118568700961731 -0.084531630483412 0.00678266584855316 0.0242250514577045 0.104793797510934 -0.00324785389581347 0.0766673760928811
HH18 -0.0687884851719255 0.0353135973269169 -0.0793837282649469 0.00153280691141814 -0.0942105160457121 -0.0899945590887944 0.022551719011484
JB02 -0.0513874324284146 -0.0376533225057639 -0.00966916744465295 0.0922145731377889 -0.136354253431343 0.165142042830161 0.0424283544660263
JB03 0.0081763846830278 0.03369200926548 0.0944158612871107 -0.0527551122440182 -0.0344711991468838 -0.131907012943443 0.0263134752977229
JB04 -0.0440467271432173 -0.0715326398801715 0.0443295143390934 -0.0310161605814987 0.0805997313324162 -0.0384622128235098 0.0945444115833491
JB05 -0.0245850732826412 -0.0674510010651081 0.111080923352122 0.109319499651376 0.0129657184745257 0.155355228979175 -0.127563985615311
JB07 0.00331679900366829 0.0169017427932314 -0.0777428877251842 -0.0115462515020543 0.00957517875911564 -0.058204200034061 0.000879380914752996
JB10 -0.0835117774479722 0.0175008943194937 0.0590844037349348 -0.0231354578977777 0.00435506028542593 -0.0470047593877637 0.0471617609300783
JB13 0.0145356307520072 0.0240612576705212 -0.1126814842125 -0.0389670938769157 0.0941041202838831 8.53809970816424e-06 -0.0250044178770957
JB15 0.0980566420571043 -0.0280408854397916 0.127466372252551 -0.0800288385853067 -0.0263953279374748 -0.0177657301625236 -0.0820439479101829
JB16 0.0821422195940231 0.0410497530309139 -0.00260159351993531 -0.0272362339820451 -0.0271296506586668 0.0560478877316536 0.0305251095691331
JB17 -0.0341305910231725 -0.0108530283425313 0.179325395880888 -0.0936626778006334 -0.0695986475533391 -0.0259836366071623 0.0958839664199683
NB01 0.0208459184140754 -0.0430366083759037 0.0201626227491406 0.00178500004395038 -0.0177017904895218 -0.000809584855811336 -0.0909074262815895
NB02 0.0464080685061894 -0.0380143207106757 -0.0781343488312184 -0.0624930874182331 0.0924387912209328 -0.0675380721122609 -0.130675813905653
NB03 -0.0461406140985239 0.00604580618577338 -0.0519863534592921 -0.0811381321599518 -0.0451935145474587 -0.0829553299501712 0.0717187730005017
NB04 -0.000795287061319631 0.0230263569022395 0.0288460678606083 -0.0310969886613837 -0.0183586345881834 0.00337716933960219 0.0236582355656665
NB05 0.0441707690924965 -0.0319294040126738 -0.112746039872412 -0.051007629787099 0.141154664109892 -0.0269423699663789 0.0347211755447185
NB06 -0.00824209259502648 -0.0523920075464959 -0.0959151262855603 -0.0918517483060267 -0.0510174832398391 -0.0405873406915507 -0.0330235855064254
NB07 -0.119046429437815 0.0144143022571647 -0.0344098948922366 -0.0596010223797026 -0.0352977102803567 -0.015239229001389 -0.0451131339929483
NB10 -0.175399361859674 -0.0178190422367966 0.0729779630777727 -0.012331340180728 -0.0154711735193735 0.000345439897308919 0.158984921867008
NB11 0.00539540434092406 0.0443765321313435 -0.0513529433406379 -0.0679321981918664 0.135670567085642 0.000380886477335288 -0.00911762143210475
NB12 -0.0355855761642417 -0.0227777561340489 -0.0699284528751053 0.0671646481474534 -0.0621986367960868 -0.000523077142564755 -0.0554989150611297
NB13 -0.025781041714783 0.040218334979639 -0.0747832595613937 -0.00533259783629594 -0.0790804337967734 -0.131851224952815 -0.0365623366260879
NB14 -0.014787114116506 -0.0436165733522541 -0.169930799502376 0.101631389155166 0.0320762951845357 0.0545471578368136 -0.0516927164185164
NB15 0.0444545828058285 -0.026404780234215 -0.0385690363185589 0.0155732093226642 0.0215168672026621 -0.0870419339977975 -0.0211472715251395
NB16 0.126018571958063 0.00910374578892614 -0.0353447814543667 0.0710467546766876 0.0227479381409128 -0.0332917086956326 0.0402104020683558
NB17 0.00275683518594723 -0.0248134796190463 0.0155011204926485 -0.0426101063271219 0.107622242104505 -0.0156840859507943 -0.0091343298422927
PA01 0.0745980020282478 0.0802008417384678 0.102024131789248 0.0095429551138902 0.0224297337610722 -0.0963635718276971 -0.103173581479881
PA02 0.0118714799371336 -0.0209428162496964 0.159881545881856 0.0549429117796721 -0.0672619073830375 -0.0197767972404096 -0.0131678443974245
PA04 0.0456582529397519 -0.0284687633753179 0.0230058995379172 -0.128268197400179 -0.0300998525055465 -0.0102957407879588 -0.0627180949325513
PA05 0.0813977075833881 -0.0280089310583068 -0.0528467675439112 0.0466561727860869 -0.121151119827216 0.108878180965057 0.0160826504021779
PA07 -0.114081211371832 -0.126111706845902 -0.0792231006729622 -0.0240154449481196 0.007599855560297 -0.0110412972397268 0.0481925991549548
PA08 0.0764199222625805 -0.0127846722455181 -0.0223243341336999 -0.0564878388581482 0.0418839079399209 0.115797540352397 0.00746233436544535
PA09 -0.0341410389861182 0.0971476598854062 0.0970915888773267 0.022490238290392 -0.0252470986704108 -0.0839723290916642 0.161866567387237
PA10 0.0349801258036007 0.0626345895771307 0.00821560654171936 -0.0254884871158712 -0.0414601685038756 -0.0332779563042758 -0.159364950889209
PA11 -0.144400254925639 -0.00379755945386989 0.0185851006221669 0.00110083478465368 -0.0447476555227009 -0.00702329660818246 -0.119155073141462
PA12 -0.0149269212052603 0.0212632088945662 -0.080542438403236 -0.0782477396735612 0.0353382459041021 -0.0639496237756471 -0.0877306863818204
PA13 0.0112586004597703 0.00568676160808088 -0.00454609469897735 -0.137624391842197 0.0168910528193933 0.103339955344875 0.00580556971914246
PA14 0.0753854657109015 0.0300867585425125 -0.0584757606553328 -0.103050587397859 0.0100679975192152 0.0770087870065663 0.10117995433866
PA15 -0.0162637356674968 -0.0507172870712006 -0.000711493973364739 0.184299408080203 -0.0284372889217695 0.119713583422022 -0.0308096344817521
PA17 0.00542082535999029 -0.0332080788733112 -0.0421508738460223 -0.00902582932898692 -0.0316256985212693 -0.00450975662491779 -0.05626985407677
PA18 -0.0427235327700015 -0.011631335507114 0.101233322569417 0.127512326753671 0.0935178467167796 0.00918873012613235 0.0384429680650157
PA19 -0.1407356724445 0.103185610023245 -0.116575794425704 0.0146549980307134 0.0618768262108125 0.0768089479226081 -0.0764666647246914
PA20 0.0399603079036269 0.0621671909469365 -0.0655689148034635 -0.0484363873259441 -0.00376671380187938 -0.062478490559613 -0.0235242551383957
PA21 -0.0126809045906731 -0.0132111167072721 -0.106673630236819 -0.0367391856517879 0.0134570748982559 0.0388217556844048 0.0771952797887953
PA22 0.0216016259429436 0.120720482315368 -0.0573045467029509 -0.0300873322901681 -0.0567293919444618 0.0241821284860958 0.0983623299677596
PA23 -0.00690745044492709 -0.0545716550963246 -0.00128955579365816 0.0700762756134234 0.00509120133093434 0.0260954297711927 -0.0121847710451428
PA24 -0.047339391597598 0.0406132327400239 -0.0980075580753361 0.0538984883184958 0.117805458011427 0.142139472865153 -0.126747617393347
PA25 -0.0118320309622633 -0.0281150657318741 -0.0232167539723663 -0.106567471959288 -0.0669806420793052 0.0830887682390222 -0.0229217079971435
PA26 0.00299281526159044 0.0436040022692799 0.00286320983862649 -0.0484184766314115 -0.0527953780642655 0.018600652054564 0.103954138823859
PA27 -0.100994960633959 0.0159134705249146 0.000207777120538608 -0.00763557537732264 0.0139120424641744 0.157084733027153 0.0538793637211653
RB01 0.0675479439814326 -0.0977451315900862 0.0729469518714611 -0.0707891878636952 0.0501871759757974 0.0788749659991418 -0.146443704763757
RB02 -0.0814733178037218 0.000944961491046136 0.0125706619800435 -0.0510881160021243 -0.0112034707290229 0.183457156797351 0.0920595046674744
RB03 0.0685438269238541 0.00811543302359631 0.0634527929205041 -0.0385391207809322 -0.0700956639265762 0.155905895794726 -0.0204307749534178
RB04 0.0584907826257047 -0.0378035127045052 0.0718413801028171 -0.0443763463316624 -0.0339139231156972 0.0688844394148641 -0.00127598560143749
RB05 0.0370008969571948 0.0170821005488696 0.0520711419358187 -0.0274838416177796 -0.0766492495124173 0.0272394673218559 0.068855067490332
RB06 0.0539374664154413 -0.0194776038722034 0.123862543146205 -0.0332772350599854 0.122531630095308 -0.0672713146408616 0.0953003321064864
RB07 0.00747118644060047 -0.0194440760583009 -0.023177914702569 0.116226401760891 0.00590211814300001 -7.64745716356971e-05 0.00199237278064627
RB08 0.0823605742211294 0.0178177294005064 0.059526672323966 0.113726703397817 -0.0172633611945277 -0.0682562172070116 0.031029401173439
RB09 0.0741348643961562 0.104673369670188 0.00953035123207294 -0.00685658530165209 -0.0137985247232033 -0.0207637433374393 0.151800053487175
RB12 0.0441771186011623 -0.150038112368792 0.0150981521578996 0.0911426264445248 0.0369502225874356 0.0572903562523472 0.0399665868382201
RB14 0.00950400675381702 -0.0120418122521174 -0.0203944883247323 0.0136670442114817 0.0192443699134598 0.00661160098421615 -0.0279326945000814
RB15 -0.0272310446377926 0.0231635575927984 0.0202652979175167 0.0777524765360047 0.0216337453043847 -0.106296025577966 0.09663055632779
RB16 0.0827352812275858 -0.0591732622271154 0.0461217707023809 -0.0725809124194658 0.113600778088279 -0.00957660072288778 -0.0340305596514016
RB17 -0.055152943881933 0.13959729489422 0.0226050496493685 0.0750847488690813 -0.00101169767943362 -0.0773808238554968 0.0515027759828247
RB19 0.0766752804650799 -0.108490637197704 0.100952770129137 -0.00682719299992473 0.0378213507587349 -0.190155514545877 -0.051910637531073
RB20 -0.01812669337806 -0.0191505525213125 0.0553842431705531 -0.0108990181289554 0.0448845371330444 -0.048012468093219 -0.126026482005861
RL01 -0.142086500443489 -0.030318700717483 0.0343890604767434 0.0791621966575539 0.0869681565439713 -0.0849165260062982 0.0844090859122295
RL02 0.0261032928105115 -0.0399120021942604 0.0586896499484336 0.0926956107176917 0.072053526059147 0.00503377896229216 -0.00238706365737083
RL03 0.111161067084695 -0.00746991871960184 0.0165121678367929 0.0253749338822075 0.0817835448245869 -0.0828687485675722 -0.0643046753842117
RL04 0.0813950132443455 -0.00266104530412687 0.0452614641940376 -0.108014935333287 -0.0810635646568336 0.0646751742210946 -0.0176677670301853
RL06 0.0901511684406451 -0.0664540744074234 0.00984484762388713 -0.0723769044729793 -0.0719797310999612 0.0922246579978396 0.00566573915936045
RL07 0.0332448038072123 0.0615432812616903 0.0658893312019972 -0.0292892323008835 -0.00745126820522648 -0.0238528669165243 -0.00083230408940169
RL09 0.0593029199213089 -0.0022879078615187 -0.00556196036321826 -0.00701104934150512 -0.115722084784884 0.100441800586299 0.0486597182404723
RL10 0.0664230472347153 -0.0733054741528071 0.104270891737768 -0.123880540566179 -0.0275151308241468 -0.0497180707668592 -0.0988206265806596
RL11 0.133759801663928 -0.00752687374085696 0.139780570679991 0.0567762142051544 -0.0306763560857711 0.129906284577039 0.00291461741392298
RL12 0.0249985388069703 0.0824081755037862 0.0929451469495676 -0.0608115144959815 0.00732921836313839 0.0691244396927074 0.0778399107864598
RL15 0.160757770560294 -0.013388858715592 0.0744604841305839 0.0718892796633375 0.00660654515286807 0.0298172464920744 0.0250579210536843
RL17 -0.00267246532209438 -0.0432502165980255 0.0170608770485531 -0.0348090530530696 -0.0338838412933761 0.110245867884607 0.0345050402594363
RL18 -0.225754707354034 0.0279417556615343 0.0441895842157505 -0.0107831723850917 0.0108378294266938 0.00682462861145273 -0.0457518032489423
RL20 0.0208651194798387 -0.0134607330520959 0.0985424045955619 -0.0670236832900355 0.0291036884796883 0.0325817130339325 0.119351451595052
RL21 0.0570990550511824 -0.00915523687620385 -0.0152912090986523 -0.0170335098041264 -0.0768304282360281 0.0114208728930991 0.00100507323790544
RL23 0.0652435826388603 -0.0504087765673192 0.15721348944593 -0.0150013492573334 -0.0911312225645815 -0.0197589852394354 -0.043888130163879
TR01 0.0414778798853404 -0.0689580673387919 0.0117323821739896 0.0017182250209705 0.0955240814497691 -0.0606365642651253 0.0987436929035027
TR02 0.0574695977812195 -0.0142661707523455 -0.0368713236683042 -0.0142196580013944 0.0227813494862239 -0.0652629650772785 -0.0199133150959279
TR03 0.0650252840101912 0.0141690297539206 -0.0138117571573271 -0.0141046900566552 -0.144655293602818 -0.0168974298286453 0.0285681163724472
TR04 0.113847095608656 -0.0410902202781491 0.00970525621542365 0.132244319346508 -0.0776316550428982 -0.0533430492887034 0.0142653713054344
TR05 -0.0162660356278193 0.0702945032806454 -0.0760443865175604 0.00652261002709119 -0.0259061939007405 0.0124519503236896 0.174768589238022
TR07 -0.00468412442316742 0.0218053906821415 -0.0158770317211834 -0.103348993460917 0.0684571764160558 0.0231713995154271 0.0858986139632263
TR08 -0.00981817406645072 -0.0688230901338066 0.0379523403038241 -0.0632969879701335 -0.0378567659001215 -0.0333592869616698 0.0547281802764751
TR09 0.132593108533607 0.00831274245432208 -0.00560212341089224 -0.0102378340103843 -0.0355986946181087 0.00665084923171072 0.0367298911307208
TR10 0.0662247417169142 -0.0208354236566701 -0.0857416365022413 -0.113123484646134 -0.0151412393434177 0.0815207984741634 0.0726656131379994
TR12 0.0273523536355877 -0.0302217099051954 0.0209780742263425 -0.00198530304660454 -0.138710800644492 0.0470776839460901 -0.0693396163934332
TR13 -0.0349777651250534 -0.0149642463620078 -0.0803525798290297 0.139571955919387 -0.104905875427461 0.0104747954383879 -0.164278510252634
TR14 -0.221631859791944 -0.00668166601017285 0.146063346272264 -0.00343678665007775 -0.020856619857319 -0.0547014187732408 -0.147927110797385
TR15 -0.036839245021246 -0.0627948511652831 0.0171314600121606 -0.0768614033221969 0.121927706622555 0.0701192870279813 0.00870168947583021
TR16 0.00690521412632759 -0.114162391348071 0.105950988373453 0.0633624957769823 0.00030443427069387 -0.0293823345016104 0.0452176078480348
TR17 -0.0137956774134859 0.0045189321884416 0.0786668286686649 -0.0781888368763195 0.0308672106292693 -0.178247509753159 0.0111083543342242
