sample MDS1 MDS2 MDS3 MDS4 MDS5 MDS6 MDS7
AN03 -0.00818497825843401 -0.0467153461686382 0.0528717345299611 -0.0331420207139232 0.0190990677082302 0.0305060032015611 0.0336505391297991
AN04 0.0494251804663999 0.0275695612534533 -0.0075933188653077 -0.00783469022835004 0.123244560793643 -0.0105438054374178 -0.0346094916041113
CS02 0.07677219594624 -0.0260771114343903 0.00644278079579247 0.024722388623997 -0.0503211199733381 -0.0928159737928543 0.147486479618775
CS03 0.0151294079561011 -0.0122729317007116 0.0604861868141001 0.0439911029733507 0.0252811176356304 -0.0520546427176728 0.0198722551755192
CS04 0.0147539241124158 0.00951005475741377 0.060469348123665 -0.0176395758462251 -0.0159715928670019 0.117352493285637 0.109487148443799
CS05 -0.0673936380905056 -0.0634228849287867 0.142855168884489 -0.0451323873204831 -0.0215030594252055 0.0949923572482998 -0.00667692034242686
CS07 -0.0854019219911391 -0.0962592504845945 0.0566998209020146 0.126649663242619 0.115738057430309 -0.0394849162567358 0.0151327945747026
CS09 0.0614170096772046 0.0299029317016628 0.047522725279379 -0.176052604245898 0.0467098818033406 0.0898183826038058 -0.0313688321973463
CS10 0.0211370033665004 -0.0198545312771111 -0.0493007002509424 0.111428295615957 -0.0323587324956417 -0.0350587511139378 0.0284390437242219
CS11 0.129231254446764 -0.0157604946669582 -0.0278743749557364 -0.00265674687254724 0.0449151525785224 -0.120403871561297 -0.0109150143116987
CS12 -0.0613450398170768 -0.00220832890343292 -0.00573818590844349 0.00441213267522853 -0.0180592725794615 -0.115985010986353 0.04821529443962
CS13 0.0332661737094491 0.0406261793694557 -0.130433985121284 0.129067394586985 0.0789457373176486 -0.0212649356067135 0.160381275805919
CS14 0.0329033539557488 -0.0651844431564235 -0.0152616920172477 -0.0375686460962751 -0.00676520703141351 -0.0190340733368101 -0.067164211361024
CS15 0.0415705879277611 -0.0721272420763642 0.066341934901776 0.00611848916600108 0.0754853626306998 -0.0485884066010059 0.0780940784931507
CS16 0.0573987713771926 -0.145457043014237 -0.0335366097160016 -0.0429621059685851 0.0458688863737664 -0.0476435717316568 -0.0211038754672581
CS17 0.0868442181661277 -0.0113350663623104 0.135172193839392 -0.11938625385479 -0.0989622300344004 0.0366277173462621 -0.000634275940403758
CS18 -0.00747806121536238 -0.134608674170198 0.00332384334361648 -0.0979854340269798 -0.0499509505809485 0.00528987446027424 0.0284805713578947
DK01 0.0615514234900524 -0.0168265314512351 -0.0737317245734769 -0.0397298119003293 -0.00115136070424315 0.0399184693126484 0.0449798770422291
DK02 -0.0556803010268574 -0.0126539457629317 -0.0314674135726858 0.0196584735963435 -0.0691630287191452 0.12972719191549 -0.0517026321120077
DK03 -0.0858342618995657 -0.0863009751041399 0.0347447431414011 0.0942742266580173 0.0556989004503509 0.00279020278356926 0.00161192568867649
DK04 0.00419715119122736 -0.136844262782701 0.0594329610121601 -0.0997727730971853 -0.120073481973814 0.0528008061858592 0.121281186690418
DK05 -0.167539707740183 -0.00940597638566116 0.298522878946836 -0.211176881496373 -0.187207962905385 -0.195801734390767 0.172427619320557
DK06 0.00475478432213534 0.00314550909746955 0.00516648616615558 -0.0952274881574649 -0.137056205383328 -0.0407361555012786 -0.111190752662295
DK07 -0.0112936968142756 -0.00652014559006283 -0.16448697914196 0.0158623097936813 -0.0554640403279283 -0.0254643741857469 -0.0258584421202007
DK08 -0.0979267035780148 0.0438055143918527 -0.0201956242362699 0.0742259768716332 -0.034674910812218 0.0853477186903272 0.16120149049024
DK09 0.0478953754648525 0.00241705505114434 -0.0250230022032138 0.0233181883225547 -0.00704785478797859 -0.0522844094702834 0.0739136977975296
DK11 0.0673835035663895 -0.0871424166928385 -0.0116249371534232 -0.152778285343862 0.0560510062218336 -0.0158110468139342 0.0902876502894551
DK12 0.0500708817262307 -0.0198999335179982 0.0518099645828476 -0.0669526168956244 0.0568341214417041 -0.0254813800106801 0.0129272763343438
DK13 0.0197551264049506 -0.0393475459178749 -0.00656502142531314 -0.0286445652891701 0.0797018674745554 -0.0201985031957061 -0.0879861672729649
DK14 -0.0825671195100223 -0.0102647790386746 -0.0799599625749347 -0.0452712810433744 0.15082902615879 -0.0142108074953703 -0.0807353513159317
DK15 0.103046182593411 -0.0552894505578713 0.0915074502300243 0.0120630945785319 -0.00149063902772806 -0.0586518833073144 0.0939940024464733
DK16 -0.0275413075276606 -0.0753695808498998 0.000362736457754364 -0.0422895144992262 0.0401740620340387 0.0203269323114213 -0.0222994971790347
DK17 0.0197203683676042 -0.0269481426455015 -0.0828050088767265 0.0237341118890661 0.109856177357487 0.0530773035391435 0.0331433114212063
DK19 0.0414481876020052 -0.0918777967946088 0.0435674587549047 -0.00406882200189135 0.0636763884330312 0.0497504795664264 -0.069982307051465
DK20 0.0645184693197538 -0.0158576107153538 -0.037630626384165 -0.152441106712052 0.00933114984305376 -0.0239848368409253 -0.0255195789998129
DK21 0.0193669399376454 -0.0659998447575395 -0.0620720343628422 0.153215507253918 -0.0999529074332182 0.0103546597424368 0.0507139476025745
DK22 -0.00472695773057432 0.0552166886706464 -0.188890335407349 0.0221715633793083 -0.0739252337515353 -0.0666790508779951 0.0950724928178171
DK23 -0.0364565272182897 -0.0820973495037245 -0.0747061074048744 0.0455250944692649 0.0313715704415769 -0.00642659495270134 0.0485718757348922
DK24 -0.11498435040653 -0.0235037214479709 0.111460172769912 -0.114000101113915 0.161939872268587 0.0499817880049991 0.0242134990735566
DK25 0.0327372922010722 -0.00282788958395636 0.00396933022502486 -0.0810439498641535 -0.0530542366853453 0.00110604165008456 0.127269789898711
DK26 -0.122761966772336 0.0212924588253685 0.0262611838434125 0.0315634701087718 0.185032373257627 -0.0347477286860932 0.019908599367325
DK27 -0.100773125373318 -0.141693028513773 -0.00843666693604067 0.0564062811367462 -0.0725683961355541 -0.00421856452967258 0.0167140469180461
DK28 -0.0945628774376541 0.11187056739102 -0.152959762183375 0.0223559650314776 0.027379347201906 0.0129627982816106 0.0859642317200858
DK29 0.0630848471979753 -0.0316447794088437 0.0579144827202649 -0.107433855286384 0.0559372585801312 0.133292408209201 0.0345383323697084
DK30 -0.138163496950471 -0.024117961620992 -0.162554794793269 -0.103245404749533 -0.0713492239115263 0.0503574241791381 -0.129370800732238
DK31 0.000172341727192395 -0.137260448119766 0.0851545612285187 0.0726429991719963 -0.00431508872148367 -0.0772289171718055 -0.0485926805027086
DK32 0.0684305617430024 -0.0506979440811788 -0.0405664116074199 -0.0465366645859206 0.089257722263864 0.0918233445334916 -0.0230076875386698
DK33 -0.144668953874776 -0.11519598079765 0.0341988872773631 -0.0784176795295105 0.0947492972051327 0.122925952016978 0.0536951097655367
DK34 -0.0313276129773424 -0.0740797026642123 -0.0496015636653661 0.112023673115309 0.073546503668959 0.0332482556151695 0.153844873587342
DK36 0.0631167794972949 -0.0679146010411871 0.07031402639897 0.0363784148893696 0.0662620230288514 0.0426528067670381 -0.0464424186776765
DK38 -0.0353468575661053 -0.089915676241077 -0.104316780432767 -0.149070594746018 -0.024611594133858 -0.0975918904104627 0.0443577616876935
DK39 -0.037708684223433 -0.119180890887348 0.0441133720137406 0.0493144098641778 0.0448885081002211 0.0543054491764983 -0.0146555857635093
FR02 0.0679962076503826 0.0247375608203008 -0.0507294014331468 0.0108162945713248 0.0444321323217405 -0.063821586839965 -0.0560803390471796
FR04 -0.111303512653567 0.046008898464799 0.11882641431925 0.000506800170338823 0.142353459345568 0.158585845715565 -0.0114744035721638
FR05 -0.118334517707659 0.122621566758474 0.0703076713316898 0.126686099765926 0.0212484411628698 -0.0881231874390687 0.000152795264258109
FR06 0.0553396347637893 0.0676442524853116 0.12559760430555 0.13860193862662 0.0331921268778121 0.0713668394382149 0.072423843958686
FR07 -0.177129906950937 0.0755695119421793 0.150613827072482 0.0819220441703693 0.0193282831724877 -0.00587536610290805 0.0784762676573666
FR08 0.0281329124221802 -0.0653617265171047 -0.0150819371190404 -0.0864842693711218 0.100944320646888 -0.069846143555797 -0.0422811133893469
FR10 -0.0158107376803415 0.0317523834894367 -0.0917547690406525 0.0628101124127279 -0.0817241188866547 -0.072676958619971 -0.0584775424023274
FR13 -0.0972569875640292 -0.100127431076523 0.128280083207048 0.117324524221573 0.00905883525353236 -0.131641398008956 -0.112179327605596
FR15 0.0681128351053902 -0.048355395938783 0.0517360195699594 0.113122306388325 0.00971052246780735 0.008778996674789 0.0285264817380655
FR17 0.0763173049575472 -0.00728188172621284 0.039269681236716 0.112428177824241 0.0444775954415206 -0.0182334358541714 -0.0241083714997887
FR19 -0.0199614605028493 0.0069505033169591 -0.179757769697298 -0.0687678273579422 -0.046281848265901 -0.0293744971709447 0.0565141012313307
FR20 0.148200117467714 0.0309906174960672 0.00368539629994668 -0.0262786079254692 0.0809351530532605 0.0260951538316928 0.00389948277943086
FY01 0.0285022267311902 0.000681241239698527 0.0349103173805247 0.111090602967171 0.00546301098348035 0.0521782901282699 -0.0625889337544535
FY02 0.075096283778492 -0.0890074978457614 0.0022915696335205 0.0100781970438777 0.00904920043978308 0.027343131087993 -0.0945118898650994
FY03 -0.0452312651114954 -0.0141461731631284 -0.0924525111305575 -0.0360981684871274 0.0850059553300473 -0.0564268011204325 -0.0243667680716656
FY04 -0.0680954525058162 0.0995503656978943 0.0770310389298894 -0.096797927531357 -0.0773600755044817 0.0919076225217542 -0.0420376805851653
FY05 0.0249502169609696 0.101410760209661 -0.0602519397450172 -0.0304097694922174 -0.108377140746693 -0.0350362079027626 0.0829761145583959
FY06 -0.012661958928068 0.099147889921349 -0.0303613029186478 -0.0307380782272947 -0.0116449778363952 -0.0884663221217863 -0.00796920844105746
FY07 -0.0932459785788244 0.0566025074943417 0.0801919936547037 -0.144816651107683 0.0604573997190839 -0.0805021993892061 0.0556533251835379
FY09 0.00680209524245643 -0.0147323380915482 -0.0803230277372557 -0.105663677724218 0.040600259864039 0.00395319314741948 -0.0397669739913859
FY10 0.0536050648965624 0.10048091982221 -0.0268966515469464 -0.0342548264680532 0.0742809064259402 -0.087722317500361 0.0428137716077168
FY11 -0.106609257219632 -0.0561606609718437 -0.00764074511459295 0.0119988424530797 -0.0500426702885738 0.0298235217313803 -0.113523865113196
FY12 0.0138787378222775 -0.0977559479985017 0.0169101396700773 -0.0299235088074515 -0.0449631008498017 -0.129786364777755 -0.038678357601178
FY13 -0.0178740471984638 0.174040010084244 -0.0491915082796653 0.180901047106809 -0.0245667731963891 0.107523711175215 -0.0764396242530937
FY14 0.061998846311511 0.00538885889816085 -0.0360603606401187 -0.0409598057157705 0.0826815168381746 -0.100858099396496 -0.038698222939183
FY16 0.0394099979464149 0.0163924488164005 -0.0720389015407109 0.0205917600181269 0.0358611804334734 -0.0591655172285797 -0.110607623608979
FY17 0.0531133436148341 0.0443089876451531 0.0164142527948209 -0.0222972267762856 -0.00602141653320728 0.134316407879017 0.0515630337235962
HH01 0.047873090322804 0.0612730853537263 0.154753154683795 0.0263977503646717 -0.0583140317482038 -0.00117974822198427 -0.178383604621998
HH02 -0.183262525769753 -0.0032472410252319 -0.0570748289783429 0.0270991491921898 -0.00886728987028126 0.0835376123171007 -0.11527196593186
HH03 0.00885979534785975 -0.0186056844571814 0.0142485890620554 0.00868240274702274 -0.0648046829375697 0.0113716983318239 -0.0702327829163812
HH04 -0.0481596122491485 -0.0328960403631002 0.0278491963894064 0.135472297439031 0.0431874713512333 0.0463137786065413 0.0186698103795329
HH05 0.0365252007883377 0.0208804692767295 0.0280583598240756 0.0358041134158747 0.00813760961383958 0.0250089322576365 0.0964714341376449
HH07 -0.0641824115359112 0.0450438152475122 0.076204251544032 0.0276864560585611 -0.0268626729889109 -0.0748975481285353 -0.0152723763461359
HH08 -0.0734504003041771 0.0393694328589164 0.00438671812675089 -0.0163445833095461 0.0692009864522522 -0.0130568930881508 0.0157077950491776
HH10 -0.0482225472470345 -0.0916932444540784 -0.107009928480559 -0.114651297656053 -0.162857492156607 0.0862748428830646 -0.0353960689458406
HH12 0.0233866836376674 -0.00579743311161365 -0.0139638259037771 0.0223667730852777 -0.0928758789480896 0.0341728912991483 0.0819823782549072
HH13 -0.0102959392597805 0.0909258957161141 -0.0373724881553833 -0.0249065726210037 0.0102637243210935 0.021118346684321 0.010174142673736
HH16 0.0287157230259379 0.00647703854093685 -0.130231022098223 -0.0119129579958552 -0.0276694915510648 -0.0380868380997112 -0.0527526528428951
HH18 -0.0636514027035687 -0.0670019723775189 0.0482079180502647 0.0527667583737465 0.085896457584074 0.0419805447686142 -0.0144914064207629
JB02 -0.0443760861206353 -0.0884107175746664 -0.0216231053808078 0.049880440449138 -0.0910714628990752 0.0657352300774506 -0.151624388135964
JB03 -0.0258675916193401 0.125106952698627 0.0774988702266232 -0.0518181567097487 0.0993542419019318 -0.0366608963233741 0.0191336013104296
JB04 -0.022688049328147 0.081828268640853 -0.087309359590149 0.00624190214550741 0.03419966628679 -0.0704747188176029 -0.0394236974651191
JB05 -0.0243962289595218 0.0490070445465951 -0.0818513598264353 -0.045682197565611 -0.104825428430961 0.114212066141481 -0.0514262360655012
JB10 -0.131686926677965 0.0548556255052975 -0.0271579338198418 -0.000389782694442177 0.0201333086865627 -0.0319798251634219 0.00651086343827641
JB13 0.0460927837601836 -0.0556156731601168 -0.0191353021981334 0.00147490380732228 -0.0477611590549839 -0.0652537211381081 0.111469955016988
JB15 0.0854347153967939 0.186647344150065 0.0706537429261325 0.00855919252892007 -0.0249189488829998 0.0235343944446012 0.0170631488032175
JB16 0.0639044012043233 -0.0237289729548324 0.0442388357134789 0.0171856153731383 -0.0224457213328467 -0.0564234376022967 -0.0492011849849458
JB17 -0.0787626447647777 0.161372543623575 0.0287068313951442 0.024670303768433 0.0162178905787677 -0.0694503369692067 -0.136013008447133
NB01 0.0184685711521636 0.029678611196636 -0.00341636903938591 0.0312359292729591 -0.0121522286455331 0.120854927958943 0.0123125417106154
NB02 0.0909459338889001 0.0166608024100527 -0.033780382093866 0.00370729052901525 0.024608377021355 0.0178065909651362 0.15792291166607
NB03 -0.0511235326886427 -0.0335454851903465 -0.00024382138205801 0.11444028146606 0.153392993844724 -0.0374873655136814 -0.0313885147309956
NB04 -0.00651560798772318 0.0159453444263047 0.0337949160096428 0.0154428210912902 -0.011205663962561 0.00695901378925666 -0.0513796285560242
NB05 0.104354763706996 -0.0679760404503504 -0.0677254208597649 0.0232133578361048 0.0606558122406198 -0.102751601195913 0.119504955441086
NB06 0.0390537876221813 -0.0169791143540745 -0.0121691785458719 0.1618222121571 0.0747412104953735 0.033758981192348 0.044619499763586
NB07 -0.117972740239643 0.00596446974891571 -0.0263192193108763 0.0786741931275408 0.0221222271417765 0.0183704295798114 0.0646745511713345
NB10 -0.171509198290395 0.0152152451693278 -0.10763172845141 0.0429471538907222 0.056458409595467 -0.0481942018123917 -0.140902544316781
NB11 0.0157867196911182 0.00251408000764587 -0.0446484702714687 0.0197004919317321 0.0061035044029233 -0.132370109884807 0.143062269245165
NB12 0.000588455731725203 -0.0928137679919335 -0.00675500182373451 0.0273654799017439 0.00186510613921061 0.160846191704313 -0.00928957942765083
NB13 -0.0459966053208827 -0.0472767181282861 0.051822709339333 0.028669885377745 0.0999777649197193 0.0696745122834209 0.061614550656767
NB14 0.0456608746476479 -0.176294993012504 -0.0864510802403334 -0.00186844062972542 -0.0440444771779403 0.0702053391348292 0.0540785955113837
NB15 0.0661806114123675 -0.0310987674286619 -0.019380402102922 -0.0409342083213557 0.111979681448157 -0.0206537071356056 0.0449515495015801
NB16 0.108676423472999 -0.0479909486602887 0.0396887452928898 -0.101394714003443 0.00118233701857083 -0.00831975191154949 -0.0679782724384221
NB17 0.0134119972560407 0.0573729990450382 -0.0720102820868018 -0.0199018994229145 -0.0125988286889153 -0.058148785285225 0.0360800064098272
PA01 0.015693597933787 0.1165936798987 0.114508192289415 -0.102246192167082 -0.00669741873699642 0.0340303323174054 0.0864192178314371
PA02 -0.0420164785011642 0.11753230863089 0.0210313705595749 -0.075575721662672 -0.00920146421390375 0.106669400686931 -0.0815947345116743
PA03 0.0481243684929787 -0.0248974807525136 0.0766268477985568 -0.0472564931739641 -0.0859705966848496 0.103607553828329 -0.0556169565072501
PA04 0.063727852622321 0.0751532491728177 0.0394121277608447 0.106185682849573 0.0125118064811018 -0.00155845358457507 0.058183031540216
PA05 0.07122210903432 -0.0621139721341785 0.0373547138267832 0.0366466263178181 -0.0670134230381061 0.0333630297948787 -0.147487078713624
PA07 -0.0622266238923759 -0.0242111283592188 -0.174947433890803 0.105494987885224 0.0507698055910647 0.0189828232702796 -0.0183198591009148
PA08 0.112322604447863 -0.0134934065855925 0.0225522411519502 0.0608990497602825 -0.124551283123699 -0.0061427984383227 -0.0222480159314343
PA09 -0.127138100852248 0.0287076468127336 0.0692000800152057 -0.0736472134533989 0.110871276804627 -0.122436341109163 -0.111607072163757
PA10 0.0199591076049979 0.0229855213457637 0.111213890506766 0.0194422896639226 -0.0245984962269679 0.113703662582346 0.0837113076063598
PA11 -0.146946912037631 0.0455609573872211 -0.0257364944912224 0.0421502645250182 -0.0409570126257877 0.120751583827598 0.052564321883461
PA12 0.026512271999143 0.01733327226405 0.0411654300834872 0.0599135439536164 -0.028671099667686 0.055640638667786 0.106726546686916
PA13 0.0117349032053817 0.0610207763787067 0.0146516690193677 0.113521196233052 -0.136566732133265 -0.0732849171978321 -0.00235263877667751
PA14 0.075616374717171 -0.0066912158114344 0.0482933892938683 0.0563925030086262 -0.0704388663958045 -0.148824938026898 -0.0159239745846582
PA15 -0.013115561366935 -0.0842655055348352 -0.0656946718490318 -0.0883299351981107 -0.108471520657923 0.0899769856770258 -0.0321083004919023
PA17 0.0402178109047908 -0.0297643147422427 -0.0108143995547138 0.0557156605167374 0.0336300047501093 0.080092847149843 -0.00457304731064253
PA18 -0.0738414692380288 0.0188849583058438 -0.10071963007659 -0.11482219350499 -0.0536256305788703 0.00774546053350027 -0.000745671922022348
PA19 -0.148571812337064 -0.091830460432645 0.00821696332523649 0.0204201307891869 -0.134433322249735 -0.0220273133823191 0.137141117137292
PA20 0.0151243456276656 -0.0224101076538061 0.0733348181222814 0.0456409854266148 0.0852431189864684 -0.0583193139843205 0.108356693039871
PA22 -0.0473947766544174 -0.0769368163472843 0.104146184259425 -0.00250242299706454 -0.00827651162703676 -0.0895867219992421 -0.0754810265877953
PA23 0.0386542729031017 -0.063436485557411 -0.0509766968830614 0.0257314979945384 0.0112304030050948 0.129181525404043 -0.0859343997398727
PA24 -0.00690051253492598 -0.115949022595911 -0.0376221789826503 -0.0251471767598688 -0.202638545582148 0.0331981459430286 0.160627907693199
PA25 0.00383553458752898 0.0288437414785227 0.0147424393802453 0.0968128092763659 -0.0406460892250262 -0.0320115525265669 -0.00501921323288351
PA26 -0.0514053661237407 0.0040520857096456 0.0289141396682467 0.0438788498548236 -0.00560679262846237 -0.103014822264487 -0.074064897600275
PA27 -0.11372301921887 -0.0451202595618881 -0.0484353851921768 0.0693967506504636 -0.140335513128245 -0.0412455017583899 -0.0595770314570835
RB01 0.102541022215252 0.128627151995302 -0.0444518590796208 0.0743648564970566 -0.093286178898434 0.0786229127409044 0.0544427820338801
RB02 -0.0967895343033938 -0.0238776463565602 -0.0608100166238443 0.102131936498217 -0.174296682793414 -0.0490381610307173 -0.101083330018404
RB03 0.0540061194907715 0.0717546882250629 0.0783446558805176 0.0294242119469681 -0.184599282369956 0.028613447569079 -0.0968032098769317
RB04 0.0351654782656271 0.0954473453645676 0.0243455743107451 0.0212431378317895 -0.0879685613099543 0.00459603973760876 -0.0124836947485127
RB05 -0.00131688208928407 0.0307574411434982 0.0535072088723734 0.00183111069617339 0.0277118375076204 -0.084584321149062 -0.0530615905265832
RB07 0.0148446386313339 -0.0873816369921954 -0.0405538658998275 -0.0564757050971279 0.0367552053850427 0.0124417766613081 0.0274410886795424
RB09 0.00183897585184259 -0.0212300760372919 0.116968070496142 -0.0562065060616815 -0.0359757254886228 -0.15862519652254 -0.0393220473310099
RB10 0.035085925851224 0.0472619561112717 -0.121652082842836 -0.0600108329962115 -0.00126556659214433 -0.158112150039065 0.0293988522615969
RB12 0.102996446685815 -0.00200337774132229 -0.150137403209128 -0.0818466182992522 0.0080095192716965 0.0442317991918323 -0.109110453899123
RB14 0.0290144397333659 -0.0238157247125781 -0.0137035427919793 0.0128602876366961 -0.0338044960645019 0.0357588920285194 -0.00578727881583853
RB15 -0.054423791907811 -0.00880883604935401 -0.0192311177127054 -0.0763299145320763 0.10746051302532 -0.0289530889644052 -0.0510593540589642
RB16 0.120152970456065 0.0962222496546643 -0.0692736583592713 0.00883230058272389 0.0224392194352114 -0.0618385362769166 0.0691459907321876
RB17 -0.127283476136104 -0.0371885996534754 0.0848173153241913 -0.114667751317506 0.0352445638537131 -0.0317667123364404 0.0261347095477853
RB19 0.097874754721574 0.152414720362296 -0.0568659658870075 -0.082171549440408 0.156208952298904 0.070750463261014 -0.0155612167659284
RB20 0.00913925762139853 0.0547463551125068 -0.0232511679934444 -0.036734517770552 0.0250375694280145 0.0841201191229474 0.0943757856844734
RL01 -0.115934592205963 0.00331422349972525 -0.127164986054123 -0.0911745373957705 0.056831700386659 -0.000709806922710196 -0.060096844884765
RL02 0.024680101503448 0.0336175171430966 -0.0787051322303922 -0.111910391886561 -0.0748759100339224 0.0642956315777972 -0.0159755704999013
RL03 0.102035615251601 0.0532444793181386 -0.00839342229776426 -0.119507000288865 0.05369536930832 0.0137265804220006 0.0968307072458695
RL04 0.0827688684172194 0.0837105194972538 0.0926384374068115 0.0762057417637476 -0.036253383676125 0.0307015442636394 -0.0644734701172518
RL06 0.106762128408958 0.0573931307120556 0.0184500014591567 0.0932316181162106 -0.0698731328664238 0.0201846277007744 -0.10481928124801
RL10 0.0784110380134844 0.19852091345577 0.0106527902102699 0.0580008880186611 0.0203650476338234 0.0545029255677128 0.0239636978689879
RL12 -0.0402937015907774 0.0778468293506467 0.0764424906699241 -0.0234855148528854 -0.097664750288572 -0.114063248066985 -0.0585132057173252
RL13 -0.0495572151725183 0.200240375671299 0.0993405463741679 -0.0161494980014013 -0.0917549457566835 0.0631703674168737 0.0756059959624043
RL15 0.112933413237522 0.0546900535669129 0.0570426361048027 -0.140418334660414 -0.0712034511580262 -0.030259562533899 -0.0454932086652306
RL17 0.000539738467399152 0.0255881445003922 -0.00540607437896439 0.0331254584716379 -0.120409967794049 -0.00921293947206315 -0.0409685622278386
RL21 0.0612572682450628 -0.0102607385029091 0.054912486690748 0.0649765776101794 -0.0219978984900966 0.0589105988159991 -0.0537564106728081
RL22 -0.116087722396316 0.135855118762078 0.0131565264264572 -0.155388272290448 -0.0161483408343202 -0.0858777326645442 0.0631151383521721
RL23 0.0563875253057255 0.149133537233126 0.0608824437396655 -0.0202294552377495 -0.036042909593534 0.112222289667753 -0.0908895140050892
TR01 0.057748583166659 0.0145950029872271 -0.0824045091234839 -0.00869243364171409 0.0708272865574486 -0.0538371604091924 -0.0123746354361296
TR02 0.102278955491659 -0.0141101917981187 0.00422400346563857 0.00534006819859645 0.0547459718919113 -0.00799721185388248 0.0393897690784108
TR03 0.0796259959256213 -0.0349962576283418 0.102784807251772 0.0551103105061753 0.0693315416999035 0.0320830484290257 -0.128592241971143
TR04 0.080115527926289 -0.0354793645763424 0.0239492314499159 -0.101709110871213 0.0709180231355714 0.100327856901593 -0.113561199648534
TR05 -0.0560855726826623 -0.097208579708732 0.0450388649516839 0.037806494302319 0.0174860359889221 -0.138417948212497 -0.0914615469629107
TR06 0.0672485806671186 -0.198445169753257 0.0187608131844915 0.0861659953547831 -0.0167547374120654 0.0286987487527363 0.0714247916326383
TR07 0.00047743132352631 0.0278802182733647 -0.0256837895181932 0.0565188349682715 -0.0624098180604881 -0.128092798593358 0.0177946821509432
TR09 0.124451989664117 0.0226168639400683 0.0751109432181002 -0.0143982987888611 -0.0296356108489484 0.0010363048348042 -0.0992875456161064
TR10 0.100813357725841 -0.0260077491721124 0.0199977427819622 0.110442564053887 -0.0337816524409959 -0.0810005250198654 -0.0354149112057445
TR11 0.0606788054314194 -0.0270290927935133 0.01987988394333 0.0116420387587542 0.0405156736752576 -0.0452820794807009 -0.0503021264501292
TR13 -0.0248012004942516 -0.124780057293505 0.00994913292927268 0.00522714574916675 -0.0135384721793956 0.234691804111975 0.0574151782447991
TR14 -0.229272806746152 0.141353446447331 -0.0582386216604071 0.0218648234123838 -0.00191343505762694 0.143422476394366 0.0948896142149653
TR15 0.0159206748492067 0.0344438300755461 -0.136786890670539 0.0115860943072747 -0.0712837887604379 -0.0949459667369307 0.0621720124030519
TR16 0.0096705210985816 0.100821330778434 -0.125727286791738 -0.0669960951136233 0.0490956351422311 0.0157879787741805 -0.114992175342579
TR17 -0.00625654877294735 0.111066889841965 0.0130968590230753 0.0081022507960031 0.183194767310109 -0.0283785751441527 0.0157864306493277
