sample MDS1 MDS2 MDS3 MDS4 MDS5 MDS6 MDS7
AN03 -0.0326838107765193 0.029764833979094 0.050123657619896 0.0268844965869638 0.0618585368291892 -0.00104619490948742 -0.0829456240796136
AN04 0.0546229735363021 0.0535817143575467 -0.0331120605749251 0.0217735744544836 0.00810512747890546 0.000372580246395811 0.0207076098207585
CS01 0.0578458804175866 0.0687092903703121 -0.0396767146147597 0.152364496201222 -0.0846672834494307 0.105338789952274 0.0824314662324959
CS02 0.045097616286994 0.0419209413283272 0.0473491979238996 -0.145090696580681 0.0464015563365476 0.1429269138889 -0.0341329831901591
CS03 0.00990305552323335 0.0729877466580857 0.036439734665443 -0.0576349882902626 0.00484934744550841 0.0124773924445768 -0.0405378893992988
CS04 -0.00205896579503472 0.0345947211695096 0.0175677781066195 0.0293389049066429 -0.0403858483716549 0.132506744662649 -0.0600840140497096
CS05 -0.0828251346363831 0.0586959720628513 0.0791909818980867 0.103956433103552 -0.0523741071170317 0.0627781467834733 -0.0235195129595117
CS07 -0.0742262040187509 -0.0176077321073194 0.148885488664236 0.0671372624910461 -0.0332787575537265 -0.133280653363524 -0.0668631922010262
CS08 -0.184390705873096 0.361613308763565 -0.0173845379547809 -0.129571768423587 0.0382250488000509 0.0443730308229238 0.0294982753994674
CS09 0.0679475577644554 0.0563538328358327 -0.0850249341339251 0.124062254783794 0.0462633227073983 0.0257119153354044 -0.0426716064929879
CS10 0.0355607111683897 -0.0501180524939191 0.040300954906995 -0.0776966470717285 0.0179470364590367 -0.0274037824511615 0.0220897338357514
CS11 0.102886999851673 0.0200792866035849 0.02170495273567 -0.0305242199723615 0.0923803583553728 -0.0726895412876489 -0.0519359557781669
CS12 -0.0839067122622994 -0.0158502669601864 0.000170006090876314 -0.035228745258689 0.0700896766317895 -0.0481570667349698 -0.0764907123565249
CS13 0.0408929766542982 -0.079129668773445 0.00793565591147602 -0.0976346892333071 -0.0112749027626345 0.0977055388548906 -0.066523803723642
CS14 0.0339862647356363 -0.0108448340285956 0.0417991422533144 0.0499227774821462 0.0370713440881019 -0.040431176401248 0.0807021338290934
CS15 -0.00166822852509037 0.0572137367934918 0.0841420476745446 -0.0136017265579325 -0.0105443952132347 0.0262613748232182 -0.0735950599313325
DK01 0.0727290787724612 -0.0432117248419738 -0.0170138808168554 0.0448873203896948 0.0525592398233692 0.0425885007596306 -0.0461038772704317
DK02 -0.0219662763031667 -0.0700898292196655 0.0584343074134049 0.0216419737818088 -0.0404875843313783 0.0600686321460196 -0.0169920229185055
DK03 -0.0820325835770866 -0.0332299726980888 0.158699463236488 0.0182743632845338 -0.0621012396673311 0.0158583730157142 0.0335102143792785
DK05 -0.327229822678438 0.432696089842546 -0.00311625924193809 -0.165100210644781 0.125298091657294 0.021725251635804 0.0527543254174312
DK06 -0.00833406878213699 0.0424685799467175 -0.0574766159529724 -0.0301838567392847 0.0736757552666342 -0.0146829768586071 0.0704911829637434
DK07 0.00295193255505609 -0.0823581659539349 -0.00387475936482524 -0.0952135659512199 0.118027427924271 0.0688740688930614 0.076056361056852
DK08 -0.0681732105534461 -0.0578681801419772 0.0146467999084519 -0.0509141001538751 -0.0624782196787835 0.134995849129266 -0.128562188819536
DK09 0.0340329325356869 -0.00184557284177578 0.027514309302532 -0.0667098776649269 0.00680740415641843 0.0732852243006433 -0.00489065910555907
DK10 -0.145872832185959 -0.174833984869955 -0.019026605017798 -0.0458655844582552 -0.0662996043566138 0.00974893810532096 0.0491315755955038
DK11 0.0457972731286714 0.0547343510479794 0.0235483842460652 0.0520568115602183 0.159700750236993 0.111974427079642 -0.0126711720123983
DK12 0.0421310055556973 0.0842871038340832 -0.0032560940322327 0.0468314025374756 0.0549995950845414 0.0371495348369975 0.0290429629720587
DK13 0.0572591319466295 -0.0098950772992169 0.0245400767549201 0.0666507764684958 0.0393491261018596 -0.0415550834136552 0.0629415639914589
DK14 -0.0500941719743635 -0.090110750355217 -0.0409404510715726 0.139394465085422 0.0776685104376294 -0.0677649773281151 0.0743935306825769
DK15 0.0632922550570061 0.124905042647436 0.0716860164917664 -0.0509184300037797 0.00838946804977587 0.113420220934177 -0.0586552322466159
DK16 -0.00147715128486889 0.00409930564968319 0.0532707787796489 0.072569270715571 0.037096498143563 0.0185068154204891 0.0347402929097397
DK17 0.0216366174370878 -0.104378624092343 0.0477221190750047 0.0372689041755354 0.00421674437277647 -0.0254881390941269 -0.099278611485444
DK19 0.0442440765249722 0.0206377085015123 0.0770960580661773 0.108397728413494 0.0182327782357706 -0.0852239546304442 -0.0347745106258086
DK20 0.060210066680334 0.0334722020783052 -0.0483288453488734 0.0374516746907079 0.164656082739628 0.029776040792739 0.0352970924086124
DK21 0.0223997267097811 -0.0823458494072411 0.120985504942074 -0.145569309867942 -0.0326012838819958 0.0511502806317641 -0.0456513450658538
DK22 0.0057642955002845 -0.110695696917539 -0.0585052750933072 -0.138613758113794 0.122677873160563 0.0828411167037079 -0.0155918279848533
DK23 -0.0131685139597022 -0.0884762967406969 0.0937426421774175 -0.0273770148536933 0.0571201688587644 0.0190233388108053 -0.057258158449438
DK24 -0.099146549304711 0.0770270498566162 0.0260784385846857 0.216199291120141 -0.000193613376124328 0.0501911700625801 -0.0288965202712055
DK25 -0.024093977079655 0.0525224218013312 -0.0109141869285076 -0.049564345357288 0.0381997004560272 0.0847668245699784 -0.0812164522147689
DK26 -0.122755521155084 -0.0300096643492979 0.00276788881094102 0.0792142405415557 0.0256279384443858 -0.10319044120522 -0.0846157320714296
DK27 -0.0770203991177202 -0.0281209302602633 0.166456269402101 -0.0267415489791994 -0.0232497875346792 0.0424853908844176 0.12804583989995
DK28 -0.128304694447953 -0.120146080438957 -0.0915847805357192 -0.0850696433039312 0.0498873835054851 0.0912872967840679 -0.114059619090241
DK29 0.0672111223160389 0.0635028241318179 0.0107625577209028 0.131482141267453 -0.00491675681346666 0.0659489198136005 -0.0453816064758382
DK30 -0.0696708630060966 -0.142805680922287 -0.0465169532158144 0.0657369467796556 0.064450517849412 0.000278340745674377 0.191403573712107
DK31 0.00383471829761563 0.0538972007984256 0.15660000120087 -0.00478029226892175 -0.00401515145429926 -0.105901255781621 0.0189296584744045
DK33 -0.0936467069089168 -0.00634309582874798 0.094176012680899 0.166962762873086 0.0258945361323636 0.0626249402230115 0.0324092374810298
DK35 0.0178894321977455 0.0591113976856046 0.155857480526496 0.0466452155633762 0.055385172446249 0.0713678537663246 -0.0813055608324432
DK36 0.084973998709301 0.0193027865228216 0.0810601994568427 0.101470579635833 -0.00847292412499037 -0.0294700887480631 -0.0524021002334396
DK38 -0.00703304947680674 -0.0125304746394009 0.0083268770117086 0.0372667597315135 0.227297542058638 0.0769285744262078 0.0746808465578154
DK39 -0.0150224319948597 -0.0183339897727938 0.143391443923931 0.059442179329793 -0.0190875408307086 -0.0020660976162678 -0.0140688232762485
FR01 0.0397745092707283 -0.15891770511761 -0.088842482097565 0.00611826490441677 -0.0264216964600892 0.143297513066773 0.102976495745574
FR03 0.0358923286011083 -0.0708833473877334 0.0872242214034162 -0.0514461365499363 -0.0695093588672981 -0.0115471863468001 0.000385828756175039
FR04 -0.0909644637282791 0.012738654687256 -0.00984229754508073 0.204270878707737 -0.118095856301769 0.0343479145169 -0.0607727708481827
FR05 -0.120563103020731 -0.00315661608807299 -0.0565819081601948 -0.075806089408434 -0.07143133327674 -0.179380908018005 -0.101346495803448
FR06 0.0280661436465708 0.0581186998532433 0.006762676677658 -0.00668974654702812 -0.134283052809972 -0.000788262405680092 -0.166330103629883
FR07 -0.189904020741495 0.0270430050124386 0.00468192516171857 -0.000708939079729737 -0.179296852367642 -0.0237019438183128 -0.0149206777956171
FR08 0.0417104433924509 0.0140802114048706 0.0291818338563358 0.12319386559026 0.148128474408955 -0.0402176136967957 -0.0539870062663197
FR10 -0.00374434758038589 -0.0539044464065346 -0.0332046947816892 -0.121022124697392 -0.0202674006114319 0.0105608056347944 0.124557820189261
FR12 0.0110424611109388 0.0479344321464942 -0.0545330499517254 0.060646684687281 -0.0571436875302649 -0.0409978548917937 0.0694795315852626
FR13 -0.090665562171232 0.0434764104657402 0.129792205343815 0.000265406120962849 -0.0510153467708613 -0.180454858844012 0.0525235264112152
FR15 0.0663179788349554 0.0404419535606898 0.0725419300084172 -0.0599557068355696 -0.0911120375459907 -0.00776414650670444 -0.0305324337906179
FR16 -0.183846990747843 -0.063854138066175 0.0237982093357004 0.0403461251970665 -0.00654322449841532 -0.0241665594739543 0.0602311184114381
FR17 0.0539101515295138 -0.0302946119828766 0.0461035213962308 0.0122923714680876 -0.0815737395494988 -0.0988151441233889 -0.126221969598787
FR19 -0.0195221669750784 -0.0807462733212051 -0.0419550136505233 -0.0795833729465743 0.173917661901147 0.0725016683609349 -0.018865124062419
FR20 0.12265948593895 0.035147860620133 -0.0368057460103745 0.0383998577991186 0.0144807670416228 0.0414287266896534 -0.107461552110943
FY01 0.0593144786080946 -0.0404872128472929 0.0422187473967851 0.00596069245295025 -0.0674913706133498 -0.0742365948229493 -0.0851260243897595
FY02 0.106202999093604 -0.0195947345175213 0.0572759102679628 0.0453880647531971 -0.00582077715400372 -0.0719311712790711 0.0280952250894882
FY03 -0.0235408009326146 -0.0544989222524088 0.00505058810939246 0.0408671964022553 0.0992246553281288 0.00989073909237971 0.0200772903404054
FY04 -0.0795398847276587 0.0711583121831821 -0.115822324009036 0.0340077438647106 -0.0569030477276725 0.0796770569586121 0.13762809227717
FY05 -0.0167845286789095 -0.0513817849443912 -0.106614290718499 -0.142638880141058 0.0242794101198828 -0.0219868054059755 -0.0358632970944085
FY06 -0.0202438121196713 -0.0127862406068349 -0.111997834216018 -0.0529359249933875 0.0671423053534344 -0.0851179155781977 -0.0276485889585872
FY07 -0.0992360198389303 0.072648383900026 -0.0650714786066447 0.0892563826616531 0.0721715222063297 0.00834603483491424 -0.000737538268527649
FY10 0.0327924989460465 -0.0249720512721235 -0.0890314340542338 -0.0043229183694204 0.0732846404467134 -0.0866392155884347 -0.168534046971316
FY11 -0.064506043952599 -0.0815757629351058 0.0378387554962371 0.0220642971055482 -0.0468419615281906 -0.0187334635918844 0.0973862734508786
FY12 0.0311831500492371 0.0794289765036986 0.0737127072660069 -0.033934696359541 0.0698929147574906 -0.0084977352022118 0.173652056928257
FY13 0.0293456217262794 -0.122033951528041 -0.0819675165847714 -0.0731738926762582 -0.210734030979341 -0.0108254319071367 0.00215719425263721
FY14 0.0559922826657615 0.0136709841259356 -0.00864254608232926 0.0230328998022417 0.0777475657932969 -0.00538833263924924 0.0537728934803703
FY15 0.0936660983351026 0.0254890128953421 0.0661735885197687 -0.0556721160141945 -0.0708886906538076 0.0608639553250348 -0.0150864695060046
FY16 0.0574175169414757 -0.0470770385750875 -0.0498287132403909 0.000522458626705916 0.0411378097595432 -0.066574369312849 0.015230426395162
FY17 0.0461775842617931 0.00468406847117878 -0.0237805245301485 0.0408230982836546 -0.0733315138825473 0.124131792679527 -0.104221055958335
FY18 -0.0425089900176935 -0.0173945438055609 0.0315331056972126 -0.0955471620793081 -0.0155533620986764 0.0184783007013757 -0.0667845009550113
HH01 0.0836923256458792 0.118867369931453 -0.0410874061013033 0.0204148939974797 -0.143426942336718 -0.0847566552309357 0.127736897649422
HH03 0.017623537827986 -0.0235730985110667 0.0340529938227103 -0.01044945610789 -0.0521362262828937 -0.0436069215728017 0.0984075387592903
HH04 -0.0263463691652254 -0.0550944232128335 0.10855037407866 0.0015741714678135 -0.112579952678353 0.0119640709266246 -0.0206214626402359
HH05 0.0127425982538394 0.0202745788793683 0.0102058277172554 -0.0282965738692086 -0.0219941006175334 -0.0110793578757976 -0.0572176433124853
HH07 -0.068655586328947 0.0562492147738769 -0.00747547065865856 -0.0234455964522223 0.0257085957415545 -0.101959565771012 -0.0975183781748708
HH08 -0.0826441295343511 -0.00549566502913989 -0.0145569252662054 0.0341661129959577 -0.0461675777752084 0.0231322927589906 0.0438158484131586
HH09 0.0389062938346002 0.0524822687464791 0.0227163270377158 -0.0762668825428613 0.0134848862962459 -0.00346618372466732 0.0644949664980417
HH11 -0.00482948902537455 -0.0673534744598159 -0.0178323839610384 0.0500388104541286 -0.0909089669964307 -0.113842799696575 -0.0379559510007993
HH12 0.00763348122446483 -0.011666179106392 0.0198675010801402 -0.0842236334283738 -0.0221382475641985 0.0550695556840832 0.0435818719189785
HH13 -0.00877022136445181 2.47827885303812e-05 -0.0871945092203948 0.00767753602154981 0.050446849877483 -0.0207619458376423 -0.0892225257132048
HH16 0.0500127868764417 -0.0808264958456552 -0.0409808188800778 -0.0281380692222237 0.100725438535374 0.0133938318333968 0.00448075575839185
HH18 -0.0464942109189992 -0.0182217163830364 0.103869154920596 0.0990518470678696 -0.0336888067996094 -0.0256544272591406 -0.0571003328928593
JB02 0.0267687576334537 -0.0511708323069764 0.0970254573345713 0.0121468526844119 -0.0662813610672952 -8.2370049679795e-06 0.189943884469714
JB03 -0.0772167739310714 0.0365277666665716 -0.0959805332911015 0.0723260372843904 -0.0677367206643782 -0.0700373060529129 -0.0842948967713665
JB04 -0.0179865162743564 -0.0814514120465012 -0.0701053689622131 -0.0145397835697027 0.0594720314105267 -0.0614442380608539 -0.0236325676612198
JB05 -0.00682952493870393 -0.0498736929267656 -0.0679599847724398 -0.0317153535843593 -0.0507203158407414 0.137214417169667 0.165651371199534
JB10 -0.0910544027917444 -0.0436128953318119 -0.0427570497482342 0.0183745968777566 0.0228395059271291 -0.0217235003638661 0.0267642021514818
JB13 0.00871257312115259 0.017746332283106 0.0686569909489667 -0.0809326807282397 0.0935239367502618 0.0266843761456999 -0.0992438459614012
JB15 0.0510140518658546 0.0519637603068165 -0.146472611207607 -0.032060986835606 -0.134298712740952 0.0333264508017029 -0.0378759464777918
JB17 -0.0507850430397916 -0.037120587566439 -0.127308389260187 0.0198381085064642 -0.0868050538757063 -0.0866130610128773 0.0404084951591559
NB01 0.0539904783572286 0.000187354561938228 -0.0320583413856416 0.0118442102395573 -0.0504672482421837 0.0173972859282452 -0.0318122496065974
NB03 0.0034771701420022 -0.0230434549501056 0.0680670099549287 0.0342249368728709 0.0323166476903038 -0.15902794695186 -0.062593715833937
NB04 -0.000687623479095458 0.0047107214047458 -0.00744096167443764 0.0185921456701311 -0.0069553771380377 -0.0754028553863814 0.0467612969522314
NB10 -0.132623439877822 -0.15970965117474 -0.0213327845429854 0.0422707435597341 0.0380316724548658 -0.140894831591151 0.0677488919715225
NB11 -0.0282686626750253 0.0282204783937351 0.0157552543337886 -0.117220064379755 0.0932013688898459 0.0477039304604835 -0.0681562136995433
NB12 0.00998560666916353 -0.0520433026659683 0.0810124190691425 0.0673420564467492 0.000178720198819744 0.0179755744965304 -0.0174571084966955
NB13 -0.0328430392444688 0.000879440462569433 0.0645584451944939 0.124475931953254 -0.0424541772144397 -0.0388671661711133 -0.078819945636946
NB14 0.0422188435941079 -0.0476706221736094 0.1484220699161 0.0015410464276844 0.0592336260955157 0.13692638065251 0.0765711302105308
NB15 0.0521192896204705 0.00399165465857594 0.0147847822875847 0.0445259924096718 0.0745322733318521 0.0261666484278735 -0.0886277207860408
NB16 0.0989606363352283 0.0728704861355894 -0.0138599978295426 0.0844207549667714 0.0970014340336652 -0.00240484594697779 -0.00301937046367635
PA01 -0.0233208941061661 0.127353852100526 -0.120246575713413 0.0464448489229514 -0.0274951423105869 0.119446614455418 -0.0378416541931681
PA02 -0.0145328859322077 0.0118717260150946 -0.117455508088135 0.0827883384029168 -0.0790069641370743 0.0323713577194241 0.0599172296739567
PA04 0.0626293626941344 0.032857501972549 -0.00016772623315297 -0.0862021037492671 -0.0854262173994132 0.0626672817744767 -0.0768396484326602
PA05 0.100693260829341 0.0293915806186503 0.0596149371611154 0.019068267472136 -0.0636536838085896 0.0061916053843882 0.171333010936305
PA07 0.00865180611735296 -0.181827676832377 0.0524714398330991 -0.0279413022277897 0.0432595674010355 -0.0137749835167429 -0.00229607525126871
PA08 0.085563874969682 0.0462321667802349 0.0172967052233194 -0.124107884065246 -0.0121634635500549 -0.014838256783993 0.0537958125831009
PA09 -0.0751308460821736 0.0467629813023628 -0.053911190589678 0.110058997962536 0.110750703513971 -0.168010680364787 0.0785037479899789
PA11 -0.131878727994441 -0.108900281174226 0.00126670151422849 0.0385448400320752 -0.0886874158714334 0.0622238072969554 -0.0103699391799737
PA12 -0.0278779016800971 0.00649841067492649 0.0358438008979578 -0.0330757513193257 -0.0136930298554994 0.0390992845951451 -0.163403968951956
PA13 0.0260815699196383 0.0104253986027218 -0.0215287601737044 -0.142262950061518 -0.0344871303609448 -0.0880724348981687 -0.0204658688745624
PA14 0.0717561231925176 0.0675732510798299 0.0360186563444391 -0.103045209991327 0.00417408328222746 -0.138238815557303 0.0118968921303506
PA17 0.0607851897636848 -0.0396132557736432 0.0444402192494849 0.00985910839997423 0.006219169121508 -0.00849040803793377 -0.0547813568155793
PA18 -0.0384345262516463 -0.0419365370402912 -0.0746831877385925 0.0393875832133143 0.095243173795563 0.0788388998032734 0.107201956598971
PA19 -0.153399446630419 0.00420473707241737 0.139978313017879 -0.0621790478263522 0.0285101842914219 0.0535632128239188 0.00686605519913708
PA20 0.01493426053878 0.102057532381809 0.0652495991930191 -0.00799395639717813 -0.0183198041955345 0.0619726122522361 -0.0784624777321903
PA21 0.0513810092090042 -0.0277157834847605 0.094958921553334 -0.029090043144516 0.0377723278469262 -0.0934292097263201 -0.00811870218529542
PA22 -0.01974707563594 0.102404979788554 0.0841876472635943 0.0163228390645173 0.0201946477423944 -0.149625549479192 0.0388956938451624
PA23 0.0543840825482303 -0.036803160389522 0.0191273519656041 0.0385830572795948 0.0377000170318152 0.0323555812559958 0.0171336011114728
PA24 -0.0605437630256783 0.00411943705454817 0.102340725442619 -0.124143941727589 0.0445038199029139 0.111337397043014 0.0118236880986444
PA25 0.0128788678478466 -0.0271230979679499 0.0274662254983209 -0.0781036914401591 -0.075328081134702 -0.112293572860112 -0.0229316828436989
PA26 0.00807415292654205 0.0459989200515882 0.0229885121230622 -0.013793871189013 -0.000641613012690795 -0.0753744324949319 0.091677023240262
PA27 -0.0770493041967489 -0.0710136261189141 0.0427515328820265 -0.0759246656862814 0.00252589801316901 -0.0537326841784706 0.121771477987997
RB01 0.103237145334042 -0.018404812740121 -0.0916679945536521 -0.127104049877722 -0.0830198800866326 0.10753509502316 -0.0506565398513027
RB02 -0.0289814859537753 -0.0642937863464358 0.0347242680043586 -0.131708843631016 -0.000226347420452627 -0.113482624938974 0.132293418018882
RB04 0.0592680290683176 0.0359977045748171 -0.0821635935832308 -0.0660233862533337 -0.0964965966299403 -0.0273794168766863 0.0437309164087126
RB05 0.0241679823278583 0.0457004877602855 -0.0256309627700488 0.00300666101645329 -0.0342676563316739 -0.0913446763736161 0.0983798548659641
RB06 0.00660683734740018 0.0166308257631318 -0.175777325017183 -0.0144626598143664 0.094672212451635 -0.0229131132956583 -0.0295072169750554
RB07 0.0377786927191709 -0.00320848931750557 0.0580060527250567 0.0280020220902958 0.0462938198472228 0.120778878445712 0.0754844480033321
RB08 0.0366291263155584 0.0609691495421579 -0.070303087097003 0.124277456096583 0.026409294190531 0.019966817855761 -0.00387167030874644
RB10 0.0374025485593482 -0.0432368763238806 -0.0739042526305034 -0.118134358165466 0.184805982875282 -0.0176002880266556 -0.0300155049042108
RB12 0.125589327139733 -0.0840604727704971 -0.0497147478595562 0.00784928185976076 0.0739732049355713 0.00702131460306473 0.11441456407147
RB13 0.0801235099913553 0.0135388218800227 -0.0764534339641339 0.0566713142618605 0.0442223720924707 -0.141411391218226 -0.0090590424181313
RB14 0.0288278181662827 -0.0194659638803156 0.0382938195993889 -0.000681867487942893 0.00609909344391424 0.0596796060437388 -0.0417552439086786
RB15 -0.0201257642703493 0.00186114509435303 -0.0315715158185586 0.123376253344655 0.126091373315615 -0.0415797672484181 -0.00292161993049435
RB16 0.0562291156095178 -0.00021392627428641 -0.0780917562762098 -0.101210692982034 0.0479247513014734 0.0119678168603305 -0.0515969189057283
RB17 -0.120203176876969 0.0751705778911798 0.0168931835752154 0.10003500952882 0.0604769903449865 0.037537859071579 0.00845968201039592
RB19 0.0735319738009782 -0.0338484514530486 -0.179095846273707 0.123639375432636 0.0012379441464986 -0.0019583471322392 -0.16485649756542
RB20 -0.0318107993146144 -0.0305107422188439 -0.045056312042219 0.0210495530639009 -0.0317378988509721 0.0532632044633758 -0.0677510444441825
RL01 -0.114961521344739 -0.131246243033817 -0.0397290738366598 0.0669591470479439 0.109880261869525 0.0110752530022344 -0.0629230953099868
RL02 0.00790017506485951 -0.0347964857201634 -0.0712258534223591 0.0170198897217108 0.0434334040664199 0.141664864760483 0.031176910395578
RL04 0.056934550813289 0.0646222628708726 -0.0425109458600386 -0.0603265974733911 -0.136389662782249 -0.0755553845170826 0.00143203898486796
RL06 0.105625816379011 0.021517995450457 -0.0254800930962554 -0.0696259259915199 -0.113905974179237 -0.0162398350404174 0.049386647194151
RL07 -0.023082547495629 0.0750788682004111 -0.0512732223078025 -0.00876819676505262 -0.0187469520139994 0.0140082350619096 -0.021644863461947
RL09 0.0717952975241524 0.0304333341456123 0.0500604903882914 -0.0226743206032836 -0.0722249411429479 -0.0344038466504302 0.0996488239399927
RL10 0.06025337867065 -0.00559500695202102 -0.123084217676876 -0.0324878274755591 -0.11992762916388 0.0487918000826138 -0.0900422015966319
RL11 0.0852640623928856 0.0914533354947126 -0.128298138232607 -0.0357958254522106 -0.0549560211964818 0.0016438810038978 0.187847873488274
RL12 -0.0575557940661584 0.0946671130887402 -0.0813434903810631 -0.059531650086175 -0.0461478781876176 -0.0825123793409048 0.0888462401106342
RL13 -0.0931304274860016 0.061542019084337 -0.15686161223526 -0.0547395080447505 -0.151375922326918 0.0913493475533999 -0.0424940483787618
RL15 0.0898052829951655 0.0993010834983586 -0.106728179154246 0.012045179114204 -0.00668994526693614 0.0731176661685296 0.101957509306169
RL17 0.028389400677655 -0.0309096951166989 -0.0188789619680215 -0.0845635755320594 -0.0380311662683748 -0.050458912566952 0.0543657976701702
RL18 -0.206697742441404 -0.11945086589099 0.0246093523694015 -0.0402012596113746 -0.0561226070876625 0.043073315494815 -0.0207870735915813
RL20 0.0087543071213099 0.00428618552710787 -0.0742252643332917 -0.0642824321396894 0.0245191734854993 -0.141889349888979 0.0324685942597088
RL21 0.0763782393682677 0.0374185534421049 0.0322796756704091 0.0151981005904292 -0.0951681213544767 0.0271350523221943 0.025166510864024
RL22 -0.134921449804768 0.0427808769055845 -0.152883766764656 -0.00759626343747984 0.0321185450271226 -0.0167319259152246 0.0276286483764281
RL23 0.047309132193129 0.0024837493863701 -0.146764999387573 0.0419554200460233 -0.145829263215635 0.0268515916809689 -0.0126882455144881
TR01 0.0823022820801137 -0.0298860604135829 -0.0497782110202206 -0.00103523390094575 0.109400021897982 0.0246404681821051 -0.0344393270739893
TR02 0.056857941569608 0.019847389111727 0.0255618097406036 -0.00391457981409342 0.0217486125291242 0.0533742896676858 -0.0912592308055615
TR03 0.0749609759976327 0.0598572475196936 0.0596783484794821 0.0663233121844424 -0.0728495419169107 -0.0777139902921529 -0.0128131344849341
TR04 0.113785469518992 0.0415766036743689 -0.0143677134201127 0.153293621695198 -0.0134682559025791 0.0605004134064301 0.0803737464965078
TR06 0.0855312116958838 0.0204795047149213 0.205957949541883 -0.062028237452375 0.00172726683848067 0.0809851719101309 0.06337448241211
TR07 -0.0184880923459243 -0.0133760564802485 0.00324108930560015 -0.119157262564477 0.0591452870663054 -0.111051686513093 -0.0846423761492187
TR08 0.0429770031828733 -0.073291080817167 -0.0327164893366885 0.0131242752058729 -0.0386054046628653 -0.074588281834007 -0.046567399978869
TR09 0.109686168110031 0.0852729604540645 -0.0141710622404655 0.0417769106357438 -0.00430423483387311 -0.0573024681893857 0.00608517292621496
TR10 0.0903498538218067 0.0281635157708386 0.0801385406573207 -0.106449280877202 -0.0106818915884539 -0.123661190067539 -0.0544044972881955
TR11 0.0679978115979425 0.0439527024475898 0.0187639896751386 0.00782323893200887 0.033193468622904 -0.0935731228776152 -0.0756847461718805
TR12 0.0319741963777891 -0.00424232305413069 0.020798347358604 0.0220044191037538 -0.125531854628493 0.00770875027628895 0.0689945571709211
TR13 0.00287597343576245 -0.0189934026915183 0.130658970387424 0.0877403848291914 -0.0954872437720758 0.212815318426069 0.0418294453581812
TR14 -0.198989231888685 -0.123273414640391 -0.0806839319395014 0.0380837210087679 -0.147645167223878 0.118462126854001 -0.0144621910366959
TR15 -0.00970828207154428 -0.0909633586750169 -0.0459706851101552 -0.120495761315529 0.059810189847659 -0.0469758015514874 0.057180753600055
TR16 0.0572315264903104 -0.0757494524011619 -0.129639143600038 0.0737639658538881 0.044360691259785 -0.0219114109154734 0.0948335598645858
TR17 -0.0275915474360836 0.00502435341350006 -0.0713577617923068 0.0475313470408586 0.0132758052288117 -0.0370244400995118 -0.116313776972635
