sample MDS1 MDS2 MDS3 MDS4 MDS5 MDS6 MDS7
AN03 -0.0168770537000933 -0.00478606211378205 0.0566256850263498 -0.0369988634510749 -0.0516489433578469 0.0207352111103097 -0.0286865906154665
AN04 -0.0494784636151265 0.0151755441185745 -0.0431780442806736 -0.0691125739725 -0.0540097406686566 0.0172678930940919 -0.158842380646862
CS02 -0.0646633797854256 0.0714565498229978 0.0485977248833688 -0.0577595754625083 0.0244129945378415 -0.0448248195063303 0.0916592768568789
CS03 -0.071775252649399 0.0175993410721962 0.0494410102186514 -0.0312832145866397 -0.0438933448233898 0.0835043370137467 -0.084493400802564
CS04 -0.0373352337615348 0.00895925697454197 0.0551454209052025 -0.0410862143017653 0.0314524162529534 -0.122822196664588 -4.46987178495672e-06
CS05 -0.00362746734140357 -0.0461148647631766 0.105373438257297 0.0683593262016963 -0.0417908540091727 -0.0624607222295379 -0.0418370443243727
CS07 0.0658021103914666 0.0230738951439432 0.128170900152432 0.0782841376015638 0.0880073068359912 0.0958769323016742 -0.128092961001004
CS08 -0.295841826491722 -0.18896530328726 0.228720687056624 -0.0284787904562057 -0.023047968429731 0.03677680100227 0.101145267850183
CS09 -0.0663595178606036 0.00893879171755252 -0.0884763258259644 0.0166989112388216 -0.0513652080592469 -0.0313600137587977 -0.00179325473823763
CS10 0.0421929241278093 0.0519764286200453 0.00934450719300284 0.0152366699867792 0.0710368729152009 0.0151683246093936 0.0554628534549674
CS11 -0.0445464284279409 0.10985289950303 -0.0523102379096844 -0.0238916896137387 0.0556388503983102 0.0453581444576849 -0.0156339131199928
CS13 0.0511097890096753 0.0507310845499522 -0.00685848624482108 -0.0776694535098628 0.138289329272388 -0.036890666883265 -0.0133497053355245
CS14 0.0149032343913613 0.0417765022418564 -0.013717695309144 0.0395290555011253 -0.0669088330412414 0.0126293729305904 -0.0320452815940103
CS15 -0.0453141431408539 0.05642694704672 0.0650652327521269 -0.127353857727044 -0.0269320619638654 -0.0190197580495084 -0.143185577231482
CS16 0.00728227732595454 0.0900673365203255 0.0357011826175767 -0.0768272259391202 -0.0914098868664171 0.0948248384238727 -0.015412611030182
CS17 -0.136680853464954 0.0489722498751746 -0.00235656556436081 0.114839617786673 -0.0842098022314208 -0.120097747382724 0.0427862249157336
DK01 0.0202173459345064 0.0739706584112887 -0.0558467188683617 -0.0547837471564917 0.0355521781782271 -0.0203294774253532 0.0941755650413254
DK02 0.0783361981928707 -0.0100100369636813 0.0429732995399729 0.0799639482809201 -0.0247624580794517 -0.0416095187366244 0.0802874729037714
DK03 0.0885328483213689 0.00127170493300664 0.128372132089395 0.0179417759675729 -0.0223142326493574 0.000871174940980046 -0.145536328033304
DK04 -0.0664444161694216 0.0286159810419616 0.153637226943961 -0.104934420146729 -0.117782184476652 -0.0635901887779716 0.0502995787693305
DK05 -0.343898661076009 -0.316549570052989 0.318638614694926 -0.0380044341237931 -0.057572794112582 0.10196683749505 0.119625623880347
DK06 -0.0381845218223958 -0.0651645221151465 -0.0273918753753586 0.0105445865061698 -0.125419944072184 0.0173399415738672 0.0621226021010339
DK07 0.0831542358677687 -0.0135477356003787 -0.0340127313366673 -0.0740815176360588 -0.0610844614796662 0.0226415803771836 0.10173779558746
DK08 0.0687869310149571 -0.0443030592626378 0.0563253436787142 -0.00844010793848909 0.104639453940647 -0.0690278538446013 0.0718444077577401
DK10 0.174374735749026 -0.134201217379582 -0.00288110578259267 -0.00124762663965533 -0.00287131899413828 -0.0848310430047987 -0.0285027299266055
DK11 -0.0519672604652489 0.0621761785106138 0.0134239403199766 -0.0936827483896573 -0.0689207814785174 0.0420278534759417 0.0431042949955467
DK12 -0.0794993221322936 0.0304182807810209 0.00195474402852116 -0.0460737715934048 -0.0490517252287102 0.048672677930764 -0.0640141931259475
DK13 0.0049597883365817 0.0592463595074683 -0.0446932082953906 0.0647040935130785 -0.0321039556081692 0.046631430146397 -0.0189646153854041
DK14 0.0905192440768846 -0.0477856657124436 -0.0666918935066422 0.0544430222132348 -0.0291524960252572 0.123432514360367 -0.0892896849177545
DK15 -0.102786861324227 0.0880027213551455 0.0716641448603645 -0.064718492916446 0.01921850814814 -0.0371269351994691 -0.0456735294260953
DK16 0.0340979387619581 0.0294397377012003 0.0310077012490578 0.022113648536649 -0.0405324206612561 0.0445504719904386 0.050392392677109
DK17 0.0981081515407729 0.0620696007946469 -0.0348827749339449 -0.0212259597025651 0.0585501076270206 -0.00425968608848019 -0.0473769664702429
DK19 0.0198340621098717 0.0824720736927131 0.0189368697516243 0.00978484432025281 -0.0187241706958917 0.039698247742089 -0.0665781355976173
DK20 -0.0415048140461154 0.0142421555398943 -0.0648647261029099 -0.0575995770966232 -0.0810196434705404 0.0787699792522475 0.0934165513527248
DK21 0.0806836559348042 0.0734223234782073 0.0912248868745118 -0.0257202611854276 0.0414604548142837 -0.064550610238704 0.120100936323276
DK22 0.0557962306634339 -0.00837257296234298 -0.0519949059234692 -0.140562031633319 0.0481524930895362 0.0276044107521675 0.171956446244789
DK23 0.0911387470590034 0.0398821381687467 0.0680531861181317 -0.068215776387808 0.0317307602975482 0.0581047452872934 0.0149291779462857
DK25 -0.0549466669167278 -0.0098099747564314 0.0116698066248306 -0.0832807772513298 0.00487735450625714 -0.0624159817346432 0.084530355276153
DK26 0.0695604862322275 -0.104778466831592 0.0235233230020229 -0.0163494787125763 0.0636111695034357 0.10016681097024 -0.143148993243012
DK27 0.0919721891090335 0.00331252230124065 0.139876724608962 0.0159754659835515 -0.0330767807572891 -0.0337766778119855 0.00571283038726377
DK28 0.118930446165083 -0.148807076545794 -0.041572949788577 -0.123929192454276 0.0511584751112917 0.0012437967038217 0.0601193252070326
DK30 0.15043031263131 -0.0936907507553918 -0.0745098161052757 0.0166643524089702 -0.174575742908558 0.0181384398438112 0.033795694789815
DK31 -0.0196275011507582 0.0774616921931639 0.122121500220757 0.0158104934546267 -0.0325976054524486 0.0785626022449971 -0.0537914321626019
DK32 0.0438509320369545 0.0710351248403099 -0.0461133889161734 0.0111972869973722 -0.0497562069162805 -0.0697040239016768 -0.0682131286841387
DK33 0.0550212219748796 -0.0246540401559467 0.105611031103666 0.000546162734484208 -0.113811125362876 0.0656832088020801 -0.082530872666297
DK34 0.0859233683374687 0.077697826733202 0.0885776186890294 -0.0214391758335857 0.148573351703944 -0.0233332113031646 -0.0338779182497977
DK35 0.00266595000881716 0.0845174865791035 0.141131907092186 -0.0734393036478185 -0.0322721117838856 0.00941431706640308 -0.095194191609994
DK36 -0.0136481266306596 0.109480784408923 0.0233874573863677 0.0493079792668801 -0.00116082569762915 0.0394386780464067 -0.0821007612812481
DK37 -0.017775024644927 -0.0238763229502118 -0.0408889028107158 -0.301961469893861 -0.0871620791851068 -0.0603091637139194 -0.158727596969434
DK38 0.0191808346037443 0.012631830379558 -0.00531413012440007 -0.140544799433338 -0.0922317462515079 0.112985496782748 0.0789269759069051
DK39 0.0468290859084379 0.0546617472587218 0.110247778324829 0.076190328943252 -0.0593384590648351 0.0256427474634319 -0.0469565199156831
FR01 0.11836805014922 -0.0225246152567397 -0.124383505464277 0.037943674752576 -0.145754486124038 -0.0935452558262112 0.0634794071414703
FR02 -0.0106109951123793 0.0381014281408326 -0.0967388649644158 -0.0371954486290626 -0.0139100555459939 0.0148524365700376 -0.062543875331269
FR03 0.0668790569216512 0.086054427535496 0.0215656880422023 0.053282878103486 -0.00923805436784027 -0.0922466600279536 0.0145858511986602
FR05 0.00128934859178852 -0.141089640002731 0.0021833819807173 0.106381366665364 0.162079974495295 0.113039914250249 0.0332860774448375
FR06 -0.0562951425035457 0.0285955043247768 0.0249900990898971 0.0696080675573673 0.134919033168101 -0.0938581433374416 -0.0732859687949383
FR07 0.0131796701847144 -0.167785430716047 0.0963310068857405 0.117865351378234 0.11878615829189 -0.0780852194598122 -0.116140167275819
FR08 0.00264225557277364 0.0683173427267407 -0.0319869773218342 -0.0472207111039793 -0.016767865641895 0.123917437046604 -0.027820238942107
FR12 -0.049917487728024 -0.0322349654939339 -0.0460705478287563 0.0262101799507669 -0.0864731119250448 -0.00151037401809432 -0.1103834335666
FR15 -0.0359265980564446 0.0914155401404231 0.0483159717014299 0.0411091978729378 0.0760415825131469 -0.034255237462305 0.00292896169846681
FR16 0.10185224036918 -0.126618546920821 0.0576520180919221 0.0322051560965742 -0.0305671032733802 0.024268347241735 -0.0265700907549801
FR17 0.0171294255189184 0.0978011139270943 -0.0185661052671574 0.0504268725769256 0.133335002815801 -0.0108439508632276 -0.0521231458351399
FR19 0.0490690742131051 -0.0309938565113344 -0.0261033554095777 -0.0899837986969826 -0.0546550620258853 0.0590178213522814 0.131951806716723
FY01 0.0242649573780757 0.0643966698308564 -0.00785155761009799 0.0527738905683937 0.0460255457347814 -0.0235021603877677 -0.00880473753429706
FY02 0.00612208921381952 0.127613794851154 -0.0236716190100465 0.0244213933346994 -0.0238138635576563 0.0132416707419884 -0.0169461253885714
FY03 0.0727279623720871 -0.0155096544452134 -0.0255969028519468 -0.106181892871377 -0.034443477840302 0.0694283381851289 -0.132815560712806
FY04 -0.0798529276647487 -0.153021599797181 -0.00389802239784593 0.042541061707268 -0.145769984226012 -0.0603538770214751 0.00256966516107516
FY05 -0.0197915898901209 -0.0464461966905331 -0.0819692479519146 -0.0758897927030138 0.0660990766202397 -0.0872403544725705 0.106512168495151
FY06 -0.0270673872659571 -0.0651796199773868 -0.0918294814484342 -0.0268223445150587 0.0696467394475628 0.053188173466072 0.0759512079850731
FY07 -0.0680634383963526 -0.0967196918390069 0.00256919281613222 -0.0210847118221146 0.00865011420232854 0.11475827846853 -0.037187882994791
FY09 0.00767931856974125 0.0128891910528082 -0.0782387034107138 -0.0346065044760364 -0.127695727201305 -0.00400989183675675 -0.0558948220216136
FY10 -0.0278415178624502 0.0219288307476222 -0.107974078602828 0.00246276338511049 0.15664989044837 0.0676484990779719 0.0545647104132361
FY11 0.104567185594018 -0.0437403736859308 0.0223606770325219 0.0546244755225829 -0.0750365166213211 0.0164945710185441 0.00672662364759778
FY12 -0.0698659403696981 0.049156772526179 0.0455515235433502 0.00510354723825268 -0.0843049465697935 0.069996377752712 -0.018919186783965
FY14 -0.044685488773824 0.0507544778560344 -0.0749042893105334 -0.0266689466328783 -0.0545370637402057 0.0701124595719214 -0.101235760811641
FY15 -0.0359438914484711 0.112913762972555 0.0451658211099665 -0.0197319372177819 0.0161421197576845 -0.103715202184002 0.0111279597588145
FY16 0.0274374816047165 0.0387698674140281 -0.108971480370977 -0.0130830928171057 -0.0210901906160161 0.0556396928885272 -0.0273793278865686
FY17 -0.0231437407899042 0.03444398318397 -0.02453379510529 -0.0432454995182068 0.0184372813599777 -0.135474916461071 0.00163375278488095
FY18 0.0159965020427555 -0.00969683540279596 0.0497221968948563 -0.11571075620768 0.0473295662229551 -0.0484340693820772 0.00380093234488985
HH01 -0.128720513312434 0.00684031633043113 -0.0441526002954168 0.197716449268455 -0.0637896736630812 -0.0236723702540129 -0.039201385631329
HH02 0.133885232057135 -0.110144021461957 0.0174135217222269 0.0849387402769423 -0.10411601004513 0.0234367565015519 0.010618481436789
HH03 0.020157376645223 0.0134698373428326 -0.00918414433066306 0.0657153709068265 -0.0748274971516809 -0.0338216110969123 -0.0106988943175126
HH04 0.0852956719204304 0.0124782451423898 0.0730600529280142 0.0810729231087064 0.0996244193789256 -0.0657109933192957 -0.0770743867929705
HH05 -0.0323730876769425 0.0196430174503395 0.0364731399088724 -0.0191802596678136 0.097756170785704 -0.0386248700565861 0.00731798189270916
HH07 -0.0397495992761489 -0.0585192115285921 0.0465841311000611 0.00416394427539177 0.06106991079041 0.107456011238544 0.0365420460401111
HH08 0.0146075796011092 -0.0840737328321162 0.0148331464378877 -0.00789307578691272 -0.0150722797607812 -0.0203248035296953 -0.126117373281008
HH10 0.0962857450408675 -0.0176010172185955 0.0225074753130055 -0.0186171192085485 -0.170320956467184 -0.0758520366799426 0.111955224093186
HH11 0.0509391860059569 -0.0186391767919394 -0.0361400224648904 0.126416958157375 0.053453861033021 -0.0492077742117636 -0.00733305112320916
HH12 0.0235246885064455 -0.00559608174185015 0.0348491732563999 -0.0476018632574361 0.0238231960244303 -0.135141560962206 0.0441189802222077
HH13 -0.00652337712257604 -0.0409763271872127 -0.0578475741033078 0.0500972445160527 0.0507472210108246 0.0344588363075556 0.0900548056414872
HH16 0.0493401247424736 0.0313955228147286 -0.0991959773920408 -0.0922808877954729 -0.0275399107262229 0.0404140299201224 0.117257152291574
HH18 0.0777068505480916 4.62162920189328e-05 0.0754632912136298 0.0627483921744009 0.0483195231807341 0.018425840740101 -0.0598779185440351
JB02 0.0718666748791199 0.0246198815241953 0.0438557390418923 0.102726964634359 -0.162896077258739 -0.0168441868490437 -0.0288957267335814
JB03 -0.0490928521556669 -0.0829209714850233 -0.0795863689952194 -0.00206234238808242 0.0910841263619499 -0.0322050390003306 -0.170835702949218
JB04 0.0481104174642337 -0.0329257033525661 -0.099145880085759 -0.0933067974638496 0.0207964178289039 0.0643811508854373 -0.0176119677314748
JB05 0.026749283604406 -0.0573226394073611 -0.0514195554930235 -0.0344643174715602 -0.172630920297533 -0.132495887497826 0.0395548830545524
JB07 -0.0180744049666986 0.047918891693076 0.0271887841672226 -0.0484136181027177 0.0531864352764157 0.00464498058873406 0.0324299480120518
JB10 0.0463125532357981 -0.100727006589157 -0.0244336672456763 0.00139782552800848 0.0327925225058836 0.0195653158863104 -0.0458631947877422
JB13 -0.0152177829955442 0.0570221197938014 0.0465955183718481 -0.124107262755222 0.0698104848623548 -0.0255252015480077 0.110921675941451
JB15 -0.116499674319816 -0.0304168114963998 -0.1001308329691 0.036007954049174 0.0532846642506882 -0.10476854887669 -0.0208259019702527
JB17 0.0127535657784782 -0.126555939057348 -0.12945460357466 0.12348965456741 0.0618903022529883 0.00598635866258228 -0.0735414486306648
NB01 -0.00157504120664386 0.0150871826728413 -0.0339335960476455 0.00621056369543022 -0.0185889242920307 -0.0517929325031554 -0.00234838650116315
NB02 -0.0212303388606076 0.0604051155322759 -0.00708554506072172 -0.159457127237791 0.109616953297876 -0.128519028249157 -0.0115992396305045
NB03 0.0348048709868276 0.0266265348775179 0.035065090900156 -0.0199522214035693 0.0424237572209235 0.162793138097809 -0.142301038429833
NB04 -0.0149249840605388 -0.0239310007151402 0.00847521364364123 0.0728108729365268 0.0119290792546459 0.0497134890686289 0.00198610257576033
NB05 -0.0177776210922202 0.119955631828742 -0.000251523909379444 -0.100918615672105 0.0936479821768091 0.0762333635217415 0.0775755180864233
NB06 0.0341516160124628 0.0956530713996596 0.0366955092117796 -0.00682458100386688 0.101760275558649 -0.0343063620051096 -0.0456785389838637
NB07 0.0954385369705222 -0.0609748322148419 0.065653782854024 0.0141990622621069 0.115770063894438 -0.0257566547531357 -0.0344368436244532
NB10 0.166927686255218 -0.12400224994528 -0.0404407223613016 0.0679198356706223 -0.00621937634429027 0.122939844844999 -0.00275589047428352
NB11 -0.0344081434871704 -0.00240806784226435 0.0541762929350194 -0.125208763029713 0.0641706644093733 0.0778495264740551 0.042119147730711
NB12 0.0743987517927452 0.0423367231953018 0.0765547458977469 0.0581550193241884 -0.0666863241078044 -0.00341605090389281 0.0230062104406949
NB13 0.0249789520383279 0.0192027357656319 0.0657480669083428 0.017684090959471 0.0715979534183434 0.00438239194283745 -0.11174173638397
NB14 0.0791270694788493 0.117394858327949 0.085962286722466 -0.0921554129164326 -0.0858520771964207 -0.0621790578276962 0.0363229159174749
NB15 -0.00615542935711083 0.0668680350665597 -0.0299085386419556 -0.0474677346012152 0.0286669276397892 0.0333870256689387 -0.0570917095590148
NB17 -0.00037140016317932 -0.0224466543050683 -0.0436319303270142 -0.0400619666917145 0.0767874213751017 -0.0037496576450855 0.0444037923741171
PA01 -0.129821524802772 -0.0762199647822581 -0.0263287970409444 -0.0306928081573024 0.038007190076906 -0.0858808143671928 -0.0418224969981591
PA02 -0.0432015632920865 -0.0737845349245226 -0.10507631649462 0.043995276265303 -0.0712150673069851 -0.0577119328936848 -0.0755571802334993
PA04 -0.051430051197462 0.0394399237246816 -0.00235386306271345 0.026300144976543 0.113098107681732 -0.0407990874688812 -0.0214690910262852
PA05 -0.020707243199852 0.100339920915437 -0.00169275217919743 0.0860527137233481 -0.0977886931962348 -0.0827042330686612 -0.0254399988929853
PA07 0.16913545111753 0.0296830796975527 -0.0209917945332174 -0.0404978112933347 0.0257264270247618 0.062893712183627 -0.0100605356538286
PA08 -0.0657970898080417 0.0632269870169559 0.0100148413217392 0.00984204723048651 -0.0209272459198333 -0.0444287152765063 0.112011847636666
PA09 -0.0387312172125092 -0.107996529537131 -0.0148353525369422 0.0722178742114606 -0.0172551428526367 0.240147202178022 -0.0875798054891866
PA10 -0.0651655226741735 -0.0126520330831405 0.0563362757025178 0.0072169030035807 0.0244036440121615 -0.103612436989132 -0.0273629830813603
PA11 0.121882887519809 -0.121657973041516 0.0432856027493209 0.0271587645715336 0.0486750656394294 -0.131579637830461 -0.0153513249442549
PA12 0.00870050057961702 0.0164084351497767 0.0645525789817008 -0.0386091126881081 0.142094223344837 -0.111883319899 0.0475744042204491
PA13 -0.0249007088727717 0.000338122280124207 0.00042034363850329 0.0648644601842359 0.11244230805564 -0.0203934691147711 0.139915123019718
PA14 -0.0743396331225319 0.0647895142899445 0.0108540006541183 0.0819537807590636 0.0985912817272462 0.0780087125846853 0.0919216647762836
PA17 0.0244626523381874 0.0720629566990412 0.0193303406551251 0.0790793748614946 0.00827084180840621 -0.00145954710268506 0.0596888912109227
PA18 0.0243164576270348 -0.0738463436420028 -0.0586972841061406 0.00791848749614915 -0.121722463223721 0.0510986950712775 0.0884860115226561
PA19 0.0677024372475019 -0.0793014864525508 0.199433106504635 -0.0853830278786913 0.00709463722829358 -0.0427986430637506 0.0259653614807572
PA20 -0.065462486023383 0.0471269663920859 0.083773431649926 -0.0317089736300514 0.0752486665547231 0.0452784132312894 -0.0758597254697814
PA21 0.0380188690648864 0.102117443501689 0.0471797147969112 0.0235865876899246 0.0106557675005054 0.109213457711835 0.0748813921019165
PA22 -0.0711525153448966 0.0109968086708539 0.0889224320936227 0.0917240529104496 0.02047165335936 0.130733457432387 -0.0253568930090598
PA23 0.0549136231521109 0.0362893911396435 -0.0105005437328807 5.40748143446218e-05 -0.108988870595114 0.0199072955236312 -0.0310845538743511
PA24 0.0252268104824422 -0.000243292877388067 0.143533312127818 -0.102059887740302 -0.0566580825458188 -0.0975849875244505 0.111302849788163
PA25 0.017017181103626 0.0035807767847157 0.0159387970143693 0.0819411745428249 0.0901481782014633 -0.047615068111144 -0.00864020112506156
PA26 -0.0392502927503006 0.001503702787338 0.0143718798102935 0.0360471902418062 0.0228190365077649 0.114403064002225 -0.0278185974323938
PA27 0.0708791673023078 -0.0509415818823898 0.0418290239402741 0.076656208863649 -0.0584996765609638 0.0395026711558303 0.128985093751244
RB02 0.0578198553470331 -0.0332700068772992 0.0330989499030591 0.12280876696817 -0.0328692204543226 0.0773945012682157 0.158820503857025
RB03 -0.0719805683142669 -0.0166832862263027 -0.0187042119388691 0.152664600228408 -0.0239736281285974 -0.0828673752392651 0.105770561249075
RB04 -0.0756979645021703 -0.00394460798949371 -0.0680015599409034 0.0553589303920992 0.0117889786498956 -0.0537908004843882 -0.00111890478390803
RB05 -0.0590347629810652 0.000905760858757139 -0.0414888792155283 0.0999959733844114 0.0155299148176318 0.0427105544231385 -0.0215698267671593
RB06 -0.0725194805388899 -0.0544580816051914 -0.136777988860127 -0.057736868121435 0.0401951862646958 0.0733782960049152 0.0309407498443873
RB07 0.00113907315120381 0.0561956034449901 0.0266366625292339 -0.0168661245492312 -0.110331928446934 -0.00443588318716009 -0.0177378388135474
RB08 -0.0735714595999974 0.0116648981490718 -0.0604586575512135 0.0658236393352407 -0.0688469904702583 -0.0204028365749918 -0.0549087743759169
RB09 -0.12203329152592 0.00292567347756002 0.000449469611774879 0.0727062818821327 0.00456065572367342 0.128602517819046 0.0223590678763545
RB10 -0.00595986709444712 0.00190332554482641 -0.0902486866092107 -0.0408461073502568 0.0579960974459563 0.134558134946186 0.200431431806863
RB12 0.0475184067701475 0.0700793733507196 -0.138710708210944 -0.0522530008326352 -0.0990571580729522 0.0070974931578601 0.0671101504872504
RB13 -0.041193782676089 0.0233620109684906 -0.104796306695183 0.0316056469471943 0.00843043530746942 0.119732158477427 0.0253569063383233
RB14 0.00852385022138337 0.0257393035827516 0.0101561507901124 -0.0299789226265974 -0.0453660671770366 -0.0432578634803879 0.0340446940572416
RB15 0.0250114683353276 -0.0415914179160309 -0.0138526838070326 0.00626345184879248 -0.0216013839588468 0.160202453940025 -0.0332489011873724
RB16 -0.0607110769582643 0.0202076710395437 -0.0848791339115103 -0.0534449690948253 0.0282710162204749 0.000298113328188369 -0.0104241439456811
RB19 -0.0151559521020811 0.00530570904070309 -0.209293511736144 -0.0620792405808775 0.0971149372608406 -0.0275207879574914 -0.0687535132483604
RL01 0.132055776279668 -0.0981299081860751 -0.068249130514827 -0.0792194860935592 -0.0261468331367788 0.0797096456002052 0.050815702204803
RL02 -0.0115310065829139 -0.0110914631981853 -0.0798773308009646 -0.0309134355689039 -0.0782084019323366 -0.0735517680626223 0.133700559081033
RL03 -0.0987266657664109 0.0290845091357423 -0.0622551155157681 -0.0711464568317928 0.0200622272966203 -0.0376632377277687 0.00624088691942309
RL04 -0.0899990576075833 0.0147307877401843 -0.0387028795564599 0.0797067958645304 0.0440830991644492 -0.0592977431339233 -0.00816754440826177
RL09 -0.0433964127178816 0.0591108380169886 0.00440364907441317 0.104714897114575 -0.0582925803970512 -0.00888677209991243 -0.0129106230872927
RL10 -0.0537646481090317 -0.0105128366946563 -0.112655243270856 0.0421484186912448 0.115312071548959 -0.126750265285712 -0.0155392433409772
RL11 -0.126287722183651 -0.0229809891186178 -0.104464507018992 0.0820493196136204 -0.132056152903711 -0.0618511226433811 0.00137366286136247
RL12 -0.0918030801448391 -0.111934377079973 -0.0214140995805527 0.0286295426681079 0.016304617792714 -0.000573697227612127 -0.0278775018355724
RL13 -0.0827753229302538 -0.166435288431534 -0.0247953548966305 0.0392726518585669 0.0736898217383315 -0.162543452686885 0.0460817959241209
RL15 -0.133091416768195 0.0253747002672497 -0.107176602842695 -0.0109042706028387 -0.104281315774543 -0.0851668796535384 -0.0164205171338887
RL17 0.00992094091725206 0.00523320860299207 -0.0360493846218672 0.084275506218221 0.0047163891277663 -0.028531256474607 0.110730286065956
RL18 0.158105441926778 -0.173870409362877 0.0685200209124631 -0.0338934521818755 0.0440460596303025 -0.0519227309499573 0.0251250317255284
RL20 -0.0569264785137458 -0.0187810245338367 -0.102058747435582 0.00463448509934827 -0.0177286961976506 0.102416694556825 0.0160338828589098
RL21 -0.0268145336428006 0.0673687151018182 0.00369299941202939 0.0953029402146692 -0.0258530084746042 -0.0522748519165302 -0.0146414959680582
RL22 -0.0855209570605027 -0.17851398600148 -0.0746920665270862 -0.34292152404878 -0.0353488905758635 -0.0502265708441183 -0.215225169166171
RL23 -0.0631480897474963 -0.0333057827177372 -0.148247139563448 0.0731164184157074 0.0050826783459946 -0.110421345805028 0.0115087569245294
TR02 -0.0230986018783098 0.0805351527159032 -0.00957142055085169 -0.00254085583127964 0.0463893237915615 -0.0331752600162548 0.0161680489677549
TR04 -0.043152011782799 0.0821126383967019 -0.0734249784842985 0.083642060031242 -0.120628837101873 -0.0383279158184206 -0.0972889046058159
TR05 0.0112266884369518 0.0368457475115848 0.0735407047481818 0.0694476628415039 -0.00928099587401001 0.159815408040789 0.0270836293928246
TR06 -0.00179992480224223 0.174067721096888 0.152654725586364 -0.000542472962580225 -0.0737782373563004 -0.00100616217436862 0.012582891860408
TR07 -0.025939141088565 0.00216845467838424 -0.009390479551679 0.00415515594339323 0.0792923861618493 0.0776151517840008 0.142819570438312
TR08 0.0438113004720058 0.0260011064899703 -0.0884825222809573 0.134749428252908 0.070428323594359 0.0360295490213074 0.0446866107010699
TR10 -0.0314661029834022 0.105433968733073 0.0243229785978446 0.0494092277037182 0.0594356758927494 0.0367143353542041 0.0450524619531422
TR11 -0.0318343336551904 0.0736295028695121 -0.0219198255004875 -0.0268656989742774 0.053928886585525 0.0658874570908927 -0.0206258789892051
TR12 -0.0122339505236066 0.030408912481208 -0.00834357628483772 0.090172764337259 -0.0178320450647378 -0.103289538431695 -0.108971101014449
TR13 0.0774300119197101 0.0454914272939175 0.110516145019245 0.024903532009795 -0.108180994014481 -0.158764429838645 -0.0484486901231291
TR14 0.155769541392404 -0.22418160368108 -0.00102213545279305 0.00903273891108354 0.0707383980691176 -0.150790887245344 -0.0360504878913975
TR15 0.0429309211735112 -0.00840050898610518 -0.0477538489017843 -0.0169985794143675 0.0836313814153283 0.020707867728459 0.115675143067069
TR17 -0.00867093594129316 -0.0530541167867486 -0.06985218186672 -0.0655687840748865 0.10453797159574 0.0476146546456784 -0.103613370131169
