sample MDS1 MDS2 MDS3 MDS4 MDS5 MDS6 MDS7
AN03 -0.00962942642190745 0.0647296106811823 -0.0485421545393682 0.00881441114680344 0.0426078473905351 -0.00267747951087495 -0.0628777684300126
AN04 0.0635327297683518 -0.021748316402346 0.0176220610821503 0.0139925636148541 0.0518838246379851 -0.0437233126077475 -0.0303272326055109
CS01 0.0729955559925645 -0.000775068345152619 -0.00726209086125829 0.200939104131577 -0.00204777710757582 -0.0396987847956852 -0.0373308344913564
CS02 0.0469630052190663 0.0176030466452551 -0.0283248713457243 -0.137713068587312 0.0322194197943559 -0.0525760506820378 0.054725464844276
CS04 0.0159131108816906 0.0288733252946662 -0.0186688143992425 0.00167616927483474 -0.0465793488107144 -0.104206202691127 -0.105240439415184
CS05 -0.0523372748539715 0.105366058300981 -0.0559925104394894 0.13271573491489 -0.0676611914286964 -0.00750110021343944 -0.0561639033182207
CS07 -0.0801634944424117 0.0563825011555394 -0.10266399060888 -0.0641520192952505 -0.0981071550573259 0.0945926291048762 -0.11147526637688
CS08 0.00925109642722749 0.380212414124783 0.118084801721198 -0.028444685185527 0.0147843001264306 -0.113862604179442 0.0720372428187155
CS09 0.0715227906313866 0.00709513958739387 0.0266806026615611 0.136295699437029 0.0282729893140529 -0.000204092515681348 0.00370024441937597
CS10 -0.000723825738897813 -0.0492283654460306 -0.0507481285582042 -0.138090616781256 -0.0396584738494268 0.0227794304122403 0.0339256643380973
CS11 0.104498078062626 -0.00926457802617375 -0.0174133107614505 -0.0917804382735268 0.0311836471657279 0.0379385036811717 -0.0155246970761969
CS12 -0.0579154144561636 0.0292234062484906 0.0217888994926854 -0.0376836159897806 0.0905947021465744 0.0899734676031647 -0.037375855806782
CS13 -0.0158736481866991 -0.11558115521356 -0.00406937908092608 -0.156243467021147 -0.00377446714958546 -0.0741903701037918 -0.0437861593043933
CS14 0.0422067796247167 -0.00409420420019291 -0.070525180856211 0.0541020692886344 0.0216178085137843 0.0256180165294413 0.00534376524670135
CS15 0.0246564746213661 0.0535581671529098 -0.0609535773896201 -0.0120501227294891 0.0759951773798806 -0.0777536318957779 -0.0749718645699879
CS16 0.0377339158473032 0.0334491412428232 -0.122770939551388 -0.0324210403039062 0.136058825592326 0.0804308200206724 -0.0266115558343903
CS17 0.115397250252766 0.0905249984201708 -0.021900141538883 0.0758804910266581 -0.0437527752455106 -0.0551777007007457 0.0728327213910827
DK01 0.0526030052862748 -0.0420022050147807 -0.0357606554688548 -0.0296108404056048 0.0383543301987427 0.00946008977462959 -0.0670172306608598
DK02 -0.0433561071444553 -0.0250736530492196 -0.0437085455402396 0.0731925969527293 -0.0842101977863308 -0.0133088163380603 -0.00260404875169898
DK03 -0.102608934202984 0.0313377048197038 -0.113846728957025 -0.00842329085493881 -0.0536172693371879 -0.0321201139107537 -0.0180651451245036
DK04 0.00500703497365945 0.11827082317092 -0.119715273648725 0.0149478681056252 0.113258309793377 -0.161557951809868 0.0189319943460228
DK05 -0.0929805387483631 0.528641919218016 0.151158197157525 -0.0304283301940534 0.0640101242134482 -0.112783373727923 0.160599542492263
DK06 0.0112994820047908 0.0309565207579642 0.0430804822357047 0.0663691736886599 0.0712238815945244 -0.00180545503140053 0.148702396444109
DK07 -0.0406746044636719 -0.0809706305731974 -0.00529250734737799 -0.0567278838804424 0.0637428310507981 -0.0397525214497519 0.128276605188934
DK08 -0.105372908317521 -0.0301801548719689 -0.00129185857658373 -0.031667403723766 -0.0276397288418894 -0.0190647071515431 -0.0357737878437184
DK09 0.032580515821134 -0.0222535310178343 -0.00685205574017347 -0.0641034958109905 0.00358086442930985 -0.031877283564609 0.00100545380855077
DK10 -0.205298067031974 -0.096096651020984 0.0457483256204511 -0.0304165394334587 -0.0427729290921888 -0.0679946029536904 0.0328711035383255
DK12 0.0632682172728731 0.0383708124510948 -0.0203147883999755 0.0277752223083844 0.0921374099459209 -0.00612742771681263 -0.0276503007895172
DK15 0.0791904185619373 0.0651325650568661 -0.0588444750061041 -0.0541343826000576 0.022942563981138 -0.055757696074043 -0.0149013720555008
DK16 -0.0377859197491201 0.0113886989716654 -0.0689873344849455 0.0532315734950172 0.00583572800684723 0.065977797507259 0.0285574378801302
DK17 -0.0329235671920915 -0.0931033932655615 -0.0661052550723914 -0.0227196598795676 -0.0138458219063458 -0.00126440312579761 -0.0694970364913204
DK19 0.0377057361242361 0.0246058404767009 -0.107138261413769 0.0314103306888701 0.0238666587895845 0.0445006690981047 -0.0653299510260382
DK20 0.0687789436219333 0.0188760997200096 0.00863197679239256 0.0437439957458273 0.120111267679156 0.0371575940712685 0.0528932587273496
DK22 -0.0295804999084644 -0.0948982385344706 0.0307398166025825 -0.15451653276183 0.123864923258226 0.00454841638009402 0.0375580343384552
DK23 -0.0713657529822932 -0.0395928630364852 -0.0697757523293246 -0.0922615710880527 0.0437481456322382 0.0191680239408169 -0.034316884393259
DK24 -0.0697799532296161 0.0960947213933296 -0.0250310622958661 0.177341353527937 -0.00554248989504016 0.0719885420636614 -0.137099868570767
DK25 0.0240325458908242 0.0528071197666366 0.0153398232160359 -0.00622072150113837 0.0882765170027546 -0.0532894226876985 -0.028376716665398
DK26 -0.112398331521377 0.0218686839119477 0.0286110022913023 -0.0172548657796504 -0.0240835036518275 0.0694230992883363 -0.0997699645966681
DK27 -0.115201995423984 0.0363960138768675 -0.125669630090791 -0.0212330493043701 -0.0171965822485372 -0.0301351867286228 0.0818486491655777
DK28 -0.129204917077476 -0.0811345464092494 0.116303310018542 -0.0697682355088607 0.0369248179632909 -0.0353763728342531 -0.0168755917503272
DK29 0.0798653643277342 0.0327670924206634 -0.0705987450159752 0.103612795683091 0.0144261197065052 -0.0559496830460803 -0.108476757575307
DK30 -0.125139459740849 -0.101416849799446 -0.00875159844443232 0.12308170306347 0.0982834241691628 0.046964006086439 0.138903155669761
DK31 0.0173236818634019 0.0889467770130623 -0.105414801635339 -0.024950625817106 0.0154181387198759 0.0457459798615931 0.00411688616215702
DK32 0.0399376173773347 -0.0666338522141477 -0.0824246010625321 0.0804248931293302 0.00218736852831496 -0.0252122043591316 -0.0673322217553908
DK33 -0.126562513987228 0.0412438873879676 -0.117011464739373 0.127561038523804 0.0442316906364948 0.0315763052186772 -0.0544702144497056
DK34 -0.0660717137285733 -0.0244090707668272 -0.108535403456486 -0.14670231059163 -0.0297195340756057 0.0106017632680116 -0.120447733162217
DK35 0.0106967965556299 0.0602375946630613 -0.15001185633183 0.00575694229730951 0.0427365928121626 -0.0347982225284658 -0.0644436472755973
DK36 0.061060259505169 0.0070916160794735 -0.111195072428529 0.0314301302351361 -0.0306656684920918 0.0460961188221652 -0.0823364137594755
DK37 -0.0126874666031361 -0.038753973620985 0.0653849888199484 0.0074644320805426 0.215608459886031 -0.244859205691856 -0.117536802116867
DK38 -0.0244889304547809 -0.00775690509512114 -0.0532364274815578 0.0110330346579314 0.23586274350334 0.0800633972560287 0.0288712241971651
DK39 -0.0361843515380486 0.0305643835668664 -0.141655396219875 0.0132676922011021 -0.0561878001879481 0.0378298471091347 -0.00117285049924959
FR01 -0.0363782035220585 -0.203125847279901 0.0194110395050498 0.117934979094517 0.00515444986022508 -0.0633409721708115 0.149310255795874
FR02 0.0668159376932181 -0.0598547866505373 0.0379947292347387 0.00491158013500428 0.0521295122727246 0.0295488226886263 -0.0257922613579261
FR03 -0.00739746436797469 -0.0546479344348094 -0.0970584933044782 -0.0363815199183648 -0.0693462916717254 -0.045346429086119 0.0451239206826172
FR04 -0.0728537257807751 0.0226661234085707 0.0237086192061302 0.153811187566006 -0.0938464260529348 0.015008546901453 -0.171810464942075
FR05 -0.0910646461658386 0.0523090890669683 0.154119341712817 -0.0986938269528838 -0.124312424515955 0.124864117106333 0.000263272988401933
FR06 0.0523527360067264 0.0368095250794863 0.010627369753402 -0.0605003806998737 -0.153263729190078 -0.0337644096559676 -0.140405634651008
FR07 -0.161426541469607 0.102046489689905 0.086785876174954 -0.00401402712694965 -0.165089799215258 -0.00744502951549908 -0.0674938331176807
FR08 0.033023716977443 -0.00240872850410392 -0.0544219239967339 0.0581703315557427 0.109488821674561 0.142240563403099 -0.0772303434528644
FR10 -0.0245748290692831 -0.065899518140245 0.0433478426376777 -0.0597510181468843 -0.00438271729715775 -0.0286661927021703 0.149133878452281
FR12 0.040317768697945 0.0176434937990341 0.0472273256920075 0.103018655244932 0.00391246134997627 -0.0489372580268285 -0.0142029702955855
FR13 -0.0677000391572684 0.113113230268036 -0.0488631755993464 -0.0346793601495765 -0.0620464190209228 0.136698069713446 0.0191492877227336
FR15 0.0367610549171525 0.0189177252187137 -0.043043903957231 -0.0670071690363764 -0.080220156096439 -0.0152711946324582 0.000473225824284044
FR16 -0.177756456123338 0.0294953631236519 -0.00563053926837476 0.0202198048835924 -0.00483675297013022 0.0250612201471354 0.0154607616559351
FR20 0.138753859486463 -0.0350590574078947 0.00678605948239434 0.0182446354361518 -0.00848275940957967 0.0530592433799552 -0.0734551162732397
FY02 0.0663405685403815 -0.030135720887395 -0.100754319603474 0.0129199500278715 -0.0145744500121562 0.0423254873911002 -0.00539480179677211
FY03 -0.0508888622978269 -0.0562432257972744 -0.00118196492426788 0.00308607762286867 0.10899723473462 -0.00376596675488522 -0.0461968938399403
FY05 0.0154966854730516 -0.0335839165015864 0.108817478283548 -0.107331440507303 0.0644306043930189 -0.0894126706861987 0.0228778354807501
FY06 0.00691602961100352 -0.00724043649172273 0.134098540113353 -0.0536927989419055 0.0311180223155467 0.0459688479692237 0.00531510715446241
FY07 -0.0549890796610976 0.0875541949403675 0.0663768369122766 0.0236408085611024 0.0681397639664666 0.0999347319445599 -0.0370734541024734
FY09 0.0144962500815088 -0.0623735210371031 -0.0168153353527103 0.103586989221665 0.0931564919071601 -0.032820415962493 0.0732483588891913
FY10 0.0452065948805855 -0.0315372399121969 0.076764003432588 -0.0839953923763885 0.0206520395485693 0.14749084825908 -0.0808697571161447
FY11 -0.105435740822855 -0.0295227747168089 -0.0351274980921343 0.0693401441031469 -0.0517720892126814 0.0206794129474006 0.0786960135633391
FY13 -0.0218237587057014 -0.149259299258201 0.0949724990380774 -0.0011846530223032 -0.156935000791962 -0.0689917392866526 0.000431154540989341
FY14 0.0632540787994324 -0.0288981011787534 0.00106914553690535 -0.00180308515077404 0.125942954597862 0.0504560075020682 0.0143260471610322
FY16 0.0315451620444458 -0.0863002106926718 0.0216179851731029 -0.000958726732412212 0.0301997745069681 0.0855092172154873 0.0272135744983229
FY17 0.0292615232724579 -0.0279283828043705 0.0116382662194185 0.069450286411181 -0.0261799194021169 -0.0924873489122031 -0.102502483919033
FY18 -0.0532693368296324 0.0133473190131502 0.022902197927199 -0.0986813246088827 0.0198900898670835 -0.106218989349617 -0.0401756971682507
HH01 0.116217196685423 0.0558003648781863 0.0403750896487016 0.0884949596917213 -0.155566192448613 0.0175085263446363 0.112731376864732
HH02 -0.174825374741033 -0.0607194230332531 -0.0062190149368354 0.108148537197679 -0.0570346127548375 0.0362505146013101 0.151070975468999
HH03 -0.00087485736457805 -0.025841416204685 -0.0192472376404121 0.0402619172205699 -0.0355917106375124 -0.0320902982885589 0.0754215494476289
HH05 0.0375004888104994 0.0273500382871298 -0.00530836688747025 -0.0832720300758744 -0.039448787878277 -0.0791503963128386 -0.0708800715789671
HH07 -0.0247434542076853 0.1057101721457 0.0644069233711768 -0.0218711345671412 0.00224319105939194 0.0712760491447154 -0.0272241831610799
HH09 0.0537606618543007 0.0349034463800001 -0.0231480161406677 -0.0597159245719078 0.0220444548872163 -0.0115481006565652 0.111800033313474
HH10 -0.0771772565146391 -0.0409496445030144 -0.0809804272733325 0.0671025963857886 0.084221949627081 -0.0731509907919864 0.130326184275018
HH11 -0.0208900157187785 -0.0480320314476203 0.0231943444583644 0.0338387598820525 -0.132005014578185 0.0025082951505161 -0.053887178833676
HH12 -0.00930594804755255 -0.00357296657749131 -0.00428177731340426 -0.0656009393889207 -0.0269507402805436 -0.14695722097193 0.0190181425792349
HH13 0.0011361703868382 -0.0317289218849158 0.0612116932404825 0.00169978495749489 -0.0259015776537381 0.0588913110040052 0.00522889994196808
HH16 0.0117384834031417 -0.0853834469261476 0.0282853742977177 -0.0031152402813234 0.109101651044544 0.0525581721558226 0.0392485740536102
HH18 -0.0634497818765746 0.0256314577381788 -0.0844226207486231 0.0235932933961406 -0.0822583416040676 0.0802202326908681 -0.101360175059808
JB02 -0.0495523597312936 -0.0406847898958343 -0.107106437595909 0.0830030077060856 -0.040561900886805 -0.0298998394558988 0.175024997644574
JB03 -0.00421992077375548 0.0296154363341849 0.108534369867562 0.0425145459249944 0.00185678796574801 0.0426262718323792 -0.147004726019941
JB04 -0.0307070049408486 -0.078964020358285 0.0694147225776676 -0.0349990731058005 0.0840255613156346 0.050634962474484 -0.0330034151391891
JB05 -0.0268375039561388 -0.0822814972210011 0.0431318623162752 0.104366548572144 0.0149251524712719 -0.209774532376084 0.148502974378144
JB07 -0.0216097116807021 0.021143299357249 -0.0357999994557627 -0.0430357527262473 0.0380276332495567 0.0197469198054322 -0.0681368269756852
JB15 0.0947944323293276 -0.017193495058536 0.147055444399916 0.0209182116567973 -0.0782267843419616 -0.0701935804607285 -0.0538385418238806
JB16 0.0820700968578035 0.0495589848232397 -0.00738433334627633 -0.00651195962077984 -0.0254318962241818 -0.0060212614897171 0.0279362284763699
JB17 -0.0318920143668636 -0.0435497282685303 0.173086197897694 0.0607577462659564 -0.0890215488129337 0.0926965393473313 0.0175183415078369
NB01 0.0324504359137921 -0.0439141997649445 0.0083846572459804 0.0360516022099359 -0.054889137245017 -0.0561965046620675 -0.0455012165180751
NB02 0.0468794982790077 -0.0180630416637484 -0.00611944888619033 -0.0980666893109349 0.0516815089481548 -0.127873405624689 -0.132352603352416
NB04 0.00760759958775014 0.0127068168300927 0.0158692350850166 -0.00324914860911755 -0.0515443173928036 0.0314889941894876 0.0211152059417592
NB05 0.052735004218385 -0.0129676270179266 -0.0553324352163081 -0.166073580055253 0.0781165400552897 0.0306277567985564 0.00555246962848125
NB06 0.00784435262101847 -0.0446950633162005 -0.0732751862444114 -0.0914197823845958 -0.0775279023830745 -0.0312833183497796 -0.0567987856938166
NB07 -0.118193959238624 -0.00944171205942723 -0.0140564208555352 -0.0743579055946335 -0.0713049181596424 -0.0229576889422677 0.0039955975718467
NB10 -0.151965928994256 -0.0587324306052039 0.0397364529949356 -0.00589053822697197 -0.00987679455369508 0.144757246718294 0.0448270731888523
NB11 0.000770142079197696 0.0361019062329911 0.0068091333756677 -0.162147598233038 0.0911690941425596 0.00321162309785664 -0.02458196479597
NB12 -0.0282768362439057 -0.0195964517347875 -0.121832568741765 0.0261561124974573 -0.0558018104530032 -0.0240311678238978 -0.00833767677140497
NB13 -0.0266548053099457 0.0350753481199362 -0.0797241205662099 0.0215361705374478 -0.0486471936952258 0.0264080466067722 -0.175017001346399
NB14 -0.0099485289567828 -0.0271885200449963 -0.175679493086169 -0.0293989654015313 0.0775909227127664 -0.0944607236583721 0.00197469463655988
NB15 0.0616735866480184 -0.0185594944569432 -0.0359395853628915 -0.00545799777432931 0.0336410925670334 0.00510541117976617 -0.0470071134986595
NB16 0.129577995653675 0.0273081804628206 -0.0294726264218491 0.069884069062972 0.0512651525594348 0.034014783421403 -0.0125032638129185
NB17 0.00664537787337402 -0.0329780422719622 0.0523255913132286 -0.0732975062381763 0.0435629871640382 0.0188183696549562 -0.0276709865635326
PA02 0.000897432261876872 -0.0333458259226709 0.107039018782832 0.155212802618946 -0.01688855997577 -0.0300014068777212 -0.0029644058284879
PA04 0.0503348887061106 -0.0342953811972433 0.0421363781283531 -0.0742371243308372 -0.089366418611276 -0.036432568676345 0.0132095021933999
PA05 0.0917347411805569 -0.00698714740939472 -0.0862476186870084 0.0560451178801823 -0.0706301008179074 -0.0493526828846206 0.0936874208041385
PA07 -0.0833696349845789 -0.158925962046097 -0.0455524216698907 -0.0733639508784887 0.0387174349866201 0.0385879472474447 -0.0246547616454581
PA08 0.0902948140185364 0.016207380454016 -0.00956334475618948 -0.0756949608750086 -0.0135792883684551 -0.0310279931347818 0.0864028570090769
PA09 -0.0522484871670998 0.0830673728416288 0.0817794895831599 0.0779171085411791 0.0105822898533671 0.160757004879252 0.0416362397526128
PA10 0.0321058561132816 0.0685554816606489 0.00132974585508578 0.0253377485925707 -0.0771326866461156 -0.111312787995082 -0.105285346149814
PA11 -0.152633964990469 -0.0386057104404253 0.0135046716634729 0.0380087854448907 -0.0919379046913418 -0.0816846580657004 -0.0529703244006342
PA12 -0.0189326844107657 0.0325477050228334 -0.0293868029787786 -0.093350158332104 -0.0272938938368037 -0.021301019097897 -0.0993568544508339
PA13 0.0272249059325181 0.0122059524011236 0.0419854344852297 -0.131043017171726 -0.0779923077081538 0.0261525309266175 0.0870026848696656
PA14 0.0817923441764148 0.0577322191727555 0.00463680817921929 -0.117858509072156 -0.0647537737210804 0.0897782078792684 0.06975768271745
PA15 -0.033128474417573 -0.0499972715331837 -0.0888202751627965 0.111533103101142 0.0625547937371914 -0.0597906107808675 0.16904503026026
PA17 0.0215783361935757 -0.030798096232058 -0.0741014867799197 -0.0386362196796061 -0.0911273358332849 0.0178984825383667 0.0112415991531057
PA18 -0.0398665959141314 -0.0483458824507242 0.0289206400898963 0.0732968940909193 0.106474584476311 0.074242969480332 0.0826244727388521
PA19 -0.165860641743652 0.0891575966580416 -0.0684314486563251 -0.0588878835509549 0.0452055811395165 -0.0867553194455656 -0.0029337652502048
PA21 0.00297186892896448 0.000789466102651494 -0.100167182618575 -0.098187069447305 -0.00982704296506362 0.0810022460738761 0.0133147289805646
PA22 0.00893425830674822 0.117609704510129 -0.0308355942660252 -0.012558930464504 -0.0400856248086666 0.108664025486374 0.0289672183666136
PA23 0.0139924106380799 -0.0548382138331165 -0.0656349790370536 0.05293905183655 0.0186122302993423 -0.0255926259101934 0.0217363802981229
PA24 -0.0598371800836504 0.053671015992578 -0.092947486922677 -0.0745076744714218 0.096138585529182 -0.172411925193315 0.0757109333055281
PA25 -0.000637680838362445 -0.00636523854350948 0.0131269347624087 -0.0742439327111782 -0.135020782917125 -0.0466205900963511 0.034426428379224
PA26 -0.00240702052915588 0.0265517139119432 0.0160770148034189 -0.014288299748598 -0.0174757265646639 0.0816008181885937 0.0485231183487544
RB01 0.0898169624443812 -0.100937649423002 0.0586455932172021 -0.057697708368502 -0.0721721464880579 -0.122263753578105 0.047351278692821
RB02 -0.0669681295236767 -0.00398148593057783 0.0106617382743406 -0.0581320728883734 -0.0727957659233679 0.058052736563869 0.173335224128464
RB03 0.0723664450984157 0.0254513167852888 0.0414685442168169 0.0154601397538253 -0.109212618543723 -0.0310840934110867 0.158851832004789
RB05 0.0295115799014147 0.0283944721250841 0.0547048110678453 0.0133911329699168 -0.0409805372549257 0.0592333637186866 0.0662206890821329
RB06 0.0539173687537661 -0.0212203981012017 0.148837920356797 -0.0111341006538808 0.108848484167521 0.0813946687196049 -0.00347119282662902
RB07 -0.0054372179416289 -0.0256399924990938 -0.0875012017886097 0.0595613539956556 0.0498801317990376 -0.00905719945007482 0.0585893353804664
RB08 0.0896646867487469 0.0301461127519913 -0.0161920372760883 0.135639348811823 0.0364492978113229 0.0691273353847546 -0.00320538510048168
RB09 0.0622433151514054 0.104168570976614 0.0305306033507693 0.03961864297026 0.0442839703606442 0.136532981978352 0.0481676408576438
RB10 0.0275035828357703 -0.0499775207686654 0.0754681642973505 -0.111222697967132 0.0603686663267425 0.104907730587475 0.109078248071609
RB13 0.0867592655178572 -0.0209647063215606 0.0614391428186494 0.0401811446498658 0.0149070201645216 0.139025748368163 -0.0562816067392986
RB14 0.0212129943946467 -0.00205602652764489 -0.0266206726017952 0.0218011435923834 -0.00347007555380484 -0.020528425392331 -0.0390279618688303
RB15 -0.0241195548015465 0.0107426238227595 -0.00808310605568393 0.0554962023696535 0.0391688975161184 0.121300748608876 0.00219758383771102
RB16 0.113352714829282 -0.0498873629423977 0.0546892447859037 -0.111672347112865 0.0292138801173334 -0.0577914458363011 -0.0280640748750512
RB17 -0.0923478210458577 0.113820461332938 0.0014031203274251 0.0780518137632733 0.0501899759551958 0.0886081196640823 -0.00836899485210461
RB19 0.0949189032147022 -0.101397375676943 0.121456031372459 0.0776232431844974 0.0253578258776759 0.0172972868222285 -0.174494864193029
RB20 -0.0250442868108194 -0.0182228619017295 0.0522621489814772 0.0064845931370139 -0.00480699634012427 -0.103372268485637 -0.104877094833263
RL01 -0.147435828910131 -0.0634766340816283 0.046317457623134 0.0565212635116177 0.124377595494965 0.104236424513541 -0.0420132610858447
RL02 0.0217166320940879 -0.0421282304005496 0.0336739890509181 0.0675020167194995 0.0959856611833625 0.0162539698676238 0.0145077822781343
RL03 0.104037408753597 0.0168246885058846 0.0289831422110159 -0.0186394594880726 0.0605881244316668 -0.0252645580427963 -0.0655399307500005
RL04 0.0793160124275289 0.0278127109113186 0.0601431736230692 -0.0350090411173507 -0.106876654111291 -0.0434285723015 0.00872871993677531
RL06 0.0967322502124739 -0.0386791203695152 0.0335179203758259 -0.0181445507713997 -0.0538782782048361 -0.0544701941420063 0.0567555541702435
RL07 0.0252041099456529 0.0533598041293552 0.0622367661275708 0.0126042685836534 -0.0123287114482819 0.0206054066040064 -0.0242551447068584
RL10 0.0773036531039426 -0.0736929105654573 0.124066557671053 -0.0342397362303364 -0.150255003282176 -0.0598982032938904 -0.07510592766995
RL11 0.12487893781529 0.0155867815055859 0.0815131096869682 0.0827133981746311 -0.0170079261211765 -0.0596175010730712 0.148602533131039
RL12 0.0046251455925309 0.0818689090791492 0.118406410185297 -0.0127534972130836 -0.0027745063262541 0.0135319747057371 0.0633673201815584
RL13 -0.0262311041790387 0.0494387770030328 0.178207440219424 0.0372141262623636 -0.102786787102083 -0.0951765875565948 -0.0154732765088131
RL15 0.148493260450675 0.00677468446658868 0.0538043077567662 0.0879981563382957 0.0607684992740202 -0.0447111426365843 0.0500910180803158
RL17 0.0058766532148673 -0.0375548532141554 0.0221208475190095 -0.0331818582453194 -0.0649343813151601 0.0118021270558212 0.117863785409876
RL18 -0.230298319997553 -0.0129328702448037 0.0415294344945428 -0.0139533621252052 -0.0128846858438287 -0.0218981390368363 -0.00101082243191008
RL20 0.0224288343632577 -0.0110752901331791 0.103050356889964 -0.0343017583427669 0.0219825596394032 0.0658939704299511 0.0546253750943156
RL21 0.0688711270893465 -0.00961945736710836 -0.0447267895269581 0.0316270996795868 -0.0920778478108781 0.005974466336463 0.00128609146446713
RL22 -0.0909049306425517 0.0369107641500847 0.207889164869518 0.0203878403876803 0.298888236906634 -0.211128122128507 -0.130692110668581
RL23 0.061747062252 -0.0521203517903264 0.122216201776467 0.114532116833567 -0.0862765751206158 -0.0227035770191059 0.000569636765910325
TR01 0.0689002999562412 -0.0741100866546061 0.00167352696409427 -0.0393569513425151 0.0806012253203747 0.109559784044866 0.00427374494741096
TR02 0.07321130072963 -0.00649121970552118 -0.0562610130732136 -0.0363424321345661 -0.0154695136045769 0.0229007621643719 -0.0409650068074139
TR03 0.0665198694007602 0.0297557915120704 -0.0426659786960918 0.0587329620705366 -0.103582859292141 0.0295790480982843 0.00197491612581201
TR04 0.109324518939362 -0.0310209640802463 -0.0578166705670073 0.154748581174089 -0.0107761492072741 0.0129417747644775 -0.017110156270002
TR05 -0.013825860278334 0.0747408886334768 -0.0786737393298397 -0.0193026446300204 -0.0153831498310445 0.173295925335898 0.057081455562025
TR06 0.0394466682387748 0.0292270130820177 -0.205225588063979 -0.0932438694770865 -0.0224488203654391 -0.0533351888411537 0.065017770879274
TR07 0.0163366763073942 0.0308526808414484 0.0452292245488831 -0.106497000608291 0.0376827957244122 0.11168727382254 -0.0105412821449325
TR08 0.0177467815208992 -0.079837813824964 0.0231592902367984 -0.000196998810698617 -0.108924934511603 0.0972168469451829 0.036899427225036
TR09 0.142899792355664 0.0474124157507177 -0.00348696636975077 0.0300139026747609 -0.0362328425794923 0.0251925888173438 -0.00643371028341513
TR10 0.0845785297623776 0.0159871228636267 -0.0447901437146695 -0.138267572699365 -0.0626974632650719 0.0400704572631576 0.0463898039618665
TR12 0.0232345680002327 -0.0279111658163188 -0.0177100842776796 0.0560816785048143 -0.0984849832923434 -0.101430255073205 0.0181766411675852
TR13 -0.0449638215197914 -0.0181419030335882 -0.150855269272013 0.113368468125837 -0.068411939956469 -0.135086776773012 -0.0255193020618191
TR14 -0.240542579692539 -0.0636561088382746 0.112995364705774 0.0517076437669211 -0.0631753242786264 -0.0676184038257169 -0.069058798995519
TR15 -0.0207435903612126 -0.0613850913660505 0.0425229463377923 -0.157134839215322 0.0040190044405577 -0.00730596785375705 0.0798277965807801
TR16 0.024776611586266 -0.116735479908225 0.0710807831027756 0.0680310610947735 0.0436144650013488 0.0571908843622481 0.019783443551477
TR17 -0.0125213010918757 -0.0134123547014654 0.111828662871238 -0.00695073444003275 0.00616258358562673 0.0633898730106338 -0.152352881173365
