sample MDS1 MDS2 MDS3 MDS4 MDS5 MDS6 MDS7
AN03 -0.0299464959656313 0.0430038849806326 -0.0447756511996554 0.0139284593881313 0.0179743923800412 0.0320117242538602 -0.117439467251286
AN04 0.043016155017104 0.0113729379141079 0.0680047363303618 0.0291849981387109 -0.00417556115266523 -0.0514072151180464 -0.022363185076196
CS01 0.0698383523633049 0.0653605918977421 0.011780853982915 0.151331413703905 -0.056719873046802 -0.116308001537955 0.0486048113263449
CS02 0.0341145829732142 0.0519420154175844 -0.0261107299765281 -0.108934095718457 0.0707411999998896 -0.0177587694449112 0.0540848146661698
CS03 0.000457141070332971 0.0555054147194303 0.0117775802615838 -0.0484531714103686 0.0067179279695609 -0.0546383429719782 0.0212450188365033
CS04 0.00622567224030392 0.0543862951930317 -0.00755595363937073 0.0365968914826282 0.0265932127290418 -0.0791582722110885 -0.0972646313271524
CS05 -0.0882987492463601 0.0665250568128096 -0.0978489535564857 0.0986528583738891 -0.0710664480368669 -0.0181171030744621 -0.0439814183873369
CS07 -0.0827032132138232 -0.0281862743579826 -0.100546906831845 -0.0435482777713807 -0.12144322608312 0.0721529540975386 -0.092775689800362
CS08 -0.191483863139976 0.341730601090122 0.0701930898591466 -0.105787583050615 0.027104072670089 -0.0663411523337943 0.0386824851707711
CS09 0.0751273592554329 0.0542077976160433 0.0384308703122803 0.13604564432424 0.0292196219767707 0.0154645362351802 0.0212653717194946
CS10 0.0310840702462263 -0.0489668749738247 -0.0461593609303677 -0.111274060612719 0.00296905595135003 -0.00762181409638318 0.0254090897221707
CS11 0.101687012726799 0.0251009527742153 -0.00298655318016855 -0.0804777539753882 0.00701041737557095 0.112615430932122 -0.0121912794896409
CS12 -0.0627336116039381 0.0141518197768097 -0.0135972849419184 -0.036945604440803 -0.00281365371408931 0.122092431232119 -0.0155183254298413
CS13 0.0384600881973009 -0.0749107215342027 0.0362370430585452 -0.0990892931983275 0.0444144285541397 -0.0527214207641074 -0.0296493719078107
CS14 0.0381477208145665 0.00340949623221731 -0.0571188111588758 0.044243816043328 0.00345837148256857 0.0802895039429296 0.0294025511470362
CS16 0.0424086733945449 0.0437615386486394 -0.110070775969314 0.0242654149759741 0.059402641841072 0.13659295955733 -0.0370265232773697
CS17 0.0653794561709701 0.122361826542963 -0.0476789348040866 0.0432385703404774 0.0180564370423963 -0.0122557326575585 0.0647829187683226
CS18 0.00361623622980242 0.0419669737462174 -0.107268972558988 0.056553665056902 0.0938597166062538 0.0267176882982363 0.0136250325014579
DK01 0.075392006957981 -0.00631232118648806 -0.0276624116577354 0.0313607365808471 0.0221010947170416 0.0626218156676428 -0.051341623495992
DK02 -0.0221751662413665 -0.0573959553019424 -0.0944100681496349 0.0247665729316917 -0.00349842034136783 -0.0306986701581415 -0.0150719227971499
DK04 -0.0293715040987317 0.136270326582831 -0.100492414106117 0.0406998880826557 0.164497121950973 -0.0634591467933051 -0.0796457054032934
DK05 -0.345453751177886 0.435707592491177 0.040878101367267 -0.11235349878753 0.0906174324246594 0.00920664229673065 0.100767073844724
DK06 -0.004930943045953 0.0390432424604772 0.0246818925699988 -0.0239771209270932 0.0877740213471065 0.0258817061053935 0.0973075995164284
DK07 -0.0126821659386805 -0.0793443747594812 0.00193556681323696 -0.043114963687502 0.130170733694386 0.0179546330358325 0.0970261049005433
DK09 0.0335165259262196 0.00294838331088188 -0.0103260986234677 -0.0539445710903829 0.0229648300779561 -0.00152223520579449 0.0405131040691697
DK10 -0.160085807193654 -0.190432385875801 0.0469245689950285 -0.00532371662956754 0.039610334868849 -0.0492359676700634 -0.0518485684846128
DK11 0.0441087854347076 0.0829739767193242 -0.0423792287977025 0.0740842314151398 0.0987949841827145 0.0727382940912636 -0.0354980279345845
DK12 0.0402063207714051 0.0845849477691116 0.0355507227874251 0.0314194943192413 -0.0024987846207446 -0.0309168185877364 -0.0100668367172159
DK13 0.0417360527356253 -0.0109543935111461 -0.0465119211438501 0.0405838855290446 -0.0385536477829445 -0.00245824136182499 0.079733628510981
DK14 -0.0399509591927088 -0.0777182042208991 0.0310207423095428 0.12270268343313 -0.072117124997521 0.132316240562037 0.0206545716358915
DK15 0.0533478631912724 0.110371753597097 -0.0450935127708091 -0.0637652473204516 0.0351519885765664 -0.0583907611192554 -0.010706109412009
DK16 -0.023228688367266 0.000845890285895551 -0.0782984135120394 0.0739366953376332 -0.00529428974512777 -0.00279247809923246 0.0820067626119977
DK17 0.0293007266477693 -0.0946482069984662 -0.0582136564623925 0.0357468340594869 0.0314421316199792 0.0501532162712826 -0.0835160344450051
DK19 0.0278091637141706 0.0164965414935566 -0.0888929976405864 0.060636429963428 -0.0594942470590256 0.0427137474410546 -0.0754187051189147
DK20 0.0478758104190771 0.0556387185133377 0.0172457223882803 0.0775858063027716 0.0501262959427491 0.0912369323889869 0.049953403667654
DK21 0.000474093797834471 -0.0762208534629349 -0.107681318922695 -0.141948818829763 0.0658330218172814 -0.0588010280156364 -0.0202603564048867
DK23 -0.0372069022996677 -0.0723363130020046 -0.0710120750984659 -0.0250152566238868 0.0509496920060629 0.0433404335300091 -0.0645036051426841
DK24 -0.0854336110339666 0.0828599167807967 -0.0242439847063136 0.204787267026032 -0.123731588689834 0.043477184623839 -0.0194967603759418
DK25 5.16817100151685e-05 0.0821759318502233 0.0262913340781057 0.00994100443822212 0.0959273947991827 0.0323912028178887 -0.0559543322176626
DK26 -0.123238439788833 -0.0450715885092786 0.033634755506973 0.00900613943936052 -0.0945065823346641 0.0615894202926424 -0.0934805603120239
DK27 -0.103190767598498 -0.0266097773947848 -0.144372096901597 -0.0272125980776932 0.0297509344486713 -0.0524085433554359 0.0670983803536184
DK28 -0.107695892015959 -0.120225812169928 0.116509835669048 -0.0211746464279256 0.0818005663647889 0.0787413986472272 -0.0821781348890632
DK29 0.0730901942588593 0.083570184108065 -0.0536336365982174 0.134524414724139 0.0130214343224119 -0.0138596281298965 -0.101834461904667
DK32 0.0740687777314659 -0.0294773806432766 -0.0676738195010484 0.0977930987757122 0.0308780918664981 0.046140059096319 -0.0598914735425913
DK33 -0.107065732976504 0.00938801203745568 -0.07140105207865 0.206692966582851 -0.015445907903334 -0.0520490298174051 -0.00828997588352066
DK35 0.00478347819104522 0.0683126553485946 -0.128233696906541 0.012468661649371 0.020664524973823 -0.0141566780641678 -0.101483583779849
DK36 0.0787679626696016 0.0316522565516638 -0.0946493420788811 0.0331151961855931 -0.108721501396867 0.00707572430679526 -0.0565924591282717
DK37 0.00272582499146664 0.0126639269147199 0.136631478085839 0.0387708733430945 0.231638346969141 -0.132934460726123 -0.154873296416504
DK38 0.000784076885430633 0.0443515247373515 -0.058709683095077 0.0694086305430631 0.13933076492382 0.160536348149669 0.0495420735198927
DK39 -0.0260200867099065 -0.0130627321396369 -0.165878435935131 0.0292688811830916 -0.0286449042969222 -0.00339506915541629 -0.0308833285476268
FR01 0.0418102536313632 -0.164788110399137 0.0354234770274671 0.0995431003244273 0.0805372935781375 -0.103753532515459 0.13804436918283
FR02 0.076151432104716 -0.0239990400297947 0.0582726427762282 -0.00293504268531557 -0.0159051810036771 0.0402807540817137 0.00581032110578922
FR03 0.0218608717326748 -0.0872190667386938 -0.11747712023417 -0.0346722392560369 0.0230289779013632 -0.0302695688638097 -0.0370041730728675
FR04 -0.0726305514746178 -0.00370862034902574 0.0254078136834654 0.170907599999749 -0.145510945542872 -0.0748721454367747 -0.0771265303859772
FR05 -0.146416098956964 -0.0534331580589034 0.0809512195830708 -0.121520892077011 -0.138968516765214 0.00734294268311986 -0.0157057202505851
FR06 0.0218960343198135 0.0312244086493626 0.0216955820675017 -0.0772703726254784 -0.132645610089013 -0.0889758868939617 -0.143602601395851
FR07 -0.183613244103014 0.00386228375178266 0.0306292031779803 -0.0392529819107164 -0.14316732674596 -0.067275405851145 -0.0240288840290698
FR08 0.0606437418676954 0.0417347620500112 -0.033758628683192 0.0826729058543713 -0.0198181783905816 0.126459242340213 -0.00214891283583323
FR10 -0.0138370108057911 -0.0826618959934528 0.0468813041164349 -0.0666662652063028 0.0634224348661368 -0.00573923604808059 0.160243243752839
FR12 0.00149521295924211 0.0303469191104105 0.0722058077317903 0.0654596760767664 -0.0536371150973159 -0.0808541211113884 0.00940506816750309
FR13 -0.120371969199939 -0.00171558146401757 -0.0985916950944496 -0.0587340855006756 -0.134279104649811 0.0414088335253612 0.0614076368782226
FR15 0.0442246286474325 0.0114300578164633 -0.0750245827573463 -0.0903387013473056 -0.0411927956293766 -0.0872799952276183 -0.0024695383501861
FR16 -0.17584690804175 -0.0640954607864788 -0.0213701623907444 0.0519908589686805 -0.00595115695711519 0.0305231055782997 -0.018334438676734
FR17 0.0643395294070241 -0.0406453336155359 -0.0628137399298537 -0.0522247665600727 -0.0954590879497691 0.0090670160514008 -0.0614206417299189
FR19 -0.0118158187034845 -0.0481738789096427 0.0183990796844211 -0.0234466434624332 0.161338530763104 0.131475109766833 0.0151479934307881
FR20 0.141954496237965 0.0267211500459814 0.0111998242969813 0.0129951592275193 -0.0351579183058279 0.0552979305914867 -0.0742603678672976
FY01 0.0437492980921336 -0.0460170865601117 -0.040328446116922 -0.0363302949614822 -0.0782692100277654 -0.0337489063854074 -0.0758206414120004
FY02 0.0848010909057116 -0.00552884995687938 -0.0782255810454928 0.0182153559803227 -0.0223947706709769 0.0131661738815054 0.00204671656281589
FY04 -0.0760904298695442 0.0631131151370085 0.0957858639270235 0.0899199699630994 0.00356782722333299 -0.128360166622789 0.0468372739369214
FY05 -0.0014834666905653 -0.0342385261536847 0.105887528350347 -0.0836036208636382 0.122267561183674 0.0584812614075121 -0.0674586896357975
FY06 -0.0146818319890099 -0.0179782275182555 0.130712735272876 -0.0393777011592085 0.0160784954304679 0.0864159504603852 0.0352763360836884
FY07 -0.091067613651201 0.0952612881185595 0.0913258466488882 0.0868089671101551 -0.0624976622207534 0.0567832900356621 0.0370853290932246
FY09 0.0301439600881284 -0.0330415330009173 0.0380017729424586 0.14001327263422 0.0914653646606373 0.0143706635523802 0.0990433068430329
FY10 0.0533652425114304 -0.0167624823394813 0.0993096631269298 -0.0358836743603685 -0.0664228361644382 0.17508801019525 -0.0480728781891135
FY11 -0.0801847394838339 -0.0910821666906448 -0.0792292558136758 0.0539421009963303 0.010113717925767 -0.00907951262537028 0.100913067329632
FY12 0.0174624439175861 0.0888031975208627 -0.0568381923684872 -0.0364386879581072 0.0308063390095569 0.0343262620705741 0.135800502479907
FY13 0.0238221169267324 -0.16680932028061 0.116650456269988 -0.057786151890303 -0.065835788224444 -0.191804102624874 -0.0111369297127423
FY14 0.0665476016952826 0.0182117419712219 0.0345698320046371 0.045597747143381 -0.0087783231639664 0.0484919276520148 0.0530741597106093
FY15 0.0835793165891614 0.0213777547942837 -0.0656418652219895 -0.0422310987202472 0.0688642048720474 -0.108091729871544 -0.0309667709700111
FY16 0.0516886259646666 -0.062298337084198 0.0404487062509301 -0.00739061228297798 -0.0081311630793905 0.0546433653208533 0.0635540433594269
FY17 0.0659945499105444 0.0164827798482237 -0.00890809059405454 0.0515316158957916 0.039781876399278 -0.0749122715101628 -0.10273351845799
FY18 -0.0609158857043291 -0.0275221229765382 0.0235332924253777 -0.0756072615252373 0.0970965962978272 -0.0516547054613348 -0.106651967378783
HH01 0.0618363105440868 0.066693895161406 0.00468214490934025 -0.0204526377819909 -0.140940657406011 -0.128495003941024 0.130118505010943
HH02 -0.128423086329632 -0.121466290969861 -0.0473668726075024 0.084209064855265 -0.00751323498488001 -0.0955111681082254 0.162721260509368
HH03 -0.00320057571921656 -0.0380862637717278 -0.0282001538611994 -0.00519022208103384 0.00197582679211261 -0.0417185349619899 0.0429523165818697
HH04 -0.0440534038859621 -0.073247840519791 -0.0680292171618763 -0.0319733700471524 -0.0745942626714565 -0.0646386700142628 -0.014016143640035
HH05 0.0102848792419681 0.0246139113099646 0.0221092989093791 -0.0636969764376502 -0.00347205735508077 -0.0108490615062782 -0.111214939202557
HH07 -0.0786755533366844 0.0405861367919809 0.00814911725067763 -0.0535574849373995 -0.0613442020946178 0.0490721876201477 -0.0385767160989477
HH08 -0.0629346353963117 -0.00412996064334368 0.0691923354667245 0.0263127725548545 -0.0295743441089486 -0.00870295309033631 -0.036813407295553
HH09 0.030165858116653 0.0444907627507844 -0.0284792338981151 -0.0588493103034226 0.029331544758123 0.032560400226668 0.0713719936833396
HH10 -0.0347961846266713 -0.0532989022287973 -0.0898823036828505 0.0666323733512213 0.195948722670412 0.0124461781568603 0.029961922449178
HH11 -0.00519772283017676 -0.0779465861714957 0.00157050644686647 0.0147412995433787 -0.0606804132164201 0.00382918715497976 -0.0719148348322979
HH12 -0.00756377976790649 -0.0164173122791436 -0.0155752935093308 -0.0703329918301445 0.0945616435834189 -0.0598137830686651 -0.0434755454144788
HH13 0.00717014495733669 -0.00830527038049299 0.05382352276542 -0.00255146067870063 -0.00144194139497186 0.042854025926238 0.00436840021748052
HH16 0.0425385934645445 -0.0563804305448983 0.0143542278928722 -0.011618136732679 0.0529751016563502 0.0568088355478336 0.0407257433857703
HH18 -0.0485621894454166 -0.0182283852542727 -0.08635896481356 0.0276727493777796 -0.0977743060554698 0.0289133133770257 -0.059302296510713
JB02 -0.0256901284268136 -0.0720311596654781 -0.103904574442507 0.0468588754673468 0.0234013263083761 -0.154756049495417 0.149111870089555
JB03 -0.0280528490006444 0.0230287844083957 0.130609718818416 0.0415826746708089 -0.108995726025998 0.0654104093398088 -0.0891402478823751
JB04 -0.011169783569056 -0.081889526839043 0.0962085178517923 -0.0100758179818894 0.0106992835655361 0.0908903609761769 -0.0200507464317844
JB05 -0.0102957609731451 -0.060067944091082 0.045076763187679 0.0800037392099052 0.163682396819817 -0.180640128855776 0.0801839830403571
JB07 -0.00346584170418766 0.0285838653165239 -0.0324665174641532 0.00547405438126976 -0.0131033521889132 0.00102083636616074 -0.0568483520107828
JB10 -0.0753557569616213 -0.0322310000969508 0.0661516939592589 0.00250312804909291 -0.0185396498930481 0.036715606490527 0.0266892127060847
JB13 0.00650853906054748 0.0434644611651584 -0.0538207009948115 -0.0730495006921145 0.0973555468672092 0.10002849366914 -0.0787492504202199
JB15 0.0764631833236145 0.0322459157710855 0.149996988383916 -0.0281734622625009 -0.0581682924330764 -0.0994523128564213 -0.00443705787564408
JB17 -0.0359686585932836 -0.0625936711038064 0.14196271109069 -0.0125327668331676 -0.131603442294006 0.0167969148927029 0.128697837474817
NB02 0.058861027081563 0.0359031075551831 0.0245009702489897 -0.0578007215288449 0.0914782763834994 -0.0032003683741966 -0.156062047661339
NB03 -0.0327790068914973 -0.040121484184713 -0.000312360890001383 -0.035625338520971 -0.0837178295822255 0.00813398467427407 -0.0832554254921451
NB04 -0.0148565277294138 0.00559026205441433 0.0058723651428999 -0.0382127947874704 -0.0619379989792503 -0.0129203541816879 0.0119303450721921
NB06 0.0370928585286556 -0.0496899714231188 -0.0506583523495536 -0.0766577075550325 -0.0681177230089684 -0.0470171040710741 -0.0801233505259806
NB07 -0.111662551449917 -0.0682202977006224 -0.0430163233606012 -0.0445536363001848 -0.0267126448821378 -0.0134118875313868 -0.0538732295205874
NB10 -0.134319833808884 -0.163675533714139 0.0203921122322928 0.0378883134797234 -0.0635117619202372 0.118988308754717 0.0455159457039032
NB11 -0.0277681000970931 0.0372641927159233 0.0306610118186471 -0.0906209862870111 0.0725367120426678 0.0660764685006639 -0.0433020853960352
NB12 -0.0151552135524422 -0.0502832999896658 -0.10961056679718 0.0661588512688683 -0.00462294911234895 -0.0397220694511762 -0.103517529844569
NB13 -0.0140582580351868 0.0361782173014892 -0.0495531490485006 0.056457143435688 -0.0954825428100673 0.0301610069754156 -0.144951805029931
NB15 0.0581942557717647 0.00607588504564682 -0.00267585506521679 0.0425294083416183 0.0319350700525981 0.0682263664563726 -0.0303643138332903
NB16 0.0965768409482123 0.0823104755518497 -0.0271601782162277 0.0673384393284807 0.00192067372978544 0.0883185960278091 0.0139837756700267
NB17 0.02253069924059 -0.0104487192152699 0.0619332330445157 -0.0487956411780261 0.0470972701653621 0.0571651479742294 -0.00812533591126317
PA01 -0.000108273717291163 0.130509621586539 0.10593330323582 0.0597840993325988 -0.042849441956959 -0.0631419139721078 -0.0198694717024755
PA02 0.00336818011309099 -0.00136125421048121 0.126664465221957 0.108219097070621 -0.0302513913834229 -0.125946042713375 0.0342664681835946
PA04 0.0480467071440158 -0.0140390384850708 0.0426083640856727 -0.102125161608568 -0.0316523880891943 -0.115852674739088 0.0330118215303345
PA05 0.0916026232378197 0.0158853056909543 -0.0917293896430501 0.00836560789470231 -0.00631804660101752 -0.0723997633809292 0.0960734985727752
PA07 -0.0082950893768432 -0.1772028792231 -0.0444918388006188 -0.0237244287614818 0.0451967482779874 0.0356680687565839 -0.0443769194901157
PA08 0.0600607175965811 0.0394232031888675 -0.0259398510976333 -0.136586052909183 0.0141179337920267 -0.0628677398376929 0.0115312119415978
PA09 -0.0890611426610307 0.0425688869360315 0.0659679738276369 0.0523288315657906 -0.119642233708247 0.0768770821285499 0.132352080048174
PA10 -0.00990148771391694 0.0732163870884219 -0.00418672998010937 0.00484106884796683 -0.034530892567788 -0.0812878395188402 -0.164542522444944
PA12 -0.010214422425935 0.0181953650823565 -0.0344838886420574 -0.0730117560633687 -0.0045707081834191 0.0154548484929906 -0.166425486961069
PA13 0.00766514052453783 -0.00182846425430398 0.000633147740646252 -0.17665982314661 -0.0366280161857242 -0.00192516008369957 0.0433960860982257
PA14 0.0554711813801212 0.0592361762734909 -0.0527396110490004 -0.181816703490238 -0.0745932129550102 0.0777114313243346 0.0656757424742935
PA15 0.0110107340966617 -0.0354131558171175 -0.0926553377798923 0.111299817635538 0.119390591402927 -0.0805329395826295 0.121613111698574
PA17 0.037204444125422 -0.0326951080109156 -0.0721077178777677 0.00072958972790495 -0.032200816318206 -0.0181873905950685 -0.0564393674651744
PA19 -0.158646887246787 0.0259018431423245 -0.0980953558031718 -0.0732669595021977 0.122305962078348 -0.0179310908166311 -0.0566483533602056
PA20 0.00515605632195632 0.0795755270397024 -0.0266359095777442 -0.0497826564793844 -0.0366886184021622 -0.073802768615702 0.00686709275743904
PA21 0.0133668699826578 -0.0194745002839671 -0.0950687628864935 -0.0769916162061993 -0.0358744774648871 0.0260976265447014 -0.0152438945361405
PA23 0.0276315021101847 -0.0501113101313132 -0.0354826064643699 0.0462871135047341 0.0122901608177261 -0.0350687062994663 -0.025677159323479
PA24 -0.0699258390555768 0.0427875000082031 -0.0944575877531739 -0.0680026325786626 0.202835164870536 -0.0409289815860435 -0.0626025842722899
PA25 0.00238874144791287 -0.0542111255009588 -0.0136322404690243 -0.112773057519456 -0.01834712315177 0.00640716151209371 -0.0227132633950919
PA26 -0.00929476466206662 0.0292650321623948 0.0113313214423389 -0.0434692445879824 -0.0767250547349638 -0.0268533742238515 0.141961073059552
PA27 -0.0984797320548254 -0.0729891652616277 -0.0581410271492207 -0.0610631319871988 0.0212763447956579 0.0021212846996113 0.073878716789075
RB01 0.108937758691215 -0.0328132181432843 0.0802602330790178 -0.104714209749035 0.0699092647674202 -0.105485233180607 -0.0192657559221325
RB02 -0.0717741272672748 -0.0758289027177878 -0.0513249265248437 -0.128601527207328 0.00395280844104474 -0.00711150748797156 0.14630405967002
RB04 0.0622120356025379 0.0167325898048911 0.0767585412120055 -0.0570885081079689 -0.00100662030898295 -0.118900219998043 0.0825575781125087
RB05 0.0168004608303774 0.00740498850940168 0.0545310869236915 -0.0139403257219409 -0.0767200540542547 -0.00804622621858041 0.137592326346779
RB06 0.0342597044663527 0.0233377726918901 0.172402088753013 0.00430589120317669 -0.00659508862217736 0.0963214611991237 0.0702756982531838
RB07 0.0290544536885874 0.00557530388489939 -0.073644124120962 0.0680309236532416 0.0660880256586629 -0.0392442800759439 0.0923820714589853
RB08 0.0591203915993064 0.0802463186134697 -0.0104831554089253 0.110912260748287 -0.0606630229554177 0.0564142124670296 0.0024074314185605
RB09 0.000414719692035561 0.111231330318103 -0.00241575602708136 -0.00269609192848434 -0.10346618077142 0.10675063633098 0.142775865562151
RB10 0.0291711687607944 -0.0383857376410373 0.0515907303287211 -0.0582107101068544 0.0769780242776732 0.173009881899306 0.117147380043309
RB12 0.109281791970068 -0.076991806736991 0.0188595531335763 0.0493010251938757 0.0904402832067646 0.0209606426681232 0.0607432058186133
RB13 0.0748286267400926 0.002527900673532 0.0760730547129638 0.0123164940310416 -0.0793569843343383 0.0803626191052409 -0.00931981798065346
RB14 0.01618330099087 -0.00323509300267489 -0.0440851394256353 -0.0141251660681954 0.0129998837880237 -0.0135322967524696 -0.0638249794150613
RB16 0.0930960402508202 0.00357860217829934 0.124768074556179 -0.0863999471019506 0.0515060038328036 0.069856448392167 -0.0405018037461193
RB17 -0.12183004987043 0.0790497031354187 -0.0150773049526991 0.0995950844102381 -0.047505186845991 0.0485960866277182 0.0496761666447589
RB19 0.118295515724427 -0.0324546928733028 0.164740263050952 0.103293522003415 -0.0316773174162503 0.0723449361397459 -0.118764179307982
RB20 -0.0214617690098866 -0.0196183359269317 0.0870658888440368 0.0385440905918524 0.0365092980862104 -0.0301736999235315 -0.118547763520558
RL01 -0.095360329236605 -0.107469355788322 0.0265808772668971 0.133875009469324 0.0539696702181132 0.163844285972867 0.00706718449785076
RL02 0.0430418601017885 0.00240939001782264 0.0463698652760507 0.0962328646436879 0.0678112214164732 0.0662138064541066 0.0448537531861779
RL03 0.0883619827917145 0.0845027038713937 0.0630514534208881 0.0318952368426153 0.0484024291835208 0.0366648026074361 -0.0762891584336791
RL04 0.0490471665093697 0.0263650373614852 0.0490181400511755 -0.0854257104146671 -0.082967587780293 -0.118946511002851 -0.00988315961880327
RL06 0.0979070063524746 -0.0140775036626819 0.0337808776590087 -0.0911025555821357 -0.0181693050880853 -0.135469440883808 0.0399929130483046
RL09 0.0396922082114737 0.00936932115961213 -0.0464669139140776 -0.0245578154261986 -0.0322920975093732 -0.0867057243086983 0.112444596202254
RL10 0.088396577499419 -0.025542300813447 0.122367696211642 -0.0656801902841037 -0.0616893784400316 -0.0927568098755044 -0.0603017352561255
RL12 -0.0517708173394612 0.0653300037203163 0.0922476561517467 -0.0695093659223786 -0.0178552128829856 -0.0118325388272192 0.0965680254711762
RL15 0.120981857197116 0.101580168638078 0.0725405161727876 0.0498427074123107 0.0542604900003969 -0.0163348653811479 0.0985441798668758
RL17 0.0182327704091384 -0.0543783439764317 -0.0157529080659272 -0.0608358228867006 0.030301943020304 -0.0175377495048462 0.100172221854842
RL18 -0.200604905356251 -0.114752259711179 0.0115182062480203 0.00639764606524396 0.0227056528634202 0.00180306054893668 -0.04138971390662
RL21 0.0595111504616877 0.0126580228247709 -0.059496284313813 -0.0275838388731508 -0.085538959366741 -0.0852561852937304 0.0037439047821466
RL22 -0.114521594112508 0.0575100529793264 0.283068379709778 0.0727654620789582 0.2194759731701 -0.0926275779883634 -0.0894850269587359
RL23 0.0548786776367673 -0.0240027481578173 0.108327994080338 0.0635639958195848 -0.0662580725676319 -0.122988252877668 0.0222335017812961
TR01 0.0887184640352433 -0.025120837393975 0.0226736720144476 -0.0101827190052133 0.00830322359601405 0.101239756272693 0.0414968597638537
TR02 0.0739517090388493 0.0248725022331836 -0.0384956952227582 -0.0146844916080361 -0.0398644781755479 0.0656253321979244 -0.037271338923513
TR03 0.047422361434617 0.0164878278915493 -0.0587822249270668 0.0244913843510085 -0.104721045147935 -0.0943329544873608 0.028116034866186
TR04 0.122985685951573 0.0470291114704426 -0.0436975688518428 0.145249549278927 -0.0321830161883667 -0.0222271513631734 0.0646065231625002
TR05 -0.0429316302064361 0.0221836719622743 -0.136696492355578 -0.0151975384613906 -0.0821865937248027 0.109717970956799 0.100361884540759
TR07 -0.0027917810937919 0.00104580567581668 0.0248668308382664 -0.11700318238467 -0.0082259017081977 0.143612996924397 0.0085697019954228
TR08 0.0420020121500875 -0.0832429363322477 -0.00139592204954241 -0.0163127731573483 -0.0723331182838145 0.0355839184777902 0.0756843776909973
TR09 0.113034230197691 0.0910977444385909 0.000132047414231788 -0.0491931727229598 -0.0858914998031664 0.00581340032433272 -0.0156343128949989
TR10 0.0699587921631848 0.00338976491821916 -0.0702885660804798 -0.158475294723598 -0.0425587285579061 0.0254542045018904 -0.00650627410715449
TR13 -0.00308729849396625 -0.0122115544333495 -0.152079713674806 0.113386611046391 0.0440548990836467 -0.145311856089531 -0.0598849486457375
TR14 -0.189895502155696 -0.133841602380501 0.0927189020906942 0.0782922132945364 -0.0167072907105133 -0.107655589192451 -0.0683021394908985
TR15 -0.00565896514749348 -0.078426790323298 0.0550962216258329 -0.103170457425902 0.0901448780252083 0.101173290697733 0.0615605149615566
TR16 0.0632829433761546 -0.0838372116602793 0.122241829855482 0.0943841099804983 -0.000358446410778561 0.0123452990389516 0.073268456376363
TR17 -0.0159180972708945 -0.00441275121098725 0.117740241341219 0.00450232853892874 -0.116801338994938 0.0619931242655784 -0.117685845970245
