sample MDS1 MDS2 MDS3 MDS4 MDS5 MDS6 MDS7
AN03 -0.00123316657181061 0.0471121825667376 -0.050354910817082 0.012366476522772 -0.0267755551090924 -0.0324974764058178 -0.00977373595800511
CS01 0.0682829074378624 0.0218992677083815 0.0372667828542998 0.168644457539271 0.00751574879830473 -0.0350363219494077 -0.0238692742272828
CS02 0.0687224014274055 0.00351107180469749 -0.0416784082148619 -0.125452128272679 2.77479289681748e-05 0.0778927819166852 -0.0941529847979367
CS03 0.042842570027897 0.0484316149864481 -0.0107174541537669 -0.0770922774968297 0.0530868731714194 0.01681583279822 0.0392266292477887
CS04 0.0335835316469197 0.0406188465596606 -0.010349702236205 0.041753122016531 0.0242233375744618 -0.0417646603322479 -0.140003702753726
CS05 -0.0265697500426186 0.100899860683444 -0.0586688739002865 0.12633179862693 0.0275894119157032 -0.0742198662862408 -0.00199856234406262
CS07 -0.0693548087913188 0.0241984187469761 -0.118697666878416 -0.0406407477461705 0.041008624196026 -0.139546092439479 0.0745223279481025
CS08 0.0509366742409394 0.381255025167144 -0.00116728835496455 -0.0731158161690344 0.0277740746840724 0.118165992192159 -0.0716791493740972
CS09 0.0730425578014596 0.0027189598017798 0.0669245955904489 0.115725782664475 -0.0994716443649106 -0.0271507906670993 -0.0277346228226789
CS10 -0.00548110018197766 -0.0679267472079685 -0.0426990303622773 -0.0885947191660267 0.0293159484685285 0.0251548691641702 0.00387501890359179
CS11 0.0995486745226413 -0.047182474681439 -0.017085041493318 -0.0986925658185309 -0.0572799239172155 -0.0307430379260352 0.0479694307462002
CS12 -0.0624383408418429 0.0328306959912433 -0.0184834636310004 -0.0755384249357881 -0.0726146022382441 -0.0190410491456149 0.0203126815549762
CS13 -0.0188543172574668 -0.0991417979633353 0.000994397753098852 -0.154927963808466 0.0147102500249084 -0.0280917064436203 -0.130251529797692
CS14 0.0262670220149174 -0.0286242478556217 -0.0358394833144887 0.0641137094545341 -0.0521124779642619 0.00166569074191367 0.0631027209494617
CS15 0.0327984403208117 0.0375985139670321 -0.0664497840775335 -0.0310136285115563 0.00734677702213227 -0.0577045344029904 -0.0450912603433614
CS17 0.130289791651523 0.0603629234263879 0.0041707566742116 0.102533193440773 0.0236356547471869 0.0607527954825288 -0.0174340922909312
CS18 0.0250566601939584 0.00666586409098913 -0.100529184242108 0.0707161151779641 -0.083024186666695 0.0348452502888052 -0.0193212260783542
DK01 0.0449188493398605 -0.0649799664578439 0.00296100298141797 0.0116938682823322 -0.0877261217421861 -0.0197761104440835 -0.063226820553936
DK02 -0.0419595215576017 -0.0298757457023541 -0.0411964316658774 0.0899861414720577 0.0410552808978893 0.00469412591997069 -0.019904815050649
DK03 -0.0962745676371454 0.00734277683845122 -0.118438658221109 0.0159799875271878 0.0593910412884825 -0.0329810985720352 0.01350524087428
DK04 0.0541662240575297 0.0897485890292955 -0.13700738261795 0.0746581980980288 -0.0375466828579819 0.0764742968860956 -0.116049540337541
DK05 -0.0141541988317284 0.534148580535343 -0.0424698701402391 -0.0648854584560102 -0.0589192033948703 0.189184533319225 -0.0473618183296315
DK06 0.0146925289561833 0.0397584230108548 0.0500708627831514 0.0509479791846042 -0.0407367003937894 0.139137016951795 0.0649770236788256
DK07 -0.0502701321963618 -0.0751580862741959 0.00336264998158488 -0.0488868601436122 -0.0645417550353122 0.137946394402222 -0.0015782463320973
DK08 -0.0942351975888368 -0.00639771516332603 -0.0177411281795608 -0.0526929718984573 0.055407110210545 -0.0395947510783675 -0.143842316224599
DK09 0.0321310908745782 -0.0289685582761866 -0.00411197189104067 -0.0642340794921154 -0.00596573904999934 0.0124220674830841 -0.0430635416224691
DK10 -0.218712505010136 -0.0563992332134533 0.0190624659729544 0.0156460522951305 0.0574184324781486 0.036373880137008 -0.047968254817845
DK11 0.0828292345332754 0.019030328303728 -0.037505246359863 0.0049321356658613 -0.155594332489219 0.00370173590363004 -0.0633148047478095
DK12 0.0689863352846084 0.0401173127280848 0.00561405906590791 0.0198522104647388 -0.0526252790591664 -0.0221232578965399 -0.00641145605890865
DK13 0.0257300168090344 -0.0429702007770711 -0.0185959305013244 0.0291679116755556 -0.0444518477533301 -0.0238685151240681 0.0808598612828507
DK14 -0.0870801479101557 -0.0357129230018937 0.0366439336992626 0.0663761511120608 -0.104129878404547 -0.0713773530145446 0.0956923735237911
DK15 0.110955651506272 0.0439031073002024 -0.0579103545624763 -0.0649875930842982 0.0078867541227374 0.00856558561530144 -0.0736519742293196
DK16 -0.0090467151829586 -0.00686363833534205 -0.0645547787501517 0.0524055405834961 -0.0517837884734256 -0.0110211370462863 0.0130401328466183
DK17 -0.0403788902924962 -0.111056697828485 -0.0432743691321556 -0.00641610941758038 -0.0376708107189099 -0.0906060756763975 -0.0488906278796419
DK19 0.0483269518175441 -0.0117468290765773 -0.072530070356699 0.0610212287201171 -0.0200615508583844 -0.0891478345987914 0.0765615849628965
DK20 0.0664795243290885 0.00368924530629761 0.0321278282780846 0.0434913758014576 -0.155318997975347 0.0586396011852087 0.0123727495918909
DK21 -0.0303685579987879 -0.0837579419522522 -0.106905954525116 -0.0948337414088586 0.0847425231161796 0.0711629221349745 -0.0602560004990631
DK22 -0.0478134304842646 -0.0764208253358529 0.0408232380988134 -0.14045917443565 -0.0807440827831 0.0894074130439725 -0.0649109555944835
DK24 -0.0419980446705547 0.111110411182574 -0.0222419611626638 0.116638150625796 -0.0806092743521617 -0.156094225466776 -0.00870956315431871
DK25 0.0287155271674361 0.054095869515941 -0.00381912487764626 -0.0193109716290167 -0.0405032171905801 0.0172008213490631 -0.115231286727028
DK26 -0.127927775518331 0.0369042595811939 0.00543566676832898 -0.0309682498063821 -0.0273131348156598 -0.137593205334254 0.0387788424020165
DK27 -0.0865724798272379 0.00413816050901387 -0.16024895269356 0.0255765765396033 0.0182538034972182 0.0761582773336415 -0.0192708005958301
DK28 -0.162901892478304 -0.0232682786308343 0.106646222635369 -0.0780165489295535 -0.0515796182413224 0.0316378971226758 -0.0939118874935538
DK29 0.0884769835401523 0.0136399181149576 -0.0179993815777034 0.119959997025119 -0.0400070328229561 -0.0664366044216807 -0.0818879630710552
DK30 -0.139067814073147 -0.0754780321995081 0.0328612502109614 0.128708792981851 -0.109088868593857 0.137551571072732 0.0503642908813035
DK31 0.0345582934643907 0.0407459027404614 -0.132550958206744 -0.025520900455951 0.0425019936163539 -0.0155282014284161 0.110287102648474
DK32 0.0284514375789345 -0.0725230930850024 -0.0257384903907524 0.104591323496669 -0.0440708064082876 -0.0763051283162889 -0.0452789355987788
DK33 -0.0860674345811395 0.0471483047347494 -0.100703859994064 0.125103497448074 -0.0465360189880072 -0.0694111490233255 -0.030162744798754
DK34 -0.0434511278407725 -0.0482514328364484 -0.121362135877148 -0.0965893447291621 0.0155505121426768 -0.115860245734326 -0.0896420853329521
DK35 0.042003454762471 0.0305540799110227 -0.138507873219267 0.00881580151639309 -0.0169896409534772 -0.0635480530442489 -0.0313932254180333
DK36 0.0712118416508365 -0.0312719265102918 -0.0615024266368716 0.0495516884475419 0.0131746856230122 -0.109627672570554 0.0548073393999586
DK38 0.00118034955322922 0.00278647981351834 -0.0407683797716399 0.00306550236135939 -0.221882887722474 0.052716517536692 0.00909467026046101
DK39 -0.0154622201286751 -0.00468590757319901 -0.118492735649467 0.0461019925676637 0.0430684087226848 -0.0441418791233441 0.0427172915017933
FR01 -0.0668998796554706 -0.151651340009672 0.0954174005972414 0.111480862712982 0.0185978327382999 0.130897066020647 -0.0529757487964219
FR02 0.0450736900973203 -0.0535081087413096 0.0524005325314716 -0.027756336413106 -0.0350953459599677 -0.021044735633004 0.0565715192769223
FR03 -0.00926609162766278 -0.0918803895221075 -0.097118690705631 0.0166439952715311 0.0789355836318238 0.0108644623100449 -0.0177711739017596
FR04 -0.0764778792151705 0.0623630389097842 0.0307437362282048 0.13316662519473 0.0384352914859864 -0.203016410532064 -0.0138295534362548
FR05 -0.115871946821566 0.0745395563325707 0.0801962401505904 -0.145450831779741 0.116715100919843 -0.043695193355523 0.106820249772019
FR06 0.0474402521790207 0.0280152723502221 0.0188135059861888 -0.0553835410615379 0.166974556872841 -0.135620584873346 -0.0544526063868979
FR07 -0.144022402640804 0.127327906521008 0.0155113407378013 -0.00847268680815624 0.125784260976405 -0.0773582529087928 -0.0292676301466422
FR08 0.0411078370083987 -0.019708524986649 -0.0275446005314121 0.00625471323228511 -0.167263066698593 -0.0803651020984128 0.0661106888775981
FR10 -0.0452323251958056 -0.0504763047717628 0.0303410097998758 -0.0540155528607723 0.0171956825865974 0.123562721699262 0.0462696465669825
FR12 0.0262943894587552 0.0358042716746017 0.0635023217644148 0.0849900023305622 0.0445762742419656 -0.00451482645410472 0.0516747093394705
FR13 -0.0560629044304391 0.078800222408898 -0.104350205962843 -0.0516977273775313 0.0634016991441296 -0.0370389722234905 0.20414228795877
FR15 0.0603884927261242 -0.0174764467952998 -0.0608790552161208 -0.0513779263134244 0.0891113698362228 -0.0153716028897464 -0.0305951012163226
FR16 -0.168804811456323 0.0444060836728477 -0.0297655436154355 0.0370618445488979 -0.00949552113040054 0.000136214928394293 0.0183779522420425
FR17 0.0375565664409071 -0.0646464473560079 -0.0314604970652014 -0.0469432224138887 0.0575061689793564 -0.128102250093678 0.0529521156669621
FR19 -0.0484553641935744 -0.0466231671514253 0.0263236158808282 -0.0619538320293395 -0.139338877340295 0.0997241916505003 -0.0533729136798691
FR20 0.12692377067778 -0.0482037913511466 0.0539046003103432 0.00234855947166243 -0.0407775269355781 -0.0665049765104776 -0.0413732556436446
FY01 0.0234775846572484 -0.0543568985485201 -0.0308979804184969 0.0044279914337337 0.0942750637866355 -0.0739842093336918 0.0579783266147344
FY02 0.0728505077099617 -0.0663617431124704 -0.0591419953119152 0.0428938969375475 -0.00914946571778662 -0.0252491406432697 0.0753437922087786
FY03 -0.0600302202508803 -0.0402432156609268 -0.011127037293395 -0.00739661855327027 -0.110236549835302 -0.023000791955307 0.0302426579293277
FY04 -0.0268680319861496 0.117619454585609 0.116749210451733 0.125659311263955 0.0606814172504838 0.0812519192472653 -0.0117537502861729
FY06 -0.0174116075557481 0.0171242781540812 0.0949567955424157 -0.0665511729070844 -0.048795347220789 0.0109694171127219 0.038184778977267
FY07 -0.0357901014071328 0.115740995956106 0.0574518188078362 -0.00616616839936453 -0.116307247478819 -0.0359603972114211 0.0185304849705026
FY10 0.0238290502904681 -0.0345789564788756 0.0833917668925861 -0.116985988800882 -0.0796705896848292 -0.103828152221399 -0.00687491039911075
FY11 -0.0977173610064844 -0.0213395189708769 -0.0384807119198115 0.093870554410109 0.0140037174397852 0.0556979379674395 0.0795916746433884
FY12 0.0620175805165764 0.0426349397104039 -0.0730117499322706 -0.0219714136948237 -0.0559864258063821 0.0910626730284458 0.0766775997183083
FY13 -0.0685866516967557 -0.10811748675427 0.119921936502977 -0.0243544802039932 0.216853128898775 0.0067599321028099 -0.0143602408766399
FY14 0.0543688816776713 -0.0270902656754846 0.024907434718582 -0.0291024882603523 -0.0666866535083821 -0.0110780211637592 0.0631986243552542
FY15 0.0800906964306828 -0.0398150683281029 -0.073334566598195 -0.0101902425052466 0.058638543948209 0.0222682111679875 -0.109180749769093
FY16 0.00745910330159977 -0.0715650422405236 0.0475953753812116 -0.0347703094420002 -0.0345255860530803 -0.000213280808365857 0.0876339661241474
FY17 0.039544543003181 -0.0202924180503164 0.0376065144953974 0.0518287075508743 0.0299979988752689 -0.0504756238481085 -0.120396252611215
FY18 -0.0409574625490114 0.00940319576445979 -0.0329813621180217 -0.0829021322067717 0.0334758013583308 0.019512772829915 -0.0897843280072441
HH01 0.10647477745709 0.0475846701171907 0.0623636425299958 0.0771390163579497 0.141768428752443 0.0435986870491629 0.13255365613546
HH02 -0.172271683537636 -0.0251362700198532 0.00526879397179819 0.0888884429114346 0.0366742398925929 0.0777590949291198 0.0525305553692903
HH03 -0.00171079118348265 -0.0242360530716899 -0.0178772707476186 0.054454666371457 0.0644644756379757 0.0425345259925407 0.0543377935332939
HH04 -0.055515664752555 -0.0328593102314935 -0.064147834241461 -0.0125708459248307 0.0943128122573089 -0.063895699669208 -0.0127696869262669
HH05 0.026772047458957 0.00909456874088273 -0.014348974721943 -0.0422550207536915 0.0310049333620043 -0.0479809048946804 -0.0814203676011947
HH07 -0.0279493262023108 0.0958552452962886 0.015616341631737 -0.0536432747870228 0.0202596801052174 -0.0430458828218984 0.076946642300721
HH08 -0.0646678920410243 0.0398135979475704 0.0356873678077588 0.0130637258077873 5.5164432151764e-05 -0.0267596378910428 -0.0103024073779253
HH09 0.0559417124688517 0.00498327656145565 -0.0308972970204042 -0.0393416441753609 0.0114475859374998 0.087657385436672 0.0198297529333457
HH10 -0.0610582266402946 -0.0496294201768279 -0.0645377106312839 0.128509425573181 -0.0662251856508247 0.163856139663916 -0.0389361739196252
HH11 -0.0393224641415844 -0.0367259371392785 0.028777738536896 0.0669894049895535 0.075487813301929 -0.0684910714091313 0.0258827257293143
HH12 -0.00587181500656657 -0.0186806222193252 -0.0322019096912423 -0.00288799436525766 0.0249918611365601 0.0599843626221489 -0.100259685360699
HH13 -0.0173685705810423 -0.00678058105717187 0.0769156973617584 -0.0351702709996504 -0.0214604459589222 -0.0185701481358584 -0.0210649969897672
HH16 -0.00678809477295816 -0.0812465772163543 0.0299108878975197 -0.037496733694659 -0.0991060202039543 0.0526674550195635 0.0199582905765823
JB02 -0.0378644470963137 -0.0567685510203408 -0.0850813938306894 0.106137822144836 0.088426786772804 0.128701024845126 0.0939074859285799
JB03 -0.0255259911559878 0.0626018248039874 0.113364367836289 -0.00223330215352699 -0.00884347541326901 -0.136509600045443 0.00847827984892032
JB04 -0.052998116232052 -0.0551937635911598 0.0851345626295632 -0.0652420206164342 -0.0666816574752813 -0.0031923431281288 0.0520297506992039
JB05 -0.0417479543797311 -0.0401472198230284 0.0592764871858531 0.12402377578059 0.0343969317289366 0.172090991193298 -0.0708002767728636
JB07 0.0160467464203835 0.00852515784825312 -0.0442989286675504 -0.0317402061758989 -0.0325298158538328 -0.0468351744785888 -0.0280932386352076
JB10 -0.102057050787178 0.0258644996338971 0.0507272040298992 -0.0186213971950085 -0.029876382754082 -0.0216439609782236 0.0280947745565649
JB13 0.0309370720357041 0.0128926074365328 -0.0765012081964132 -0.0883279547284234 -0.0630393353890259 0.0133705659295235 -0.0541021849721721
JB15 0.066155550540846 0.0171145240620407 0.160524531036612 -0.0115890116903077 0.098932813863459 -0.0199182817488339 -0.0636519191391569
JB16 0.0738029271235661 0.0373473796514138 -0.00596868444590725 -0.0136503095774677 0.0333855271982743 0.021809061219835 0.0682465295130358
JB17 -0.0688100284350264 0.0113737865264927 0.163424745558359 0.000517785282000548 0.0521177478112629 -0.0294811315956538 0.119519602271598
NB01 0.0245256444923006 -0.0290806722451646 0.026576896276955 0.0420439133657016 0.0652277282765866 -0.0221539969802395 -0.0469864191801761
NB02 0.0522875687505545 -0.027720711598087 -0.0125618313176157 -0.0726156153700327 -0.0397650316675572 -0.0549868861514883 -0.166589209321541
NB03 -0.039676402221184 -0.013174782562228 -0.045296701247185 -0.0765440584320669 0.0278714986294085 -0.117963674115138 0.105072941321437
NB04 0.00205514386664056 0.0144463132160503 0.016837284693841 0.0175149749121989 0.02020710206407 -0.00652212084439403 0.064657923324226
NB05 0.0656618682569321 -0.0529159902938491 -0.0758693966905577 -0.152272380979515 -0.100907242198734 -0.00367223549699651 -0.0386139209950021
NB06 0.0051626794711046 -0.070486756333307 -0.0583546902055627 -0.0604246314541267 0.0602920913687326 -0.0935144908396896 -0.027478608363066
NB07 -0.115144252599715 0.00103043455258165 -0.0443500881088571 -0.027223913892763 0.0391645478249877 -0.0477599048567273 -0.0253758312813051
NB10 -0.188368572849246 -0.0342576378124185 0.0425891355420044 0.00625485552639791 -0.0373964004353668 0.000256714561716117 0.176532150305798
NB11 0.00214799294928943 0.0346594035236838 -0.028162091758849 -0.163930252948241 -0.056129181156326 0.0305576535334004 -0.0562835090225591
NB12 -0.01451734931343 -0.0449912037148596 -0.0816673285969871 0.0972995241618554 0.0244441144990541 -0.0179543472221056 -0.0139424720476099
NB13 -0.0185298509199015 0.0219330878879471 -0.0632093072792715 0.039098171669184 -0.00293690744793287 -0.16944048079321 -0.0103052498132005
NB14 0.0188790972413695 -0.0692691782848553 -0.159763824232823 0.0529751873088477 -0.0601252644690889 0.0641740097569488 -0.0852561629586096
NB15 0.042199694810679 -0.0364952726930477 -0.0176198776797164 -0.0205555911286602 -0.084667085558606 -0.0679004246703506 -0.0368982075239719
NB16 0.123792584871138 0.00640713752980083 0.00118095512281781 0.0669522221184852 -0.105976899825252 -0.0143471343204911 0.0509102937260976
NB17 -0.0028815621209368 -0.0170549290474142 0.049556794329208 -0.0633795703927944 -0.0502991568786573 0.00727547579926615 -0.0419451248328792
PA01 0.0501885643793236 0.112716601554016 0.107534685071433 0.0333980029255106 -0.0217021777079273 -0.0518027622410204 -0.112080547248417
PA02 -0.012988610983158 0.0156928338131278 0.133071337727854 0.094620580750259 0.0274001457042182 0.0171633293357505 0.00135041401808415
PA03 0.0604482268250811 0.0183737236366331 -0.0161621788833744 0.127352545057175 0.0199984414217568 -0.00935408074118638 0.00256624002579757
PA04 0.0482388090597696 -0.025437558320675 0.0289987797328674 -0.0987462174200035 0.0940333839567847 -0.0176722317649489 -0.0569309956869855
PA05 0.0866347846993269 -0.0388904639544862 -0.0493124683938633 0.107175460701549 0.070203601724337 0.0497315977533547 0.0757459502451355
PA07 -0.100796379706291 -0.143632282952744 -0.0385627524789663 -0.0524194242314395 -0.0188618306729606 -0.00301954579892442 0.0250267038779497
PA08 0.0862992168711254 -0.0146932613162443 -0.0144955669481817 -0.0495535445695777 0.0698714765420296 0.103913594213878 0.00439438528885421
PA09 -0.0592814587046115 0.087015601247482 0.0483970936646157 0.00441375653727637 -0.103753030585229 -0.0486276552447655 0.170211502467583
PA10 0.034805835727746 0.0725457098624538 -0.00810670252862549 0.0544785732111889 0.0904342834312488 -0.08315563210399 -0.0811839405727158
PA11 -0.151584496554133 -0.00476132422648096 0.012176505207524 0.0681023049154249 0.0516914873827231 -0.022855521432723 -0.0915848201517733
PA12 -0.000920201795661776 0.0132237794111336 -0.0361439333316224 -0.0489733100952942 0.0238846056605921 -0.077118100783513 -0.110070300312614
PA13 0.0150405899096114 -0.00217967992948795 0.00635914344085781 -0.105630861287725 0.0902696706993031 0.0544479543228459 0.0345069688060195
PA14 0.0856646795337033 0.0100089042113633 -0.0359592793191928 -0.108589742765473 0.0232613781653059 0.0333233515642621 0.0947970365308552
PA15 -0.00358218368821464 -0.0549980551586775 -0.0511142674064398 0.132939515997817 -0.033618414404154 0.138749277095351 -0.0378166268024428
PA17 0.0193758879729491 -0.0569412639108325 -0.0423107680868633 0.00607300135545206 0.0502254575917873 -0.022275682348158 -0.0148657731100101
PA19 -0.124408657685927 0.0765310280049937 -0.15439806852861 -0.0354782141551766 -0.0151190508095936 0.0661301462107281 -0.102493960905806
PA20 0.047471959420548 0.0529612087232006 -0.0545714556781715 -0.0855395321253951 0.00784959800938232 -0.0689635929237572 -0.0451749019841893
PA21 0.0161628120042377 -0.0476908071376328 -0.100575864825672 -0.0574665966048104 0.014587723034657 0.0139188481104918 0.078877421586051
PA22 0.0305122507287168 0.0923386868699553 -0.0803384314386458 -0.0102129374193431 0.00186776492705757 -0.0132251901058169 0.135872489157951
PA23 -0.00187429055392405 -0.0615117936922367 -0.0203693848827965 0.078811983306662 0.00931882083090936 0.0217754741104537 0.015735882879454
PA24 -0.024656154041123 0.030229088819723 -0.132512290080863 -0.0177496437436003 -0.00618918336342981 0.136310467095172 -0.151380554379706
PA25 -0.0125900534966375 -0.0323642888258791 -0.0123092513339024 -0.0455492770810006 0.094012719882276 0.00937506734214815 0.0274824862035158
PA26 0.00191957232480485 0.0329449190932273 -0.0110662761225949 -0.0529786134756645 0.0165583142720969 0.0036296584141873 0.112168422675278
PA27 -0.0950503679396665 -0.00445856053085929 -0.0424498859128642 -0.0103192953464062 0.0451363989468077 0.120252804845289 0.0905457825920813
RB01 0.0619366346704908 -0.0720205779698614 0.106460658765268 -0.0336128346463723 0.120202177780406 0.0775247576952859 -0.11790408249336
RB02 -0.0694185645406332 -0.020661191849636 -0.029866842330877 -0.0466682835790897 0.0803861346229595 0.145809000885165 0.13560511362087
RB03 0.060063337277481 0.0153906982607991 0.0540200351196178 0.0127609379398956 0.147579673741984 0.110334257075484 0.0440593376037091
RB04 0.0455744245580612 -0.0105699568573432 0.0852041949349459 -0.022656763463331 0.0909624215469278 0.0619549093658499 -0.0143991735786963
RB06 0.0180916952890204 0.00990117140390444 0.157836923733878 -0.0719163948105327 -0.10847322743614 0.00953710884923277 0.0244924321189692
RB07 0.0169748679756958 -0.0300282189872836 -0.0505021539905857 0.0336961884091921 -0.0554195181009812 0.0566401662792032 -0.0519091532400091
RB08 0.0719722668124025 0.0301612728098129 0.0357991826211906 0.117399233397535 -0.0547345584923258 -0.0601015549193845 0.0162523933448886
RB09 0.0694081786743514 0.0996007074775771 0.0104561465108147 -0.0243229056057763 -0.0391786877465516 -0.0166692252984736 0.134654750330953
RB10 0.00856732744046761 -0.0497330980260082 0.0583442305632391 -0.13640607901666 -0.136577566276553 0.0902746758580496 0.0154360602486201
RB12 0.0434453420630632 -0.144627814977853 0.0468120968078097 0.0417541971150648 -0.0942028359167922 0.113602052412053 0.00692960860496791
RB14 0.0218438430850144 -0.0147667218295022 -0.0233770396057555 0.0128916605745622 0.013825762004748 0.00846698963180823 -0.0177328009613322
RB15 -0.0346342682885845 0.0110312646983172 0.0172178764459221 0.0277573575269719 -0.134180447729014 -0.051410084997779 0.0704115368495057
RB16 0.0617690343949092 -0.0379928708665674 0.0928149283269624 -0.111656383097757 -0.018707474501657 0.0205318985432605 -0.0614605672751719
RB17 -0.0619101699196038 0.126278867642905 -0.0227322459177772 0.0534384873750757 -0.0862136033482647 -0.0371337269929698 0.0214097303678376
RB19 0.0543197898166896 -0.0679550384165838 0.173362131611018 0.0357542328753692 -0.0868726608058045 -0.157724144875854 -0.0608605333622797
RB20 -0.0278705986340501 -0.00438448265712909 0.0516669906327554 0.0139269987030127 -0.00538409546350575 -0.0424612194632877 -0.102799994879583
RL01 -0.152371969228853 -0.0304969622061161 0.0334438733794295 0.0222773717455776 -0.149496828734921 -0.0256282695056081 0.0276030942626794
RL02 0.0161319763591764 -0.0173497723577802 0.0699291760439277 0.0596709664039204 -0.0622291872301872 0.0631197802871844 -0.0635411832863289
RL03 0.0970351160892952 0.0157881242224198 0.0535563848252504 -0.00810213362940941 -0.0819764127192446 -0.0443451739341796 -0.102387142058417
RL04 0.0680043420448245 0.0150992186628124 0.0710959914617209 -0.024319608999247 0.149223608716927 0.0150606445889697 0.0264204379126987
RL06 0.0862529149780873 -0.0499627676186164 0.0505854767239677 -0.0182319333505252 0.111517369600197 0.0573928544513832 0.0296602561600359
RL07 0.0204927329551127 0.0769247399963009 0.057651004996882 -0.0120685220244291 0.0203225301033338 -0.020702677945809 0.0037752141280404
RL09 0.060891908696878 -0.011310491339685 -0.024453695292156 0.0301859496508236 0.0896342745657868 0.0644812805813744 0.0846674397958811
RL10 0.0441292542007755 -0.0364473514954756 0.160782338189396 -0.0467962574710151 0.104034814009864 -0.0490588010966764 -0.0801856824153459
RL11 0.105993566886576 0.0280115362206062 0.107364233137752 0.0901151909242047 0.0439672867277305 0.144514485734023 0.0309724344521124
RL12 -0.00332746878374978 0.10693521414676 0.0806764005886169 -0.033321341808067 0.0311968190620391 0.0723426804534831 0.0744775037025272
RL13 -0.0389395993401748 0.108034333241684 0.159649233437125 0.0108742353795968 0.0979363233857751 0.0185056858140927 -0.117045699315045
RL15 0.134702963075978 0.0257058017442286 0.108230556521209 0.0717831021380666 -0.0388639624857528 0.0781125070200459 3.48924272308673e-05
RL17 0.000828507561306701 -0.04269287117968 0.0197579538392563 -0.0171271090523585 0.0572372821649829 0.102166034396462 0.0356318572439867
RL18 -0.231490099529036 0.022887945678767 -0.00476785538541822 -0.00421467007710294 0.0240838997909743 0.0260655138803871 -0.0683247091599667
RL20 -0.00105116861364245 -0.00208330767898795 0.0844859186729218 -0.0771682745868931 0.0041322527028838 0.0359631090455625 0.122874968614158
RL21 0.0695693571672483 -0.0161981740369728 -0.0152926183503461 0.0414172487627887 0.093278305885282 -0.0226462194096901 0.0345690716566792
RL22 -0.0772652789656377 0.118470815384351 0.114470474769971 -0.0368144898109581 -0.0949607649187338 0.0128487465976135 -0.0347313001650835
RL23 0.042397865657559 -0.00851373133608426 0.170788244165825 0.0830109129594911 0.100197605476212 -0.0111552730752519 -0.0169619032079031
TR01 0.0375092739043701 -0.0659821362246953 0.0548287748736998 -0.0685011958916343 -0.0743205383239147 -0.00124667903206838 0.0221493751385477
TR02 0.0620448666575558 -0.0277005308419197 -0.0110948329698061 -0.0364909802255035 -0.0169675271811066 -0.0618180349915979 -0.049362211428241
TR03 0.0705670955330105 0.000168476566092745 -0.0271230563310782 0.0456363167385379 0.0803963272588887 -0.0615120091431635 0.0922398422593718
TR04 0.108710921752349 -0.0400005088961892 0.0203247739686975 0.154059998495793 -0.0473698050735254 -0.0329636555772198 0.026888483832418
TR05 -0.00327205551371078 0.0332015822485892 -0.0935605174328153 -0.0350293984604055 -0.0368845860776457 -0.0144929150838569 0.180279343521238
TR06 0.0705931406695761 -0.0361353397482236 -0.205754959228346 -0.0261018533889071 0.0525673129078242 0.0529931492581603 -0.0249789182481828
TR07 -0.00290993309895671 0.0152427208852714 0.00713273737899627 -0.150739785515957 0.0139482202185934 0.0115630373793145 0.0558122741249552
TR08 -0.00155567026684866 -0.0792053604034157 0.0382571507711749 -0.0215995521939887 0.0253509756808851 -0.0429496121567973 0.0743307676338218
TR09 0.132201619008904 0.0105083876745888 0.0365004539348837 0.0320356650766117 0.0224762178115681 -0.0155049847014378 0.0617655639656969
TR10 0.0821346569139777 -0.0404380981940843 -0.0452129284690827 -0.11620757295344 0.0756525215228274 0.0260935360447165 0.0832042096956027
TR11 0.0688125361679954 -0.0124291143103925 -0.0180666290074765 -0.0409943185537797 -0.0309826780285058 -0.0443045846970695 0.0676620122546036
TR12 0.0255922946662735 -0.0271323742636816 -0.00083499515160536 0.0731089805825725 0.0925662755492106 -0.00464509715685431 -0.00942261278403408
TR13 -0.00642332656951632 -0.0285430834151624 -0.118624849129819 0.178127407905278 0.0502256522577723 -0.00131511583843987 -0.136637835159337
TR14 -0.239080260681904 0.01448960707641 0.0790546922580933 0.0567263906370325 0.0701025407035947 -0.0406852016449613 -0.145850341600805
TR15 -0.0376408699057713 -0.0681902170479809 0.0258217016515586 -0.105942792067846 -0.056561675371188 0.0935298041273796 -0.02537534360095
TR16 -0.01512450427354 -0.0913677611616558 0.122033695532876 0.0464741167730433 -0.0732352377994726 0.0149252010890694 0.0218753403164241
TR17 -0.0289844759059169 0.0212418434240077 0.0923446232640191 -0.0569480169439598 -0.0383813097045375 -0.15199962657238 -0.00753728624162045
