sample MDS1 MDS2 MDS3 MDS4 MDS5 MDS6 MDS7
AN04 -0.0476135707298742 -0.015175489862449 0.0512345857133609 -0.0201790044005179 -0.0219411381230864 0.0507358040174367 -0.0136325636273923
CS01 -0.06088799842077 -0.0511020730798566 0.0514069118904524 -0.0446781638557137 0.139371347904735 0.0816899198345755 0.0587512827234921
CS02 -0.0766762389205362 -0.0357680958868198 -0.0598835835226219 0.0370418432576344 -0.114257696929767 -0.0831547365605708 -0.0307744075251314
CS03 -0.0368992299076625 -0.0569610371226545 -0.0323374823872436 0.0377429359269075 -0.0286014115492233 -0.0369768229983018 -0.0594731914398418
CS04 -0.0236840355787723 -0.0558219095372547 -0.0179591069349586 0.0462581816682273 -0.0332872390233221 0.0610545327384399 0.112034606342907
CS05 0.065163410959655 -0.0875099524864485 -0.0822119272631986 0.015823545345883 0.124962276269707 0.0534135658558631 0.0676534113984184
CS07 0.0739981412987284 0.0126258193394477 -0.13043165921786 0.0771062942884135 0.0488812178129313 0.0973612499993153 -0.0844186239595838
CS08 0.0280499396224104 -0.386314664770032 -0.0600413525691253 0.00646207107516331 -0.0815507824002186 -0.103052404574892 -0.0215483864439446
CS09 -0.0576853393714051 -0.0138681613010492 0.062956035757522 -0.0949404187305342 0.0492905678931882 0.0490504300209229 0.043911206823638
CS10 -0.0146156551360592 0.0670886011131364 -0.0347886370392242 0.0574715023067986 -0.0434217390503801 -0.0568283928649169 -0.0343962048025111
CS11 -0.111910082521884 0.038064617227992 -0.0227734185393693 -0.0242086396024813 -0.0560289680553672 0.0436187589984734 -0.0815333162295074
CS12 0.0630186257752672 -0.0153011384959419 -0.0294999628978702 -0.0300980728215407 -0.050330131286071 0.0316424435026874 -0.0789708595835835
CS13 -0.00334042555613734 0.0933499826250782 -0.00647659060343279 0.0999352345814597 -0.173621255595755 0.0128718922124288 -0.0060185267707615
CS14 -0.0293974635138247 0.027443071268989 -0.0269963141551436 -0.0633216328505563 0.0741712676524881 -0.00504083719741018 0.0201717805396851
CS15 -0.0405119048471729 -0.035344099330072 -0.0799800863233998 -0.0155150326606995 -0.0492552967966154 0.0907576286239567 0.0140756842975279
CS16 -0.055680843818744 0.0220071819188673 -0.121331515683115 -0.118362211552448 -0.0112937943113722 0.0097997421244687 -0.0590446337326723
CS17 -0.100879862560877 -0.0886598919721606 0.0075232986707574 -0.00619417306213069 0.0851157257373771 -0.0715411128976585 0.0622637360748657
CS18 -0.0221811242332003 -0.0031319069683843 -0.0977325067467072 -0.107987715772763 0.0078212079186039 -0.0134291939946519 0.0706393674236961
DK01 -0.0603226141030763 0.0642939195749948 0.00187899950333606 -0.0561876082340099 -0.0228574046007017 0.0633124769904155 0.0170247805290197
DK02 0.0417943318206675 0.032672137757024 -0.0321982749179274 0.0291092105715347 0.0749209137917072 -0.014352669936751 0.0466275387288418
DK03 0.0895020742723094 0.0243408976145265 -0.126569261859858 0.0550139247713524 0.0429758292715607 0.0276468361996736 -0.00637546915170765
DK04 -0.039679287164942 -0.0824973019436986 -0.141605000122351 -0.080321548090743 -0.0271991528474046 -0.0438649562938612 0.195518954144443
DK05 0.121116904993886 -0.517543890340754 -0.106497651607038 -0.0801677408783035 -0.100665951272075 -0.157070083422641 -0.0473529855072245
DK06 0.00021126554681778 -0.0338769057910162 0.0402188589260632 -0.0972028943364566 0.0169390936182459 -0.111488244931317 0.00302704322636582
DK07 0.0257760332285668 0.0768011828927536 0.00601691492840352 -0.0568401707495941 -0.0794769342196818 -0.117872709799991 -0.031349936261978
DK08 0.097753311804287 0.0290958468027988 -0.0203345400130684 0.101633858086122 -0.0685579800858647 0.0054731909545709 0.0736323040429892
DK09 -0.0317900708932703 0.0184188478478867 -0.0119993861151338 0.0477442530341492 -0.083071858154882 -0.0263996593781091 -0.024415863199174
DK10 0.19943690067651 0.104699200460438 0.0314337782627628 0.0422278993549297 -0.0329488829094748 -0.0440641364854945 0.0589702283208252
DK11 -0.0722105652738097 -0.0229742260651626 -0.0456304341000115 -0.146265174516102 -0.0788562967343308 0.0246654941645814 -0.000754253218854473
DK12 -0.0629698340835187 -0.0504574738539881 -0.00559035995144031 -0.0527116933227443 -0.00441388613763649 0.0378787023622271 -0.00384823068147287
DK13 -0.0266945232950933 0.0424389126735793 -0.0105149934739138 -0.0481034664868827 0.0495382165194268 0.0100952583994353 -0.0626714241855241
DK14 0.0740788097505486 0.0551552904006953 0.0296308503433925 -0.101619596854506 0.0739061356202079 0.0824851787847986 -0.111428831438383
DK15 -0.102774509967271 -0.065011458969676 -0.0758470095598596 0.0339576449694658 -0.0755592421983986 0.0125389462999222 0.00743091932974305
DK16 0.0146765100707284 0.0264844850499245 -0.0676928199196191 -0.0584200368126209 0.0700798950594646 0.0065381865611018 -0.00943137086624793
DK17 0.0143124010645029 0.119870729949232 -0.0409005335997896 -0.0142614465600112 -0.0316392763811157 0.0916040423040064 0.0090034266889456
DK19 -0.0421787151056359 0.0249870861624548 -0.0765758604877495 -0.0327569849676336 0.103483962629939 0.0819731760473027 0.0170708581292167
DK20 -0.0597386546899894 -0.00958882464842464 0.0241592528903066 -0.147922970200316 -0.00295991036768041 -0.00793516281650673 -0.0396812850268009
DK21 -0.000887674920403682 0.091934202818008 -0.0986704522319912 0.0979074986400689 -0.0839558558190596 -0.0934412728536823 0.0327508083940751
DK22 0.0235852537248885 0.0777833412363108 0.0297540885542203 -0.0312836644904439 -0.177394521806441 -0.0717895388279799 -0.0246213161405957
DK23 0.038482626332409 0.0753317958571494 -0.0990236278662527 0.00392319216460437 -0.0746304585765084 0.0134000336535024 -0.00122765312605115
DK24 0.078350145754091 -0.0951430593075114 -0.0441611668610158 -0.0646189835784202 0.127974422956378 0.173244815845162 -0.00835632969601634
DK25 -0.0225480441057561 -0.0525342935094884 -0.00761964854579265 -0.0456383160056735 -0.0743323758178188 -0.00119633201773138 0.0696940400565069
DK26 0.135540292129815 0.000166917720572447 0.00224615834423027 -0.00982085559615042 -0.00992851422743121 0.124107803243122 -0.102626497912706
DK28 0.14465240238126 0.0420490309703365 0.0768496017299698 -0.0143510166117 -0.159875707990043 0.0115032999679468 -0.0429003413868255
DK29 -0.0825870798997088 -0.0365634024942381 -0.0132031438877094 -0.0500287577195227 0.0693039795950553 0.0989669230019276 0.107880821502125
DK30 0.119640755304637 0.108021921164698 0.0515603016287864 -0.171352573961694 0.0826776233003575 -0.106347950051647 0.0606604379672234
DK31 -0.0298667689756514 -0.0307870562092458 -0.145550781147596 0.0216312775910039 0.0629006566246745 -0.00695915114160061 -0.05363236087634
DK32 -0.0388007322562196 0.068160932657639 -0.0152976551469955 -0.0495495733378188 0.0476869402725859 0.0986999281380278 0.0756407526112117
DK33 0.10079078058919 -0.0139746598932945 -0.0890049949078599 -0.0901754488441141 0.110175044992789 0.0445880884830017 0.0761552014957715
DK34 0.0386919858314725 0.0817835019429171 -0.117971549166622 0.0838803481357959 -0.0917309378468592 0.0794022758548104 0.0369582220803693
DK35 -0.0364158442024607 -0.0263101497837564 -0.159710294187408 -0.00944651265383297 0.00329570971881715 0.0722698758132211 0.0305245106862574
DK36 -0.0759478130205394 0.0202636080154034 -0.0700829718598526 0.0220665309236313 0.105419451724523 0.0874615462667484 -0.0195367905134626
DK37 -0.0132290317010064 -0.0131570368982031 0.022066263250545 -0.0699249942554955 -0.160066342603948 0.0777490399096393 0.205229637109805
DK38 0.00191221104114974 0.0069935176947167 -0.0630169337670112 -0.205598536583748 -0.0606406022424538 -0.0245808811251639 0.00349324126044045
DK39 0.0291764341993305 0.0236088253433827 -0.135780296387756 0.0308345745619903 0.0791153589966967 -0.00790753597950765 -0.0184290215566929
FR01 0.0369304459179733 0.144240553373369 0.109459307540471 -0.0416204432501907 0.0611323254328255 -0.10701897097913 0.0649874100354731
FR02 -0.0533636689227375 0.0397146664769534 0.0610295105310557 -0.0200525451463265 -0.0222533547862037 0.0228332283318271 -0.0517727181376386
FR03 -0.0140069631936184 0.0993585118836491 -0.0697387041145634 0.0569698225323793 0.0325764336983574 -0.0338574691198375 0.0408412736626165
FR04 0.10186997172795 -0.0513595609590367 0.0274578562240275 0.0450518010054772 0.114353891340454 0.204713603327137 0.0316796486671132
FR05 0.136094704760069 -0.0464465437781608 0.045581150026169 0.140918444998986 -0.0268173702514564 -0.028628882510332 -0.170300766677787
FR06 -0.0362636460234212 -0.0332110340139474 0.00476541596762372 0.194469914618021 0.00148842104055234 0.0820385237932712 0.000101367480485923
FR07 0.173303408003845 -0.102610484175689 -0.0014814939512655 0.153044220429326 0.0348728537077389 0.0383929246083684 -0.011371225682732
FR08 -0.0455814054042461 0.0265583032636321 -0.0388013995762353 -0.136769279794832 0.0296642515825712 0.102287383884836 -0.063424020501537
FR10 0.0318314237547734 0.0484212020654327 0.0337482957803513 0.0225049118974715 -0.0509839832109706 -0.113416516058955 -0.0629623551833535
FR12 -0.0161870622718813 -0.045970272267154 0.0587604921195665 -0.00844770056454118 0.0888009316984361 0.0208009991930532 0.021370908077706
FR13 0.0729403556418345 -0.0379921963971892 -0.111050364013772 0.0560719723354301 0.0786530790891492 -0.012120552024978 -0.157152770875867
FR15 -0.0620212445763944 0.00847883322476127 -0.0665616733614955 0.120591454873232 -0.0121563904901874 -0.0158104238256044 -0.00479591897426493
FR16 0.177320190206864 0.00862162758064194 -0.0397638679605541 -0.0335110871666091 0.0423369949326398 -0.0144579097484783 0.00077547611661952
FR17 -0.0486797389692582 0.0626014244661927 -0.0509811252005393 0.0941267069828215 0.0336122155470282 0.0891834885505693 -0.0384871408319535
FR19 0.0299151917728277 0.0559423110327498 0.00656748874506543 -0.107301782190933 -0.122729385921514 -0.0818935783903759 -0.0134892345130556
FR20 -0.131283565132132 0.0142462682362832 0.0593348011564178 -0.0118156034569129 -0.00187298228639037 0.0794828598500723 -0.0376483669686217
FY01 -0.0325473869581855 0.050962030274016 -0.0203258688459287 0.092632630903986 0.0665682918781611 0.037646024387123 0.004828365477334
FY02 -0.0860858394249709 0.0606007931969402 -0.0502365802999486 -0.0165175478262231 0.0650776647744078 0.0245565563568205 0.00936180667163719
FY03 0.0441101577539446 0.0601093016356506 -0.000865908358967537 -0.091102942861786 -0.0668210070364766 0.0727499435423717 -0.0431178249277224
FY04 0.0541436351551327 -0.137515674639622 0.107063245224551 -0.0256504905910099 0.0845347542004331 -0.0762288919846188 0.0767237291244205
FY05 -0.00175645424249968 0.00414566943969549 0.0837358169306828 0.00681478424679147 -0.129699070470289 -0.0313542375936958 0.0648431031596559
FY06 0.0171609355213504 -0.0150720123025486 0.0939908635338305 -0.0212513948626208 -0.0645762271676448 -0.00973281617432262 -0.0539331219338282
FY07 0.0626635276892894 -0.103955963938349 0.01946028598858 -0.0891034108658744 0.00647518475130663 0.0549897311861503 -0.081634287420891
FY09 -0.0186683354589106 0.0419159278127872 0.0541975504910287 -0.132946945134234 0.0349053139247133 -0.0167452125924432 0.0487670254755627
FY10 -0.0332369182546796 0.0314541011086713 0.0693490381271115 -0.0054104937260418 -0.0567547209670111 0.0886345392568297 -0.0836272122596098
FY11 0.0945856418187863 0.0480555664808432 -0.0256594371477518 -0.0291631374485159 0.0872427166595103 -0.0485337068417492 0.00038596110404156
FY12 -0.0638202878885735 -0.0603878658180532 -0.0768956431353302 -0.0444463486042245 0.00350922111249403 -0.0867729155787755 -0.0687718869236219
FY13 0.037721531833441 0.0989175979684454 0.135974048028881 0.198700557752828 0.0342645637149494 -0.0332426237875783 0.0530420903307138
FY14 -0.065025845475436 0.000884480124952401 0.026341641062481 -0.0634809550732185 0.00802511436139122 4.18267905653367e-05 -0.0859537527481981
FY15 -0.0972693822984008 0.02207665638587 -0.0526449892849098 0.0622853897776202 -0.0368704102753628 -0.0102421441444872 0.111040082946429
FY16 -0.0255913956279917 0.0701422820737002 0.0421599445379568 -0.0276192181342751 -0.00616902320886513 -0.00151439616700975 -0.0763386519769091
FY17 -0.0383256366294619 -0.00208304138228991 0.0146845773995132 0.0384397707179154 -0.00729027469883472 0.0705017687952492 0.117287834872649
FY18 0.0288948633228352 0.00253855914306739 -0.0426846713430987 0.0542696039021337 -0.124295153316202 -0.00537959571516277 0.0676305270459139
HH01 -0.0851060102704818 -0.0819050940357356 0.076312193703437 0.0767097229120511 0.17745048195466 -0.0802679366620366 -0.0417437708355269
HH02 0.171631126764824 0.0663264939922405 0.01082914996964 -0.00497461217040869 0.0882266713007978 -0.112917074111794 -0.00678536842806618
HH03 0.000321899255341122 0.0232472659485789 0.000210185186496433 0.015492042521212 0.0746986205745072 -0.0693080411829318 0.0422335518994158
HH04 0.0563835824845671 0.0434052797006451 -0.052294731869282 0.133780294264247 0.0181702411063817 0.0222707314244899 0.00593290595778079
HH05 -0.0285428659204868 -0.0249598837427108 -0.0122115401653328 0.0516978507179173 -0.0426956557485205 0.0570044483465968 0.0568417812427077
HH07 0.0376636967027499 -0.091300012494323 -0.00850193474804345 0.0298528119592195 0.01400630126592 0.0209773887600135 -0.088102034964443
HH08 0.0743703800243783 -0.0214538709490195 0.0274931313304991 -0.0054838377858026 -0.0147442937469879 0.042768919085191 -0.0078068174171363
HH10 0.0478666579778119 0.0714949736798481 -0.0530845058279618 -0.131468319391513 0.0277549187182075 -0.127845552078035 0.15271050436079
HH11 0.0399973033802386 0.0562548573281519 0.0403967575991942 0.0532512013973403 0.0883637653900834 0.0414054100585063 0.0714808638558942
HH12 -0.00508738900559631 0.00418551543495701 -0.0115794824014088 0.0383298478345217 -0.0729028905320834 -0.0385626301437847 0.0958677917210038
HH13 0.0210801201388892 0.00993584592069919 0.0544272131421119 -0.00597835857469119 -0.00666746105459974 -0.00723824373038335 -0.0397044880355432
HH16 -0.0153188688399744 0.0795027088157842 0.0350130000477212 -0.0743443444625886 -0.0599052680950233 -0.0327641150306374 -0.0398692674536802
HH18 0.0598832536277967 0.0130301101186296 -0.0790239865054476 0.0333170859023404 0.067386576720205 0.0915805927590467 -0.0243627165084524
JB02 0.024723463037732 0.0681612908497059 -0.0599122985527972 0.00456659256889542 0.138005485480993 -0.166535331598122 0.0563314218189203
JB03 0.0409271622348117 -0.0623899034497079 0.106996951670137 0.00699363707894345 0.0178281809469664 0.141265403792265 -0.0175809891237964
JB04 0.0403117120630037 0.0593515835711173 0.0662801261632109 -0.0377997325195709 -0.0605217939034445 0.0396282426379298 -0.0664356651640626
JB07 -0.0147885630614208 -0.00937392221659198 -0.0527663091239499 0.0150373263681723 -0.0286395738686964 0.0501044261933929 0.0151617790590318
JB10 0.103415772423591 -0.00461418803097483 0.0464150121127166 -0.0137551816895845 -0.0133479638243798 0.0198346778850696 -0.0161794152063088
JB13 -0.0358738265153642 -0.0124379529879895 -0.0801415168398969 -0.0175422761204936 -0.131477626852041 0.0214911186655565 0.00492635473015393
JB15 -0.06251603615678 -0.0638449487876079 0.158497223640263 0.108565254916383 -0.00700993205730253 0.0325004887958131 0.0193593986214049
JB16 -0.0673418250719484 -0.0519135478731426 -0.0248262035236563 0.0121526764872714 0.0194022494469034 -0.0283175969250983 -0.0589977688405045
JB17 0.0811622602587975 -0.0110301300317839 0.150857059713821 0.0587995569932257 0.0594767075462962 0.00286828778738592 -0.0919894390096143
NB01 -0.0270425357177853 0.0165825803472049 0.0384863953291679 0.0370480956723771 0.0302060739924078 0.0188861532523791 0.0889449817443523
NB02 -0.0639208547740456 0.0071529478414205 -0.0276179916535839 0.0285339457672921 -0.164662612595273 0.105898752813513 0.0995676814549986
NB03 0.0287037791852857 0.0205917401569592 -0.0661997638651608 0.0489125186206527 8.19617551040785e-05 0.077194601368419 -0.0978984964218493
NB04 0.0103332409299923 -0.0138049460747663 0.0022774157542119 0.0277960278390843 0.0486598128727723 -0.0191341346147018 -0.0245690780648796
NB05 -0.0815201357420215 0.0492162300975589 -0.0821655762469898 -0.0141550382129007 -0.136145171393954 0.0156004826213029 -0.0829810539973085
NB06 -0.0235207388160192 0.0670383435833779 -0.0495514575703039 0.113231178127518 -0.0259438879473437 0.0804758124866112 -0.0276971542544014
NB07 0.115298110930417 0.0218674331107974 -0.0415010340690511 0.0631047081617903 -0.0246006717868584 0.032095373491807 0.0316752717310086
NB10 0.180546777547109 0.0828400759908331 0.0262281989614429 -0.0434239775791598 0.0622764900873394 -0.00904189105904293 -0.143200682333582
NB11 -0.00954509031353869 -0.0317119358826802 -0.045507362073021 0.000133202136864645 -0.158892754327957 -0.0174441633881869 -0.0768578778676387
NB12 0.0051075442729985 0.0530733236259759 -0.0804306220927956 0.00587655788470393 0.0983566230038848 -0.00180683511696111 0.0559769584358473
NB13 0.0292540553978968 -0.00464629902147217 -0.0747284433813925 0.0209335057928413 0.0555687435426664 0.160016205379913 0.0319421189184957
NB14 -0.0417742774668212 0.0720761360146925 -0.136685570558389 -0.0612346366579188 -0.0246708431715868 -0.0323163395217834 0.108190754425352
NB15 -0.0506878368223558 0.0295763074984676 -0.0223106777382596 -0.0405731892230801 -0.0478073312147447 0.0831593741371349 -0.0221444468547176
NB16 -0.115168675468535 -0.0290479333354243 -0.00876595283281601 -0.096459543898988 0.0502558665685236 0.0504375649268215 -0.018193703327586
NB17 0.00283365124659824 0.0227229017848339 0.0509696299881006 -0.0219740368709971 -0.106457849771044 0.014307328940728 -0.00685584013375794
PA01 -0.0146070448349922 -0.129422395984826 0.0816483667235966 0.00567918234316072 -0.0168189030552326 0.0787422299482893 0.0645445986608197
PA02 0.0291612734880936 -0.0264736317049672 0.13314030839819 -0.00898311636131886 0.0763305216579558 -0.00799700092644063 0.0784125810529988
PA03 -0.0482335201749956 -0.0201361315250172 -0.00229767648802994 -0.0168466245467572 0.094802575064778 0.0130809404024035 0.125518655231471
PA04 -0.0549128369087785 0.00132691095389799 0.0333856191179276 0.156154218309579 -0.0812652942432813 -0.0100317223028464 -0.0290104496369884
PA05 -0.0924290791322601 0.0155457199460658 -0.0222071435401775 0.0214353627360803 0.114666324263001 -0.0352832369050637 0.0247177694392692
PA08 -0.0937744884744461 -0.00815233451038861 -0.00545379449990438 0.0644629743722965 -0.0162674676861358 -0.115956464194632 0.0110897814861099
PA09 0.0810498680051157 -0.0734802507048885 0.0411374911533591 -0.0832943437970645 0.0742991348329711 0.0208930181908003 -0.159006037427137
PA10 -0.0212592010736529 -0.0847895816495167 -0.0149936154159261 0.0746204889778369 0.0431731953920443 0.0718411704698627 0.124280716738435
PA11 0.155547030953424 0.0307568824162446 0.0096765247390668 0.0550247173461297 0.00541908690369648 0.0324931687024841 0.114457239464775
PA12 0.00207245122249664 -0.0131786327251853 -0.0488875179060589 0.0884687862371847 -0.0590930671007383 0.0798970553941566 0.0678523569826098
PA13 -0.015070791939853 -0.000143305205969023 0.0196097203356322 0.105103401771935 -0.0404546984328299 -0.084402786459568 -0.0400408411310106
PA14 -0.0833545376447775 -0.0317188860874689 -0.02602465686609 0.0521107677921674 0.0018591989463046 -0.0603149869490296 -0.120338078650624
PA15 -0.0058113469282787 0.0581626643574112 -0.0105825188639552 -0.0971352937011917 0.0721960692560112 -0.133479980151274 0.131886539003301
PA17 -0.0296717212205894 0.0594768582782989 -0.049161353553742 0.0552431887691791 0.0444729900450906 -0.00764768388300692 0.00134436521238592
PA18 0.0527169101003386 0.0151390391006353 0.0624633255679339 -0.128781753501553 0.0319684082903337 -0.0972099447491415 0.00224257621614373
PA19 0.122596863810911 -0.0408004476539987 -0.145090860930998 -0.00768773112778385 -0.0884850431733156 -0.0465762570153746 0.110478891033872
PA20 -0.0395203611264725 -0.064684440974001 -0.0766626772579666 0.0581968651297241 -0.0613853258581062 0.0610595749488761 -0.0565404187663056
PA21 -0.0406194637801757 0.0514401614637104 -0.104013326348021 0.0279015995347327 0.0292371904539772 -0.0453801046424225 -0.061584173949059
PA23 -0.0205874973195411 0.0628968123692358 -0.0105127879326585 -0.0238409286320231 0.0715940683998253 -0.0254052020397212 0.0289520622624923
PA24 0.0173381073488315 -0.00907953034524958 -0.126078362802552 -0.0421552993846245 -0.0861640889109344 -0.116575844567318 0.197400292253878
PA26 0.000575362717709472 -0.0327681596907006 -0.00270821242069576 0.0219884529262648 0.0168041212539819 -0.0393980066213845 -0.0920934655588402
PA27 0.0908545628501378 0.0392428108784522 -0.0402886721632863 0.0124857769722778 0.0374043894030339 -0.140671063447788 -0.0348081902487585
RB01 -0.0767206117549389 0.0336366714036826 0.109121415454779 0.107970596994768 -0.0739952326940353 -0.0662394533951718 0.0641035529960173
RB02 0.0590438481829062 0.0373722686654289 -0.00867165996646755 0.0459522459475093 0.0398894580458879 -0.205015498608321 -0.076032055721087
RB03 -0.0478062946700371 -0.0315060975209669 0.0581994519951235 0.0882730856986523 0.084485202496755 -0.158776885654432 0.0441054563525994
RB04 -0.0494061296103314 -0.0195887648233403 0.101592445383575 0.065713812274825 0.0079226691300663 -0.0931957853109638 0.0572073904404354
RB05 -0.0196392975137342 -0.0145862439896105 0.0597386763136068 0.0269320124770414 0.0469046149080474 -0.0326053099457051 -0.0775986663493374
RB06 -0.0159891011001445 -0.0260181661520384 0.138993980485407 -0.063842553344298 -0.0773069209720722 -0.0045147138346185 -0.0895025528424068
RB07 -0.0225442109046014 0.0324084961095456 -0.0499150446417028 -0.0651249129637535 0.00173836073473219 -0.0595052223076834 0.024535845115061
RB08 -0.0624281730449702 -0.0442705645317041 0.0414269748385566 -0.0903257925402524 0.137100935655023 0.0481364107535835 0.0167091293919883
RB09 -0.0387337376813517 -0.104136167663276 -0.00494883772090856 -0.0254089873472649 0.0597446139848691 -0.0378786301908973 -0.108128772390494
RB10 -0.027707233827593 0.0407099856767955 0.0608887205664028 -0.0783156347328517 -0.115323114690151 -0.0819324920728868 -0.140563901923775
RB12 -0.0758568000566519 0.131890431477409 0.0682188152484049 -0.113482977605943 -0.0132512490461343 -0.0573813167325457 -0.00271340333029472
RB13 -0.0723409269656561 0.00746241693675162 0.0863391619682469 -0.0504117898616016 0.0612219880050882 0.054075535468925 -0.0893654503815722
RB14 -0.0238668943505248 0.00645282872366758 -0.0302535348167398 -0.000142003939538017 -0.00414008295225731 -0.000407320410575774 0.0179580722346921
RB15 0.0416846116325165 0.0108379668793823 0.00897916276480216 -0.105528271359369 0.0356480208701727 0.0438130387058308 -0.0856411878462677
RB16 -0.0744210714389652 0.00989972831509146 0.07689405450606 0.0114391642936378 -0.112455267736847 -0.0124539719936621 -0.0227320912272081
RB17 0.0958289419037373 -0.0923605173816281 -0.0530744146715597 -0.0737709184196693 0.0500265951662526 0.0304495428170897 -0.0305402486690861
RB19 -0.0572468093905542 0.0473943760152662 0.170309828969914 -0.0496785042375355 -0.026888917819138 0.202545334543146 0.0111837441142343
RB20 0.0326459909294578 0.00575909032619831 0.0425152294213103 0.0109480805745681 -0.0553437244404684 0.0530037171419077 0.0898095748809089
RL01 0.145610432975687 0.0810390772830172 0.027577666270423 -0.13209208107033 -0.0275206481235977 0.0524152931705709 -0.0205459942781122
RL02 -0.0152031630499622 0.0135357747549384 0.0744426406144347 -0.0776316269982259 0.00146741763250098 -0.0476217067650605 0.0766414673065886
RL03 -0.088839575031696 -0.0421267047134537 0.0484656023916569 -0.0583658220685783 -0.0681468695833767 0.0726349122733958 0.0278523627490793
RL04 -0.0671951461902038 -0.0393289886163168 0.0583696496708306 0.129165520688346 0.0496457344710056 -0.0342322746465316 0.00617047127816179
RL06 -0.097622538507175 0.0107827549108137 0.0663780393453936 0.095949359811386 0.0189910774330223 -0.0591608138025733 0.0258211917089226
RL07 -0.00292713725201505 -0.0852706967549133 0.04576899493264 0.0264086537965797 0.0115040069822844 0.010953950770996 -0.0100852061498814
RL09 -0.0601585521222679 -0.00731374790831084 -0.0122124467059179 0.0517942104239878 0.0786920730081712 -0.114290339730766 -0.011192517778151
RL10 -0.0416098151231554 0.00363009542033288 0.148493008834245 0.137488154855599 -0.0450695082589212 0.0501454499958078 0.0169433906306122
RL11 -0.100886031771278 -0.0710092674801574 0.139164982971009 -0.0260248866731329 0.0791076430256213 -0.130530628664039 0.030270319713272
RL12 0.0281417972787414 -0.104272122138932 0.078352506606112 0.0075621305355461 -0.0178697856398704 -0.0792719065181934 -0.0231786104616104
RL13 0.0720976773273541 -0.126051486669818 0.131832242153429 0.104190906305812 -0.0192992540321767 -0.0181034077107162 0.0806495942296091
RL15 -0.123284136463869 -0.0689826299672946 0.101625211202334 -0.0690277562297896 0.0255435437741458 -0.0364140160265293 0.0473581584367157
RL17 -0.00964738082365602 0.0366033242740068 0.0354304112740036 0.0432800428959466 0.0266408218520623 -0.125938291554619 0.0186619275931086
RL18 0.222876443982334 0.0185141305193952 -0.00373584083503615 0.0290742279960155 -0.0367836781437654 -0.015683765531402 0.0428966726700935
RL20 -0.00898575642511883 -0.00813870756910397 0.0697526374371436 0.00330733776407203 -0.0101779606366507 -0.0552699404998565 -0.12710464799057
RL21 -0.0609674217903103 0.00509184604790641 -0.0139829599511901 0.0868598446120929 0.0753933703915954 -0.0144665267075516 -0.00436167137083242
RL22 0.077799864021486 -0.130509115408336 0.126672405359266 -0.134213185480869 -0.184981289411335 0.0861759633873859 0.184795789665321
RL23 -0.0328039988635279 -0.0163262415770086 0.166887306226577 0.068975290780421 0.084335336068557 -0.00336904064290445 0.0738652029405263
TR01 -0.050010926195625 0.0563775628093211 0.0309348612282177 -0.0483036150598558 -0.0498186640704571 -0.0151302665558437 -0.101149675372607
TR02 -0.0672042355652663 0.0181613404083829 -0.0245012771354728 0.0154749113129325 -0.011499973150497 0.0586009785196336 -0.0388694425004023
TR05 0.0108126616407884 -0.00903512448765735 -0.111818853759623 -0.0307766656113312 0.0693707139059815 -0.0258611561513265 -0.168803007183731
TR06 -0.0847346766469172 0.0368260704765453 -0.192476310948637 0.0497039841954026 0.00705850857214139 -0.0863099307467837 0.0132917061760755
TR07 -0.00352837138322903 -0.0109133873008937 0.00243792766052338 0.028602807142334 -0.0614978820211507 -0.0433339240753953 -0.110056589992812
TR08 0.00456765105713724 0.0954157412634549 0.031807339931096 0.0488019537775241 0.0377135540193673 -0.0169498289463477 -0.0697342804750562
TR09 -0.120176403694251 -0.0415962797586921 0.0268605875827162 0.00544645111451568 0.0846123003946236 0.0146774410464913 -0.0181947406487829
TR10 -0.09435030002546 0.0248241521606521 -0.0518814591714503 0.0833532015996517 -0.00698455353978691 -0.0475956322763255 -0.103571597447827
TR11 -0.0706081805142385 0.00857763004263768 -0.0339582921330105 -0.009185190523631 -0.00487923865875021 0.0482115894873504 -0.0416200662153688
TR12 -0.0197637347056397 0.00953321351002321 0.0207006895986886 0.0704053812920344 0.0720929172519247 -0.00856079651763724 0.0830248322963225
TR14 0.245410667390686 0.0247683816569024 0.0947297998802821 0.0637404428795375 -0.0201582181879944 0.0319843166942453 0.135859781369124
TR15 0.0150487892066007 0.0706566232511445 0.0307846720865789 -0.00652465495877912 -0.121315322132109 -0.0875781772545315 -0.0482678430272562
TR16 -0.00297081549781502 0.0865390935196616 0.144114043221871 -0.0896276829092468 0.0338337629404245 0.0135900351439851 -0.00932265488744668
TR17 0.0316184350374232 -0.037658821080864 0.0772372087035614 0.0174956023884422 -0.0538136301441724 0.17000682857377 -0.0950130540098328
