sample MDS1 MDS2 MDS3 MDS4 MDS5 MDS6 MDS7
AN03 -0.00984866640465998 -0.0442236829474307 -0.029360460253368 0.052587414010834 -0.00983920985209914 -0.02761446377743 -0.0627202446932089
AN04 0.0669506648070071 0.0438867950661848 -0.0305043247986047 0.0295458674887706 -0.00169548987705537 -0.0691565149626998 -0.069366999478608
CS02 0.0522429808320846 -0.0510753146156659 0.0262697042590511 -0.0422507054656703 0.119228729208165 -0.0874118843787517 -0.0061231567883186
CS03 0.0435949142644635 -0.0144197861629021 0.05881939943079 -0.00299030163894289 0.0179700460232894 -0.0733524680950929 0.00496723919915631
CS04 0.0200187444600022 -0.0151654896006295 0.00875626529626947 0.0634787486149874 0.0122106577738877 -0.128714876639777 -0.0246274542943096
CS05 -0.0271699672749576 -0.0583587778669205 0.0516148552799505 0.129271198813296 -0.075378595948052 0.0125880554490949 0.004417257352654
CS07 -0.080698542010652 -0.116423421020214 0.140838170820277 0.0914877921765228 0.0278306467405384 0.0540998726358456 -0.0177552515493249
CS08 0.0616784750097562 0.0243327905342967 0.0867205015011532 0.0688454018464775 0.00118193011725749 -0.0621915454871422 0.0594223111101115
CS09 0.0907356334495352 0.0300143815642498 -0.103746914773839 0.0586019646352687 -0.0859005799897535 0.0283645274939798 -0.117209219838807
CS11 0.0852117204883413 -0.0456956814116527 -0.0284036454929249 -0.00595213550995254 0.100186026857774 0.0369023403926139 0.018294606658798
CS12 -0.0840106242890889 0.0194955257516686 -0.00361862166541138 0.0314303900284387 0.0964089218981445 0.0727970326886139 0.0600568507806341
CS13 -0.0359278613761049 0.0249947803559382 0.0594583142926203 -0.0661999728971319 0.164547656790646 -0.103955393535127 -0.0563992050308216
CS14 0.0220936689824452 -0.0629501386137531 -0.0515591680550463 0.0307803725328012 -0.0408175113535687 0.0705606676593202 0.0499689924137449
CS15 0.0130859208485649 -0.050559138423621 -0.0215171350261334 0.0388697189386528 0.0338208703464299 -0.11373547583297 -0.0780973018026414
CS16 0.0231572551844297 -0.131982087952608 -0.109621138744141 0.0777484996816375 0.0582353464042795 0.0319541023201029 0.0269141692915647
CS17 0.132740615077184 -0.0442512762850272 -0.00212243287998878 0.0246482882598389 -0.115778764562876 0.00812884401428055 -0.00628002511586168
CS18 -0.0178424275312873 -0.113720316697632 -0.080660659435824 0.0629503951506366 -0.0278759157611801 -0.044546393293723 0.0903500000434839
DK01 0.0227806727715918 -0.019853315381274 -0.0890075584890163 0.00169795081456364 0.0647264737903193 0.0113830981350914 -0.0613483839974203
DK03 -0.106546870777807 -0.0968120562699041 0.0787998495025506 -0.00237638074631244 -0.0218940893192263 -0.0330303967100376 -0.0468768240706963
DK04 -0.00350325719351793 -0.12661163400819 -0.0807243764027285 0.0307266475565598 -0.037475050809593 -0.173452932492934 0.0504851291399887
DK06 0.0226287624105957 0.0335980848114416 -0.0875143350897693 -0.0672197135769538 -0.064525987679415 0.0341072644656056 0.0644713102931529
DK07 -0.0509508465173014 0.00865435924820698 -0.0987182921053359 -0.137174378751557 0.0511823394814207 0.0155010563238852 -0.00381855323391483
DK08 -0.104078044816041 0.0185617540572397 0.109968239611232 0.021293904086863 0.0683526872899108 -0.0656688743326998 0.00250791648683835
DK09 0.0217580085070867 -0.0199272131624592 0.0311973912829549 -0.013746243048227 0.0957132513328056 -0.0365546286668691 0.0159731782066435
DK10 -0.221902073392731 0.0822635218095132 0.0242503735658014 -0.0900576418379332 -0.0578260742995895 0.00787263141952559 -0.0947827645890747
DK11 0.0525103916041481 -0.0781077715417075 -0.124925899729628 0.0888744152463574 0.0571010168880817 -0.0313753238551009 -0.0343067089934676
DK12 0.0631109889348493 -0.00835437655298423 -0.0252754252990685 0.0511380763239966 0.00264736228188833 -0.0341445254155177 0.00745566072613493
DK13 0.0334284513661787 -0.0518508294888337 -0.0192338671120487 0.00456740247722401 -0.0157000029523007 0.0423706172608319 -0.0216699815544635
DK14 -0.0739325686976212 0.00667862988227981 -0.0866461931160269 0.0754782774550795 -0.024849444750722 0.18916741753066 -0.0989877087503082
DK15 0.0830333640639432 -0.0623941414229563 0.0420832517437919 0.0442768317423041 0.0797884164135539 -0.114606848678231 0.0142958212188343
DK16 -0.0253745121428429 -0.0797268298756577 -0.0236722273221128 0.0169388264159091 -0.0271986319242549 0.0430808984850431 -0.0551689499732199
DK17 -0.0587197988324966 -0.0506023074717983 -0.0437586016624369 -0.0267720559119549 0.0365938790912297 -0.0064368518079266 -0.17034335982205
DK19 0.0238872567701672 -0.0997773565570348 -0.0228633596234254 0.0696585595048616 -0.0704660704228535 0.0295462828685714 -0.00722931649474661
DK20 0.062707193354273 -0.000582914678784148 -0.148469291601043 -0.00364266502976588 0.026696210482662 0.0801970891011268 -0.0530909672619555
DK21 -0.0710786729084785 -0.0814339367731524 0.0698285116696897 -0.144769001133358 0.0897318842566519 -0.07084246190779 0.00601307477620161
DK22 -0.0558870990353428 0.0541293016646707 -0.0758010377405635 -0.08544709940563 0.174114367111239 -0.0145869811204653 0.0603475981772597
DK23 -0.0882848345768402 -0.0665429067961886 -0.0177228227761089 0.0150148751468686 0.108701023074901 -0.00378968660953673 0.0538622420314381
DK24 -0.036251507226308 -0.0327470342763314 0.035029329803601 0.242450588698788 -0.0846364332920236 0.0481154697069705 -0.0349518163290361
DK25 0.00838594739339303 -0.00218531364582474 -0.0369223812132658 0.0498371524900005 0.0608928279094445 -0.0502557648007644 0.0222241958006551
DK26 -0.102107526886691 0.0342473814593316 0.0310907096363937 0.0829159438140675 0.0226433111674757 0.0473300239010458 -0.173097626606532
DK27 -0.117407291389649 -0.128379668439951 0.0354198471299842 -0.0340133191382196 -0.0393587966261953 -0.0319333273149403 0.0684716143094493
DK28 -0.152716447574248 0.142829128212621 -0.0708586696984764 -0.0274161783705441 0.0992702650655576 0.0455214685542151 -0.106246445133331
DK29 0.0768845000004073 -0.0544358757350993 -0.0588728952391321 0.107191481020936 -0.068398880934348 -0.0518768774482146 -0.0859045923645237
DK30 -0.14027528938842 0.0272360466437971 -0.136650932427049 -0.0211631812147519 -0.160452200818703 0.0986983848706628 0.0799892952493599
DK31 0.0097390179560861 -0.13595631875989 0.0622971175400452 0.00351563511272059 -0.00635449612749428 -0.00134159384759958 0.08481289474644
DK32 0.0206028104705339 -0.0528650436390006 -0.0849342284053368 0.0374023927951903 -0.0088155637191172 0.0117919229209416 -0.138081831279415
DK33 -0.1047579269257 -0.0938071122595867 -0.00925993096605939 0.12802007749686 -0.118774413986987 -0.0427596680988047 -0.0564300251410939
DK34 -0.0825861548426555 -0.0973119835323338 0.0762069742256411 0.0647317575599845 0.119312156035557 -0.0632220857917807 -0.0269843120620779
DK36 0.0559285189817035 -0.102335944173768 0.0456160702719481 0.0379509168137794 -0.0197054445469772 0.0144180162410817 -0.0367170677808892
DK37 -0.0318870705753118 0.0786946251193958 -0.155642862138756 0.0016123597657889 0.00581319307455903 -0.338684444982452 0.142358840272822
DK38 -0.0277297596877334 -0.0575486309646141 -0.164734853353498 0.0959894622998147 0.0864450570097028 0.0115205918415518 0.202445042461045
DK39 -0.0219875416103281 -0.144576866640795 0.0490210756205262 0.0298582463374798 -0.0537449193079248 0.00948210044923063 -0.0597567208342753
FR01 -0.0640502989442223 0.0821255068857116 -0.0846545480318276 -0.174825340964171 -0.125453784644974 0.0257401857091705 -0.118637325996877
FR02 0.0501596186792641 0.0364166318923246 -0.0312173759310558 0.0192127990778907 0.0369282504602997 0.0152254673802197 0.0513162067205707
FR03 -0.0262215040604386 -0.0782505471604134 0.0160776987469261 -0.109544224132591 -0.0400797782972923 -0.000947234382428744 -0.124449686764772
FR05 -0.0668448401827824 0.102771511443853 0.178652898242162 -0.00894935137788705 0.0640051392015432 0.107828747610383 0.00737393286787145
FR06 0.0569566176354264 0.0170803910112881 0.174818133264442 0.0395757636788762 0.0286424636566122 -0.0606492165956252 -0.107606195262633
FR07 -0.129551150861074 0.0664765249114201 0.227120234359963 0.102324616737968 -0.0505005060466547 0.0158429534733471 -0.00486751871945008
FR10 -0.0339513164171637 0.0429479294399734 -0.00518573034147569 -0.131735237648449 0.0301483268857088 0.0420537930548689 0.0870263363567813
FR12 0.0412819660899995 0.0525207251658157 -0.00953316038517384 0.000169477695554524 -0.114720386397737 -0.00563782550879332 0.00580113458752884
FR15 0.0426880030490415 -0.0604400367538175 0.107348964058013 -0.0304517847310626 0.0405345242923772 -0.0469824748162292 -0.0369246291717022
FR16 -0.175696720660842 0.00417482971177647 0.0227225009870654 0.0330985598261848 -0.0911040356200696 0.0594557571736716 -0.0203396303674926
FR17 0.0209199862747156 -0.0425511890806788 0.098935314409025 -0.00756710530974206 0.0406195619801174 0.0200580148434284 -0.03408584611936
FR19 -0.0561350431500557 0.0333820821844409 -0.140226800235594 -0.0364816987324358 0.0951168470797256 0.0329108498752274 -0.0171236580019721
FR20 0.120559665453355 0.0212827618516111 -0.0255636934166652 0.0484553783514526 0.0578765449911615 0.0501033459276727 -0.127563631072207
FY01 0.0231313037792275 -0.0327484552950494 0.045901690347503 -0.0633784827210341 -0.00583111087454923 0.0113288005210419 -0.032651676662272
FY02 0.0560682842771826 -0.0967768253715316 -0.0317256548263536 -0.00139097842647496 -0.0270675953593224 0.00806712311936936 0.0528109484237593
FY03 -0.0745654438418818 0.0227613349841124 -0.105086202113184 0.0116780252816333 0.0282593959962016 0.00323851666647882 -0.0200093496347193
FY04 0.013777498848896 0.10109088474267 -0.0160766877297314 0.0190355470278346 -0.168631402539437 -0.0409795616223107 0.0181745376171722
FY05 -9.47938626826601e-05 0.0893161409425782 -0.079597598018034 -0.0626399510704771 0.0884766335758909 -0.033934452887596 0.0452075362090232
FY06 -0.00714344874353828 0.103793941548854 -0.0328004781469429 -0.0116149617863183 0.0729227895615144 0.0630131813961839 0.0311798428597221
FY07 -0.0309289367669752 0.0490054437452571 0.0149976296704635 0.159511252088264 -0.0210600967983131 0.0497735836798126 0.0423255456364684
FY09 0.00551400344777767 0.013181173584281 -0.12168097637477 -0.0021072392342652 -0.0772358610309945 -0.00671505016068119 -0.0321381222873792
FY10 0.0402413668790199 0.07798404597145 0.00378616272792152 0.0742188552286492 0.149547552453526 0.0979771555598112 -0.0653721667320927
FY11 -0.113182529567408 -0.0422194420157451 -0.0118498833699761 -0.0509129009937643 -0.0725953639777857 0.0722850623743008 0.0267994048046446
FY12 0.052844363920704 -0.0738227361586068 -0.0184412395014 0.0286621409925112 0.0219985456946871 0.0219636685790603 0.200004912187902
FY13 -0.0298241930417108 0.144115455679901 0.140086624294613 -0.156527527746009 -0.0489471483501596 -0.0643953529530669 -0.0394278910459246
FY14 0.0614123094307671 0.0159476341960318 -0.0374730909327311 0.0391545777366578 -0.000642078550473826 0.0243923818365923 0.03441558314366
FY16 0.0222022174245311 0.0348078318288151 -0.0435806395729618 -0.0271497141258181 0.0494121915372305 0.0597885150472671 0.0435502343472712
FY17 0.0348071939041056 0.0214011987839053 -0.00416880503647882 0.0255975705970006 -0.0119250880753579 -0.110809152796658 -0.0229942293332154
FY18 -0.067263572493942 0.0117839614465408 -0.000449750096645895 -0.0421063039916332 0.0644659688307368 -0.13393444831294 -0.0184509672238685
HH01 0.150900415761453 0.0231969643208796 0.112775449832911 -0.0393976646555315 -0.16927043251807 0.054552958376129 0.0429854610638009
HH03 -0.00484690271299381 -0.0182126874663937 0.0105031777734202 -0.0642149754046227 -0.0808194219392463 0.0204907398222117 0.0326262861015133
HH04 -0.062594624615976 -0.0541027804706788 0.139130216831796 0.0140845163133916 0.00440683130768536 -0.0156452889963987 0.00297635849222147
HH05 0.0141127762776989 -0.00254639996235668 0.0243593082145658 -0.00372637177730985 0.0480525410932543 -0.0508889251976806 -0.0971145245328521
HH08 -0.0596778619279364 0.0485681083570289 0.0270230451269721 0.0789694188904377 -0.0366845549609762 0.016936266613663 -0.0317752767292443
HH09 0.0544404049061121 -0.0282060146016509 -0.0137188378344043 -0.0799867255127142 -0.00800493705411539 0.0355654157274502 0.0339199498010339
HH10 -0.0998557085419728 -0.0614526355468817 -0.165120944488056 -0.0890390825273394 -0.116466826319033 0.00578928110026722 0.0428120359070117
HH12 -0.0222236352884417 -0.0142199184066325 -0.0372831926604672 -0.0944847414583277 0.0167203754525212 -0.0921840177515958 -0.0224674823181781
HH16 -0.0135013145021423 0.0480670612832141 -0.104949330999925 -0.0573879499688091 0.0880778565116323 0.0421889694306511 0.0501854091337671
HH18 -0.0661099861210441 -0.0914830675291787 0.0951391580054499 0.103247571897171 -0.00335039279792086 0.0249322200979549 -0.0246958285069922
JB02 -0.0434770724494826 -0.0803141936184114 0.0199713433082969 -0.125459014368731 -0.188888815706587 -0.00866522131256761 0.073123364831829
JB03 -0.000150160211614725 0.126579428905596 0.0729418846496004 0.180395027961929 -0.0441100702425014 0.0184555170617039 -0.0203002572369265
JB05 -0.0397748194308117 0.071010958006702 -0.11218662070546 -0.171312685265875 -0.146212344446351 -0.0765197538038387 -0.0596771660057315
JB07 -0.00953909461358928 -0.0388138268830075 0.0372004789962591 0.0537999132979149 0.0462724954547686 -0.0671753300088756 0.0403013298225323
JB10 -0.084892880039964 0.0714301359498148 0.0202765322344679 0.0777972147462794 0.0159055701206333 0.0342799835795823 0.0843483029348544
JB13 0.00213889325763262 -0.063536492282707 -0.0544774474112247 -0.00700892124424251 0.141526275931212 -0.0542889602978368 0.06341825108423
JB15 0.0965491541643508 0.149817863354582 0.0742027376692329 -0.0243389191001002 -0.0054660545402216 -0.0478076467558178 -0.0354570034329185
JB16 0.080773294749266 -0.0198887466620172 0.0013258168073689 -0.0109820945090514 -0.00556968054297518 0.0238623027724938 0.0659253760264932
JB17 -0.0153089174616749 0.162679644596648 0.0971721543460727 0.0189153707198594 -0.0245713826862514 0.115320142919329 0.0927846800605011
NB01 0.0290679332681066 0.0194753014233264 -0.0168966274347222 -0.0529643298003021 -0.0254997814821888 -0.0606042306463046 -0.0724841495921371
NB02 0.0255929837900616 0.00468210002836327 -0.0349852819555954 0.0456899857088315 0.134840712768414 -0.163230758047521 -0.039395835767474
NB04 0.00835161762067023 0.00171330918339265 0.0429961407823292 -0.0112557448096311 -0.0213659423015576 0.0548652944053935 -0.00403175421370549
NB06 -0.0100512373363143 -0.0447469398780765 0.0685802079855319 -0.0583837136926995 0.0684553895666188 -0.0336583269401181 -0.112381736443314
NB10 -0.168199578406928 0.0452454274317407 -0.0125386421529002 -0.00247115207660417 -0.0421640840756927 0.21049782845136 0.0438343156282351
NB11 -0.0172137278792954 0.0101939232487505 0.00554665936103233 0.00890802908174422 0.141532820399026 -0.0323173054295713 0.0340393808116952
NB12 -0.0372456456525204 -0.106742748716753 -0.0093202354763492 -0.023381142597562 -0.0940357963160911 0.00144306946965748 -0.125415221816624
NB13 -0.0338007586528737 -0.0699649626251014 0.0396901652269421 0.132857071560926 -0.0120413106505564 -0.00291366758737668 -0.0217263497957442
NB14 -0.0426937969532333 -0.155987549734594 -0.0857387866778259 -0.0295817267695102 0.00365886495545722 -0.0931933039285054 0.011421744777292
NB15 0.0394592184617366 -0.0366008083424774 -0.0651267909649661 0.0414078992355036 0.0715530044354261 8.83358304726728e-05 -0.11988389774165
NB16 0.120071985193554 -0.0395887720581752 -0.107696546647181 0.0602065550641499 0.000262319139408886 0.0559493919428419 0.0211130095512067
NB17 -0.00122390209415949 0.0502910600320417 -0.0343936391534658 0.0246296692681115 0.107868884595466 0.00673694566998898 0.0237834032613535
PA01 0.0767001096740507 0.109782862086891 0.0251990878876094 0.144560291421195 -0.0154707235444656 -0.0700517184761946 -0.00690082794280182
PA02 0.0185332907565715 0.12553719736096 0.0231817529838258 0.0527979407606997 -0.158229459593628 -0.0540775591431355 0.0475545207547127
PA04 0.0548988492548808 0.0309899072604777 0.13374787677933 -0.0544270566015633 0.0836817394781742 -0.0725194664071648 -0.0328069742528928
PA05 0.0919522696920778 -0.0883348001027907 -0.0229293023717895 -0.0742396085866221 -0.0711585594184119 0.0142625095102423 0.0505230471835501
PA07 -0.113927473467026 -0.0206276221666201 -0.0333038933277265 -0.0605031184881207 0.064968991612986 0.0131908508050639 0.0429415045645448
PA08 0.0783391791005919 -0.0169717966065286 0.0298991108404634 -0.11505704552253 0.0211262537694031 -0.0220936464295386 0.0578916818159901
PA11 -0.165632999348573 0.0399695633056901 0.0416204978826129 0.00430001975618873 -0.0507389069227873 -0.0316859934389995 -0.0303837578908871
PA13 0.0303999136228784 0.01668286963018 0.0877030977891227 -0.115334900730787 0.080297639711814 0.0368558530600899 0.0531326152735231
PA14 0.0924212082399765 -0.0520672775233158 0.0706903570934037 -0.0656855922804143 0.0822289687467804 0.109079590303863 0.0736300377061293
PA15 -0.019756409527565 -0.0550550658583579 -0.0977401055562999 -0.06090183775044 -0.166825858236216 -0.0196199203326802 0.00575892007640452
PA17 0.0167957394233743 -0.0667314469545292 0.023535558449477 -0.049733891485298 -0.00183724113207818 0.0371209994795981 -0.120469975718846
PA19 -0.167058451508653 -0.0752017473787486 0.0317758568737497 0.0127500526251713 0.0128307251573768 -0.121724316127624 0.0991483924441663
PA20 0.0342466335865308 -0.0404249540372953 0.094671195368601 0.0390627353405923 0.0780017325959631 -0.079169258832182 -0.0308496519371595
PA21 -0.0125159646389509 -0.116672340519787 0.0294684815798545 -0.0737084059130855 0.0268825251730561 0.0447977621933941 0.0362620344229371
PA22 0.0261598591897593 -0.0830795968696835 0.0690209624312173 0.0777490117954511 -0.00756080262999417 0.0740573540454499 0.146527822461296
PA23 -0.00922147319965459 -0.029704060484402 -0.0556443038631116 -0.0624482348905167 -0.064117175026432 0.000898090074565242 -0.0926126256070028
PA24 -0.0837548477241373 -0.0955760290927856 -0.051954626318874 -0.0664442175760493 -0.000723925057043827 -0.15478245994618 0.0307328997338786
PA25 -0.0096494509920512 -0.00160292740851508 0.0598132192995955 -0.114192887153206 -0.00188371749242036 0.0369188142537853 -0.0622785353826068
PA26 0.0187639458372471 -0.00165638921472982 0.0612230072805999 -0.0002657960671844 0.0378833702408244 0.0240307241011743 0.150340207865295
PA27 -0.0978981012365673 -0.0296872598370071 0.0119338607307401 -0.0952062363983015 -0.0371306619082695 0.0663493298060481 0.0814364191016858
RB01 0.0749551721749774 0.07567622978071 0.0175286974748468 -0.16916695238377 0.0385306596523787 -0.0722663042388342 -0.080951136244541
RB02 -0.0659532747119884 -0.0197624345063781 0.0414233667788217 -0.164682311893342 -0.00597844641672767 0.110550264368179 0.136326963851323
RB03 0.0855642695214358 0.0243790574934663 0.0873177135997066 -0.125992020156988 -0.106677278881404 0.0196982973932546 0.042932635583088
RB04 0.0613127988160953 0.0803099760284937 0.082220071533221 -0.0420051426235546 -0.0519823794114691 -0.0768372853432457 0.103488935037248
RB05 0.0500971712948163 0.0272862264938307 0.0588871863868501 -0.0156973307494147 -0.0319066218907698 0.0660368148503435 0.0308644190473259
RB06 0.0419842200851197 0.150257398100598 -0.0530573256310089 0.0401441086576877 0.0569358116172708 0.0632506502387958 0.04424088542016
RB08 0.0872999856369088 0.00088305350217387 -0.0443407515781895 0.11494594333307 -0.113718954136633 0.0748276735587064 -0.0780367303882783
RB09 0.0841112591183428 -0.0133359268255909 0.0551548162751556 0.10174159974923 0.0471536815626584 0.097098852076284 0.184837487364377
RB10 0.0271747073733547 0.0449412247080473 -0.0993052167565033 -0.0762833778386973 0.156103115288975 0.127713758865668 -0.00417369311942866
RB12 0.0422978120270998 0.00689395858698564 -0.182911103104037 -0.117720169237446 -0.0476401175258339 0.0404246886083722 -0.0715441649929876
RB13 0.0715030760942237 0.0488121768798298 -0.0376928979984207 0.0205120454024225 0.037170209155683 0.124862435615246 0.0228520637130853
RB15 -0.0215054216313541 0.00511429015859344 -0.0566744253585519 0.0768111323665045 -0.00184202283313507 0.104315489982197 -0.0434853444814119
RB16 0.0730150881463141 0.0754752533846465 -0.0308080708749408 -0.041042441460519 0.112637323698726 -0.0211634005315322 -0.0883467763165701
RB17 -0.0618057580764649 -0.0257255872392523 0.0123875415102097 0.171355993249936 -0.0436931865067679 0.0555689620072289 0.0688714170693541
RB19 0.0659442678172553 0.143359548135277 -0.0874767312527925 0.0869859700214106 0.0405246627806926 0.016478523986357 -0.178099291631465
RB20 -0.0388324351858863 0.0556278693048942 -0.0128743898421389 0.0176564548017401 -0.00934213510457856 -0.0809105389545961 -0.111527758933599
RL01 -0.148509937236006 0.0462666809023034 -0.118266880219593 0.0825789822088357 0.0430435853032818 0.0909684979081188 0.0295554359670125
RL02 0.0119419606521333 0.0442000706058159 -0.0872985739523374 0.0388871113325507 -0.013237290193749 0.0329848208199189 0.101971620206724
RL03 0.101670995073133 0.0370263377784713 -0.0852719871479701 0.0787082715251034 0.0365247795521644 -0.0355466231461173 -0.0961978892385781
RL04 0.089962363697867 0.0445512298050207 0.115315383906817 -0.0601845366506748 -0.0559302970568781 -0.0352516128661715 -0.0145956929661669
RL06 0.094807316823684 0.041288836562054 0.0672695452000552 -0.10518081085476 -0.0360561231182427 -0.0554843306390848 0.0477565595563745
RL07 0.0427399347673661 0.0646798421409125 0.0464294433838423 0.0784833967034541 -0.00380978665246918 0.000324342994635471 0.0514871687030399
RL09 0.0648915338203008 -0.0541836444366266 0.078999899432144 -0.0465725420950596 -0.08746208527349 -0.000218399859192282 0.0756743920144054
RL10 0.0696507203168546 0.143582035846394 0.0932298611484113 -0.0369734586032686 0.027595686569029 -0.0494040175064885 -0.0921152156671435
RL11 0.140070997226427 0.0862899189222784 -0.0387212606989209 -0.0620631993595159 -0.150158921754019 0.0252835457506868 0.0253113950671776
RL12 0.0290771864223785 0.0929343577898418 0.0562405471082476 0.0457843612625228 -0.0381147315512391 0.00459185514780712 0.201033954584074
RL13 0.000802323511724363 0.175221949814336 0.0979483732578775 0.0314997481344082 -0.0481004755368798 -0.056999023049928 -0.00801758015686419
RL15 0.141527161944509 0.0586210153173192 -0.0691868163503789 0.0420594749468692 -0.064480745955652 -0.023776137547675 0.0935482557006862
RL17 0.00269632531185027 0.0109700307223041 0.0375545387041035 -0.115726220669786 -0.0358137609718718 0.0236028251577198 0.0650526026726834
RL18 -0.22933276330739 0.058323239465745 0.0399981520219834 0.00768145191898246 -0.0126430157852475 0.0159492765656433 -0.016114366444409
RL20 0.0401689851694102 0.0861882848674402 -0.0164917307934057 -0.0622417371456101 0.0127061123271951 0.063236559194805 0.0331941874693479
RL21 0.068987660394526 -0.0310330088074786 0.094601827947259 -0.0058432995252178 -0.0331823888057694 0.007088287836533 0.0232991785674474
RL22 -0.0708155005858315 0.206093646261837 -0.144600850214188 0.132256617766877 -0.0482598340616427 -0.357405210354857 0.23185480770958
RL23 0.0770620366156701 0.138543436866627 0.0513390654340835 0.00299016926306978 -0.101710018264684 -0.0195388248178112 -0.00486757003586477
TR01 0.0532752454759381 0.0179625497145737 -0.052354950781825 0.01998853751259 0.090004895353217 0.0806116575312601 0.00537859666816323
TR02 0.0566709538624289 -0.0399161339254033 0.0181203678761032 0.0318748580723937 0.0860641117064943 0.0316784693791446 -0.114100990683302
TR03 0.0913817161208367 -0.053199054928964 0.0708249070523109 -0.0153475573466412 -0.0465958610110737 0.00540103920008199 -0.0649242599866132
TR04 0.11683234069659 -0.0456934712751905 -0.0676427667836262 0.0709952482352167 -0.106302808200948 0.0290456312758841 -0.0468969245128717
TR05 -0.00771693807990054 -0.110081968864107 0.0193176783009268 0.0266192967928402 0.0301645274160997 0.162632912896749 0.0574244958356261
TR06 0.0230189955114194 -0.202370676638058 0.0390035198298143 -0.0660273634276663 0.0093651115908268 -0.0746102284596386 0.00218729565623742
TR07 -0.00129136501802136 0.00674516690281402 0.0503619831916299 -0.0151767809236018 0.142331557859727 0.0763295567394687 0.116805268655588
TR08 0.00340287930852761 0.00818364528722453 0.0609176183347199 -0.026671770534731 0.0191720735358841 0.104633074460966 -0.0363621332447189
TR09 0.135837781808328 -0.0163698453451229 0.0110049915174403 -0.0145808497560005 -0.0342735041896443 0.0489902077504467 0.0119895279687328
TR10 0.0780164612384755 -0.0697886618558051 0.0651206841761736 -0.103560643162843 0.0457666793721748 0.0589643351522878 -0.00879555493407553
TR12 0.0268706676358768 -0.00975145990398378 0.0677518408274825 -0.0279742094167288 -0.118731792994534 -0.0456132567526602 -0.0250490205871927
TR13 -0.0503125422168932 -0.128752977202233 -0.00712927169332544 -9.98290062528266e-05 -0.108200136591071 -0.103271625725496 -0.125920401003603
TR14 -0.228842713941172 0.160110036162031 0.0881903056873876 0.0710879745534216 -0.0680585562237548 -0.0528865776823867 -0.0369361001058289
TR15 -0.05755339964817 0.0389012105213906 -0.0357312671554335 -0.116627666976582 0.091268976358452 0.0713852962424561 0.000260116642509843
TR16 0.0132836823357511 0.101269778684563 -0.108730619787196 -0.0453417202334624 -0.0457217278032691 0.0724861924496681 -0.0466240298925119
TR17 -0.00885278410455659 0.103260138677833 0.0146977687598511 0.0950240629529298 0.112679930637422 0.0431493157669894 -0.0959630282397966
