sample MDS1 MDS2 MDS3 MDS4 MDS5 MDS6 MDS7
AN03 -0.0110043734774166 -0.0583774335092573 -0.0522377075065894 0.0267997258796964 0.00684545462207253 0.0246676978788658 -0.0396966923570107
AN04 -0.0418865978784707 0.0577198347080134 -0.0061549007887606 0.0248571721403289 -0.0219447274232522 0.0463369572673923 0.101413886150656
CS01 -0.071325239855663 0.0617875583384658 -0.0854945655130635 0.180588390824263 -0.110069124601758 -0.0149261665959849 0.0150320393814085
CS02 -0.06361082346062 -0.0302673824798936 0.109592387682744 -0.0937699725950853 -0.0827349803169484 0.0493521912703441 0.127044070976957
CS03 -0.0455808200405365 -0.0126162008573252 0.000561140182536402 -0.0486157290955806 0.00191876778658864 -0.0331858245435689 0.129254335496914
CS05 0.0324590849931326 -0.0749393197916258 -0.152869559773733 0.0690739858826844 -0.0622260920890846 0.0245175836486504 -0.0280694345503881
CS07 0.0493842352452419 -0.12194933512312 -0.134949053605272 -0.0847160737652442 0.115178718388952 0.00209310180892056 -0.0235317295056799
CS10 0.0026541766997473 -0.0299857989097291 0.0700922879792418 -0.0720924098163981 0.0111615704660598 -0.023368647083214 0.00418929939835049
CS11 -0.120147000488657 -0.00339169347009816 0.0408380203668181 -0.0583014710541309 0.112921904919303 0.0131770509373657 0.00518852566741588
CS13 0.0207912178826496 0.00875220299006659 0.112293695640148 -0.162608812818443 -0.0516701191379818 0.118515289868705 0.108468479952786
CS14 -0.0320694009320122 -0.0420683733029252 -0.00608074402836439 0.0911220727616237 0.070517725784403 0.00396945955128486 -0.0336652666629567
CS15 -0.0687593086749148 -0.0535675600115975 -0.0465640706554101 0.00644534595136385 -0.0462165522279078 0.0642177929334056 0.0633256754995146
CS16 -0.0698749658617966 -0.0965186670767686 0.027826268220883 0.0539246316708405 0.132517580476845 0.0295925503783349 0.00945241299218173
CS17 -0.10976915665972 0.0021900320754 -0.00381252987445885 0.0710818414089354 -0.0758663207683406 -0.0419363140693856 -0.0049045835653969
CS18 -0.0235414008141575 -0.112423389024587 0.0214542993323972 0.098932690410589 0.0180053990691061 0.0220041061738079 0.0176263978169461
DK01 -0.0584379523662556 -0.0032085811749346 0.0465462141207718 0.0226545918089964 0.0258607405488233 0.0383350352061829 -0.148915064731286
DK02 0.0515236539280497 -0.0561576166370257 0.0034300841002633 0.0463799237495869 -0.0562018440605452 -0.0536500609381604 -0.140524791292146
DK04 -0.0528615488479355 -0.136776342652587 0.0203677322791327 0.106061147407143 -0.0800307794999797 0.0847308131597191 -0.0516084861313774
DK06 0.00143235063240562 0.0244904799676583 0.0709637850747043 0.0748045288197005 0.0507685929525721 -0.0795269153955702 -0.0626355815682027
DK07 0.0652115352168996 0.00565663752410359 0.184821695731034 0.0235637782454178 0.046918826510097 0.00824021997451704 0.0367034830086086
DK08 0.0988510120226734 -0.0341622681165572 0.0100811206077131 -0.114141149255603 -0.13538993664532 0.103246220319601 0.0163012936160539
DK09 -0.0236666133373884 -0.00971422023478439 0.0592006378636211 -0.0770139764686212 -0.0344949128798323 0.0666676219875137 0.0898830652692515
DK10 0.227976111746891 0.0188647935452581 0.0307340341860524 -0.0247434596920038 -0.0667319438312911 -0.0265809412251318 -0.0441849725667209
DK12 -0.0792108584092468 0.0114095356148032 -0.0164239571752002 0.0558751086102541 -0.014299377601033 0.0558497335119943 0.0498145003582732
DK13 -0.0124103402725626 -0.0134412865465357 0.00512637939488326 0.0415748714801114 0.0591628969695016 -0.018491350520583 0.0573742281170788
DK14 0.0894195128789706 0.0406883141951067 -0.0334815565707997 0.089008635554312 0.15516208637055 0.0181512126813705 -0.0479991347634901
DK15 -0.113625102132913 -0.0590836886833995 0.00117586171728974 -0.0585041092819018 -0.0774452292015503 0.0912705416454841 0.134969453930616
DK19 -0.0667713296621966 -0.0784499897010594 -0.0858491451711973 0.0520209248116895 0.050429195219538 -0.051999897071088 -0.109332269547165
DK20 -0.0752159112719354 0.0475132006954442 0.0691468003492056 0.110939238845648 0.0604537407771936 0.0238535622344856 -0.0400560587799312
DK21 0.0237396614874708 -0.12075669302573 0.100507066618284 -0.114939468557702 -0.0677449632103944 -0.0435939184267835 -0.00608560812794057
DK22 0.0420001261629697 0.033370343938802 0.173592859682308 -0.0716909996860327 0.0419724157763551 0.0868002078189531 -0.0236544901235335
DK23 0.0540947148068573 -0.104974455693784 0.0317208678917243 -0.0624902384700727 0.0464973803980811 0.0256006711590246 -0.0323306768478621
DK24 0.038556136418394 -0.0245410303359047 -0.190155826396318 0.102798851347546 0.000771598265463323 0.135050713153632 0.0460504154501712
DK25 -0.0346366932756985 -0.00411253581331646 0.0293471108478393 0.0113126670438093 -0.059023949930047 0.101735494658228 -0.0412892998894824
DK26 0.113358903402619 0.0258219856858045 -0.112756079351917 -0.0326481710637072 0.106013557431043 0.0451990384573261 -0.0328479991297744
DK27 0.0765595713910179 -0.152734330258627 0.01275698563096 0.025016721200475 -0.0539413209814001 -0.00752514854534803 0.0833256071361101
DK28 0.170252697230178 0.0852517751565636 0.0896458139594083 -0.0753732875934662 0.033229251781916 0.0704861331822134 -0.0668567150336084
DK29 -0.0885240718477701 -0.0209100949468949 -0.0572135919473317 0.0978148989959222 -0.0579828754156761 0.0799624355403912 -0.0624474207239283
DK30 0.150646653467259 -0.00889807879653362 0.102161178994873 0.195833135864239 0.0497691303125053 -0.00824961147026895 -0.0262715565553638
DK31 -0.0566537976744353 -0.134771506188939 -0.0701456195677791 0.00180787157688738 0.0778364261569854 -0.0823626901314947 0.0475626986337193
DK32 -0.0347898526031091 -0.00572504758931196 -0.00944740447697967 0.0842055118567396 -0.0529323568133171 0.0685868893401214 -0.108569293422813
DK33 0.0895277016318874 -0.102212536377128 -0.0973693606230539 0.132522820637021 -0.0492870666234647 0.0636802120515064 0.0738995867034743
DK34 0.0393391040431335 -0.118003063260361 -0.0189099901245946 -0.142643694554019 -0.0100088286794404 0.130048252560552 -0.0557153748690035
DK35 -0.0691237200347467 -0.138211986123649 -0.0436891702052907 0.031339962676664 -0.00774450404854538 0.0831957584106159 0.00786968057082151
DK36 -0.0880834998984659 -0.0714933750167261 -0.0929915720564879 0.0265878414425139 0.0097382443157304 -0.0152714320404907 0.00637709698259283
DK38 0.00122674385255285 -0.0629689210956628 0.0793752590377574 0.119584162808304 0.139554078141363 0.155920527538003 0.0662027317241379
DK39 0.0199523101534383 -0.133089615378169 -0.0559696580649277 0.0104692485103041 0.00295736218736554 -0.0439148660569914 0.0388892030764345
FR01 0.0934078934448248 0.0846348145192472 0.162642229738121 0.124389441534856 -0.122380512243059 -0.081308848342094 0.0314548222836252
FR03 0.00271807727645499 -0.08123697685487 0.0406417754356262 -0.00868607111473019 -0.0874572418109145 -0.0592502501086317 -0.06350691792673
FR04 0.0843288455643743 0.0295580490245567 -0.227334643403881 0.0333740195152124 -0.0476611620128727 0.0503004872072644 0.0169203278855617
FR05 0.120826567459873 0.0737996014429154 -0.111869153696362 -0.181698498462446 0.0658920156285733 -0.122564050411936 0.0275566151438666
FR06 -0.0417536389491581 0.0129890732888961 -0.130828218507325 -0.14344903664972 -0.0904120054878369 -0.00319276005466305 -0.0371743175700532
FR07 0.144791469348356 0.0189075495817214 -0.169398133498853 -0.096590735498132 -0.0731916679555408 0.000998546926137355 0.0922249315801904
FR08 -0.063482275867981 -0.0311161500918982 -0.0305988681883419 0.08082218391205 0.14332147206409 0.0851710006634848 0.0179720027031462
FR10 0.055829881814992 0.0393282013495965 0.111362226752732 -0.0351805947350309 0.0110232400828182 -0.0637414455060079 0.102427609547906
FR12 -0.0234382908304492 0.0675086920646531 -0.0606770653220093 0.0932563320271171 -0.017078378629724 -0.0770724899112446 -0.0121969950373989
FR13 0.0277240694693665 -0.0962686133836794 -0.145971611897755 -0.0406128327395715 0.10339092072876 -0.137344416860588 0.107836310126057
FR15 -0.0729735067113628 -0.0573471384274462 -0.000678623235486629 -0.106414673319986 -0.0991986399474749 -0.0520220691801888 0.0615399158911269
FR16 0.165846812067147 -0.0324167840166355 -0.0563655195860273 0.0469069013123217 0.0271771194218283 -0.000927441235871484 -0.036891874721802
FR17 -0.0686241460768813 -0.0389649413812951 -0.057482452553172 -0.0914439767295641 -0.000727759045975294 -0.0189805731669905 -0.0394895337422963
FR19 0.0607835863632617 0.010413570492893 0.16334026046157 0.0125683965422271 0.0822822093913231 0.0907247714216908 -0.0590408306131535
FR20 -0.12982344903778 0.0675782966249659 -0.0177246644033618 0.0113271081718239 -0.0270927542646009 0.0415339773120871 -0.0119369101810693
FY01 -0.0337399413432586 -0.0285314523653384 -0.0510716920954024 -0.0419593149844026 -0.0150195458498384 -0.0991901911887875 -0.0806775361652452
FY02 -0.0830167271484286 -0.0653271304817726 -0.00762645050238512 0.0271083195824899 0.0370948442467649 -0.0664347269410215 -0.0631940184454057
FY03 0.0559998230678284 0.000673215915224254 0.0495539558028235 0.0281645137095228 0.0861507135291252 0.0758750523996785 -0.0283392412820596
FY04 0.0626378586689626 0.11785923267194 -0.0518121352756509 0.140559948289866 -0.0703473327534102 -0.0465529772331121 0.0251979951073501
FY05 0.0158335811780345 0.0861154170071625 0.0791021354747321 -0.0657040774920372 -0.00383103499493695 0.0295686753305684 -0.124465905436912
FY06 0.0075790386723235 0.119808557924148 0.0278041582803229 -0.0440165415422802 0.0764118550306408 -0.00123740001997261 -0.0521063270238204
FY07 0.0320882688632695 0.0495472196265291 -0.0758682994203714 0.0564311910338778 0.088310567728207 0.114260822876419 0.0990685245047483
FY09 -0.00123323188447748 0.0292342813078767 0.0637466728828295 0.156345088331084 -0.0260732424666638 0.0520232188238124 0.0770211901609416
FY10 -0.0471319801531708 0.0866087132815841 -0.0117187289083992 -0.0941482103422459 0.0604638811771306 0.102783443937355 -0.0871246551129522
FY11 0.0973789083873966 -0.038536094105727 -0.0141225651913394 0.0829163364542742 -0.00487015477001347 -0.112972078933325 -0.00409341143715176
FY12 -0.0636966933919842 -0.0673064778015941 0.0335303471374023 0.0408630665699651 0.0873586536516602 0.00107982008119719 0.172249292475815
FY13 0.0801430922712454 0.111377447452449 0.0162966330354445 -0.0891205633592338 -0.132617288876743 -0.128282772384597 0.014220996646397
FY14 -0.0625177271548933 0.0303292378285529 0.031834382782311 0.0661450057509154 0.0587219984727051 0.0672035432248141 0.14841941377633
FY15 -0.077703897646817 -0.0684901361684818 0.036856578414176 -0.0386914632060444 -0.145482213171871 0.0119489941904798 0.0301296092556938
FY16 -0.0143526798722282 0.0503822655370257 0.0367281997664742 -0.0118162741718357 0.0793650074534618 -0.0389631307929419 0.0184179241854379
FY18 0.0276821381947602 -0.0349065468420172 0.0351535659245575 -0.114515813275682 -0.0530894651488657 0.00973075047992256 -0.0409660406086993
HH01 -0.0881550803253064 0.0784634489552788 -0.0889726403664496 0.0666202895954762 -0.0615976311028511 -0.196128055090614 0.0833385378151497
HH02 0.198821350642072 -0.0134228904903879 0.029661916305269 0.0493532695169133 -0.0515097584171304 -0.0699356015526153 0.114023392094562
HH03 0.0200716014688265 -0.00972643814486459 -0.00234039159206147 0.0387457724954863 -0.0366229233088707 -0.0896755079258107 -0.0109044767247852
HH04 0.0768124366073056 -0.0778929099918681 -0.0674623998934005 -0.0997928629449745 -0.0593837020293046 0.00283192705169456 0.0864137842013235
HH05 -0.0345300194042615 0.00405024894284368 -0.019282344144181 -0.0593961546653178 -0.0385875453092311 0.0496353715641955 -0.116989489736439
HH07 0.00836631782725712 0.0193192721044261 -0.0950835959837409 -0.045132159192625 0.0656022854487527 -0.0532738583104366 -0.0658193189169579
HH08 0.0700215758338905 0.0330654088929672 -0.0475541606190137 0.0172318641715444 0.000263967413200056 0.0551568760960094 0.0442665887078459
HH09 -0.0677529817706241 -0.0143983359510797 0.0558036049405204 -0.0115065853250764 -0.0159458013399128 -0.0440042740775474 -0.0162780390785864
HH10 0.0770722494107833 -0.0866496444519445 0.125506229780054 0.156475748202308 -0.029116098244426 -0.0395955819936557 -0.123323210880878
HH11 0.0404330059119671 0.0228930554116579 -0.0760018211537574 0.000938056423721861 -0.0163472825992458 -0.069413883385612 -0.179153977405511
HH13 0.0217009507673133 0.073896670041478 0.0276687859610742 -0.0189904201371039 0.054816931282143 0.0115053190448106 -0.05167345768844
HH16 0.0120024777289016 0.0249189234077256 0.103252962896334 0.0249569712803339 0.0464021295413714 0.00791422065335336 -0.0373046321255436
HH18 0.0416317674907758 -0.0892520261925625 -0.109824652970366 -0.0106254877366409 0.0333991614922112 0.0166529554688655 0.000786772497644259
JB02 0.0537184411920834 -0.0925147024128002 0.0519181204156308 0.108386375773597 -0.0635480580042736 -0.147119987300207 0.12440431240732
JB03 0.00591102612339366 0.103973513391505 -0.146688181683512 0.0127936878571157 0.0237188906404706 0.103185736490203 0.00831574343509734
JB04 0.0347887858895325 0.0703746703491873 0.0336434649886022 -0.0151867146776255 0.0823910308003581 0.0138324651499317 -0.0293349509770858
JB05 0.0781362706553119 0.0598479847402437 0.14538974192509 0.102443993023073 -0.138864475620853 -0.0760182097569983 -0.000213670636893825
JB07 -0.0263783420685818 -0.0481894719670289 -0.0257145386262957 -0.0400739377090127 -0.0207195877279048 0.0416898652328463 0.00199938622527341
JB10 0.108221885043757 0.0459040678571587 -0.0305504966856637 -0.011387207336325 0.0634002698546428 0.0763103485416143 0.045275213258278
JB13 -0.0594968341609185 -0.0700977674419566 0.0474725139118789 -0.0731242057574222 0.0518115333045983 0.0414753657902218 -0.0757340663062247
JB15 -0.0647980525879697 0.176477268228998 -0.0402385316532272 -0.0396188158622007 -0.111731227975019 -0.0254010243634147 0.0181937549592939
JB16 -0.081779456924013 0.00345948444186346 -0.0119014376745225 0.0133156902877263 0.0552317619975622 -0.0813046187466474 0.0473246123361747
JB17 0.0767549679675477 0.154139687213511 -0.0761438695900317 -0.0237946599601514 0.0513734538781423 -0.0574217472829498 0.0977475746200391
NB01 -0.0125830663724958 0.032292356876943 -0.0277253462709797 0.0222211230253338 -0.0823136395846137 -0.0412912407993679 -0.0961101480399655
NB02 -0.0662191164467394 -0.0121626506636149 0.0398480918155801 -0.0957910747384322 -0.052188063681273 0.17199901986264 -0.0606967446039548
NB03 0.0264633156822421 -0.0432226204461945 -0.0769783663701359 -0.0647573327753811 0.118585963742003 -0.0311261911612271 0.033828853635384
NB04 0.00368317377311246 0.018504660448125 -0.034449322613717 -0.00338027954550583 0.040148501342047 -0.0575497564445745 -0.0474550624099382
NB05 -0.0793950604245586 -0.0673443440610292 0.105701574826649 -0.11111713297238 0.0394813984475913 0.0585249938739976 -0.015684394069782
NB06 -0.0147313763598843 -0.0471163771239158 -0.0145982669174116 -0.100205647536773 -0.0366106659340404 0.0244138753074426 -0.0165106325564404
NB07 0.13858080004181 -0.0404064212743251 -0.0397934134467585 -0.0754517231966781 -0.00972661489074557 0.0573835998701759 -0.030066534342637
NB10 0.19337852376229 0.0116336939390796 -0.017058741552361 0.0257689541049142 0.18886900873318 -0.0893010664380183 -0.0317223793553233
NB11 -0.0215492543681005 -0.0113431620020276 0.0743204029767381 -0.0887252777717862 0.0630089324824405 0.100418242263952 0.0702571698123086
NB12 0.032077221875967 -0.0970777827550159 -0.0203661092480435 0.0583859186822806 -0.0476139373492597 -0.0545145995857538 -0.123851455693781
NB13 0.00481481257683564 -0.0687197136908456 -0.145111062350864 0.0154772078540304 0.0430957110761235 0.0734942338461976 -0.0737379153664278
NB14 -0.0218527031548937 -0.164831731048963 0.0950154325821594 0.0560087716321413 -0.0542822941679277 0.0503082026877508 -0.0526302812855933
NB15 -0.056544761493664 -0.00286988489759078 0.0296183769540298 -0.0217957004789322 0.039769453184475 0.096371586951607 0.013455578346965
NB16 -0.129849911272612 0.00483783334925151 -0.0259508495525463 0.0818321313511634 0.0610977279873719 0.0259684967924536 -0.0702809715190596
NB17 0.00092412217717362 0.0516982301175052 0.0525855984357614 -0.0434521649893152 0.0289580790743061 0.0727385106697893 -0.0752372542452814
PA01 -0.0389966220840091 0.105120408098729 -0.076274299543147 0.0299805947802979 -0.0990027509460161 0.16272980149613 0.0220468851070215
PA03 -0.0597853687437444 -0.0107090488391065 -0.0508665283593369 0.077575589577774 -0.0818435183432914 -0.0286394606052829 -0.221537149114373
PA04 -0.0328762541855312 0.0299693429509731 0.0129782312297909 -0.162034440725489 -0.120905283624067 0.0175438031113004 0.159435144612004
PA07 0.109093155646442 -0.0561528567418417 0.0707532938597711 -0.0367900347489926 0.0675749532076676 0.0069648783862623 0.0330539350456214
PA08 -0.0784756319510284 -0.00464694002159192 0.0610519938013738 -0.0362842367093749 -0.0671494836167839 -0.102752128936682 -0.022248292613648
PA09 0.0482602707773151 0.0612102555839876 -0.0786130028344654 0.0552654005592253 0.169998515955253 -0.0155232821755602 0.0764182933219822
PA10 -0.0315816308102776 0.0080145668288528 -0.118949203828357 0.00588983597397497 -0.114270343769314 0.01697655547642 -0.118511558287894
PA12 -0.0185519134919383 -0.0480441465150746 -0.0439084057036976 -0.112101643988327 -0.0456706866669709 0.0671093888773643 -0.127677264059911
PA13 -0.0235136164395175 0.0254770604625314 0.0255927311608294 -0.115494220217793 -0.0138821973329506 -0.0883534390125454 -0.0797047430551218
PA14 -0.101758739754743 -0.00900987206250797 0.00555887082009744 -0.0678468679130599 0.0633960106414402 -0.101019705655912 -0.0280680125647907
PA15 0.0207436173099701 -0.0685778388978197 0.110455954433384 0.165244459480744 -0.120093048658728 -0.00398396675146807 0.0744730300555898
PA17 -0.014761623282025 -0.0462932603934875 0.00697142786292705 -0.0390420494349089 -0.0318259391898802 -0.0460210573346094 -0.0827179304049806
PA18 0.083595297376866 0.0396361030499145 0.062818662050719 0.137440274982068 0.0133578738832489 0.0448146601646308 0.0130388521204276
PA19 0.102174532866544 -0.154492103954941 0.00647980628148089 -0.0245514810058907 -0.0235341247377291 0.0924992480191039 -0.00354381487839948
PA20 -0.0511378285987529 -0.0405311964629516 -0.0258205545277151 -0.0862567918073223 -0.0401226822309846 0.0847569347595785 0.149352983860932
PA21 -0.0361077914085423 -0.0983870062939931 0.0423016519303427 -0.0645335154846643 0.085107669837833 -0.128158503677852 -0.0581710983500655
PA22 -0.0299525730478117 -0.0841848213274037 -0.0880769183606019 -0.0101598329606956 0.103595014036019 -0.0734868226821208 0.0240196650205972
PA24 0.0212962408923718 -0.133436754309605 0.103228960454866 0.0102137154953348 -0.110859526607541 0.0706351611027815 -0.0875525482114024
PA25 0.00420199008352716 -0.00133777913297979 0.00403320636314012 -0.0642191341366407 -0.00605798619211157 -0.0949210868034347 -0.09119238550599
PA27 0.107189813176185 -0.0529170757766711 0.0496244464372391 0.00703027247320199 0.03023864477238 -0.147786832852146 -0.0824347258776018
RB01 -0.042607740458439 0.110410036743812 0.110637712749851 -0.0640831996734215 -0.127269934390878 -0.0341199973543513 -0.0506366775429545
RB02 0.094750299244553 -0.0275131092652286 0.0666525887119265 -0.0302310250012163 0.0528432008782736 -0.202513018557239 -0.0180697428068004
RB04 -0.0336033258590591 0.0772506210116285 0.0228218458431432 -0.0213098526884151 -0.0782590177444026 -0.058266728371197 0.101023687472291
RB05 -0.0314006532946992 0.0560373641605523 -0.0205955454708926 -0.0136159907639082 0.00669199364245735 -0.0853540479603804 0.118978640268151
RB06 -0.0282277278370521 0.140508640473657 0.0394437776604333 -0.0196271191474364 0.0975514328296979 0.0461349529692856 0.0528535783712178
RB07 -0.00686852648628606 -0.0639821066190268 0.0789655519325797 0.0769162414074607 -0.0408191157645809 0.0793513724037098 0.205063110879037
RB08 -0.0744571468303735 0.0441907770315929 -0.0628292006888064 0.141291808318913 -0.0120966233534907 0.0713680032033202 -0.0520572249795707
RB09 -0.0762006146426673 0.00187569641694566 -0.085516583350768 0.0226162643044501 0.0723477809641361 0.00249419227395037 0.108545517943429
RB10 -0.0114034242414076 0.0629245142764255 0.160488860469786 -0.0471573513541157 0.118434998490858 0.0189988968503506 0.0363657882980952
RB12 -0.0396780769839374 0.045853640418644 0.158434275799778 0.0781936407295964 0.0300684760140228 -0.0752452887886617 -0.0362393094999147
RB13 -0.0752029547579132 0.0940450210285179 -0.046304490193908 0.0529574524493145 0.0973562690407373 -0.0665049198698855 -0.0863207073602334
RB14 -0.0175734938789853 -0.0390745804914326 0.00262894323609539 0.0226794761433373 -0.0246314437996056 -0.0110588101369146 -0.0298683615296183
RB15 0.0337395956411245 0.0140801812735441 -0.0212452597860412 0.0607630377278352 0.149319612797823 0.0665628721189563 0.0191456318293627
RB16 -0.065238565497267 0.110524624978557 0.0945781543036072 -0.0346940812965728 0.00968086665592461 0.0740513786617387 -0.0241619742347997
RB19 -0.0606653053265241 0.185244205471687 -0.0379959451792015 0.0167694818301874 0.0150438741865436 0.101823500047795 -0.17052339967935
RB20 0.0349847015009774 0.0415218010449078 0.00227051988150242 -0.0266235854940629 -0.0624151200907172 0.0408311493355465 -0.135555108070185
RL03 -0.0906098806549825 0.0785823721817107 0.0122754023560495 0.0279818621826867 -0.0192034419175924 0.120398898116237 -0.0447718610091311
RL04 -0.0741839200532652 0.068398686979274 -0.0377875228797274 -0.0600131707152953 -0.0657176770979263 -0.13203023652733 0.00243474475778406
RL06 -0.070337172557402 0.0495684768697594 0.022174959597035 -0.0240398418680711 -0.0751276540941762 -0.100906113107633 0.0469464866928822
RL07 -0.0169395388085173 0.0583123885948015 -0.0801052456725166 -0.0208002315283661 -0.0354311263754653 0.0346744126123739 0.0277013836004341
RL09 -0.048403464276962 -0.0290011401023881 0.00497940400474424 0.00940732091088179 -0.0318049637354509 -0.140274401898125 0.128590793944402
RL10 -0.024131014057262 0.16025603598125 -0.0157577032059883 -0.0917151198231439 -0.0726026936131851 0.0112739222222122 -0.0104033402730554
RL11 -0.0718478731441206 0.125679396693242 0.0430445969268482 0.11868171809702 -0.0791366052846893 -0.0954105875911907 0.0640193646158989
RL12 0.0111618437977254 0.0740558170498386 -0.0430228258291869 0.00744624657720891 0.0584029409185387 -0.0399191152375105 0.100293186026118
RL13 0.0563043219895698 0.14790084931581 -0.0614601382551745 -0.0396748491108543 -0.146232737528343 0.0106683280531775 0.00348547735066063
RL15 -0.121068579770141 0.106992164579433 0.0276675237923151 0.114819877162807 -0.0181380433186055 0.0303794371303129 0.0913059666360575
RL17 0.0144526348032581 0.020953059295822 0.0568247356408193 -0.017910608359148 -0.0266112361435072 -0.0951262085672389 0.0143035162108062
RL18 0.223616510462234 -0.0200488443311028 -0.00843996661780338 -0.0320658114739613 -0.0435306198356148 0.0298929228884733 0.0150445155345138
RL20 -0.0100496644912291 0.0758907839580444 0.0261834002629189 -0.0454880981828329 0.0858990629238612 -0.124509933656814 0.0648935325839527
RL22 0.0588505242973791 0.112729433126541 -0.0409658806697626 0.0449577527501417 0.040415748946921 0.138119640025142 0.136032812599964
RL23 -0.0165985218652175 0.147448434938792 -0.0529171449152578 0.0273706589151484 -0.120335085339704 -0.0646307080602807 0.012402636496874
TR01 -0.035424505193311 0.0362492561498244 0.0685896236728973 -0.0276346126404035 0.0988718221065434 0.0519550228148606 0.084550009107339
TR02 -0.0767166725121604 -0.008667764186819 0.00957682820784029 -0.0320614589052809 -0.014889967340744 0.071124021346971 -0.0114744009570173
TR03 -0.067687814450471 -0.0197845465455654 -0.0936476967522613 0.00174171078952408 -0.0304490973683408 -0.10781616903314 0.0659643107653518
TR05 -0.0195039250194785 -0.0864435453763873 -0.0452809693519053 -0.0111843925422022 0.124612976852863 -0.0832300480123912 0.0300309647223179
TR06 -0.0660023681306784 -0.19595432740797 0.0531314175581722 -0.0242854913516672 -0.0791010971661807 -0.0446423705862755 0.101409305407022
TR07 -0.0197929570514858 0.00372405281915601 0.00484711476630194 -0.0867101162832839 0.0926120613081991 -0.0219624484374856 -0.00632629547712772
TR08 0.0228489904797989 0.0274843793947802 0.0081247724611978 -0.0572821566559169 0.0532454750368772 -0.0514223135382781 -0.029188979499056
TR09 -0.137025691352365 0.0370973942461393 -0.0422583014432181 0.0508793695736139 0.0539311879733518 -0.0670134764652751 -0.0951855502238055
TR10 -0.0977525463611662 -0.0480322751578311 0.0262890827684995 -0.0994027438495806 0.0538130266591242 -0.125539420171646 -0.000118081426797791
TR11 -0.0856901001284005 -0.0217727113847171 -0.00840475975662865 -0.0408749786365684 0.0566317339803629 -0.0286001771221613 -0.042041864431037
TR13 0.0373500457279193 -0.117315603615766 -0.0186555252499701 0.114209987406428 -0.193077467077821 0.0256438916378627 -0.0298214833140365
TR14 0.263574094244154 0.0640040208639634 -0.0701638145224932 -0.00853833369810641 -0.150886245548827 0.100107125799907 0.00038198740794022
TR15 0.0372408926336508 0.0344736477639673 0.159487897867469 -0.0782973483660327 0.0798772399952818 0.000606968743023081 -0.0511438669857959
TR16 0.0348010196139815 0.123000114290989 0.0690796770613659 0.0847944335610142 0.0515956590045497 -0.00732512492739862 -0.0357773420573636
TR17 0.0119033423306599 0.107884752861752 -0.0910385692446963 -0.0739713971549303 0.0231426390512664 0.0612038260259522 -0.0159574879062333
