sample MDS1 MDS2 MDS3 MDS4 MDS5 MDS6 MDS7
AN03 -0.000203017534324168 -0.0258561549325884 0.0638091856281395 -0.029231568153503 -0.0305847373380715 0.0669526092602037 -0.0148174443777777
AN04 0.0608565413223124 0.0018256189854436 -0.0398898253308187 -0.0262429852088941 -0.0529741123772215 0.0442421079127349 0.0753301524556737
CS01 0.0809283727594934 -0.00594544110369885 -0.0500602104873707 -0.13602715332061 0.0467700725029761 0.0825795902378632 -0.175190065853352
CS02 0.0563968946076889 -0.000614864300866824 0.065663789959857 0.0256706377024719 0.0500741716074711 0.00859646654021478 0.20173000804612
CS03 0.0719665077144944 -0.0392496439338333 0.063122015548909 -0.00013063143218232 -0.0174444733462257 0.0144524432868233 0.103104564146313
CS05 -0.0438250494739973 -0.0652159673014217 0.0796379981971177 -0.0621685613497883 0.0458184910304279 0.034643933857732 -0.151421731031092
CS07 -0.09401512857778 0.0116892953009117 0.141561080203816 0.093366521753222 -0.0175902437298855 -0.0247855213168052 -0.087692781875094
CS08 0.0973341253805584 -0.392745007035487 0.0976820000781431 -0.0129913075728672 0.0318533535453778 0.0461716030323337 0.0516801812690132
CS09 0.0722245429779224 -0.00781167209818756 -0.0816610681657057 -0.0479141179024207 0.0128449284933391 0.0200698448178675 -0.0768766908144564
CS10 -0.0275534384428436 0.0608385872823066 0.0293911264074071 0.0678112035268883 0.019675342073618 -0.0293582812733861 0.0906497061709535
CS11 0.0956249441241236 0.0606657222063006 0.0270219010518414 0.0663183495125084 -0.076944412279799 -0.0458399592396392 0.0301797450944318
CS12 -0.0547172097243949 -0.0291751457126246 -0.002994202893431 0.0120508881393197 -0.0925036809965234 -0.0144176187227146 -0.050779242201412
CS13 -0.0301661402588444 0.0780187691003677 -0.0338462014096215 0.118510680651879 0.00336143768423364 0.0672537764887528 0.172393069491032
CS14 0.0143443061662679 0.0507498313326245 0.0379609157466309 -0.0841180235423879 -0.0286932977794117 -0.061075138412174 -0.0407134402620412
CS15 0.0403291142579961 -0.00260566335183551 0.0917417481047534 -0.0391164222251373 -0.0940154763147485 0.116977606557428 0.0736077641462419
CS16 0.0384099530554103 0.0581556160726865 0.10565579858271 -0.0662064843831584 -0.1287369160739 -0.0389781134402533 -0.011781568259418
CS17 0.114888613278863 -0.0492655337045195 0.0248339466564446 -0.0687817792714434 0.132715461822143 -0.0114291987634215 -0.013686832617815
CS18 -0.0254242755861462 0.0188129019703751 0.0645564112405356 -0.119349206188347 -0.0668839698467112 -0.000756704293700852 -0.017634642674365
DK01 0.0330663530672504 0.0721743116757861 -0.0108855569582912 0.000296078306240677 -0.0385804578404924 0.0311133264598796 -0.0936572015347896
DK02 -0.0495328695127529 0.0396896121481746 0.0252350543295913 -0.057510155381 0.0879243611446353 0.0197164701192646 -0.084715260728539
DK03 -0.109752670572816 0.00833491425487629 0.123197781430208 -0.0264119275217096 0.0267138407821829 0.0264982904842042 0.0210058564745391
DK04 0.0267007093525294 -0.0547677960674948 0.100608672190759 -0.14284658196179 -0.0371974013274251 0.120737311883345 0.0373674826585091
DK05 0.0377134568739509 -0.548679438119465 0.129971662323325 -0.0567129936693134 0.0136007527209684 -0.00167926799075768 0.0837389472355727
DK06 0.0336956784595284 -0.052121697740324 -0.0451353647369943 -0.0973648081158161 -0.0003199182497199 -0.0526599728748274 0.0264947081699864
DK07 -0.0404512698360922 0.0459965912516004 -0.0358247913621347 -0.0647618190813231 0.00862864840206105 -0.0641156690023427 0.153566165022849
DK08 -0.104740262916434 -0.00306928837247102 -0.00309787028733663 0.0661440743502579 0.0488287713676488 0.0877836913396424 0.0425921218423628
DK09 0.0213038585421653 0.0284435798782353 0.0159195127617344 0.0211481346624818 0.0191454107573831 -0.0159339187604285 0.0939011259976605
DK10 -0.21769215991911 0.00311458537860912 -0.0858772238458627 0.0228802704690208 0.0706301476746566 0.0422537819917724 0.0735842207930063
DK12 0.0686164986833114 -0.0193392632690369 0.00829775835713946 -0.0372734294547761 -0.0542413983546083 0.0417989922271251 0.0260150019057443
DK14 -0.0676824617968743 0.0448995493957311 -0.0730623450485568 -0.0159099589561108 -0.0340730549320361 -0.0889232480547146 -0.120828639983377
DK15 0.0943492194427301 -0.00690109456224573 0.0969000894740979 -0.00165720415391759 -0.0131502316553131 0.0534353995027883 0.0869876905678688
DK16 -0.0356194577168843 0.000488058285274911 0.0260031138746925 -0.0214624707329795 -0.00159964458998792 -0.0300036657081171 -0.0555279700952272
DK17 -0.0602406053935901 0.123920757250582 -0.00901123804318837 0.0420112608494844 -0.0251047792640862 0.0555872158645641 0.00976138670098811
DK19 0.0309045870939644 0.052047004170637 0.0758286797881709 -0.0235919891308288 -0.0580108419490217 0.0300266205005517 -0.140272286561647
DK20 0.0830464246648577 -0.00453674047989094 -0.0504011977961527 -0.0724681974302961 -0.0221193818909168 -0.042215397697114 -0.0421879180680714
DK21 -0.0696000367724693 0.0792032573603327 0.0998571404996909 0.0380783459990655 0.0286874816750057 0.018536041656782 0.141852709491509
DK23 -0.0809700262251294 0.0622590535148594 0.0645280133255557 0.0113423553879446 -0.0835823077977246 -0.000436826925255207 0.0418888936535847
DK24 -0.0561477708593627 -0.086468319259631 0.0384493355285119 -0.0622364637223971 -0.00722429456371375 0.0718249115401029 -0.20511347235636
DK25 0.0426802926587634 -0.045386243559531 0.0051957137869391 -0.0235215314455089 -0.0371240516589389 0.067273242640476 0.0320191098626265
DK26 -0.108011804901519 -0.0440763628178416 -0.012812738200457 0.10169123136023 -0.052924260458231 0.0378251296313867 -0.0509626509068664
DK27 -0.127059133299222 0.00125435409744978 0.117465298425798 -0.0679622605394271 0.0339512135823168 -0.070884528839461 0.0477751579841719
DK29 0.0824830269034741 0.0155141767192689 0.0142619363452696 -0.0657997638908564 0.00155516811533495 0.103829048711026 -0.132397343994778
DK30 -0.139362419331236 0.0398329918931957 -0.101656220397024 -0.168050314799814 -0.00470027479567328 -0.103212964995443 -0.0108211269093452
DK31 0.0272423894421938 -0.00175287236652978 0.161014817375455 -0.0248112942433756 -0.0555402691683774 -0.0398409274519163 -0.0169653965840329
DK32 0.0113094462212508 0.109073453248113 -0.0268026240657363 -0.0503350619747411 -0.00981463404437939 0.069327183979258 -0.0783797992671454
DK34 -0.0936976696262886 0.0766762893697854 0.0850541516725402 0.127857062344514 -0.0457817961868305 0.0617729093711567 0.0359516703373663
DK35 0.023370419565513 0.0396101410132195 0.151944022251252 -0.0651915799997795 -0.0338578523658135 0.0960116796627736 0.006501402524437
DK36 0.0492465681903279 0.0659420391750646 0.0916593970779913 -0.00137924094302882 -9.48333418588226e-05 0.0329197102155817 -0.110233465175429
DK37 0.0182355132130674 -0.0204269751857933 -0.074518580497478 -0.105714587879588 -0.260428991640674 0.254769867419039 0.133720773488236
DK38 -0.0229713713663628 0.0205124356057788 0.00287763923962316 -0.14700766117745 -0.17688778377603 -0.0640296894626707 0.0271010933523172
DK39 -0.0493998533344534 0.0329857656998596 0.126214706911984 -0.029253443550355 0.065367212450539 0.0171679810276348 -0.0137077308622483
FR01 -0.0513494469442156 0.106208149348978 -0.168650017433808 -0.131639608301236 0.147994720304249 0.0031514311634977 0.0647077851510436
FR02 0.055760033688732 0.0575705830366236 -0.0441156196031744 -0.011277387701168 -0.048444416480843 -0.0481680214791386 0.00995788272457685
FR03 -0.0308021241396153 0.097957822286059 0.0586567248598597 -0.00346030265069557 0.101328248415542 0.030468527653963 0.0631635257618131
FR04 -0.0745781218113518 -0.0466412596561794 -0.0275459982525741 0.0155733479542735 0.0281329519810979 0.119424338906271 -0.190869815166697
FR05 -0.0730158833159577 -0.110845367126868 -0.0515560884022955 0.234916799434686 0.0395819631483994 -0.0630607438036805 -0.000133964973039945
FR06 0.0447374651520297 -0.00547827572328699 0.0410112409983879 0.16114641534133 0.0977466345903239 0.122767956154839 -0.032733444624027
FR07 -0.156513270805279 -0.150070774738595 0.0324777240645769 0.103158521794032 0.0998868724397749 0.023830272206266 -0.046211352309176
FR08 0.0264822256938234 0.0516460288029674 0.0268977817973548 -0.0367768774182847 -0.154094901698588 -0.0362907301062229 -0.114299322422482
FR10 -0.0225797596485621 0.0123586521458898 -0.0467493195695776 -0.0264960235730618 0.0462088928872194 -0.104436524705798 0.120922938493304
FR12 0.0592377299515756 -0.037138979041639 -0.0653859757106978 -0.0580318718734493 0.000820711312473077 0.0239546709329293 -0.0929519955742048
FR13 -0.0593939384371744 -0.0656077264563929 0.146174356860682 0.0394686958310234 -0.0386547545284608 -0.135346278715274 -0.0549722222942125
FR15 0.0284187090731406 0.0176519965416608 0.0858251908719933 0.0658924785900658 0.0473918429210232 0.0237189016731228 0.0415041714578654
FR16 -0.163719972640098 -0.057631057821564 -0.0149058687967732 -0.0204018750336048 0.0271562856324986 -0.0211575372055387 -0.0582068462966884
FR17 0.0126449533867399 0.085169951039976 0.0585982248475777 0.0961227692638351 -0.00755910940109085 0.0196370096730998 -0.0454746434370544
FR19 -0.0312599044913328 0.0293041573130685 -0.0652151821976899 -0.031993676686327 -0.0652721589592778 -0.0568624120680858 0.106382745628455
FR20 0.126309367845468 0.0707170846109474 -0.0377009801724346 0.0459311086727485 0.0150346174638548 0.0186589269034056 -0.0607752701121734
FY01 0.0184990995964579 0.0612453640848245 0.0300178811425679 0.0591369343156582 0.0171688977762903 0.0429766691523754 -0.0514197387887308
FY02 0.0416067789796276 0.0842101542199569 0.0633395712016683 -0.0178644212543176 -0.0490856749762741 -0.0281345751174814 -0.0784902299028815
FY03 -0.0622015199072959 0.0339325406416417 -0.037423114112479 -0.0479882045691329 -0.137638544549978 0.0369552050845646 0.0133671649652623
FY04 0.0203731467265445 -0.142359292190969 -0.0934804789119742 -0.096102064571034 0.0912393452629641 0.0450555403854751 -0.017392986392938
FY05 0.00958478504551162 -0.0120735482638662 -0.0974095007983555 0.0531915459066315 -0.0339213052467915 0.0407432745574516 0.12646723005206
FY06 0.00799851044369462 -0.0476423339878841 -0.109012487434562 0.0757193143902625 -0.0692250204825791 -0.0404727562095509 0.0327716497449828
FY07 -0.0237924504001103 -0.123797815238757 -0.0197611181205818 -0.0061113936678224 -0.0448427810960924 -0.0430331347733068 -0.0620180920047807
FY09 0.0152974537282124 0.0391733502559639 -0.088364714503841 -0.121440399835882 -0.0191014311643846 -0.0238648275504379 0.0479330764579445
FY10 0.0225007282383295 0.0348198465495233 -0.0844702139849783 0.173572525508071 -0.102431538614339 -0.0702339353745707 -0.0328683991020741
FY11 -0.0983139117344627 0.00709909702427472 0.00447993065623639 -0.0777078645380911 0.0446226202081864 -0.0656758169078136 -0.0589099299566758
FY12 0.0537012658569277 -0.0223183190114436 0.0860088876517543 -0.0952706248551937 -0.059821728913073 -0.150794378489677 0.0489990058476154
FY14 0.060829721939469 0.0355753769257687 -0.0157211137825311 -0.0546781020249826 -0.0453629043091884 -0.0450130134009682 0.0719055506018623
FY16 0.0215737913867561 0.0694090368537368 -0.0625608431983933 0.0173405582630185 -0.0856935905363504 -0.0866797966224098 0.00326947520415166
FY17 0.0239552558177152 0.0277141012938985 -0.0156945553890017 -0.0327890749218128 0.0251419603819673 0.149348364029758 -0.0418918757318336
FY18 -0.0496259334859505 -0.0290268432306149 0.00598527989840355 0.0571390552982386 -0.0679535245120217 0.105429040338084 0.120043452002354
HH01 0.121541740247711 -0.0614157643685029 -0.000987828684676803 -0.00325761939384765 0.163341743791116 -0.0747984231078491 -0.054463667213862
HH02 -0.179659486151486 -0.0174376861048873 -0.0476707717818913 -0.0732368466401667 0.105719995717399 -0.0778510259733606 0.047262279016639
HH03 -0.00767721930111736 0.0187915602647263 -0.0171870048777989 -0.0382373089776806 0.035082794362129 -0.0391068797431256 0.00189763457160419
HH04 -0.0926343984659244 0.0485930167155542 0.0672069940913289 0.0774616282432143 0.0954808811804118 -0.0138948217605956 0.0205154948818839
HH05 0.0341862012587304 -0.00966537950038662 0.0174350082180078 0.0909598211400494 -0.00229058359183665 0.0956206159584487 0.00367905575521314
HH09 0.0602482313378606 -0.0210168185909601 0.0430495073583893 -0.0179122936391996 0.0630636245220769 -0.0242338887004196 0.0203022735942771
HH10 -0.0838367039783539 0.0416821564787939 -0.0205965699654772 -0.188782815426764 0.00585837742326352 -0.011034750310293 0.0146611622710169
HH11 -0.0370080006479488 0.0320512351419943 -0.0691636650444583 0.0857849911295866 0.0418290953653186 0.0180587748747256 -0.108033065499659
HH13 0.00516181925694227 -0.00361280216772984 -0.0946447804062356 0.082615123171149 0.0160720710071675 -0.0197323439978578 -0.0239881015747934
HH16 -0.00576204819196315 0.0636703153750689 -0.0668290174267212 -0.0269128310366489 -0.0947866148789065 -0.027629371386738 0.0315760759374371
HH18 -0.0788880639441413 0.0172393384899937 0.0909791957124945 0.0444091201887634 0.00342668507266651 0.0121252398344198 -0.119928502694715
JB02 -0.0613677346693813 0.0420581936866387 0.0366219815700722 -0.126209088829338 0.101562217059634 -0.0767916082640078 0.0726605080862345
JB05 -0.0190276404081142 -0.0114298236272201 -0.11257751929405 -0.180709849523844 0.121145234670389 0.0942710529392055 0.102266708392597
JB07 -0.0132071945984942 -0.00197878992496029 0.0508291747173054 0.0286500361451202 -0.0508273897997218 0.0315461401029862 -0.0265267640352283
JB10 -0.0916694757027462 -0.0369277878552205 -0.0549765877901247 0.0338873878741901 -0.0663466582151253 -0.0414896804338398 0.0236402724815012
JB13 0.0281565527261547 -0.0102406615802379 0.0887082216260856 0.0139649248911141 -0.0909337592108506 0.0715017407627075 0.0286279634129469
JB15 0.111616269086496 -0.0486920914667102 -0.113119767052985 0.0661370043251605 0.0801425501403412 0.0784380731928203 -0.021212157836086
JB16 0.0948972502612148 -0.023922166736497 0.0439747480588496 -0.022354034507572 -0.0117634610920056 -0.0429680702628848 -0.00870414689930176
JB17 -0.0469917477883597 -0.0525725915221655 -0.138668845423735 0.0812409002577509 0.0190461153716254 -0.111316028441498 -0.0501599308218791
NB01 0.0303725912523464 0.0285782089141597 -0.0447114362748664 0.0144144031198105 0.0425095626863311 0.105186123623915 -0.039801925705973
NB02 0.0376377464651509 0.0380441839700475 0.009800116400034 0.056180507865919 -0.0812291433542273 0.159621312651044 0.0867419162716649
NB03 -0.0299643213193762 0.0258642325136369 0.0567924323791527 0.0893774916344903 -0.139553389665156 0.014218443880699 0.00813148227720546
NB04 0.0015104964625874 -0.0200851253431355 -0.015049307159904 0.0493987821548747 0.0247597437662499 -0.0545906290951319 -0.0250074201222799
NB06 -0.0114578288581241 0.0850104208886837 0.0785162888617255 0.0838167060336232 0.0332601708677684 0.0617798560380544 0.0320485587016189
NB07 -0.142024106634738 -0.00604438690438604 0.0198752412271739 0.0733620971737383 0.0335793149079151 0.0117215447097219 0.028974340077859
NB10 -0.168306884716707 0.00676649434025718 -0.0449612695046509 0.0106949221763086 -0.0161127815262153 -0.12901763607447 -0.0666898397373077
NB12 -0.0348984176045784 0.0674566612467251 0.064026922185078 -0.0296622359920349 0.0896274116564485 0.0434911337363924 -0.0483283319676348
NB13 -0.0310098180678072 0.0159588580425151 0.0838370921904025 0.0377331520961987 -0.0586549551395575 0.0701826139520671 -0.174060978065708
NB14 -0.0171701462830308 0.0961288240610286 0.113953873212967 -0.127195792287263 -0.009629953662613 0.0506223014186793 0.0320394470947526
NB15 0.0365281233275754 0.0584496230316062 -0.00437294012421486 0.0257579854910029 -0.0553236715553477 0.0118382976842366 0.0341425934693746
NB16 0.123408385836229 0.0297822694212798 0.000848537464110871 -0.0526968780270188 -0.0631550181268022 -0.0246662181091847 -0.120302117772778
NB17 -0.00653349985160599 0.00426583094531882 -0.0603286406949307 0.054234758548953 -0.0551210468342052 0.0082139664803427 0.0222854398942333
PA02 0.00945035181460281 -0.041469916505088 -0.126590101400808 -0.0550098080623185 0.0495318525542172 0.0200421370320121 -0.0166099611998571
PA04 0.0406002371499569 0.0183789510861613 -0.00761740547089988 0.124898676807521 0.0754139457038016 0.00688230445637292 0.144218400647625
PA05 0.0717378969526654 0.0530646102952883 0.0496447397454813 -0.0784679952619919 0.0871172808054205 -0.04011923676865 -0.0241235158860302
PA07 -0.113043080001766 0.139394539991523 -0.0160970419197823 0.00223823642644329 -0.0624199756905323 -0.0233962769463054 0.0781518180714675
PA08 0.0911310781570639 0.00565033470723253 0.0382814515713819 0.0164099652156706 0.0303156269248485 -0.0390164795867275 0.0703878968903333
PA09 -0.058999172987007 -0.119908808818447 -0.0402278104593488 0.0337245612218988 -0.0922897048468285 -0.128582858631135 -0.0437237519366969
PA10 0.0336869383797356 -0.0494337969674006 0.0183323468648483 0.0399096275067879 0.0370778473254369 0.149504004368435 -0.0556127691502068
PA11 -0.157609941731414 -0.010905334109467 -0.0321667062570355 0.0018073935626166 0.0708507865877272 0.0808144039372956 -0.0487923320439223
PA12 -0.0345584546221023 0.00423819510929732 0.0625256356870165 0.0951407139846593 0.00770370321998864 0.106528563726557 -0.0231521438953932
PA13 0.0218374662300809 -0.0154485506644794 0.0139307661806887 0.122769278141249 0.066377540417465 -0.0564483516150368 0.0377673825914298
PA14 0.0909104010897327 -0.0153998264712026 0.0755187133862848 0.0995455892778294 0.0338845925848365 -0.119742874833641 -0.01821134097464
PA15 -0.033593137198745 0.0553460211939353 -0.0172476135328827 -0.19365001330758 0.116737926402641 -0.0505571492753278 0.0743627619915306
PA17 0.000850190157573233 0.0642048879553149 0.0245511432872491 0.0579641995512814 0.0819208242814499 0.0315541415036725 -0.00882599219763937
PA18 -0.0421285556815706 -0.00777577257262544 -0.119348738468052 -0.0914717111235099 0.00346534249048137 -0.0815915045309037 -0.00870045703107994
PA19 -0.149392807057074 -0.0741397779867957 0.111815210348649 -0.0442684792517804 -0.051408881778502 0.0639120372602149 0.0739973576187322
PA20 0.0301186300401221 -0.0322492385770097 0.079195223857048 0.0584568740791742 -0.0279756088108445 0.0456445786719851 0.0602485880928901
PA21 -0.00447970592669989 0.0498890285284607 0.105921330196303 0.0406741977326341 -0.0435959507904623 -0.0486563706179715 -0.0338444257366788
PA22 0.0184927613016692 -0.0648383824388671 0.10601483917466 0.0228594723115831 -0.0426675591999413 -0.111425309000745 -0.0486514818984551
PA23 0.00993664117488082 0.0735098601856027 -0.0183975617641745 -0.0613729928456842 0.0186892544005542 0.0338088174485443 -0.0322534196327888
PA25 -0.00737700553396995 0.0159554169514861 0.0232578380557484 0.0933207045003567 0.0702168861697772 -0.0109818138219279 0.0375672380475569
PA26 -0.000895512207580725 -0.0385727430155588 0.0373793602029867 0.0137798637698268 -0.0644003092313031 -0.116655461036143 0.0255046360416057
RB01 0.0941289433674968 0.0595011207064091 -0.0843752012955603 0.0435596117378101 0.143784012188404 0.0845665849669057 0.119243379393186
RB02 -0.0659867437619009 -0.0150131495940195 0.00321092707901328 0.0241057773715759 0.0504602189544632 -0.189103065874196 0.0380741748850485
RB03 0.0676135824321144 -0.0343586058638109 -0.0322421139443317 0.0295675189497746 0.163336190438319 -0.0690923777667453 0.0470114555054335
RB05 0.0265895019550941 -0.0507483551497194 -0.0307235606665904 0.0441811244270493 0.0108848968028903 -0.105536212980201 -0.0245711954752602
RB06 0.0669168432070399 -0.0378703159225506 -0.128463906639837 0.0463976515526091 -0.0964282037075906 -0.0810190696451034 0.0188392167574211
RB07 -0.0160659757158936 0.045086786339944 0.0298392260189099 -0.109872996881839 0.0198128278326946 -0.0376169141317983 0.105749982015951
RB09 0.0771660220804964 -0.0711430692671247 0.0290132674020998 -0.00229647665474801 -0.039505259478548 -0.172701547710031 -0.0596887980735954
RB10 0.0278124605538794 0.0160971994698064 -0.0675913748334985 0.0390068900226173 -0.039539578606503 -0.147910781521931 0.0958623121615854
RB13 0.0798288651902578 0.0188911549585843 -0.084192423878204 0.0538588590106836 -0.100471372359249 -0.060124641464465 -0.142134460443852
RB14 0.0138146017598457 0.0262239030478807 0.0248034988313637 -0.0363133155595554 0.0104681638102082 0.0713359564777303 0.0118989129317112
RB16 0.109748162710015 0.0349683365709853 -0.0715878079782249 0.0603251523618069 -0.0161837401834516 0.0205771245444137 0.117847523370757
RB17 -0.0687587349092094 -0.116035915110545 0.0466284989784128 -0.0459085528113467 -0.0476707789407484 -0.0513948618835811 -0.0939049295751531
RB19 0.0730319577358283 0.065961854266767 -0.184676430577146 0.0800742379300532 -0.0661597137125555 0.119330102581607 -0.133224435877331
RB20 -0.0060343691623628 -0.0128575399815924 -0.0768722361184592 0.0417268393460603 0.00553310663491176 0.132518040060382 -0.0285572375708774
RL01 -0.145160536617091 0.00602807040260027 -0.103831354558205 -0.0343555624033433 -0.12028751975394 -0.0368053357137022 -0.0747945019505296
RL02 0.0185072943903135 0.00885045777198703 -0.0894198408318674 -0.097876893496378 0.00587633365600901 -0.0272254852051244 -0.0396248723728696
RL03 0.096906534137321 -0.00783604782368027 -0.0515660615723526 0.00997723825118729 -0.0331315298528545 0.0639196539678313 0.00163007974592119
RL04 0.0880121960143477 -0.0396253005226331 0.00143587463365181 0.0821897143288232 0.0890893353735823 0.0293882915802374 0.00915279977374247
RL06 0.088025855107705 0.0331520999625346 -0.0103481390375475 0.0155364461297854 0.0611293574115872 -0.0159589575988222 0.0595691414513875
RL07 0.0367676529929058 -0.0614753485192036 -0.0269651105822705 0.0267482766872131 0.0138780645926439 -0.0137979770350742 -0.0224274875582174
RL09 0.0516001375452396 -0.000415788863204663 0.0481649216362202 -0.0243761564713378 0.078850413872097 -0.0881518244408452 0.0471499270968267
RL10 0.0659676284964922 0.012551695701619 -0.112322646475977 0.132302171113756 0.112925352505819 0.0957335057400564 0.0101516530632825
RL11 0.132787273147438 -0.0568262232087455 -0.102656352612206 -0.0863072782430832 0.116585441752672 -0.0661192449513863 0.0386919256334171
RL12 0.0199659499933477 -0.12259215804399 -0.0314592162152125 -0.000675621951942028 -0.0151904517726686 -0.0902632336309618 0.0285601083223457
RL13 -0.0038537659613354 -0.149923201538789 -0.0993543718545306 0.0422051644629574 0.131330658447552 0.100642260261722 -0.00898723402317063
RL15 0.16072984907727 -0.0153476720870111 -0.070424151706511 -0.114713106803811 0.00812511454337445 -0.0359272350882589 0.00700791488221114
RL18 -0.227842711449186 -0.057141414452058 -0.0214599469169313 -0.0072722008140036 0.0299297691765869 0.0247976983801181 0.029954952342068
RL20 0.0452960939952798 -0.0424303386681635 -0.0607094200176218 0.0416109572640445 -0.0464410612128642 -0.0724111007216681 0.0474813619726239
RL21 0.0600944610121697 0.0422588757186028 0.0437952240670645 -0.0029125907464216 0.0943475830391296 0.0075342229466019 -0.0527815351594066
RL22 -0.0336872045609911 -0.172482944132847 -0.148460002645753 -0.0952819002818803 -0.321186605057414 0.197588364796782 0.166875670652795
RL23 0.0616157107984689 -0.0166820917455728 -0.141186268154385 0.0223668102426216 0.0908060557203248 0.00622611443475926 -0.0679101388334733
TR01 0.0546208216417514 0.0768596628424483 -0.0419345170435105 0.030925654138662 -0.0506533705564987 -0.0722175183334092 0.0674705965807211
TR02 0.0602940010789951 0.0613372680894791 0.0502221174040157 0.0271891923139095 0.0262769307359545 0.00942383922299922 -0.019828044640815
TR04 0.0929338766989738 0.0631935953246929 -0.0311815799312966 -0.0972371919294002 0.0493067840049216 -0.0172773481163953 -0.102683517279637
TR05 -0.0190806413160114 -0.0220273574605644 0.122028621465546 0.0139889856043852 -0.0422201434239576 -0.126672946006113 -0.0716717651113955
TR06 0.0348832568403704 0.0664897907865764 0.194332726873747 -0.0501947418295956 0.0528183691879914 -0.0094128502391292 0.110678563648234
TR07 0.0267381617393165 -0.020098641148917 0.0137588333853462 0.103561003092851 -0.0889673623509629 -0.0868435405530023 0.0185873683965722
TR08 -0.0163907339758638 0.0722416351245058 -0.0615964451653659 0.10711730029788 0.0421828281059489 -0.0875589143592095 -0.0337924911392971
TR09 0.140792421245534 0.00737746926936731 0.0225179780616715 0.00840715241609326 0.0187004936074985 -0.0313211541096763 -0.112193811063935
TR10 0.0804394571233776 0.0511683043674396 0.0929004713249066 0.0857863253518564 0.0460703641476833 -0.0641667338117123 0.0517284865850668
TR11 0.0517308344526624 0.0266971175334919 0.0327580633510017 0.0475299329894167 -0.0819744425440121 0.00279247164516375 -0.015133323548009
TR12 0.0149015962190628 0.0179648083397229 0.00834096404416395 -0.0329237927294217 0.119087769681488 0.0417580090939068 0.0116179577315272
TR13 -0.0538178300020678 0.0620661020099421 0.0794758001623919 -0.143761682843839 0.15994278907462 0.145723044721211 -0.0326984003509679
TR14 -0.235643332281262 -0.0614319058664019 -0.14792057448945 0.0325979987310076 0.0896234420535974 0.106628086100479 -0.032519595895244
TR15 -0.0356810124685034 0.0282584328235978 -0.0618401680336385 0.0725290256049445 -0.00930372271185402 -0.114305855447024 0.1087780960127
TR16 0.00184693186639032 0.0422152450609793 -0.145165720576934 -0.0333263252917558 -0.0545683534713668 -0.060687881109758 -0.0510988614880738
TR17 -0.00774827409070826 -0.0337666260810416 -0.0613198327437445 0.116116460599571 -0.105373706846351 0.0618402587263196 -0.0692491990241206
