sample MDS1 MDS2 MDS3 MDS4 MDS5 MDS6 MDS7
AN03 -0.0020508125747396 -0.0447389285113415 0.0623588712527434 -0.00375134863903835 -0.00945644283709246 0.0188886034453433 -0.0632119551929422
AN04 -0.0369733327787778 0.0469909867484723 0.00260680857659411 -0.025320376640388 -0.0182433831388198 -0.0259001610344838 -0.103705639281538
CS01 -0.0724610810998673 0.0306529410936394 0.0570458387754686 -0.12768266692597 0.104793096806232 -0.0416457721942012 -0.0522100311523127
CS02 -0.0611730910865078 -0.0298349188515 -0.0147666179750636 0.0043140091142802 -0.0743348235829018 0.0852582569431071 0.0223982815526096
CS03 -0.0383833906989105 -0.00794490604114556 0.0444581523757399 0.0499967613270847 -0.0126991133729334 0.0147491602957019 -0.0163414826609342
CS04 -0.0452245043759233 -0.0161990784780855 0.0579050609663445 -0.0362976848099212 0.0138533059737314 0.0926948091025949 -0.0842333535575599
CS05 0.0277417640604779 -0.0685321219755093 0.136447524303918 -0.0317694589106004 0.118007136748693 0.0268921549800974 -0.0333751505641813
CS07 0.0461374182798505 -0.132452464872993 0.0444837907800693 0.138824684245805 0.0364923496987956 -0.0493393313923458 -0.0452733709284017
CS09 -0.0631504161412565 0.0596896802137369 0.0453952738841971 -0.099630747283058 0.00534274257086349 -0.0805644976173205 -0.0400763657384212
CS10 -0.00185334079313694 -0.033105259514479 -0.0850912481780519 0.0581224156213798 -0.0283007051065285 0.0129504455089516 0.0289956211517932
CS11 -0.0997357166993839 -0.0223970613026904 -0.0474492109279567 0.0626657080414017 -0.121368632529965 -0.0373998318183522 0.0158825731846997
CS14 -0.0282190219655954 -0.0301122778527529 -0.0106475096437406 -0.0445509964562034 -0.0175010636324213 -0.068998479608983 0.0456032900686498
CS15 -0.0359893687677759 -0.0711979448100196 0.0638354782832206 -0.00338987077181263 -0.0393725922699484 0.0834315117602973 -0.0681282692160149
CS16 -0.0378462442785701 -0.11038884286037 0.0036150130129794 -0.0174593200998457 -0.139537929935749 -0.078233155848943 -0.0224645617549957
CS17 -0.132120810478316 0.0181300226582146 0.0663064695066616 -0.0824060269692135 0.0696075645427656 0.0173007615689029 0.0908777520070987
CS18 -0.0209216236814494 -0.100676219181993 0.0425365358722628 -0.108415150548151 -0.0764380239793567 -0.00609404671077383 0.0724102509351877
DK01 -0.0391946939780622 -0.0188091254972021 -0.0504537996775636 -0.0265816519073088 -0.0633658898627694 0.00664074818149709 -0.0263629735294456
DK02 0.0478176842456788 -0.0519113498633385 -0.0512323158299995 -0.0336775023875141 0.098377363280645 0.0115349596662197 -0.0127034566594814
DK03 0.0795902586097888 -0.129874892064741 0.032898351911958 0.0195253932120508 0.0708787757515541 0.0213925516946939 0.0106424354702947
DK04 -0.047420775828242 -0.1116121795687 0.0907998775194547 -0.134504295253851 -0.0253462937056066 0.122109741780856 0.0498074045446283
DK05 0.0329100767883716 0.0112489895710782 0.392623091080595 0.0302757767371723 -0.0312235269837265 0.135719344872423 0.217069260306844
DK06 0.00327799955684639 0.053338103407728 0.0104185025613741 -0.0459731791863447 -0.021177701963312 -0.0279632701972457 0.107098125895057
DK07 0.0724780779426732 -9.76763302899472e-05 -0.103142041271029 -0.0392797369156752 -0.0754551989897839 -0.00165866100896422 0.0543674818541161
DK08 0.0898529100802231 -0.00845224184873067 0.00346985404719717 0.0145904535566996 0.0417960007734587 0.111802163873997 -0.0580089695119254
DK09 -0.0377575508581077 -0.00135026973218847 -0.0321243085344918 0.00159080131456099 -0.0480835320514033 0.0294412604410595 7.46249639626967e-05
DK10 0.214443258373054 0.0143494175692106 -0.10103655474276 -0.0102258516663306 0.0510195978338522 0.0727554552200266 -0.0289794560607047
DK11 -0.06250313745265 -0.0505568208964057 0.0530161393440846 -0.0875645069915252 -0.139987241712586 -0.0408713357599059 -0.0540967724194667
DK12 -0.0587906324628545 0.00873910592996647 0.0684356849165504 -0.0397604527099357 -0.0316586085679267 -0.0356831440732243 -0.0633376421164844
DK13 -0.0155034059544012 -0.0182840317778453 -0.0104184896090585 -0.0147306812611493 0.0126827397449986 -0.128038334617374 -0.0100942974159516
DK14 0.0942175763966177 0.00760050227368612 -0.00466805843966174 -0.00131946309539848 -0.040043690862661 -0.167311679890007 -0.0565207753615155
DK15 -0.114033599836908 -0.0553018425446377 0.0544947902320416 -0.00531166501655178 -0.041346632136431 0.0752894886394336 -0.0179401407975602
DK16 0.0249216881532697 -0.0745039881661775 0.0249959854432462 -0.0414772135771106 0.0322613732225914 -0.0832604682018434 0.0137410378308893
DK17 0.0365029713639356 -0.0600281126592708 -0.0893587966997208 -0.00947079708528348 -0.0195037498202921 -0.02658306094848 -0.102705876397204
DK19 -0.0423108154880384 -0.0882346663683887 0.0100800435140162 0.0130900434619079 0.0134852692445761 -0.0462427243175094 -0.0484039094483802
DK21 0.0176196968688251 -0.101791163893093 -0.130601933171344 0.0436717885577868 -0.00140543520671756 0.100978035464755 0.0270956727294921
DK22 0.0636620334924778 0.045468165564435 -0.109011803518315 0.0246928718257987 -0.155836769924387 0.0769093676059099 0.00766309010404819
DK23 0.0612381937635161 -0.103100119560441 -0.0397258780164702 0.0412612731913602 -0.0743450138870023 0.0246610256044312 -0.0488787285078366
DK24 0.0451559644832554 -0.0325963029194389 0.181521780052545 -0.0546878601721799 0.0539466878641752 -0.0828099443411462 -0.122769572840068
DK25 -0.0192341290999113 0.00444599888838475 0.031665634916801 -0.0585212724836565 -0.0691827829929452 0.0884591901362974 -0.0155013720172773
DK26 0.121510443475433 -0.00491449708313609 0.0595595623832515 0.0859140763121923 0.0087736235434955 -0.0659113674214591 -0.123835421193794
DK27 0.0730400317133226 -0.143321426659814 0.0183728947246303 -0.0335721493365848 0.0277034448136914 0.0399931046107161 0.132319689839128
DK28 0.176830463042212 0.0737266039843872 -0.0621115903261142 0.0357868225456023 -0.0943405785983089 0.0937011875893787 -0.0893800504588356
DK29 -0.0901318171840236 -0.0178401916381568 0.0578401895072092 -0.108391949800874 0.0309605721787987 0.00218144481969738 -0.0870144006327249
DK30 0.153945068348113 0.0299147997774038 -0.0536596475351583 -0.161312346310101 -0.0288664240299521 -0.0988844845416934 0.105660386835879
DK31 -0.0435963866346759 -0.124088055521283 0.0382065387576817 0.0720971595518517 0.00857915612008223 -0.0164735187871483 0.0485506776205079
DK32 -0.0313948776052005 -0.0384669944510726 -0.0612648004511825 -0.102457870090093 0.0187333535891548 -0.0432185425609544 -0.10573341624931
DK33 0.102402374584698 -0.0970368341146003 0.118128359573176 -0.101557539475705 0.0719175334763489 -0.0581053218176263 -0.0954951228602025
DK34 0.0306750410929851 -0.121718704012645 -0.0366091578402134 0.063042566692652 -0.0314950241132597 0.0623116972692767 -0.0755970173565404
DK35 -0.0491330189147929 -0.148380907012651 0.0563545683210607 -0.00643240454596506 -0.00986492948106597 0.0432966074804852 -0.090181881572506
DK36 -0.0808201990128419 -0.0675314886546317 0.0149234553227758 0.026130312593502 0.0485656774302594 -0.0490848787121129 -0.085447345673131
DK37 0.00891539370437138 0.0473306917159061 0.0296089621552348 -0.100366117808774 -0.13258206275821 0.2014757666935 -0.0368575559150364
DK38 0.0230982180127719 -0.0375619148621936 0.0549404118381511 -0.0991835118149617 -0.203694313279161 -0.0608832957238341 0.0279783339359278
DK39 0.00765872308217203 -0.128997580344216 0.0161190013503704 0.00459694594531667 0.0651601129901687 -0.0489546896989063 -0.0350245713620822
FR01 0.0790136768460863 0.084053698007073 -0.186538979366352 -0.168229344673563 0.0756852737700412 -0.0685131335167541 -0.0297132684369696
FR02 -0.0353087872083645 0.0474270589715535 -0.0307303871786686 0.00549630420968301 -0.0687775032354555 -0.030289573166841 -0.00503299041912354
FR03 -0.00101232377557 -0.0857153102835086 -0.112601634702944 -0.0116981904591578 0.0726844054818236 0.0419965943584788 0.00981021325727696
FR04 0.0652820572029802 0.0145225241385967 0.134222092617826 -0.00569853522616676 0.135615882922 -0.00998718157560971 -0.162826993277447
FR05 0.113832978304484 0.0773109907836095 0.0460550084962105 0.23580210508317 0.0691900795842927 0.000258878312183327 0.00570028086316157
FR06 -0.0735226134022462 0.0153392588830787 0.0102209564601 0.113121459016617 0.104607318314999 0.0794162298442529 -0.12222722169951
FR08 -0.0305541069908997 -0.0489466080603349 0.0427947057260874 -0.0143897375187667 -0.107592511558235 -0.121098775352755 -0.051948427010257
FR10 0.0435789747765594 0.0446578577830601 -0.0848995252705974 0.0104693741004357 -0.0190348475050379 0.00903011045160227 0.12995110328458
FR13 0.0355598155215024 -0.0974729180960033 0.0957255302417608 0.165942818528134 0.0476000207494065 -0.047494933533258 0.104253577606705
FR15 -0.0760082867640194 -0.0617186213458772 -0.0431939870301849 0.0550740082003089 0.0495072560194263 0.0348353337674667 -0.00987084227453039
FR16 0.170171043406814 -0.0362771307214041 0.0454530416920126 -0.00413415208559206 0.0309491799014742 -0.00880735866229048 0.0201496390701123
FR17 -0.0560482800752393 -0.0502167285646579 -0.05038259802874 0.101798514396148 0.0271979637458183 -0.00216506747652677 -0.0523356157755426
FR19 0.07233711377849 0.0252344584944723 -0.0719800522532722 -0.0471174304621921 -0.141603624317481 -0.0124191306353333 0.012497670454926
FR20 -0.126679633393145 0.0377501666270019 -0.0338221266596713 -0.0147398533977921 -0.0302429792631172 -0.0300736743257257 -0.108448181304119
FY01 -0.0298455698556733 -0.0230517949690111 -0.0544757985777951 0.0797850242256614 0.0821537634948258 0.0264927835563936 -0.0421355546336377
FY02 -0.0753339697511747 -0.0617244270569547 -0.0393618215773263 -0.00908052270553926 0.0110400789896939 -0.05199607350663 0.0305550894479309
FY03 0.0688221259123602 -0.0231001249487242 -0.0102143279296911 -0.0357650329118668 -0.0993366029800831 -0.0309828979216575 -0.0280130655670804
FY04 0.0404376553690397 0.130088011216772 0.100661690092026 -0.0909953711198704 0.0998053353381334 0.0135462044938374 0.0108893960092999
FY05 0.0186836255513472 0.0953384176346815 -0.0386453796437828 0.0184978583218707 -0.081355888578642 0.138996158843417 0.056974661445756
FY06 0.0245605053571585 0.102496315678363 0.00352153804046157 0.0688840435792286 -0.0643170213606473 -0.0113808081418067 0.0404829984357384
FY07 0.0449334459481351 0.0504432599702569 0.165776878705589 0.00644469883845617 -0.0583481569197097 -0.0503169086270484 -0.0188554677674731
FY09 0.0179963360819056 0.0268743137036814 -0.0181387446655121 -0.142555832549244 -0.0243140645002652 -0.0676841694163664 0.0171962412421338
FY10 -0.0209064967992794 0.0830003156963722 -0.0087378607001187 0.101692186909127 -0.085649712362474 -0.0356760452783105 -0.0810375505444207
FY11 0.0971166466094046 -0.0526708697525956 -0.00943503733001911 -0.0349056328599772 0.0840618884421665 -0.0280656163686318 0.0947711473517795
FY12 -0.071126823936092 -0.0479502136812228 0.049193141708745 -0.0228404113436308 -0.0797927456497527 -0.0735739324157164 0.13670343906601
FY13 0.0536463526148369 0.132809749002386 -0.157421239751622 0.0561695730518479 0.148794900534434 0.069222407531231 -0.0483071715178217
FY14 -0.0455288236298959 0.0318712501018967 -0.000334939993640564 -0.0307649711042068 -0.078571003373434 -0.0732197505708763 -0.0224810199293001
FY15 -0.0931761607764073 -0.0538595518549652 -0.0417427222058202 -0.0480272716495557 0.0141885891614726 0.092805939556733 0.0139923339914716
FY16 -0.00606027147386047 0.0380443980375321 -0.0647872314067699 0.0284745769688807 -0.0453264649879907 -0.0907989581560248 0.00561464931197379
FY17 -0.046167513403098 0.0173892517634121 -0.00228841292687887 -0.0612208925023957 0.0205207437952478 0.068845101661245 -0.0871910757716471
HH01 -0.11736025083828 0.0850933888311533 0.0348983659161963 0.0142605050757963 0.165845415073918 -0.0774291317738242 0.0984214346329733
HH02 0.183972865624026 -0.00378533745942316 -0.00323620389991643 -0.0508425289722136 0.130745159005703 -0.0795774736955457 0.0305001266143496
HH03 0.00182422090735769 0.00180619076090725 -0.0256388585785582 -0.024243653162597 0.0688059331297918 -0.00644510645971512 0.0694547232120787
HH04 0.0441434633054404 -0.0771672964101933 -0.0126684653096287 0.0595015644612001 0.0902483613311623 0.0360590423320967 -0.0147897123528566
HH05 -0.0303693237957423 -0.00187775654461751 -0.00704257305684896 0.0404097862011166 0.00271985232342199 0.0940988810967238 -0.0379655328030311
HH07 0.0309068016688281 0.00725984695709138 0.0960417805847372 0.133271090380863 0.0166555758678408 0.0309997777541432 -0.00255244260831655
HH08 0.0585317198812123 0.0294807606230429 0.0473490352938005 -0.0148924753225381 -0.00356735742703102 -0.00916557765211548 -0.0165162309313619
HH09 -0.0536006116658697 -0.00940210921877682 -0.0233342432347163 0.0159280552692656 -0.00181053150952529 0.0505710794041989 0.106870287895992
HH10 0.0697893227928987 -0.0557688108270323 -0.0793403374725909 -0.18091195990706 -0.0208519550245323 0.0115033055303509 0.105499193571739
HH11 0.0362931558697801 0.026203999267912 -0.0429689173630087 0.0341145055323357 0.107958100465035 -0.0129564236441153 -0.029200325357709
HH12 -0.00254172510166535 -0.0163931945176921 -0.0455752361938651 -0.0274850882407056 -0.00452456895022594 0.134081660730483 0.0532954363980319
HH13 0.0254896414348376 0.0736352879462143 -0.0231248205240825 0.0227583271003937 -0.00570950018895113 -0.0791251718797531 -0.0558246869743452
HH16 0.0226599451275163 0.0249127032941842 -0.0852564545582288 -0.0187520449877747 -0.0849615060566409 -0.0280113510011091 -0.00598181537287822
HH18 0.0423571831703471 -0.0976221883771407 0.0370828498240644 0.0403777556890715 0.0494808115563326 -0.0438741175769727 -0.0598856218825846
JB02 0.0407296456365726 -0.0703790559627413 -0.0599135478735199 -0.0822190449467297 0.123944653003128 -0.0570536553351964 0.125483946116016
JB03 0.0137726753284077 0.105465637015463 0.0987303778663827 0.0497697536960272 -0.0142572472769497 0.0235490203209881 -0.0824139406685418
JB04 0.0642248974951192 0.0671818980902225 -0.0426027905839347 0.0505379681890116 -0.083600081502043 0.00652198007965346 -0.031473206702308
JB05 0.0570417390336223 0.0724445646211432 -0.0902005356655505 -0.173368919695447 0.0680561844998078 0.062288668662816 0.0343141276577715
JB07 -0.0149473845175703 -0.0430377057360933 0.0324953208809645 0.0283569384581651 -0.0266684769366647 0.0378441480194111 -0.0463626173911635
JB10 0.100837825391153 0.055024905118196 0.0598624881719968 0.0249786994823866 -0.0272416829524431 -0.0199931513605552 0.0136495980202216
JB13 -0.0338250187865392 -0.0656806014750423 0.0050018178866778 0.0474491782364376 -0.111815831587823 0.104772608813954 0.0150191469478091
JB15 -0.0788210591031476 0.168951509798565 -0.00503843505378831 0.0215277116527303 0.0630421323164193 0.0769790434600273 -0.0525702521483556
JB16 -0.0798056439875845 -0.00533870895111295 0.019084192766608 0.0337881568981114 -0.0160025785900602 -0.0250926539277665 0.0672217034422577
JB17 0.0577783284047209 0.145169038133343 0.0220315454194424 0.0744647745496086 0.0543162650946256 -0.0855741429067069 0.0552559459354692
NB01 -0.0220944000765409 0.0266960181427301 -0.0499544768381419 -0.0251211127364727 0.0620710337058336 0.0505472497083882 -0.0789305769524607
NB02 -0.0622115214783347 -0.0177299208390201 -0.0183553761348509 -0.0119632477094607 -0.105718852244866 0.143042280152017 -0.0865238224871511
NB03 0.038200576415583 -0.0507725639215135 0.00189611466883163 0.130808422267612 -0.00396868438482325 -0.0655633967631068 -0.110314007206193
NB04 0.00610872494859568 0.0149656468005123 0.00691215828242502 0.053755181224297 0.0527873861066193 -0.0395049810380212 0.0141981547923368
NB05 -0.0569384101517099 -0.072721818266223 -0.0590402000387426 0.0518297487830467 -0.131097113715955 0.00694793894597402 -0.00843094665835249
NB06 -0.0164892630572218 -0.0647100345868146 -0.0737380140693592 0.0796728720494233 0.0349604435296433 0.0551298609411497 -0.0996056424707441
NB07 0.116589670956477 -0.0380130900158292 0.013288129276437 0.0532114024131946 0.0319612636379982 0.0695285816518274 0.0033209895774976
NB10 0.199900328296756 0.0130853312706858 -0.0443486249874522 0.0812900173172264 -0.0187704690231376 -0.123548894218073 0.0284778761062822
NB11 0.000274545076218925 -0.0146494376162249 0.011444403931276 0.0674476813097004 -0.140390757546934 0.0705570551919723 -0.00259216483108519
NB12 0.0267274102135466 -0.0832757568806663 -0.0463832848344503 -0.0431260192828767 0.0839717204397577 0.000239666357891829 -0.0870671153005237
NB14 -0.00798963051799896 -0.161664985104865 -0.0664435372707546 -0.11020554283803 -0.0561041884323163 0.0606096210387227 0.00524111564144797
NB15 -0.0444597399888055 -0.0295356933259926 0.00787144600918448 -0.0091756609978368 -0.0685790583985139 -0.0506298023218014 -0.0699553306450474
NB16 -0.120437646620347 -0.00395255278372178 0.0345922565111569 -0.0412349417834085 -0.0480807526614486 -0.0658882526732593 0.00452207923298183
NB17 0.00705490781710057 0.0509421263569616 -0.0215997218307074 0.0157931565604577 -0.0867845259934779 0.0184853017256263 0.00772137953719471
PA01 -0.0454745945242495 0.11451453450246 0.144150307669992 -0.0465642874527754 0.00956177696587071 0.0702190830359016 -0.0689089230936157
PA02 0.024682034752089 0.135668311970316 0.0371640191555879 -0.0834245250189358 0.0739652526892995 -0.0240059699564496 -0.0252020012813131
PA03 -0.0548913934667939 -0.0190968860537655 0.0229441579573564 -0.0562569424344901 0.0912752976416757 0.0429331742320659 0.0151053779514767
PA04 -0.0558468016125097 0.0378676146815134 -0.0306710789986412 0.071138533142656 0.0424623360198228 0.0607095238818883 -0.0319145384644617
PA05 -0.0955660492400056 -0.0341390573120878 -0.0342510828413646 -0.0552041912956858 0.0962121022405337 -0.020598050580142 0.0951166917060495
PA07 0.102757705638636 -0.044404294713797 -0.130596425760975 0.0230323130379571 -0.0632424348690313 -0.0193096003206388 -0.0616926939698465
PA08 -0.0819361301693772 0.00426587275234357 -0.069979874359288 0.0327675103451236 0.0160240111687364 0.0687828900156016 0.0703750414580849
PA09 0.0688377438457151 0.0527929427585234 0.13831584975516 0.068932926275333 0.000480602331226378 -0.200648832779383 0.0187095679501912
PA10 -0.046843290675619 0.0083198397958761 0.0599076272132868 -0.00238491423221506 0.0897222041116716 0.108718307620577 -0.0987345262191495
PA12 -0.0157568386160996 -0.0356738519263205 9.65570794652546e-05 0.0560986075567736 -0.00750271050040463 0.115258343767172 -0.0765164856358191
PA13 -0.0194935119489489 0.0305150545996137 -0.0469490182026636 0.132593494299565 0.0398825431142613 0.086734459816244 0.110747215783237
PA14 -0.0949169691436565 -0.0160251085444555 -0.0210413260432191 0.133985549191213 -0.0141677848252901 0.00718017781511763 0.13303376266273
PA15 0.0228142349249718 -0.0376938969274978 -0.0346595833588768 -0.190575306102469 0.0503518343791614 -0.00994412567309435 0.108267970277081
PA17 -0.0231768365786972 -0.0432428474307812 -0.0879068239238643 0.0208983524713502 0.0627664152123861 -0.040760352277561 -0.0862352591292261
PA18 0.0770049825312472 0.0619655929099067 -0.00170630570657194 -0.116455035963687 -0.0481437757566368 -0.092585874160042 0.0202804829688471
PA19 0.106357279941805 -0.129059053715477 0.0890327406665766 -0.0151696909879945 -0.042082215992035 0.14315643341611 0.0955219934741343
PA20 -0.0506454274761913 -0.052689742888168 0.0823578520342673 0.0489061870042943 -0.0135734634202566 0.0117385697426193 -0.0571216498055942
PA21 -0.0209385219385957 -0.098793055911305 -0.0745955164264157 0.0795700476317692 -0.0222966733092387 -0.0448771461302237 0.0281055823644305
PA22 -0.0287128648918783 -0.0674143084231449 0.0965151983858385 0.0899527310122632 0.00873503056692668 -0.0712376312154409 0.100124312276211
PA23 0.00805342661538771 -0.0414390013095893 -0.0796301126766438 -0.0478269601149524 0.0467111094090392 -0.0385881462947851 -0.0670437814775561
PA24 0.034043980203363 -0.110017842584199 0.0160057708044248 -0.0929306685054378 -0.0416014788596594 0.186577040486258 0.127119665084284
PA25 -0.00608923925356904 -0.000401650701232632 -0.0657859896233441 0.0824028607189874 0.0533149080261053 0.0551039994642998 0.0710681874331988
PA26 -0.0122423855744518 0.00494763264874572 0.0563919076651607 0.0765401822334921 -0.00724665141118682 -0.0810792241483297 0.0902099465412929
PA27 0.108461387147974 -0.0302677846006317 -0.0443167256003774 0.0378659639600095 0.0395658642440862 0.00113421402369684 0.140144441306984
RB01 -0.0670555305964577 0.106044851481043 -0.124997708749174 -0.010957762690203 0.0452458311636377 0.106853925813448 -0.027660017017416
RB02 0.081752782938952 -0.00846432416600955 -0.0662169067985904 0.0763167408162423 0.0562458452594235 -0.0241343681536625 0.204920708378908
RB03 -0.0633943320012292 0.0749626113673511 -0.02354171141062 0.0242946502577563 0.131350805810227 0.0209540771113136 0.12758261254183
RB04 -0.0590420645333286 0.108642539405908 -0.0254238711592423 -0.0148217082813608 0.0318157612629937 0.015863754011094 0.0657710001399878
RB05 -0.0336085724150034 0.0506944702797926 0.0209603203966816 0.0333337796116237 0.0304156649536906 -0.0863595088923955 0.0878690842472652
RB06 -0.0111025091010402 0.147920814260174 0.0182509647882822 0.0336829913430691 -0.116422051294823 -0.0528821962471617 -0.00913073624359724
RB07 -0.0125492264186209 -0.0511846903618626 -0.00347460735105106 -0.118429127762547 -0.0306769256909904 -0.0798226140930046 -0.0155011847225589
RB08 -0.0699875455856051 0.0371139695407675 0.0710837607395619 -0.0886333939521554 0.0271080381414702 -0.0900546426329808 -0.0262846396464466
RB09 -0.0602644226428966 0.0204765304746771 0.139299651804561 0.068056415412746 -0.00838324214464544 -0.0719947447927879 0.0935305564710497
RB10 0.0123723850546182 0.0677377193960133 -0.0600703825206599 0.0530273324469384 -0.144216779277721 -0.0592126459885489 0.0545385127158576
RB12 -0.0244181885426432 0.0336808482692748 -0.140907192177083 -0.0948456568676887 -0.0728818975637107 -0.0646528783549824 0.0396083060410782
RB13 -0.054520177218663 0.0729700582709906 -0.0283965605873123 0.0498740088382632 -0.0310370056111754 -0.112013710058882 -0.0367695928037898
RB14 -0.0125753078823975 -0.0281510673372935 -0.0134876154016946 -0.00899657450547764 0.00543808997442049 0.0327258499057382 -0.0445165525585987
RB15 0.0478890019279444 0.00157996410018515 0.0704317428288396 0.00500898275575079 -0.0362658528092518 -0.153443674866248 -0.0463677671960334
RB16 -0.0614529189928009 0.0974633550919669 -0.0721445169666922 0.017634739085444 -0.091169439420266 0.029008618538704 -0.0538070194361033
RB17 0.0686119627453985 -0.0372350188945771 0.177759364626141 -0.0109853771571229 -0.00760284647360265 -0.0617579608495331 0.00919654037069934
RB20 0.0404638403601528 0.0351003132016418 -0.0107564003950397 -0.0252610228091438 -0.00233360114464076 0.0857115030485208 -0.0843326702986659
RL01 0.16858717303061 0.00615810524807702 -0.00435839222141433 -0.0239895009062256 -0.0898369227085095 -0.0729486072582232 -0.0563222341627826
RL02 -0.00178206892924012 0.0737969394077345 -0.0180819009437048 -0.111782594313335 -0.0538585386303166 -0.017099097807941 0.00894573134996001
RL03 -0.0878680989690585 0.0618019034742001 0.0252203498008919 -0.0556443153017612 -0.0829753861438255 0.0204432426738042 -0.0734742377458306
RL04 -0.0720238787196363 0.0651637614994618 -0.0273315059035058 0.0815570906255071 0.100206042144829 0.0424299374424328 0.0217840662430177
RL06 -0.0860236525491813 0.0612698264193129 -0.076227864404348 0.0210074124849409 0.0608902338528223 0.04712961918693 0.0588853168218724
RL07 -0.0174373114598533 0.0614686011972667 0.0920780098929502 0.0357719815647448 0.0213559936354818 0.0398794751520087 -0.00407152495094009
RL09 -0.0673002100600697 -0.0120246381914553 -0.0212135469670564 0.00630761844933769 0.0763756369442861 -0.0439102322713944 0.0987901004588358
RL10 -0.054273577315942 0.149199038497847 -0.05880158377852 0.0480510351104122 0.0558050584071916 0.0613000296964494 -0.0963896437329414
RL11 -0.0980966544841477 0.133526522630345 0.00783091099254968 -0.0916415278789384 0.0645298138755126 -0.0281108756910068 0.131377764432745
RL12 -0.0027782327431989 0.0981970424157207 0.0879967367116472 0.0488855243592932 -0.0246448127237011 0.0136055075409608 0.138935655281717
RL13 0.0220701067616817 0.167829933318447 0.0783661004759867 -0.00191421310928129 0.0851812453329225 0.129833767465961 -0.0115512626611751
RL15 -0.12778947003633 0.10802175879575 0.0451358135162397 -0.101565326224774 -0.032747077815381 0.00487202094643404 0.0684761602514126
RL17 -5.91873521862811e-05 0.0332932081733652 -0.0549762923954678 0.0215217915461072 0.0420981561057535 0.0158610330061983 0.120791307303277
RL18 0.226922481303936 -0.0132308011446856 0.0110549755092944 0.012148755971488 0.0353236619067462 0.0932302069867296 0.000473674507684543
RL20 0.00802650463373799 0.0947402839376426 -0.0286416094689426 0.0854573491649952 -0.0293973468123072 -0.0515935893056125 0.032900955569217
RL21 -0.0738530588865259 -0.0200763079286486 -0.0323887742733192 0.0144060044818996 0.087291884406178 -0.00412308695571439 -0.0256554877926131
RL22 0.0919636971040911 0.160382154937278 0.208012207787702 -0.0781793423963385 -0.196476897980326 0.216394800370733 0.0432375537093388
RL23 -0.0367759442087117 0.153231301322988 0.00283259855484399 -0.0282631791498212 0.127641971125966 0.00506623267521307 -0.0218077318281961
TR01 -0.0355334084485564 0.0367236073582466 -0.0566917697163447 0.0177133765289119 -0.110956255720149 -0.10915651276313 -0.0697812217831858
TR02 -0.0626207699505962 -0.0292687858042183 -0.0191779561938682 0.0215033198576929 -0.0164216677127389 -0.0121247688215171 -0.0826868361287922
TR03 -0.0733612994278016 -0.0370875728603658 0.014704369271742 0.0503628741266833 0.123875668194782 -0.0692732507852651 -0.0472968542456971
TR04 -0.107643822751269 0.00360038429742011 0.00480012752444745 -0.128458564431547 0.035543861688737 -0.132689927522555 -0.0381682008256561
TR05 -0.00334330776231148 -0.0968814092413581 0.0574459634391083 0.0957496219103057 -0.0106512431080055 -0.119950468043847 0.0925114776455907
TR06 -0.0745320054073773 -0.178559372887129 -0.0500767931518725 -0.0191100970089142 0.0135269248868894 0.0289904723065597 0.0242117114111552
TR07 0.00111751793231981 0.0174526778861451 -0.0173279270690778 0.134628427054436 -0.0746093516059538 0.01484731705476 0.0510299938303915
TR08 0.00888915168289386 0.0170709516217867 -0.0825739845504664 0.0675347159852123 0.0348923159506468 -0.106247545090882 0.00634970497679388
TR09 -0.13021797841873 0.0257844475108251 0.00312149851167238 0.0340373375434016 0.0289835248510348 -0.0341951487618914 0.0233729339576086
TR10 -0.086889179262557 -0.046541730556537 -0.0836422149828341 0.134454237390968 -0.013583638836094 0.0217364473804583 0.0502062900782118
TR11 -0.0659377153641874 -0.0321244539093667 0.00272579598261443 0.0593831545069719 -0.0353688083574701 -0.0279743772513292 0.000574149982298558
TR12 -0.0358936418224356 0.00793086881875461 -0.0165884356204355 -0.0506092550640436 0.110602403155272 0.0287640524138345 0.0485661023546275
TR13 0.00716514652795957 -0.130611284164375 -0.0106054189079456 -0.169938589264994 0.130413873468137 0.0714931203959918 -0.0607081479151192
TR14 0.235438173711694 0.074137771310385 0.0216500941010574 -0.0444995858738855 0.0988036621673394 0.111195320879044 -0.0793644302347827
TR15 0.037069665690893 0.0259154239923585 -0.105114486605625 0.0417960639468287 -0.108385290269139 0.0163945227310957 0.124279206030567
TR16 0.0332404507127273 0.124507484176398 -0.075542032691831 -0.0628894773776783 -0.0248844552329077 -0.10601589644428 -0.0244753139168413
TR17 0.0302171167115155 0.0708805620192842 0.0384623420674468 0.0896095504014097 -0.0396322239771154 -0.00598387663537272 -0.18012860234035
