sample MDS1 MDS2 MDS3 MDS4 MDS5 MDS6 MDS7
AN03 -0.0153114559950625 0.0690260327671467 -0.0360451656658918 -0.0460788071270412 0.0452662131427373 -0.0287670151070477 -0.0755818086990177
AN04 -0.0257404076215307 -0.0298289855000765 0.0605823710244309 -0.0255981037192691 0.0316681746398833 0.0174789875790912 -0.0763341050768505
CS01 -0.0684621577864508 -0.0356277107217499 0.0561001435312681 -0.0990594879520554 -0.0724264622786009 -0.073182441771678 -0.0833800561798983
CS02 -0.0722598428620012 0.00303735533311345 -0.0685968854559341 0.0585676483835051 0.0330293308484263 0.157196449159842 0.0525060335473198
CS03 -0.0685645145995608 0.0379769656065378 0.00234024388506351 0.0498724896573752 0.00895262222900353 0.0628051812949027 -0.0222298619827032
CS04 -0.0464021611321962 0.0324731959832581 -0.00686174144882363 -0.000374297312424401 -0.0603435179098242 0.0531345505514902 -0.113953837627533
CS08 -0.176746004478895 0.3547372056252 0.106215972482999 -0.000729744809710164 -0.0286002272610569 0.0789854794234135 0.103346802685146
CS09 -0.0502795419637551 -0.0278081354426932 0.0661278657164207 -0.114345534845529 -0.0217996282142738 -0.075742612375901 -0.0290655852474905
CS10 0.0146874709976499 -0.0423100770510487 -0.0824164361834427 0.0573705882546283 0.00599798884288089 0.0254319894904213 0.0458584174012156
CS11 -0.0880302831597192 -0.0630478385800979 -0.0146291163972893 0.0366951331050683 0.11991804403501 0.0123511158369487 0.0104126796948036
CS12 0.0483120939416657 0.0570065574859337 -0.025921795333109 0.0106564103392227 0.133344859340743 0.00194994227373908 0.0135023124409883
CS13 0.0455685182721666 -0.0666081521671235 -0.0507795379163711 0.109248427336979 0.033690049508647 0.188249514241204 -0.0431621635211932
CS14 -0.0263979851811097 -0.0456892255035594 -0.0327668226343565 -0.0495260695819946 0.0350840825189236 -0.065233776358496 0.0342045331786226
CS15 -0.0520130373637142 0.0488272551947742 -0.0166977125513204 -0.00370054958604184 0.0435481851236446 0.0453107421954945 -0.119141738082138
CS16 -0.0496979384709427 0.00509588348830624 -0.114773799807605 -0.0611547702373353 0.137314206865351 -0.0650552248539391 -0.0270517816028344
CS17 -0.142816005068534 0.00540100858078091 0.0175534336577209 -0.0580673913942019 -0.087776570266302 -0.0183624175132131 0.0677512149253447
DK02 0.047300821054292 -0.0159377200348214 -0.0290713383884882 -0.00614314877331734 -0.0565030482678118 -0.0293906673851336 0.0377473373326255
DK04 -0.0922820112935807 0.110417810203686 -0.0942214897651044 -0.162683883778193 -0.0427665112581685 0.0705909947421489 -0.0495505310092439
DK05 -0.15899089676002 0.533777425065365 0.119757015772836 -0.0582079870372913 -0.0039980946014575 0.0657635941905732 0.183993293595507
DK06 -0.0236984388863517 0.0241615808794261 0.0589184596674849 -0.142982533005212 -0.00471396317998513 -0.0208996085734511 0.139673188684576
DK07 0.079417618674996 -0.0285297273060067 -0.0436593903083076 -0.0510156090657738 0.0332154352278325 0.0789777413608656 0.14143287433221
DK08 0.0965563897780599 0.0334729513351042 -0.0560132174389442 0.0741154703413514 -0.0521998002201936 0.112697423127346 -0.0324638125722274
DK09 -0.0191408668187187 -0.0320216292825975 -0.019764332508694 0.0581355805553231 0.0247986996203619 0.0973062927692956 0.0205512112084159
DK10 0.221843219215324 0.0245835826051707 0.0168830932166443 -0.0103840962407235 -0.0750704677423733 0.0364384744546865 -0.021662382978541
DK11 -0.0745456619148765 0.018743857373511 -0.0490638678996331 -0.0869085184030323 0.094436751058069 0.00380892700231 -0.0542696883171627
DK12 -0.0737549548768431 0.0181689542113022 0.031640988640818 -0.0622048872094528 0.0333261035209019 -0.00965819862603495 -0.0535569937178543
DK13 -0.00588300906700626 -0.0393066105894375 -0.0280311326164608 0.00567581338995132 -0.00513321699318028 -0.0809336300113066 0.0163807349150254
DK14 0.0886465465325333 -0.0181140712239761 0.0508475515844209 -0.0394402482097634 0.0824238440513681 -0.156709658162685 -0.00457568442310322
DK15 -0.116794797409746 0.0249949393377765 -0.0605403640232323 0.0389116251371791 0.0110203573093185 0.102154382390786 -0.0537683980326721
DK16 0.0154784420420984 0.0151135266052857 -0.0659939887333409 -0.0409919425763636 -0.0284244503844277 -0.0740274517919361 0.00855579837502023
DK17 0.070959702746863 -0.0653785591447474 -0.0607080940296698 0.00931928827989584 0.0445016092837348 -0.0169547195549066 -0.0791864068556647
DK19 -0.0459395534798364 -0.0171723112050848 -0.0608845321837486 -0.0439625643091414 0.017554316079209 -0.120100953238364 -0.0987150661517457
DK20 -0.0507037329533199 -0.00922440212826693 0.0355219298160025 -0.12872841061972 0.0823111444480946 -0.0463852523292953 0.0743940723126134
DK21 0.0336944756530994 -0.0232410765364639 -0.142217670606049 0.079890712140857 -0.041134271691593 0.111391679365565 0.0327363647937682
DK22 0.0759553291329955 -0.0390250971404877 -0.0215832970105569 0.0063106248824374 0.127528115511606 0.147952584469064 0.114930559584847
DK25 -0.0370136532536272 0.0485925550962001 0.00983109768301055 -0.0333749183074789 0.0381881163575226 0.0842324919974091 -0.00513327458616295
DK26 0.110072968752923 0.0864883668622662 0.0427510953621591 0.041987438762875 0.0684752060052832 -0.0945385358471539 -0.0885106452641371
DK27 0.0623914302964906 0.0778761287445831 -0.15309612711968 -0.00209091100971033 -0.0982888054629327 0.00868963059893103 0.0305453345980133
DK28 0.170162454895052 0.0298899679123775 0.0582190351704946 0.00860944150002265 0.0937429779874606 0.0892711610412924 0.0121040987377631
DK29 -0.0828617435161929 -0.0192272412751212 -0.00367776763785427 -0.0930273623145906 -0.0202820363576762 -0.0306849665824826 -0.126486443726204
DK30 0.171117913903986 -0.0291196242669788 -0.0272864500185326 -0.171662131605067 -0.0221931010538578 -0.079810287684165 0.122889592066654
DK31 -0.0711620753588497 0.050653472971785 -0.098816129625355 0.037071607774796 0.00924251573246408 -0.0507757459213103 -0.0161833969899086
DK32 -0.00251533154976424 -0.0824719673194227 -0.0195014615480115 -0.0767965299273456 0.0267832268596618 -0.0553318967906707 -0.0672214944690212
DK33 0.0709658581802899 0.106335572808943 -0.084605524933053 -0.0879921585757447 -0.07798219175904 -0.0814391500022085 -0.128540518317531
DK34 0.0453080935533592 0.00866666769423126 -0.148374481343181 0.102578840729121 0.0238853609057168 0.0528784865669197 -0.122836007866344
DK35 -0.0678299053429039 0.0529341927021236 -0.127749469464615 -0.0303921620882926 0.02565307462299 -0.00902540598795216 -0.117106915238894
DK36 -0.0700028392175049 -0.0496501353878647 -0.0655803837873091 -0.00143583573229309 -0.00123981376310047 -0.0983153885327946 -0.0733094149356825
DK37 0.0279490844104148 0.0103943698025178 0.0781811367380073 -0.14331288270358 0.0559108503110411 0.211004954940703 -0.203567524510881
DK38 0.015670403957093 0.0150709493886619 -0.0833497785565724 -0.155470254218158 0.169794875835613 0.00992135481158322 0.0672781431305843
DK39 -0.00374818008662331 0.0289281355751709 -0.121753607588821 0.0201738179384896 -0.0250392054395616 -0.0701104813891207 -0.0221282033964858
FR01 0.115626920396481 -0.143276036168787 0.0208519422181071 -0.125847182936921 -0.102030895553733 0.0502132419586446 0.0879880638367358
FR02 -0.0166602235366499 -0.0874523437652469 0.0469585030905198 0.00366480805948831 0.0800567182738377 0.0204095684971231 -0.00583313041774507
FR04 0.0623562814809411 0.0536073975568413 0.0757320766758996 0.0328446214141947 -0.0667757661920693 -0.100910299516316 -0.167548892585125
FR05 0.0903943126928495 0.102180264278022 0.0882649833305172 0.232187433089077 0.00255548791549869 -0.0506750691162515 0.0230218275547245
FR06 -0.0618240815439791 0.00176747545090297 0.0276714180390444 0.154096446890112 -0.0683392566515932 0.0230227900473276 -0.135905606027206
FR07 0.0940171845863612 0.143154410826013 0.0497133192630994 0.152963488383807 -0.1072030825176 -0.0222269233258999 -0.0509934838663848
FR08 -0.0243513738662501 -0.0261738868733961 -0.0493040768204018 -0.0503672127758608 0.126618142799412 -0.101076243154702 -0.0518521804154012
FR10 0.0550297726813206 -0.0434399046181756 -0.00708247087756245 0.0300997737678185 -0.014261190458709 0.0810345271013019 0.143595960908639
FR12 -0.0295639887662774 0.00658900283292904 0.114563782056101 -0.0499579404805037 -0.0548656686787482 -0.0283502920727708 -0.0645701257201151
FR13 0.00470475029387195 0.108083031235994 -0.0662029096885626 0.120926757159514 0.00661760712812037 -0.138384916739125 0.0362416768487178
FR15 -0.0609674590179017 -0.0231295898806213 -0.0729356679180247 0.100386458506054 -0.0662745966252603 0.0308332547938208 -0.0289402924868783
FR16 0.144395676395921 0.10410135409942 -0.0122508413150086 -0.0392186871887353 -0.0226644983925695 -0.0712525988444506 -0.00362899257696031
FR17 -0.022441089801513 -0.0712894504361697 -0.0480333947024035 0.0994592912025402 0.00244732433019441 -0.0568821327206344 -0.0678184442480764
FR19 0.0638646412956253 -0.0131607767388088 -0.021037636076353 -0.0789719343794342 0.113363733419259 0.0638719686754478 0.10349838515495
FR20 -0.0886877818614704 -0.102210917958662 0.0326774064417019 0.00489267681428474 0.0700112305235542 -0.0281826793527027 -0.0473539367812564
FY02 -0.051753263346163 -0.0763828589174685 -0.0736236012588923 -0.0111007537909978 -0.00147801272726315 -0.0678842333607192 -0.0244576715288324
FY03 0.0780066272973067 -0.00851131121271577 0.00524040939044887 -0.0662849043698909 0.107490003893699 0.013344822561619 -0.068076156482834
FY04 -0.00113536805157116 0.085510192694662 0.148913686513154 -0.0877379068341174 -0.109813870397838 -0.00992758474346737 0.0148253411232246
FY05 0.0212645932656786 -0.00947177693577149 0.0821277460689229 -0.0195972694793709 0.0618527343711546 0.109889864229918 0.0488410221620423
FY06 0.0199467149609251 0.0100666791960274 0.101935607515699 0.0297941291246727 0.0655246071012329 -0.00688663180049339 0.0588308216826186
FY07 0.0145287557606681 0.112963672025121 0.0709191708605508 -0.00635455509096251 0.0599792625738675 -0.0608781035315804 -0.0159884224189766
FY10 0.00935943951014977 -0.0525981618735956 0.06681183935583 0.0830857703219138 0.124283240578926 -0.0360767701889009 0.00727000869323601
FY11 0.0910012616663144 0.0159027443770237 -0.0476296216959406 -0.0457667565031324 -0.0657138725702038 -0.0983478902303478 0.0450235454423232
FY12 -0.0813097065898124 0.0235566154862535 -0.0645046078574031 -0.00236902569124577 0.0411602875118154 0.010489247016772 0.0963096079439651
FY13 0.0867887253975077 -0.12558600161815 0.100072623022192 0.107358165672688 -0.149716415519533 0.0957840721477707 -0.021669437535576
FY14 -0.0340097789563706 -0.0508891579812103 0.0240954069684715 -0.0137032952070468 0.101535480549286 0.011762622118438 0.00871256320658596
FY15 -0.068187179027246 -0.0434724758243287 -0.0748338959846111 0.0173449669058104 -0.0585929468242966 0.106169311292855 -0.0509700260913846
FY16 0.0226171808543823 -0.0767960690200589 0.0285617139418594 0.00831544099521498 0.0630758403677003 -0.0299131746043979 0.0288035237702214
FY17 -0.0295711715989764 -0.0551372700008766 0.0115182236714225 -0.0206731759270625 -0.0322925370009595 0.0691027941459446 -0.102306313556709
FY18 0.0334729628369107 0.0520221969196845 -0.0186579846735349 0.0299548486344664 -0.00388250487367537 0.114630256234083 -0.0815371949589487
HH01 -0.116984782532197 -0.037998111854331 0.0822067830783086 0.0446631464592272 -0.143059840097762 -0.0917212514478795 0.0821526232999372
HH02 0.182617800164937 0.0261429396911755 -0.0374740342513274 -0.0102044904639111 -0.136370785416886 -0.0446383573949089 0.0990046540328754
HH03 0.00658524801197296 -0.0336064106959784 -0.00471685102217564 -0.0208937867108789 -0.0810588893012519 -0.00768357203324833 0.0255775369342159
HH04 0.0604071943302383 -0.00283959700525026 -0.0871717450949966 0.1402514717757 -0.0978189233786964 0.00764674350622914 -0.0576859950058451
HH07 -0.00244495644894343 0.0990864122559085 0.0541349123934644 0.0655466629567907 0.0547900264139956 -0.0606282296576484 0.0185371847274343
HH08 0.0507858810260448 0.0425070612230577 0.0627135543464917 0.0146566742032749 0.0022812239809231 -0.0113418028964503 -0.0390143258262383
HH09 -0.0638164672891806 -0.0108890218964449 -0.0329917023771169 -0.0103408304628086 0.0166377561566014 0.0445697791679232 0.118607181165976
HH10 0.074206698905836 -0.000712712896017344 -0.0872588525582433 -0.20560432144823 -0.0532841085678857 0.00315602980351849 0.0820509177734952
HH11 0.0405112843946914 -0.044781151434162 0.05149674636136 0.03015225122522 -0.0663954316679769 -0.0943353662572346 -0.0427373328881514
HH12 0.00895239325390675 0.00832792270074694 -0.0352259677533129 -0.0251643125694302 -0.03349135364581 0.0886605994184711 -0.00627988647604285
HH16 0.0531813210188574 -0.0595883257887818 -0.0103930822635004 -0.0342387814780099 0.0903101516427582 0.00970402446096858 0.0654271469970539
HH18 0.0438878170032972 0.0295086277459788 -0.0847971408776703 0.0737866726994739 -0.00613090054419939 -0.0934877527055961 -0.0690306466846461
JB02 0.0395764195938256 -0.0261126789214923 -0.092519861596321 -0.0381395595037958 -0.182916623656793 -0.0304918345886063 0.0473922416673375
JB03 0.0176235224619254 0.0200438167241422 0.139565023164665 0.0400475422050051 0.0450644186725682 -0.0469783570219678 -0.0937088806325374
JB04 0.0815546725434112 -0.046213681706646 0.0573483220815722 -0.0110315527258179 0.106282606653131 0.0065309937318625 0.0192451919812146
JB05 0.0549975296669097 -0.028655238168904 0.0833176107641987 -0.15353138542447 -0.126109587443184 0.125192265913109 0.0684023501492126
JB07 -0.0124427349779141 0.0166779109478264 -0.0552875541084168 0.0016343453556482 0.0198888985093233 0.0238778830647001 -0.0610762506060234
JB10 0.0937868797105364 0.0349569840231271 0.0426781734270617 0.0264623051536286 0.00843443493916721 -0.0256507315470127 0.0104309628767858
JB13 -0.0450440902724087 0.0237958311377498 -0.0789128261412278 0.0160946473032001 0.125780208556436 0.088463260985225 0.0185801430892433
JB15 -0.0583835846363167 -0.0578540498950681 0.157602189553485 0.0579555378401966 -0.0387103407519832 0.074548870616937 -0.0298771184438798
JB16 -0.096198688225355 0.00286742464719053 0.0161665787016311 0.0381452617595711 0.00720174821922106 -0.00136839582334977 0.0221184424386701
JB17 0.0793174677034096 -0.0386193742204199 0.1556951311008 0.113041199047821 -0.0237742904067658 -0.0561013495659173 0.07747629233076
NB03 0.0393141831353376 0.0195745993869713 -0.0324218915511231 0.0954885344517735 0.0727619424238257 -0.0608573981623603 -0.100314861329603
NB04 -0.0111163005187813 0.00993091108844387 0.0364035561715832 0.00738493757984918 -0.035726779876018 -0.0725528705552135 0.0370194258886123
NB05 -0.0460754957390432 -0.0184199789860905 -0.105121227833692 0.0322735046232029 0.117764073687897 0.0602485037204615 -0.00794025038127904
NB07 0.114989773094726 0.055164048705327 -0.0334997314524411 0.0801612888977015 -0.0241106049105631 0.0100915421859527 0.00767806457561377
NB10 0.188700293427409 0.0140567229605413 0.0228358542722875 0.0393799263745539 0.04752815544121 -0.1361220533204 0.0849531668914615
NB11 -0.0248258214613826 0.0505898035489482 -0.0201094920817907 0.0361548786393803 0.124305107804407 0.133351896598008 0.0101383801643579
NB12 0.0183752829858248 -0.0103068051950001 -0.0896980606823804 -0.075077667691378 -0.0874288319173012 -0.0697737343327095 -0.0670009016354608
NB13 0.00441656117661057 0.0332667655164409 -0.0423719756048452 0.0392614316890417 0.0206363332001437 -0.0811091832844403 -0.151194125008555
NB14 -0.00685822734577622 -0.0241930116947258 -0.17866387656099 -0.119355525011191 -0.00385131508668084 0.0534985392836144 -0.0408232074524877
NB15 -0.0305908815868035 -0.0358631143091323 -0.0218631741408569 0.00531925993707945 0.0703649335384667 0.0066838864158199 -0.0664953016913308
NB16 -0.113478562838458 -0.0418579237890841 0.00713947503462146 -0.0767197816783419 0.069436770870559 -0.0882377296555106 0.00285029321680081
NB17 0.0169521867482867 -0.0244782449568619 0.0436451713417053 0.00163933602198212 0.088568318867437 0.0532324618726079 0.0300799268895754
PA01 -0.0553489245437617 0.0549996897684768 0.128437064483614 -0.0139033638722933 -0.0180965381450231 0.0437998393440718 -0.0421994351180211
PA02 0.0363176917260576 -0.0225276613519944 0.132407421213297 -0.0476577576173152 -0.109738802770018 -0.00125136501089245 -0.0367233095757423
PA03 -0.0559692649261929 0.0114960646016845 0.0298255285905089 -0.121809221503684 -0.0967821595007768 -0.0961116577911739 -0.032070867157431
PA04 -0.0295645054273587 -0.0377137770640911 0.0107719731799423 0.152391923668961 -0.0704398093426069 0.110427936990083 0.0020927418417757
PA05 -0.0841356329031713 -0.0728041935057387 -0.0263028595808415 -0.0431696716409721 -0.093883121050759 -0.0480112509838312 0.0658942266826775
PA07 0.14584340391132 -0.0897613307858729 -0.0999230604870722 0.0439501126987042 0.0607343409678635 0.0333039991317533 -0.000433448853282885
PA08 -0.0781924232242584 -0.0326978608046637 -0.0402189545869568 0.0131335922629951 -0.0429599284114568 0.0456723959769543 0.0620225240695679
PA09 0.043106908254657 0.0969038987879103 0.077443608577442 0.0171670736237315 0.0536934848720613 -0.182281072462061 0.0581228586397785
PA10 -0.0627799909553776 0.0511324831197418 0.0538450479960146 0.0105895037603765 -0.0665791199181627 -0.0037278379545867 -0.120111186503585
PA12 -0.0124385502289249 0.0262119127891747 -0.0580770067170062 0.0377666733418369 0.0054014631598052 0.0377253388587868 -0.0843898123555299
PA13 -0.0231818950100629 0.00336521417966083 0.0115537928244198 0.111330771961482 -0.0125513041327524 0.0325231820619434 0.133963592625849
PA14 -0.0941552075171926 -0.00708110486630624 -0.0426779832933677 0.108292715018957 0.049657982820612 -0.0545091306547117 0.122257346599254
PA15 0.0271339360847287 -0.0322315750711054 -0.0806800162249788 -0.156589977653749 -0.119145803817468 0.0258376034575063 0.0727908167386699
PA17 -0.0134813312627187 -0.0439282281535086 -0.0512254770266461 0.0405108149256797 -0.0269393010710942 -0.0337398056444203 -0.00293512335861692
PA18 0.0713254697121587 0.00259832174553114 0.0317797742885243 -0.113550688394427 0.0316471106653701 -0.0106629246848164 0.0763024670376823
PA19 0.0713107212861801 0.149741190161781 -0.133610774353197 -0.0401797034812203 -0.0160386178988544 0.0964745549030807 -0.0143755418315485
PA20 -0.0641917505450368 0.054184173280523 -0.0410990894869967 0.0868809600862899 0.00903892628973433 0.0584344507274215 -0.0738445913778576
PA21 -0.0186669617050937 -0.00966112440242941 -0.12535592722825 0.0475977113060716 0.0140615283436278 -0.0544049757852355 0.00392753827383292
PA22 -0.071214884265603 0.0835373845541677 -0.0405403112436149 0.0542824608438383 0.00235296112851702 -0.104866488742487 0.0273716670909305
PA23 0.0133018643072202 -0.0511426968301881 -0.0338177977485159 -0.096694570684379 -0.0390110621422672 -0.0471730750514178 -0.0370936044522345
PA24 -0.00179586212565794 0.0973495517980211 -0.126165535200254 -0.104910884713345 -0.0560836430157877 0.137266392482991 -0.0165755590989442
PA25 0.000863345943211325 -0.0215876963808045 0.00581109722492579 0.0796730755050113 -0.0422054094335262 -0.00396567936785353 0.0432861627679147
PA26 -0.0170604400189327 0.0214828670249561 -0.00612308123003281 0.0894114122819598 -0.00246633072079627 -0.036562033126685 0.0587836856864062
RB01 -0.044750499675965 -0.11038416533741 0.071832646540652 0.0110008564572161 -0.0566295935711906 0.153074179921099 0.0366888448018213
RB02 0.067428873367525 0.0281079256093056 -0.0511276058540295 0.0638351575751293 -0.0788237502193704 -0.0277608367827377 0.188649931465383
RB03 -0.0748953369710122 -0.0261487328251181 0.0454182228778091 0.037365284256509 -0.149115602267663 0.00386343501314974 0.136716136388811
RB04 -0.0314482739247622 -0.0520428276928927 0.0542096357685267 0.0241428810227696 -0.0943899205048825 0.0806762352259593 0.0166927855841524
RB07 -0.00811941553132283 -0.0197852493097311 -0.0861157530881626 -0.0476246041791178 -0.0345946107705026 0.0307586496872851 0.011884683001578
RB08 -0.0699963503623135 -0.0120150079293421 0.0565956418089046 -0.0914409876438932 -0.00642785952268676 -0.137749307810289 -0.0354314033921737
RB09 -0.09024921707296 0.0509603065850641 0.0311311199095014 0.0413661817727536 0.0588223604983444 -0.0775664276345516 0.108517765523114
RB10 0.0180454447767852 -0.0471374002358805 0.017973263566961 0.0353192748975535 0.149938772195997 0.0562108416567936 0.195923342261819
RB12 0.0204931203772143 -0.14404508643566 -0.00260257336501967 -0.107130648862198 0.0361946960461964 0.0123857761791808 0.0587194398771116
RB13 -0.04160861559323 -0.0640086389321673 0.0823248617503378 0.00378371232808292 0.0825942359003632 -0.104928164781667 -0.021832415991653
RB15 0.0418714386382429 0.024053709149464 -0.00165787270294851 -0.0550775112987669 0.0681394003849862 -0.148095749149971 0.0054603427634278
RB16 -0.0519651788248599 -0.0769450047734417 0.0802767297275492 0.0204485527000047 0.11074077920836 0.106096326228366 0.0230763482716979
RB17 0.0257920537535919 0.144093834479787 -0.0060235502046971 -0.0246777033160673 -0.00375599331811321 -0.0888699034665689 -0.0181618014902443
RB19 -0.000277850548928724 -0.116921602228876 0.175007887712888 -0.0291087642011184 0.0879236454592517 -0.0553395627118658 -0.146452844512665
RB20 0.0375231018824797 0.0051695505597047 0.0742591134052835 -0.0289598436145669 -0.0135281602534285 0.0633133958620977 -0.109942933141339
RL01 0.171415707307692 0.0173435139575236 0.00789709619679379 -0.0584785806834935 0.126411226908748 -0.0427452157026128 0.0186822626458451
RL02 -0.00237853687156972 -0.0588992690567782 0.0292760625956554 -0.0867032953397377 0.0335251328317999 0.0679947687265955 0.0796726390301636
RL03 -0.0786636186082202 -0.0243631271688378 0.0598557472497271 -0.0426298703143836 0.0799789576727401 0.0320737483673912 -0.0554490363924776
RL04 -0.0795192712793342 -0.0367987461532301 0.0729449444488158 0.0819150363135459 -0.0957551262880622 -0.00408404252984506 -0.00298578498862997
RL06 -0.0610949882095496 -0.0975955601617096 0.0225637413391071 0.04067051939645 -0.0851104287541682 0.0501372382882941 0.0204611545584884
RL07 -0.02778019034845 0.0426809642384128 0.0765150423102603 0.0387037050895704 -0.0128654043367008 -0.000936717650036311 -0.00555731758009703
RL09 -0.0645003767256332 -0.036228552330923 -0.0318211735676297 0.0381108474266273 -0.120321555101027 -0.00876590425059234 0.0545824250036306
RL10 -0.0214588125538388 -0.0914911344283889 0.131835542777599 0.119747845795007 -0.0303320352043271 0.0655620860132577 -0.0372043372789038
RL11 -0.0969517710958916 -0.0422214387228866 0.12299653790222 -0.0912634367435412 -0.104834822031907 0.00267161352679054 0.100589498536475
RL15 -0.123677341093808 -0.0633425591514737 0.0951436136880751 -0.102399234768897 -0.00941176501337728 0.0220360745285871 0.0510697811529475
RL17 0.0110565154279526 -0.0476029431265163 -0.0189750447225515 0.0301907540557282 -0.0761080440068596 0.0107974623029957 0.115714592506461
RL18 0.207685712476256 0.0893531803018974 -0.0182066269025823 0.0322359432694367 -0.0337359127155367 0.0451338462239811 0.00225842873577282
RL20 0.00842692947607276 -0.0121973198648657 0.0872828244161233 0.0531345477668894 0.0516530146186129 -0.0123087776478571 0.0736852377237938
RL21 -0.0592170637070914 -0.0493891881862097 -0.0174822908560861 0.0368148955611783 -0.0705417295575226 -0.0269526905396293 -0.00988011560342575
RL22 0.0853659709617825 0.123371903489916 0.185434783083832 -0.129710522044963 0.0794798684882653 0.215816154252863 -0.195919552981314
RL23 -0.0102435274601621 -0.0815004212308282 0.147049347648565 0.016928108398775 -0.140999215179481 -0.00715362318821802 -0.0180434380957271
TR01 -0.0146430382080099 -0.077866718239991 -0.0136141220565301 0.013678057861664 0.117301527018619 -0.011315550327119 0.0390232136224032
TR02 -0.0585416892830077 -0.0494832492930132 -0.0330006496098659 0.0365722248623674 0.0575645896534616 -0.00236999823891494 -0.0127900799854297
TR03 -0.0673374258285551 -0.022185477439267 -0.011337236838758 0.0689417025586038 -0.0872536789744903 -0.112943694506827 -0.0458291112715904
TR05 -0.0179607095954379 0.0618713558949651 -0.0954451291697174 0.0803834031708828 0.0562202760915907 -0.151314413146919 0.0782838281968466
TR06 -0.0824738488315716 -0.00193708559124096 -0.212437754495514 0.0204605372541801 -0.0623231669553394 0.056103339927409 -0.0313693065494198
TR07 -0.0150816381661673 0.0142614808774852 0.00343359804808225 0.118584714912012 0.112906423252576 0.0387372535322891 0.0984004877026697
TR08 0.0339179844535159 -0.0837967429525703 -0.00253621151998514 0.112786307328837 -0.0303228690308065 -0.0847769396103714 0.0420613959453881
TR09 -0.134263807050494 -0.056338923151732 0.0313997198970914 -0.0181317199562336 -0.00279898049335755 -0.0874872682371369 0.00354003593023892
TR10 -0.0841839002646747 -0.0470837438851358 -0.0621609556735949 0.11698011828532 0.0344706241230584 0.00625164811174182 0.0593072126596313
TR12 -0.0218493852108033 -0.0515317776860292 0.03464159073675 0.0109862220454863 -0.137315284436684 0.0336364951475512 -0.00353838090666206
TR13 0.00665658097982509 0.00172841221936761 -0.108719036511542 -0.103427460442565 -0.158062103403683 0.0101894125256405 -0.104685029353155
TR14 0.24690565369839 0.0611792988800376 0.072835521094768 0.026063796018754 -0.109340819019359 0.0758397741856249 -0.0715301675648665
TR16 0.0653764233100176 -0.110616468306561 0.0923419807044098 -0.0786663324985477 0.0140048815280591 -0.0357318149499863 0.0173418630911754
TR17 0.0482814510275084 0.0083216575139022 0.115307629145895 0.0837958422515776 0.118005129193356 -0.0379802967436819 -0.106639708092684
