sample MDS1 MDS2 MDS3 MDS4 MDS5 MDS6 MDS7
AN03 -0.00765647304171524 0.0327677531053922 -0.061443482419707 0.0106868384782649 0.0244443901527378 -0.015554761670093 0.0525957318197284
AN04 -0.0479098056138768 0.00105526920474232 0.0571675039939429 0.0453553875605968 0.0379310223017237 -0.0026281513001869 0.044338099991953
CS01 -0.061518011599346 0.0295976717084553 0.0359597623425494 0.0441606723702671 -0.125877073748821 -0.0545153500685352 0.11895009763266
CS03 -0.0485288260503509 0.0531096704128357 0.011308388008296 -0.00653954636767599 0.0688854287007404 0.00754818024403305 -0.032478193790256
CS05 0.0420351840330103 0.0640032540653803 -0.0950723429336408 -0.0546297365521364 -0.0910031831744546 -0.0587971696028303 0.129289154360959
CS08 -0.013222194025344 0.400638758832045 -0.0945321093343949 -0.0122888486697044 0.0493203110312554 0.047762585163332 -0.0548834441625954
CS09 -0.0732225659039376 0.0298905066833789 0.0263232751519202 0.079858681143518 -0.0848621705601759 -0.00712042998556466 0.0473056593919556
CS10 0.00268098175665782 -0.0657452904840865 -0.00348388447302561 -0.0746343583852512 0.0553438467299772 0.0203229309488784 -0.0913434630991281
CS11 -0.116681446826271 -0.0333754138972148 0.00591232765468991 0.0499264095683112 0.0941181437442111 -0.0148401988540371 -0.0415398553197985
CS12 0.0621948203051024 0.0137312745659468 -0.0292125927327245 0.0501757140612128 0.0823656284649334 -0.0582113100137008 0.0130901428184476
CS13 0.0238251132600975 -0.107551275748601 0.0521316257737653 -0.0714214397102486 0.121604503646537 0.0947041162075758 -0.00923190163017348
CS14 -0.0374122191355179 -0.0354630575370257 -0.0359134518572942 0.019768452110971 -0.0520241659261248 -0.0223395896017482 -0.0368081694853911
CS15 -0.0567994892116707 0.0130279790943651 -0.0456343361901613 0.0319926919684745 0.0867968683720033 0.038982891387377 0.128173209582039
CS16 -0.073421745409037 -0.0374970170964122 -0.112637222033882 0.120242563133279 0.0471166612670979 -0.0790687770893815 -0.0337042157259628
CS17 -0.113867960922733 0.0847606972259911 -0.0166602321826501 -0.0287391096523919 -0.139345589051942 0.040498420102249 -0.00608451372865476
CS18 -0.0279936747319996 -0.0126753905563597 -0.143526702051499 0.0582839216472468 -0.0364814752959347 0.0247766956708715 0.000763370060422486
DK01 -0.0527888901371112 -0.0619415674887012 -0.0207988482113698 0.0456356069578003 0.0335099647920508 -0.00830646347767445 0.0374194128986308
DK02 0.0461836225235039 -0.0397397732863382 -0.0424737092145709 -0.0678728220716452 -0.0777710638160617 -0.0225873868093754 0.0178550668590974
DK04 -0.0461986501123811 0.056609899660799 -0.170125076693286 0.0443788053268964 -0.0137491297920364 0.168347834645952 0.0497075736568979
DK05 0.0630847337475832 0.535502539515016 -0.198508125321615 0.0183307704076194 0.0537496735627314 0.0709855077812881 -0.103061476230249
DK06 -0.00713618855870424 0.0687696655571762 0.00815175469013658 0.131405233548454 -0.0500316234080559 0.0698468386828535 -0.0931362170027911
DK07 0.058113136757748 -0.0747782930410881 0.00373083582939683 0.0704273579858458 0.0215584676544691 0.0526196216887137 -0.128884118615399
DK08 0.114393554249044 -0.0287576431629236 -0.00190409969806294 -0.0833015311264289 0.00513817473055778 0.0649168649118346 0.0503660345730363
DK09 -0.0162665351547508 -0.033743158976168 0.00907798415726418 -0.030760943133166 0.0347572656674361 0.0409764086505416 -0.0176169184100271
DK10 0.20583101289473 -0.0602804408837385 0.0401313338681953 -0.0290023166067392 -0.0015072095019263 0.0443601555503092 0.0444476813816519
DK11 -0.0716881035276109 0.0100354822698994 -0.111432783196278 0.106613804319473 0.0176525088132602 -0.0433676359022575 0.00436442789425907
DK12 -0.070514619198053 0.0310689722300192 -0.0247966596467316 0.0530753819375579 0.0168116935899366 -0.0279633327291839 0.0177175374082695
DK13 -0.0312960538182911 -0.0339733329942777 -0.0202022027298565 -0.00346789138045868 -0.0332352312633575 -0.0722494613153261 -0.0418668521235081
DK14 0.065614619522496 -0.0477297497126601 -0.00221308705185796 0.0585858100272718 -0.0121205842976595 -0.169853194849903 -0.0325575051773689
DK15 -0.101276781419241 0.0309602731191488 -0.0585409432465383 -0.0163452738826148 0.053292318159818 0.0558755011683796 0.0444050081560721
DK16 0.00703046948900696 -0.0155467145009165 -0.0818704777131937 0.0115415470054897 -0.0657444706041476 -0.0646656316346684 0.00915607950216567
DK17 0.0125922269871816 -0.128775118447859 -0.0150316500540529 -0.00466262538498853 0.0187029601768948 -0.012233573668779 0.0509674907867808
DK19 -0.0692745852960678 -0.0278708043699804 -0.0705176361332954 0.00283009363079807 0.00727481442863179 -0.0813395363946986 0.0502378411796555
DK20 -0.0615493473602632 0.0073589782596678 -0.0236600192393547 0.128514085589447 -0.0113902462763888 -0.0593555176294059 -0.0325749732763556
DK22 0.0642522870661012 -0.0877840583750935 0.0295073845120586 0.0716132408522184 0.124188690659076 0.0544620530950755 -0.113531731893759
DK23 0.0450432902369411 -0.0891707836962174 -0.0934876607711617 -0.0203423680714553 0.111474541028532 -0.0031716939179516 -0.00793626714502989
DK24 0.0480580123709962 0.07617087214131 -0.0795478351272533 0.0114673879032104 -0.0819374381923878 -0.175708398151032 0.136501551153488
DK25 -0.0114690944523932 0.0506156462695931 -0.0379193142740672 0.0569994085944641 0.00394836962228457 0.0361207206161013 0.0573140282455088
DK26 0.111019228492725 0.018389334579014 0.00871824471282514 -0.00616775201903466 0.0865061699628568 -0.136000990128305 0.0554569065895987
DK27 0.0724885859247692 -0.0305736328739385 -0.142919399931871 -0.0666337375498202 -0.0439741144756084 0.059785025430652 -0.0348397066292546
DK28 0.172489559333003 -0.0318984403590277 0.0806084142834984 0.0788710120286417 0.10113015651863 -0.0198477536406815 0.00355311648316799
DK29 -0.0919993554495149 0.00802192949376782 -0.040951728007837 0.0176786455128189 -0.0782799995089907 0.000809769143408339 0.12809639547176
DK30 0.13825306289296 -0.0842124627898839 -0.0345061384297656 0.123409787542809 -0.146047698746846 0.0202721408932851 -0.113817732197918
DK31 -0.0554599906263727 0.018904238442049 -0.0964571377098787 -0.0522917209641891 0.0409671107095412 -0.0297344936072647 -0.0195568374517759
DK32 -0.0336109687302697 -0.0769349212303876 -0.0291552326831114 0.0417430429031402 -0.0642334135960221 -0.0265642666192406 0.103739219358703
DK33 0.0818287869426098 -0.00522516269965728 -0.139800728618624 -0.00314306905843327 -0.123063432351441 -0.0569987399646457 0.092062940608451
DK34 0.0310798647849283 -0.0772620256727968 -0.0989156254247647 -0.111238093281679 0.109764600558558 0.024532916609908 0.0685422269520596
DK35 -0.0657861401743653 -0.0113611688211538 -0.126943436205834 -0.0157679568178169 0.0494356751076127 -0.0179723551701629 0.0829390223654568
DK36 -0.0966909194283557 -0.0476385909176598 -0.0327919159769824 -0.0549574730415977 -0.0164997417205522 -0.0793765015508647 0.0547392556751299
DK37 0.00918495736839631 0.0052600509246578 0.0357541216627867 0.197041184186611 0.181640917710385 0.219778171079285 0.163272732930006
DK38 0.0177973417929722 -0.0403054418285543 -0.120539648867771 0.182107691201661 0.0217263769456444 -0.00493597173067073 -0.0736197116496285
DK39 0.00100283996670826 -0.0361026030612557 -0.105788860729719 -0.10159278188857 -0.0401622414029312 -0.060441236565783 0.00352972216686658
FR01 0.0734437306665479 -0.130981598629801 0.105508282368924 0.0669268558633221 -0.175186765994344 0.043524165724971 -0.0505694530434194
FR03 -0.0179019883555232 -0.0921241114697336 -0.030488965418918 -0.101173381140356 -0.0360446895745157 0.0573812935165822 0.0283248781949031
FR04 0.0838778508142066 0.0415511553060825 0.029852950672172 -0.0453478124974014 -0.0465370769138951 -0.143956800757732 0.196411304869364
FR05 0.118042121636901 0.0921558743788636 0.0893480186259826 -0.13419631500873 0.101020406304599 -0.11529979144542 -0.0650465291105069
FR06 -0.0518005760491966 0.0392880055482127 0.0645018175579844 -0.152334227389064 0.0563243796982156 -0.0210909469278057 0.108697053826023
FR07 0.149840651323445 0.122566000314178 0.0196489735231324 -0.150506619797427 -0.00732406123136191 -0.0571222228268766 0.0672906705556424
FR08 -0.0583337725628574 -0.032330632278612 -0.0573200788884934 0.123424456884815 0.00905953103945609 -0.133652091751117 0.0144822774241427
FR10 0.0502781130732727 -0.0402189047645473 0.0604231510141764 -0.00443595645700631 0.026408096496818 0.0844580629852963 -0.115947911648974
FR12 -0.0237217773802206 0.0558650311448399 0.0594814842183964 0.0318437203744521 -0.0378012178397183 -0.0177902899566424 0.0397793251721225
FR15 -0.0686245693484556 -0.017749912534573 -0.0144283794205288 -0.129927598598791 0.0354252070802429 0.028110514473385 0.0277054157090376
FR16 0.156823281149803 0.0235687276201293 -0.0589979500356613 0.00540232091860164 -0.0444456393770994 -0.0280628296829517 0.0164159214843739
FR17 -0.0499888857539166 -0.0635116487940972 0.0236614322819219 -0.0821902459333766 0.0559073306202302 -0.0497278114060404 0.083061664750615
FR19 0.0572494042290878 -0.0530643292646658 -0.0240074698331898 0.110174483970952 0.0339345259306333 0.0775204398729502 -0.096234429843532
FR20 -0.125108265222891 -0.036849732314554 0.0597682974142551 0.0260993614671745 -0.0241518622270831 -0.0797128943056721 0.0636736404469358
FY01 -0.0317656433174744 -0.0507433627881148 0.0349644639490611 -0.089005509345995 0.0267603439582812 -0.0111599350629496 0.0316977382318432
FY02 -0.0956887376662615 -0.0793934392552129 -0.0435092917161825 -0.0102124924918336 0.0144886087110385 -0.00206063091982002 -0.0145407842909934
FY03 0.0469132014305284 -0.0434893816713536 -0.0209988061720647 0.115427502772065 0.103450620404871 -0.0283230890593318 0.0219763769622633
FY04 0.0537302780607037 0.145520343734501 0.0704813960137255 0.0425965654944911 -0.131482210788713 4.35231295977043e-05 -0.0175023827722275
FY05 0.0338966485129128 0.0122426798416118 0.0732682053098166 0.0486664050995501 0.091518855174369 0.110053779617389 -0.00383407877662895
FY06 0.0198447163620752 0.052629383969887 0.0908654849736084 0.0649039670077132 0.078257698004354 -0.0270030015848936 -0.045098720792715
FY07 0.0494962640230317 0.104754390177437 -0.0324684034324874 0.066911571216877 -0.00252438939605902 -0.11685943831303 -0.00771153057009777
FY09 -0.0123657905521338 -0.0425587577809722 -0.00102548390698171 0.10169220057001 -0.0974808747419451 0.0498009703689533 0.00229054625288337
FY11 0.0879763483842053 -0.0379652009071244 -0.0351595877842441 0.000955620208349443 -0.071616162486085 -0.0210611560092183 -0.00334030556890433
FY12 -0.0686788603988406 0.0169150522425831 -0.0691442286685566 0.0269865775902342 0.0109845857451212 0.0149387680788755 -0.13751297429915
FY13 0.0626408798868224 -0.0596424004016721 0.198120717303609 -0.145118219336174 -0.0144215571927246 0.0926550369919851 0.0201705313443549
FY14 -0.060290460288479 -0.0336872075751121 0.0264327000164604 0.0538205327653201 -0.00658190141892559 -0.0584382936757183 -0.0371390971172869
FY15 -0.0774060543239703 -0.041447486165557 -0.0432872218259318 -0.0767121626581195 0.00655061804837079 0.12778765766805 0.0437927524507728
FY16 -0.0208756025588282 -0.0651785419207434 0.0726714981326059 0.0930365447924609 0.0446718807434623 -0.0348531059310539 -0.0616040747386493
FY17 -0.0345649286189214 -0.0091681289230639 0.0464079075443243 0.0184749315085761 -0.0439817883975163 0.0347710603230057 0.137229632151316
FY18 0.0345112340380857 0.0100261047878311 -0.0193097750947124 -0.012701520687936 0.131452960544855 0.0969474812887889 0.0517595136843499
HH01 -0.101717345931706 0.0859684895478635 0.0929812177444806 -0.0962849052597575 -0.115402325752482 -0.0376800364543591 -0.094251087157989
HH02 0.168536758676006 -0.0407511658662134 -0.00754802721315632 -0.0429939785915298 -0.116332214950687 -0.0279589794897915 -0.0857555991173341
HH03 0.00458935668185489 -0.0152404387531946 0.00491409925403233 -0.0340589741714057 -0.0605263806066817 0.0409342189886543 -0.0146452400856663
HH04 0.0575691305052922 -0.0593165789834248 -0.0291814127057548 -0.178682347640507 0.00485234456442185 -0.024051865624038 0.0266361245879461
HH05 -0.0302835662726416 0.0152238159347241 -0.00160102816025418 -0.0769882956318955 0.0745538581278102 0.0665351177774263 0.0653884771317076
HH07 0.0301631789644098 0.0958320611500084 0.0033505526547094 -0.0235885237600397 0.095020968375775 -0.0940274316576781 -0.0141466307520934
HH09 -0.0550563076843902 0.0183400826949613 -0.0181714087562443 -0.0214322834873389 0.00762568032781479 0.0598803764232674 -0.0663551871033017
HH10 0.0611761334159572 -0.0547485148250474 -0.111178824079211 0.0931726982795185 -0.118108817471454 0.132960203888817 -0.0446744382161355
HH11 0.0369299552222368 -0.0156438072137901 0.0309347627640368 -0.0894888509922066 -0.0388890841839879 0.000674912078705259 0.0653141218924907
HH12 0.0124475705261037 -0.0135442465634349 -0.00326207485250145 -0.0233961028270569 0.0480059977391906 0.132654391639461 0.00481453999332013
HH13 0.0193131162318589 0.0195401766825922 0.0674657518264755 0.0382232134091934 -0.0354245313019518 -0.0754153320797111 -0.0755892769343958
HH16 0.0144592280863838 -0.0836799985189168 0.020308497547485 0.102665857775725 0.0630750753132973 -0.017197834412274 -0.0356016681883288
HH18 0.0372613854768653 -0.0203434497829693 -0.069347837341572 -0.0597879497972085 -0.00959743121990083 -0.120789656719609 0.055843729003958
JB02 0.0122531982873589 -0.0555174662378986 -0.0473574045555631 -0.0604798808685782 -0.144629662495141 0.0586102662817429 -0.0901448790599299
JB03 0.0302909889738547 0.0660679872994339 0.0934177164237512 0.0298363314256617 -0.0103047836420212 -0.0750673656193808 0.130314295020595
JB04 0.0487408518496919 -0.05084465102891 0.082597951119055 0.0979187556288688 0.0941605254662489 -0.0283555829897458 -0.0116455537539556
JB05 0.0541691751192373 -0.0175531941007697 0.0651540183046941 0.0711853616203473 -0.11373370597911 0.153493955503019 -0.0146122215156897
JB07 -0.010264806854756 -0.0179429813631091 -0.0422918068777254 -0.00473922791298831 0.0263845341023911 0.00483516913673311 0.0620836724611609
JB10 0.107114932147701 0.0169120003992544 0.0319576113139425 0.0262659012310031 0.0232376271220119 -0.0162309500408952 -0.0231171690651273
JB13 -0.0360346548822268 0.00327732054891036 -0.0697496725355512 0.0258390874878736 0.151305999751777 0.0503264597974828 0.0109401509220284
JB15 -0.0470051776485692 0.0666216893588499 0.184729861962075 -0.028201567169817 -0.0158988579197838 0.030506920223484 0.060652715445662
JB16 -0.0872566607185477 0.0502172507585377 0.00959306400351334 0.00104472446889707 0.0188981010406092 -0.00308875760860994 -0.0493866657355536
JB17 0.0819913722363793 0.031651169590433 0.167118836879825 -0.00566369641415172 -0.0305234382685659 -0.0857248854313056 -0.0497309369557113
NB02 -0.0490724505046055 -0.0261589597133826 -0.00439813165829097 0.0330861266052874 0.132151778467423 0.101437992333965 0.137811241023574
NB03 0.0178044273141226 -0.0411071375025565 -0.00706529463706368 -0.0476313214633469 0.173652162127034 -0.0845641221548054 -0.0222648608668686
NB04 -0.00171170412684881 0.0267496685724582 0.0118939495128996 -0.0483859126180489 0.00133307197989265 -0.0264321437960078 -0.0410363543341834
NB05 -0.0774147114701501 -0.0670210158685112 -0.0634877299615981 -0.001111589028278 0.13225887200634 0.0254711201933498 -0.0297642630098523
NB06 -0.0157995224671281 -0.0833195687337916 0.00830703522350976 -0.115192561435251 0.0794344901735882 -0.00428842118108494 0.06279476963556
NB07 0.127782568282839 -0.0302188712668268 -0.039679219411747 -0.115952222415954 0.0774201929524474 0.012644291165777 -0.0139686853699591
NB10 0.17327005426681 -0.040972996414193 0.0168938894348377 0.0119299293918904 0.00251096762663566 -0.166284912205463 -0.109465799541332
NB12 0.00613293075898375 -0.0592651045894147 -0.0769740928442643 -0.061823068042247 -0.073300476118161 -0.0223776145498785 0.025175438855865
NB14 -0.0261431825053423 -0.10474591545433 -0.152096816151305 0.0220283773713229 -0.00566960506781029 0.0807768917952022 0.0319889831148092
NB15 -0.0666625647318491 -0.0315858691704204 -0.014072060733202 0.0345374064626967 0.0391700464012008 -0.0327527288442176 0.0380865316116894
NB16 -0.12500764790405 0.00746287838491925 -0.0283625877827756 0.0873391127995414 -0.0111779131393282 -0.0587415505950816 0.0164572393997626
PA02 0.0261139187167979 0.0421297985583623 0.110454826858176 0.035277693243351 -0.116484384559983 0.016782303781003 0.0283970489030004
PA03 -0.0537528928350152 0.0267471726041284 -0.0293705314497934 0.00999226293541131 -0.0600574124992158 0.0275478589129418 0.0961275120280652
PA04 -0.0423225698699125 -0.00816766351421285 0.0764327152615883 -0.118456014978045 0.0511240190542155 0.0586302618498041 -0.0104912468935004
PA07 0.0926457152429476 -0.16761274175467 0.000243020427693743 -0.00883029026549715 0.0683623322626496 -0.0311899905882528 -0.0502982408103458
PA09 0.0493877085049566 0.100695014530998 -0.00454019114421332 0.0266626681118266 0.0272864185154472 -0.16555915546982 -0.11859457478986
PA10 -0.0217734994344066 0.0731950805609782 -0.00448437155530315 -0.068161785038912 0.0215519894873003 0.0142944090140821 0.132666458605567
PA11 0.144292366625725 -0.0147980564681817 0.0160891086535393 -0.0349934209028445 -0.0480923522319182 0.042705804041579 0.0650355390748629
PA13 -0.0104298687334102 0.0253164840334164 0.0458743562711857 -0.0989248683039527 0.0665344424794625 0.0427728092221332 -0.10463029311742
PA14 -0.0863625179052183 0.0340293304173536 -0.00447031636717412 -0.0983477449089029 0.0681510610073071 -0.030650952348565 -0.113771039842875
PA15 0.00651211569602458 -0.076426280049734 -0.0664322060606786 0.023320625745685 -0.198809860653449 0.120787610369714 -0.0426462267790054
PA17 -0.0289405114035654 -0.0544851353150196 -0.0264957592263315 -0.0967941217645033 0.0020943748766295 -0.0428382940569069 -0.0255826678522753
PA18 0.0764516216047079 -0.010473693611828 -0.019229074068621 0.106389583762332 -0.131185020510135 -0.0203236831137046 -0.0798781894553661
PA19 0.113790474830001 0.0419880966741923 -0.162012956582847 -0.018583842941061 0.0421106049407157 0.129191943352932 0.0213342171513049
PA21 -0.0426767872877344 -0.0515318063043037 -0.0671505610547208 -0.0550906994832414 0.080845566422444 -0.069459612106882 -0.108218677649067
PA22 -0.0460857506046942 0.0801531700547057 -0.093152131852849 -0.0697515076520225 0.0232006200457007 -0.0459828702167098 -0.093365770794396
PA23 -0.0214324529433164 -0.056612376253339 -0.00374741129204905 0.036762602311794 -0.0295974050552876 -0.0279198149962876 0.01694578809715
PA24 0.0285037271296592 0.0184573091805043 -0.155554818005271 0.024535724362236 -0.00495486700599443 0.228190242714192 0.0369009884285875
PA25 -0.00689154265185157 -0.00320204040240819 0.0382903255458128 -0.116613137432348 0.0373293459479642 0.0674076691275951 -0.0316105111148568
PA26 -0.00272963158763819 0.0272153254689808 0.00393002463140172 -0.04013120569692 0.0433137058442175 -0.030203873094386 -0.110784611603296
PA27 0.0933762449719651 -0.00198525643898818 -0.0419989683906522 -0.0407933704999248 -0.0113092625871044 0.0284614354077411 -0.122262237245023
RB01 -0.0476188951854891 -0.0301471481150885 0.154504213326028 -0.0291613934034881 0.00567235024005485 0.10870110352787 -0.0286018882167975
RB02 0.0773442184014308 -0.0108931796544073 -0.0126065520761621 -0.0808307189878239 -0.00143338606743389 0.0394567431337663 -0.215303961178318
RB03 -0.05137766933101 0.0649533757264958 0.0763315597136787 -0.0852877604834956 -0.113804670115913 0.0866137873645148 -0.0988475225159815
RB04 -0.0338223811624915 0.0322340350328785 0.110533916504323 -0.0236405958904253 -0.0579600433427741 0.0921574942165019 -0.0494345160260912
RB05 -0.0287611248465939 0.0419095638643118 0.0471095472804897 -0.0542258901506512 -0.0244688873264078 -0.022785127834289 -0.0764623823462963
RB06 -0.00973247231470275 0.0392732686145723 0.112386949354446 0.124224913859642 0.0516537114932815 -0.0450135216331879 -0.0534757780685124
RB07 -0.0288247579770133 -0.0518943777174285 -0.062912212637182 0.0237433662007795 -0.0994912094876185 0.0207900566599539 -0.0351579205911776
RB08 -0.0781602223100805 0.0439366857508432 -0.00716718133782337 0.0572369479637596 -0.132391968057416 -0.0884365000796069 0.050130473080006
RB10 -0.00283124038863648 -0.0363430290381897 0.0304674537600318 0.0452566206941061 0.0678457196218935 -0.016936401941636 -0.177262327656055
RB12 -0.058405628742201 -0.114156537103423 0.0417942144515453 0.105730718569565 -0.0335390867236804 0.0135220548493913 -0.0819592092085733
RB13 -0.0715548048127228 0.00470550691200757 0.0732926966951856 0.0649186248098444 0.0112979103561108 -0.12257855702525 -0.0241646068156711
RB14 -0.0230216252341034 -0.0165288050616542 -0.0174446482254586 0.0186804325265835 0.00840026277162605 0.0108304645272869 0.030754606702604
RB16 -0.0629125170201393 -0.00955323716025775 0.10758624472093 0.046846337353932 0.0662714044842468 0.0628874264262712 -0.0389239570494728
RB17 0.0648500764472151 0.0990557803673715 -0.093924725603165 0.0382222959725095 -0.0369616430929814 -0.124663731498925 0.00500529434672993
RB19 -0.0606061875063219 -0.0309940341486511 0.15721712868169 0.123885368268205 0.0251366613631809 -0.0964330113508717 0.193340863088993
RB20 0.0329318092849362 0.0106044566294385 0.0338032056391497 0.0170434092114228 0.0165072328160262 0.0624064828202272 0.122117461509922
RL01 0.147734990622249 -0.0590843529393273 -0.0177682973979688 0.15132171758997 0.000948885597611178 -0.094174237204164 0.0345635589745929
RL02 0.000809783212561482 -0.0167748448599348 0.0281414118715394 0.110010714753306 -0.111506091231454 0.0174114747284983 -0.0149018273057397
RL04 -0.061729896820611 0.0543255990402286 0.111335083673468 -0.0873300817919001 0.0100853994087759 0.00579663606884295 -0.00685873940102795
RL06 -0.0844580449649037 -0.0159980431831263 0.108324429296868 -0.0563786639295385 -0.0132090713157709 0.0885897212437238 -0.0405999617125899
RL07 -0.00329116966322487 0.0779705325205664 0.0368819415506833 -0.00753063230032245 -0.00349540931662931 -0.0214532121726266 0.0384886490687906
RL09 -0.0714121603026858 0.00704139464249616 0.0146116615168265 -0.0744976566629638 -0.0794354292080583 0.0369279123286827 -0.0775431175328869
RL10 -0.0288967343410156 0.0115296475235174 0.182936986636276 -0.0698680649839604 0.0227566315541589 0.00792930797466479 0.0373685112000628
RL11 -0.0927548709353972 0.074724368949811 0.10980703245375 0.0344280792171168 -0.140945308776736 0.0828206974724441 -0.080306129185584
RL12 0.0124564668280716 0.126636674972447 0.0535162752863916 0.0180219655442126 0.0123785467808823 0.0296743905499243 -0.0944802702112594
RL13 0.082969118493471 0.137851716102384 0.129088159228737 -0.058105159013312 -0.0343755967625251 0.0588602272928826 0.0575498528527707
RL15 -0.117469041320377 0.0518432682707469 0.0770863216333841 0.113651240454516 -0.0904794335488761 0.0646047965757117 -0.0106358081243496
RL17 -0.000139383193937323 -0.0100815930999335 0.0409544628186739 -0.0494244177711938 -0.0515757770010565 0.06231984589298 -0.0924618893875577
RL18 0.234599385045461 -0.00485067766461689 -0.0165943179364264 -0.0408134590441308 -0.00671995443103427 0.00290777771987725 0.0400292760124156
RL20 -0.00512359997103787 0.0224307075950245 0.0991360661055685 0.0252671262568149 0.0764200268715685 -0.030609917654458 -0.0953904425878706
RL21 -0.0747720108109191 -0.0136953180280504 0.0202602188052958 -0.0775221839019549 -0.0617428458966922 -0.0295115696341667 0.0168339972916215
RL22 0.107329531306612 0.12491395413373 0.0768949050665012 0.252075539277695 0.16778747783341 0.231174470635755 0.163861732356034
RL23 -0.0189798288483611 0.026153768250916 0.168382992612943 -0.00444222447248037 -0.115834335948565 0.0153154584015492 0.0668717339553067
TR01 -0.0479557278400604 -0.0647579306476768 0.0454272512093606 0.0730455724399868 0.0418295428861691 -0.0820808024580913 -0.0884334837290259
TR02 -0.0723107184612108 -0.0385110017742953 -0.00179887751659908 -0.0166630041831718 0.012358807037334 -0.0559593968301713 0.0399295112396438
TR03 -0.0912499276662621 0.011661305932653 0.0141984555565998 -0.0883850627017833 -0.0215934392376922 -0.0744362124929532 0.0341689818140022
TR04 -0.111913113917762 -0.0321266746812252 -0.000101096024064022 0.0449173495745102 -0.136712527398077 -0.0614341600227816 0.0292753013561031
TR05 -0.0231596309961818 0.0183850534880973 -0.097091420170416 -0.0282804965525821 0.0413403382517667 -0.138770118129474 -0.108190127632694
TR06 -0.096711559102269 -0.0672420572317485 -0.157423496166174 -0.121351087047121 0.0161112124744454 0.0838711613407731 -0.0389815647436969
TR09 -0.140837356781241 0.0478689680555203 0.0406165442300915 -0.0021212190737444 -0.0166206984789129 -0.0468332891585244 -0.0223365083707452
TR10 -0.0973977587838308 -0.0220108588287888 -0.00038736205328001 -0.104347703562877 0.0738041266163768 -0.0244133802102616 -0.0885581788724507
TR11 -0.0835906103095168 -0.00346496700372991 -0.0205240088427729 0.00320556249910944 0.090692210670272 -0.0272990465931086 0.0183867950011012
TR12 -0.0341901035992598 -0.00536713625301576 0.0392315175414548 -0.0893179706839231 -0.0793235635166064 0.091317977316056 0.042175748676282
TR13 0.00864559424963048 -0.0574109694643944 -0.110136320789478 -0.0616237234484396 -0.151348204545622 0.0430702667518759 0.1476155798369
TR14 0.258115884015644 -0.0015410494955531 0.0529576004715941 -0.0520116396034603 -0.0699696075287395 0.0381725873632857 0.123443212663033
TR17 0.0316585721897418 0.0211284453583619 0.0827678445271808 0.0243667405213981 0.130241338875084 -0.162018247285623 0.113442295617829
