sample MDS1 MDS2 MDS3 MDS4 MDS5 MDS6 MDS7
AN03 -0.0451152078009494 0.0444053680286385 -0.0572492307748348 0.048014068337585 -0.0374310387720287 0.0195743538406959 -0.023774747142802
AN04 0.00281637888093904 0.0328168551052603 0.0642175303468533 0.0109986591227097 -0.0959157939285697 0.0819783495590282 0.0490419995244247
CS01 -0.0226254407244854 0.016398131227303 0.00497735813917266 0.118726982082514 -0.0047223440447425 0.113209445499781 -0.127905783854282
CS02 -0.00870463166942281 0.10229666974426 0.0162901996695136 -0.0412286140810436 0.0168556013941701 -0.0895198505864621 0.184407049963728
CS03 -0.0524122430223319 0.0584038483905283 -0.00473284006845948 -0.0331013975401835 -0.023579448146351 0.0259525227852758 0.12698173881834
CS05 -0.098019383553376 0.0127704226212941 -0.136926217143346 0.0315361308262603 0.0315837745775064 0.0292181377084793 -0.0565536506123102
CS07 -0.0125873483367078 -0.0196325082038897 -0.17235191039563 -0.0971917591581443 -0.109385872863588 -0.0205773035466807 -0.0379113319888612
CS08 -0.40942277441898 0.0827473605894898 0.0439664636049259 -0.0148730906379217 0.0764958794548259 -0.0142242813613418 0.0560169168315076
CS09 -0.0115690369190347 0.0279334318085339 0.100890680854185 0.0899325839508274 0.00655704119200128 0.00665047960338053 -0.106157131674469
CS10 0.0747799576655285 -0.00697458437874318 -0.0165422767196234 -0.0703413914095724 0.014086451222348 -0.0410648927880646 0.0569690630106173
CS11 0.0476446205246077 0.111252038960306 0.0768564968340015 -0.0735555749232399 -0.0509563103176027 -0.0408324530968874 0.00640412253628067
CS12 -0.0477783422007145 -0.0264756039958094 -0.0110210280729588 -0.0058619590991966 -0.0652963393616317 -0.0607945131079392 -0.059686817267067
CS13 0.0926190440959283 -0.0403411759483948 0.0155292836170452 -0.0854847369575127 -0.096061047747638 0.00900450723635807 0.202134320507995
CS15 -0.0377774486108245 0.109698815898986 -0.0180494164650034 0.0214279450542659 -0.088077845527451 0.107423996068058 0.0857452534482628
CS16 0.00507292577906625 0.144118489408711 -0.0307766579868469 0.0619809658238037 -0.0908677273028175 -0.0971517815856637 -0.00382310999411378
CS17 -0.0583114028643552 0.110834075196518 0.0236061093863102 0.022847413069161 0.147402692442356 -0.0235925742132924 -0.0306047878332213
CS18 0.0110678509132766 0.0431564643880267 -0.0253094254785305 0.126003851977263 -0.00381189438878138 -0.058694063890556 0.0476752195830612
DK01 0.0742151976721343 0.0566802611688773 0.0352050181959626 0.0367482476376384 -0.0259955904837341 -0.00541407984206072 -0.117970265330883
DK02 0.0267835520424645 -0.0486798745659214 -0.103123115629766 0.0320869657360662 0.106051306310378 0.0119353795074121 -0.0729772212952402
DK03 -0.00780476393146057 -0.0104779726863281 -0.145662160093884 -0.0127577344742214 -0.0257667240123503 0.0382719757615548 0.076180435008867
DK04 -0.0806347852789633 0.121899507133475 -0.0578505962287518 0.151105677282274 0.0161241940403493 0.0463538168992767 0.0513726529670002
DK05 -0.563019047667701 0.0480964505287288 0.0372579901493783 0.0379859656323694 0.0832652916216783 -0.111091506338843 0.0648790844559239
DK06 -0.0385170220893839 0.0179425520602821 0.0877757371177692 0.0642611649067119 0.114869287515697 -0.033711758040191 -0.0592296025850211
DK07 0.0709988212329525 -0.0337813024978037 0.0305421597928698 0.0432138449279357 0.0512529579669136 -0.0896706667920401 0.108189247983988
DK08 0.000326771869523731 -0.0883319946886515 -0.0784504246541001 -0.0185083497055385 -0.00268292655411373 0.00486026207142184 0.0825868276839944
DK09 0.0180948042018331 0.0206409255142738 0.00759063412277487 -0.0483934587421034 -0.00810407430976864 -0.0425156998741443 0.12674733616824
DK11 -0.0131053420956301 0.106313227312794 0.052223393445402 0.109694728813068 -0.0904315327755408 -0.07455018475933 0.0275914240509397
DK12 -0.0342756433505738 0.0772583434629885 0.0471357495559011 0.0443312216184139 -0.0950981048623435 0.0146250512250697 0.00342288746975872
DK13 0.044145414864983 0.00126100196951417 0.00979134112585225 0.0110509062498358 -0.0139100490885107 -0.0435558931535401 -0.00597701232277503
DK14 0.0360436939310861 -0.09064195865642 -0.00582147445176842 0.0377813161501129 -0.097846980184049 -0.0602936924069509 -0.11619990638367
DK15 -0.0340170126460628 0.145590472695995 -0.0115905568957304 -0.0169089102889528 -0.0325978594652899 0.00727297123328668 0.123999789850529
DK16 -0.00378393336569085 0.00647330067707029 -0.0570050882494082 0.0661930024386308 -0.0034579821081796 -0.0835438822030393 -0.0290737273391978
DK19 0.0164448934897368 0.0813572242770523 -0.0580409547027598 0.0212103721076077 -0.0324844590650779 0.0585441712588349 -0.112081585677315
DK20 -0.00922366392274478 0.0782487581165172 0.0859174767768883 0.0989898484121784 -0.0156808151304503 -0.0722930565204294 -0.117411027839341
DK21 0.0815033976550711 0.0422443209603827 -0.079197442238775 -0.0637463927882486 0.0639232068955688 -0.0192957600757404 0.114535258707341
DK23 0.0573025075670735 -0.00568753810950721 -0.0870958070540625 0.0158626936792496 -0.10391249975173 -0.0506131334636055 0.0662633859589013
DK24 -0.10301951761235 -0.0496584857527643 -0.0957343230696652 0.0950921707380305 -0.102827058752925 0.00402769614798083 -0.0891553148300742
DK25 -0.0632204957748213 0.0625076040703856 0.0502496125406551 0.0567200633949382 0.0274105468296805 0.0124893257895114 0.0377675793551026
DK26 -0.0473893150760421 -0.122100541092157 -0.0565554878459163 -0.0254388677219707 -0.136251769017763 0.0344215055537549 -0.0582731601990114
DK29 -0.0106138005180521 0.076982895852655 -0.00307431899201598 0.0984845157223947 -0.021739480211135 0.0933689286196063 -0.0958675834149183
DK30 0.0791113058539242 -0.143150675319987 0.020099315203198 0.176861197335735 0.076196498324125 -0.0953512250151418 -0.0161033457938469
DK31 -0.0374570841426068 0.0953501982069085 -0.110677820923723 -0.0346832676316041 -0.0284244028379038 -0.0210931506700801 0.0181341711065257
DK32 0.0667588228020887 0.0402880264217369 -0.0253687395328676 0.0660559661643032 -0.0267061240340121 0.0539412864505688 -0.0704818369573407
DK33 -0.0445286867442361 -0.0544782245842853 -0.15078659507643 0.173548705444339 -0.0726563232604598 -0.0245426843361052 0.00810805129417221
DK34 0.0627043103260121 -0.00832747641078585 -0.112343125068681 -0.0614007448543887 -0.10983148524047 -0.00313358517542097 0.0726513409704436
DK35 -0.0146243410246458 0.127786475368568 -0.11679306474219 0.0446460701383468 -0.0738037034240662 0.0461106975997949 0.00866657822164857
DK36 0.0380890689876367 0.0966398904260992 -0.0673066721277607 -0.0201295788509274 -0.0452094777256386 0.0510587501517782 -0.099338049421975
DK37 0.00179895016139068 -0.00425699798647718 0.116149099677776 0.13419282125486 -0.103900757108022 0.293707170062085 0.205299498298508
DK38 0.0115203299567508 0.00806331497970156 0.02913038840019 0.164680002507662 -0.115112062137481 -0.165312373852882 0.0434606568169996
DK39 -0.00249604745008124 0.0171430317837496 -0.171655791042426 0.0114446414804394 0.00234941801220364 -0.0374558768732446 0.0250085840768646
FR01 0.133147568902075 -0.10063706170827 0.0323131912148143 0.128078053785556 0.142458094424346 -0.0142201381480326 0.00623548815341316
FR02 0.0673241867715882 0.0289736823060111 0.0759057865075363 -0.0344986684301761 -0.0333330178915728 0.0255298685626156 0.0290597700103954
FR03 0.0811486874118678 0.0488860184801971 -0.0909829837402709 -0.026117758662038 0.0996375321603286 0.0309232741857743 0.0135652620421195
FR04 -0.0616512689010086 -0.107674439130176 -0.0949326599730182 0.0260013237498107 -0.0923838589235063 0.140862068119935 -0.0841367275599113
FR05 -0.0965084008431097 -0.145658262963525 -0.0292235943379716 -0.189759161315383 -0.0135443998958469 -0.0377760690633592 -0.00817668654266423
FR06 -0.0298188378279042 0.0271202490550387 -0.0541009063199571 -0.136500806704268 -0.00578168633171961 0.137971134148229 -0.0449519673633718
FR07 -0.136318405031472 -0.153602213884756 -0.107837098717512 -0.097709874953436 -0.0069596054572392 0.0339927921124477 0.0385953713621114
FR08 0.0324275502763448 0.0437800389094027 0.0308513413957533 0.064811499237031 -0.109330234742967 -0.0621241267100361 -0.0813877243689122
FR10 0.0457360759741912 -0.0597325889612504 0.0366132824682771 -0.0374709649320883 0.0884333781751532 -0.0718455006593324 0.122697599879613
FR12 -0.0397460864920363 -0.00871202246012543 0.0302528496534329 0.028307054578347 0.00928754969603033 0.121561815464762 -0.0682436684885878
FR13 -0.0687437631409657 0.000988149562092464 -0.127358332868317 -0.116606638611775 -0.0144500936295654 -0.0694261889662204 -0.0102041154095835
FR16 -0.0557113523027045 -0.109846068737669 -0.094052818157362 0.0491033505510098 0.0169799125389721 -0.0427707278609345 -0.0135632125953356
FR17 0.0581099449592203 0.0595901031397443 -0.0463199124298836 -0.117200217367009 -0.00972151903233947 0.0479773721269693 -0.0189424261930184
FR19 0.0371148364326739 -0.0588365797712356 0.0559489217991049 0.0621523001021815 -0.00706173644467671 -0.129117870969135 0.0656136799345784
FY01 0.0583580334166032 0.0140514374765996 -0.0642180197377683 -0.0744110163384487 0.0194188568966715 0.0909727790813378 -0.0665594304495712
FY02 0.0882077222339794 0.0796319170019743 -0.0229413705694146 -0.0027991267754853 -0.00210656459193091 0.0187690226156442 -0.0619368079948648
FY03 0.0519622917009702 -0.0465057143426173 0.0329492720568606 0.0712170460557513 -0.121107252367211 0.0367076187514875 0.0210198830409509
FY04 -0.128834544852399 -0.0784630321678846 0.0292807070127991 0.0905062263463249 0.0976449372854141 0.0752019783682865 -0.0227974948840994
FY05 0.00627567773504865 -0.0174071889143672 0.116560537757069 -0.0371925823200165 0.0557339335249036 0.050146755560198 0.0417285738345858
FY06 -0.0241584754943476 -0.0637935357370385 0.12544276658684 -0.0495280454164574 -0.0253633538026249 -0.0230176414568866 -0.0400076443088753
FY07 -0.114119391957833 -0.0531995159601487 0.0270171967896292 0.0592360809949259 -0.0890616183114763 -0.102670417069271 -0.0127535887356589
FY09 0.045246639559277 0.0010797199938938 0.0673677423993348 0.123933241444407 0.0230002454839585 0.00803984735013931 0.0551899570384862
FY10 0.0398806653912454 -0.0119650526891366 0.109432962161735 -0.106650690381276 -0.0786575385563946 -0.0705306859377287 -0.0799857376836772
FY11 0.0122175795415826 -0.0691647295828935 -0.100386389392803 0.0635897763889137 0.0681707311271712 -0.040528409758625 -0.0324162734553914
FY12 -0.0219915719615886 0.0612299217652762 0.0102899720372933 -0.00459892481446227 -0.0203695668102758 -0.116463625386231 0.0864923381641762
FY13 0.108875215330289 -0.133572022633201 0.00989182747717316 -0.105553967803106 0.104987797815992 0.161831984802002 0.0467358219463612
FY14 0.0324671413373857 0.0458152532633395 0.0677646956797336 0.018018121325074 -0.0490719915444464 -0.0356167357922977 0.0594634860686297
FY16 0.070057335975839 -0.00901858988784536 0.0574671821681633 -0.0353369445295234 -0.0682641200384406 -0.0321201270483771 -0.0128098082957033
FY17 0.0196826898874409 0.022709412816632 0.00732948059754546 0.0324168590848569 0.0139233536330111 0.119151758782831 0.0134841123504755
FY18 -0.0172102724133006 -0.0173239364164202 -0.00384068475652507 -0.0257297148280306 -0.0543014549445503 0.068479605736973 0.110290031635758
HH01 -0.0462519140080727 0.0198671949313887 0.0196915830949484 -0.0700030878947438 0.152207058102561 0.0431905812108636 -0.0698032908155005
HH02 0.0160841915802362 -0.178119144486348 -0.0949789860413698 0.0605155487463169 0.075012054587408 -0.0741500006121963 0.061224004008427
HH03 0.0265422540277633 -0.0043962010998665 -0.0191227784107846 0.000916134354732063 0.0629722385850214 0.015177635036768 0.00699210334834176
HH04 0.0400142139021692 -0.0464718892719593 -0.113605401681504 -0.0903755449943435 -0.00655238773584058 0.00907461254132073 0.0702476636720046
HH05 -0.0128290722220605 0.0307392014564095 0.0231059481971848 -0.0558147572249118 -0.00759663469986267 0.0874012501916476 -0.0286555797581931
HH07 -0.114128582562099 -0.0250585667815378 -0.0131036791782434 -0.0666904955023054 -0.0350267818692458 0.00554786339833526 -0.10470718637933
HH08 -0.0409747907496132 -0.0640786299381551 -0.0026216200619419 0.0126409048996072 -0.041931510693607 0.0340199213368019 0.0426924522771171
HH09 -0.00734383085442789 0.0734280134069223 0.0144291578345508 -0.0253711075836476 0.0990892099321533 -0.01762523806936 -0.00827700093275048
HH10 0.043777534156765 -0.0167509156671953 -0.0264892877824762 0.178002111335255 0.129840815274391 -0.0543829713274577 -0.00506707687496991
HH11 0.0419329695426017 -0.0816674775915802 -0.0315933390300135 -0.0333245742207907 0.0591688316715454 0.0769417816396912 -0.121482518503083
HH13 -0.00698105688858497 -0.0726847382141492 0.0594525182449032 -0.0152138883767631 0.012193823651556 -0.0743574169751425 -0.0618922346185391
HH16 0.0812138606192661 -0.00646943581896195 0.0783019519996425 0.0292803391969166 -0.0307383699264425 -0.0475049370823211 -0.0184634203312122
HH18 0.00103256835019844 -0.0262245047204678 -0.133440938467495 -0.0217234482483168 -0.0649039605891824 -0.017608076945572 -0.0270947279483309
JB02 0.0569499783312377 -0.0231401637489255 -0.0918290359078321 0.065138417335338 0.13190758105234 -0.0250859181678856 0.0849462137383297
JB04 0.0493274558656131 -0.0569908735568878 0.0641678680254672 -0.0125372851715522 -0.0540117088039236 0.00544970245753372 -0.00259793973192451
JB05 0.0242130253554745 -0.0651655396646528 0.0388034601082075 0.138801456404069 0.171364509085551 0.0899285936359077 0.0787409212303258
JB07 0.00359552030164108 0.0278104596756261 -0.0303565997480982 -0.00768019796226773 -0.0459842279946508 0.00229047238151891 0.0183337736581278
JB10 -0.0130345184023945 -0.141687110413795 0.0140852914663007 -0.00564437239848198 -0.0565282744499788 -0.0225331175924394 0.0421409901707378
JB16 -0.0325852615856731 0.0718836206338076 0.0148672550959235 -0.0466638698662971 0.0343186761827692 0.0150836643201626 0.0202565778636261
JB17 -0.0200960271350342 -0.167011642807823 0.0807271526779887 -0.118723430987554 0.0114855086855485 -0.00353287389953009 -0.0266014103385424
NB01 0.0211965904203635 -0.0145295901849179 -0.0143237881974978 0.026100509748148 0.0122245416762729 0.112597680941629 -0.0668484466459296
NB02 0.0252439676748619 0.0688872026586838 0.0543807075972579 -0.0166178423886929 -0.0859063271774165 0.100747290078992 0.0854955981773843
NB03 0.014943410772492 -0.0378502613454795 -0.0721369180549793 -0.0694704336223904 -0.192505355729432 0.0332092918362122 0.027491680319895
NB04 -0.0203697840537028 -0.0297426023888 -0.00954920245364052 -0.0435073265835082 0.0130936245029429 -0.0232921249463092 -0.0557500899494758
NB05 0.0564077231470207 0.111379177996458 0.0330289270564857 -0.0447255857743498 -0.0821608946445348 -0.102910690385605 0.0565765321880059
NB06 0.0717761237560513 0.0283377640578366 -0.0773536622068163 -0.0909960147419438 -0.0381322880650226 0.0676344706015187 0.0339159432629556
NB07 0.000563337948430235 -0.104952667516588 -0.0943077553145208 -0.0476451093199262 -0.0503462957099179 -0.00460035961984893 0.0394800764542027
NB10 0.0364411076445346 -0.18144232602842 -0.0579422285789926 -0.0106746554100378 0.00912482871406251 -0.0859022164794764 -0.052282717969668
NB12 0.0469745228061387 0.0292923824812499 -0.138294657176498 0.0612781036474158 0.0555918160306764 0.0120933265126573 -0.0484576273309948
NB13 -0.0118045369843764 -0.0122510883125863 -0.103368496556357 0.00246479742551478 -0.104545541709168 0.0742651999540165 -0.0752762510900289
NB14 0.0875723108463299 0.121155967680278 -0.0860376270997901 0.112709463275421 -0.00508337813886007 -0.00236816480884369 0.0570737814329636
NB15 0.0274596371902475 0.0535484605597132 0.0422094149459469 -0.00262809193899206 -0.107330843200279 -0.019411483515042 0.0141361334874665
NB16 0.00536988822571774 0.109648968925872 0.0520116957143711 0.0365962039126463 -0.00408255476678422 -0.00767104639019626 -0.127942987979384
NB17 0.0192234570060003 -0.0343582689931465 0.0829016751607541 -0.0151243839945881 -0.0243004877907501 -0.0164219936802061 0.00939796277534823
PA02 -0.00721551377668426 -0.0969920555691649 0.0770097651963807 0.0587604928343434 0.0658278323183263 0.0795206130524832 0.0107444502888434
PA03 -0.015820718732266 0.0624667134801363 -0.0214862540488509 0.0542278669172707 0.076234112088874 0.0964037872291464 -0.136621427527967
PA04 0.0185686246035416 0.003369370324195 0.0296658684052791 -0.130969326587417 -0.00510648375679476 0.0181467337647488 0.144220659147447
PA05 0.0438301560657807 0.0817930513593653 -0.0343784991368151 -0.00473638270265722 0.103417032208345 0.0470684547030407 -0.0468458510154944
PA07 0.152504945629259 -0.0875196404698307 -0.0473977124490612 -0.000468826462413767 -0.0878867779075154 -0.0321682134987602 0.0782065958750328
PA08 0.0153014965371554 0.104310670231892 0.0501969049765442 -0.0683780618913674 0.0955878122798791 -0.000790384519763899 0.00840688517800205
PA09 -0.0981787106568125 -0.116512925850945 0.0524913104966243 -0.0224233451045617 -0.130635027231429 -0.112255299173362 -0.0821145945828622
PA10 -0.0771446355361396 0.0364966652897622 -0.048765922115153 -0.00538027521400421 -0.00065717840216191 0.153835634585163 -0.0632582568873298
PA11 0.0014359637377529 -0.157009369932261 -0.0849848266654991 0.0304959052829862 0.0425236746055672 0.0678271173912951 -0.0175611783385568
PA12 -0.01156876069061 0.0412855915296614 -0.0418222280582968 -0.0744189752338025 -0.00895047878012752 0.0650586005515353 -0.0401562750274969
PA13 0.000833594026289331 -0.00652366020147783 0.0103533226170298 -0.139837903841748 0.10233157872117 -0.018063449626177 -0.04252526553193
PA14 -0.0140188992799504 0.0893456066067075 0.0263441996508939 -0.134335862927614 0.0513176192947116 -0.0952604004941418 -0.0727750612168154
PA15 0.0617254173446976 0.0148929775772869 -0.0228530884397592 0.168784652091044 0.152598226586009 -0.0638534240108011 0.0522556735082216
PA17 0.0530894200359127 0.0268744728923163 -0.0671575543586674 -0.0303879633291442 0.0208380975728657 -0.0078554293977934 -0.0692161038279919
PA18 0.00293537699393322 -0.0924628434257012 0.0444760285497772 0.140741652416038 0.0176226080729004 -0.13261331820402 -0.0290557925167339
PA20 -0.0531884062657277 0.0515932454825607 -0.0330966014699131 -0.0460062808602574 -0.117555564279481 -0.0179488709256682 0.133011504420978
PA21 0.0521146306991714 0.0701811042010769 -0.0567729003558131 -0.0497778176004615 -0.0235086590963889 -0.0648292294105474 -0.0438138389690512
PA23 0.0564700544306267 0.0446947122525573 -0.0285081059023076 0.0639546507473939 0.0112289691019811 0.0564911130528854 -0.0983983073053552
PA24 -0.033585623251391 0.0889780328846509 -0.0403993917620208 0.094134715527167 0.0988095373071884 -0.00809152673654018 0.127521316627912
PA25 0.0258378470707337 -0.0237578481629501 -0.0127958370418697 -0.110905110770045 0.0995300425962837 0.0508418868327996 -0.00592609682105693
PA26 -0.0273199548952755 -0.0437682031581736 0.0170133962989117 -0.068827063907823 -0.0451757515275385 -0.0520734424084605 0.0413451051519258
PA27 -0.00231365674473925 -0.0833961007879752 -0.0509045224449019 -0.0075905716597288 0.12965900947117 -0.0593078472185465 -0.00431336268727588
RB02 0.00997657747102727 -0.105259972826681 -0.0439826219954395 -0.0608946609885397 0.125170907497411 -0.129679443478131 0.016270335458593
RB03 -0.0230033072007531 0.0222613426584182 0.0439272117281775 -0.0933212104397529 0.231122373699907 0.0133260706537301 -0.033781749256079
RB04 0.00864177844757196 -0.0356008965076602 0.102958680241511 -0.0400472502541546 0.0637202671080596 0.0460509256549338 0.0614761820743246
RB05 -0.0141336291172553 -0.0280521036399759 0.0757451715007878 -0.068684792162631 0.00615260895868283 -0.0391381855277763 -0.0227969392489417
RB06 -0.00994829477345439 -0.0281330889870652 0.178109244172433 -0.0273847709772966 -0.0518336692007421 -0.0559336250056045 -0.0205747309589851
RB07 0.041033551096451 0.0385431581016835 -0.00948495551807391 0.0836594967648575 -0.0211824454323074 -0.0997670406988899 0.135733223985284
RB08 -0.0257963573732211 0.0484000102335546 0.0364282379785787 0.0769035408141683 0.0245138652161556 -0.017494682123973 -0.148887478490472
RB09 -0.0960572692141732 0.0524132362328311 0.0183867651330836 -0.0648742293474048 -0.0156330431671192 -0.107655185959043 -0.0289374216345708
RB10 0.0418135891689029 -0.0207806861279559 0.129988461668735 -0.0333633553119868 0.00199600290549058 -0.194738257149114 0.00709808855437431
RB12 0.139051903308288 0.0387027912882496 0.109463396718258 0.0817970719950613 0.0383509047975569 -0.0361243438052914 -0.0256174998735022
RB13 0.0294559542258273 -0.00425535563589498 0.104129867649875 -0.0219033584302118 -0.0696652787158195 0.0031766576567136 -0.206179710400466
RB14 0.0193730042878794 0.0443182914755444 -0.0313088405455487 0.0189305144121283 -0.00332195844455266 0.0268934912509435 0.00193642858737843
RB15 -0.00980915680480211 -0.0613238075337124 0.0144929985926034 0.055968114006222 -0.124181806758425 -0.111829407780997 -0.0880872547452052
RB16 0.0290827193899696 0.0388677514850526 0.124636112175369 -0.0649614683436067 -0.0214071270606229 0.0153931365969546 0.0736533162158252
RB17 -0.122461211525933 -0.0478202376027346 -0.0500892528547167 0.0736156424060633 -0.0584700556320502 -0.0968626382897358 -0.0345176315405205
RB19 0.0644327200300083 -0.0230977106410855 0.151986714404145 0.019656702246844 -0.111267599882889 0.134368431455239 -0.16564307798469
RB20 -0.0102112153573183 -0.0254254629119707 0.0334887642113055 0.0354782209161737 -0.0174042736887541 0.102483089093204 0.0136724831632308
RL02 0.0189437873551929 0.00975830904800486 0.0759283746799959 0.0665602177660251 0.0793324889491902 -0.0155448681197036 -0.0048481761301442
RL03 -0.0216613459863072 0.0556397848668771 0.111701142676529 0.0397981802555423 -0.0506170032421586 0.0102126689340117 -0.0202481192562776
RL04 -0.0233992511061297 0.0454670936487542 0.0452089844780857 -0.116427805818841 0.0875949079454148 0.0978785404303707 -0.0128241874698794
RL06 0.0565713219836601 0.0494396677627184 0.0619673045244432 -0.0856355041842464 0.0879890809150987 0.0825552426243541 0.0479068012811121
RL07 -0.0646941026078552 0.00067798510372066 0.0222324813125842 -0.0392211854188399 0.0123518003798369 0.022933693339655 -0.017308358188789
RL09 0.0147050590890007 0.0428163224722684 -0.0190271483754587 -0.0425299684072806 0.0880916875576721 -0.0210818541736829 0.0670194662641694
RL10 0.0398648651352937 -0.0532868696348402 0.0779302589399787 -0.0981432621309131 0.0246368564696499 0.10744429392515 -0.009580041608515
RL12 -0.0938310945540146 -0.0486216586575967 0.0900221441069236 -0.0539664089009962 0.0422493623850418 -0.0191898448998901 0.0285077485831152
RL13 -0.117618638998918 -0.106318533548481 0.0472281306264902 -0.0352922178832776 0.0934224768845686 0.0734309472623834 0.0109403338228902
RL15 -0.0141035510505901 0.0745633282165852 0.142839012981467 0.0589872527125982 0.0726025556397456 0.00944230439789106 -0.0045121362275145
RL17 0.0404171062269645 -0.0388767716052034 0.0241556849625822 -0.0412844403036047 0.126236597432549 -0.0509756318966976 0.0216053782119427
RL20 -0.0249966247412647 -0.0242011617344396 0.102717116983576 -0.0709474257902463 0.00847671321256631 -0.0188722137863924 0.0148111665702336
RL21 0.0329761383489976 0.0530595034137471 -0.0603915726791561 -0.0468535147877555 0.056588545607061 0.0446489180305295 -0.0282957379448593
RL22 -0.102420132717465 -0.116006246633176 0.214055274567228 0.134911410849313 -0.125721910992681 0.257377717232408 0.271471020517188
TR01 0.0709712736610448 0.0201883709668405 0.0754650073229088 -0.0151673219957673 -0.0835540738954033 -0.105371674224549 0.00260098933788834
TR02 0.0287520269726437 0.105598831080162 -0.00267337847018484 -0.0348947141544171 -0.0197262769243123 -0.0237537931647198 -0.0411029681370903
TR03 -0.00766293477900812 0.0783294682682219 -0.0325980330796215 -0.0673222868090175 0.00659336125167924 0.0634575804193951 -0.0478234150636622
TR05 -0.0390820316299178 0.0282343538672983 -0.0965160512244137 -0.0519612977741421 -0.0240464378918694 -0.136129545961998 -0.064934993135067
TR06 0.0466527125949804 0.158320702090801 -0.144790615132212 0.00539581604686675 0.00161669370678083 -0.0583964330614989 0.138255147869319
TR07 -0.0159759830348573 0.00954385331497725 0.0471034583478304 -0.116686548566197 0.019585909052912 -0.0736729942109649 0.00237578741707687
TR08 0.0792944509513373 -0.0661920606476961 0.000350153164477637 -0.0766291417925901 0.0220612000295764 -0.0815751360255342 -0.0264332744381242
TR09 -0.00469798446743906 0.107929757486383 0.0644195728064896 -0.046227431599646 0.0359334934607116 0.0434887712081575 -0.168600093581949
TR10 0.0407326697298054 0.110025389975742 -0.00983274883301834 -0.136009551170933 0.0687031684465084 -0.0336788453943496 0.00440888157972895
TR12 0.0264776459230104 -0.00661984101645345 -0.018021173757843 -0.00658640107426013 0.102416220849865 0.105055024529383 0.047099382223599
TR13 0.0375981091371191 0.0347577551838998 -0.175471309954998 0.160232175453384 0.0621250163370609 0.0844781349442282 0.0146810477863851
TR14 -0.0238014918589604 -0.271634110193516 -0.0741679019527442 0.0572606941194818 -0.000115337760565151 0.0748837302300927 0.0356337530181212
TR15 0.0621964757489303 -0.0337490746907738 0.0934876446682356 -0.0611387013180502 0.0230533376113237 -0.124645925054254 0.0389688649446135
TR16 0.101058928019521 -0.103085947392765 0.141361949066662 0.0599827742813278 0.00749949731934827 0.00338514810052098 -0.0901269235617707
TR17 -0.0316740100548959 -0.0441359898376774 0.0537099031754842 -0.0605329633215928 -0.184710081523642 0.0703669706994009 -0.0605181234438226
