sample MDS1 MDS2 MDS3 MDS4 MDS5 MDS6 MDS7
AN03 -0.00206372187562587 -0.0643949976679724 -0.0282029034026758 0.0201269732111116 0.0130698972952968 -0.0404544817772548 0.0310196040117816
AN04 -0.0425956280556391 0.022469118832643 0.0443167000153985 0.0107620836848107 0.0241418987707316 -0.0222335603992419 0.0490588022126465
CS01 -0.086862559190254 0.00589525062553305 0.0540937598071206 0.124136974116355 -0.0741719055484132 -0.0170450046713548 0.0834040099768928
CS02 -0.0564701894041972 -0.0141963873241038 -0.0536391852868018 -0.0774735162755254 0.11370419378614 0.0914243060466416 -0.00650003754627074
CS03 -0.0471096575204925 -0.0507803144368735 0.000629363283743467 -0.0481151359887817 0.0363715837102239 0.0345010977822581 -0.0100010335352033
CS04 -0.0497268796791996 -0.0375378213608608 -0.0101331320099901 0.00205733559000499 0.0132910698601769 0.0206505319052622 0.142680838641946
CS05 0.012303824577038 -0.117809463577882 -0.0260692496989481 0.0615117271331914 -0.108802656817097 -0.0238691328436544 0.0604882308172723
CS07 0.0595043429196138 -0.0634540002742253 -0.111033865240653 -0.0935118127876805 -0.0926953109675765 -0.125318699059095 -0.00767628924292207
CS08 -0.0984176615012616 -0.371856703142621 0.100803378812837 -0.0217013625067913 0.0903392729846581 0.104904866068441 -0.0559984385609338
CS09 -0.0746749376986929 0.0116948454208922 0.0670891527124804 0.116975590618606 -0.0222129094824973 -0.0463852180939554 0.0131002643117238
CS10 0.0175436590734995 0.0534457383175443 -0.0620366234142783 -0.079242618773943 0.0211700371202788 0.029260699662486 -0.0472981240938084
CS11 -0.0939510026426903 0.0601818851055315 -0.0480700267793809 -0.0683286915743006 0.0593948853850888 -0.071090543537703 -0.0654710882810794
CS12 0.0582027725102121 -0.0441220279789872 0.00450587978745 -0.0371851220241261 0.0713854762237328 -0.0824776848203404 -0.0410234402768923
CS13 0.03757488565183 0.0792954156770266 -0.0283072908140051 -0.14034039660578 0.105885453763014 0.033417642286432 0.0778224525993367
CS14 -0.0299573584672615 0.0245245953869439 -0.0471858350824379 0.0678637606758934 -0.0314862871498609 -0.0631294642121077 -0.0691531382487645
CS15 -0.0393140890598501 -0.048448507716025 -0.0561798578127815 -0.00522853112265451 0.0595277506076257 -0.027570567700534 0.0889836402869799
CS16 -0.0382219731134438 -0.00793890290754541 -0.115459458846071 0.0606807940487166 0.0713795180135101 -0.101258100748873 -0.0541731784443003
CS17 -0.140451777947198 -0.0447738950637006 0.00226992609543997 0.0744670262741121 -0.0627325427458244 0.070325295904924 -0.0337095019508784
CS18 -0.0191331487579549 -0.0156155349793702 -0.113423107461034 0.114795805830219 0.0452769057459412 -0.021549946357166 -0.00149602869455345
DK01 -0.0371889691451308 0.0669061574227507 -0.0110420480280579 0.0197367513136048 0.0566676274393102 -0.0484669279318156 0.00698555443469259
DK02 0.0451396314571095 0.0133265491712119 -0.0343682152289588 0.0350396881665676 -0.0788412124491287 0.0395907497813346 0.0152409380382921
DK03 0.0871954960215453 -0.0511090669441731 -0.103773866608043 -0.0261526311955748 -0.0607997889283719 0.00969855191822669 0.049765239726893
DK04 -0.059023512157503 -0.109821051575415 -0.110990928500719 0.11926916224799 0.086444562493117 0.0728538444247988 0.0647291589498824
DK05 -0.0439210833136174 -0.530290694430912 0.109723634312453 0.0255253798160125 0.127949538912885 0.131297708289594 -0.132036196689689
DK06 -0.013564509834792 -0.0362100851276881 0.0509332383424735 0.0899040765053577 0.0322864450398118 0.0432659936151951 -0.12431342918427
DK07 0.0690292699160707 0.0663648569348166 -0.00967304764022648 0.0106298012044733 0.0986757887832393 0.0835168247204161 -0.0739620676144409
DK08 0.100029573045371 -0.0223969797811879 -0.00874790502286912 -0.0649797657667162 0.0236819369310262 0.0473073268869879 0.108318489920334
DK09 -0.0193821648821934 0.0207185162577845 -0.0260583156888901 -0.0596817817215463 0.0499782582176302 0.0259197269692414 0.0141577031734228
DK10 0.219071465776913 0.0338684377861592 0.0339763022455833 -0.0100718980033436 -0.0171969118750784 0.0845179980302975 0.0543496059265016
DK11 -0.0743045329545877 -0.0139339020395817 -0.0506065607208754 0.0810427264202894 0.115625067816482 -0.0560050612437709 9.76696259995039e-05
DK12 -0.0692886262486043 -0.0279129793888996 0.00506849007051565 0.0445755213431721 0.0350843326731902 -0.0413479434735004 0.028319035487628
DK13 -0.0178713832672235 0.0454799394215021 -0.0369664133106663 0.032424856295677 -0.0506590431669854 -0.0460479224886876 -0.059874449670264
DK14 0.0770382195991396 0.0415380465379413 0.0335055080429065 0.0640992385357514 -0.0528483395623573 -0.135050078914711 -0.0806760742547857
DK15 -0.107363118210721 -0.0464604571087497 -0.0674411164434932 -0.0472695914630748 0.0750134089761687 0.0334727483041132 0.0607405057010782
DK16 0.0197770387119005 -0.0106838371359042 -0.0459712689542436 0.0668367606327386 -0.0389253578227018 -0.0103285210417525 -0.0268243343071165
DK17 0.0495615489106088 0.0971207202248791 -0.0687488712846974 -0.00975563613986717 0.00422244364261241 -0.0623841475966674 0.0465393854933977
DK19 -0.0392152246225289 0.00142986136396138 -0.0708241906813244 0.0457256745980179 -0.0631016407821355 -0.0935532979119815 0.0174585182933535
DK21 0.0443989172929969 0.0364674721192989 -0.126773293373867 -0.0996314390285561 0.0400640869567706 0.109282759069476 0.0129029401789365
DK22 0.067116403574633 0.0757374054051672 0.00808619115248538 -0.0694798745905994 0.17624134129513 0.0296563053454897 -0.0426883997979678
DK23 0.0750141822771528 0.0137224889566373 -0.105193419348782 -0.0396140796451305 0.0478417892477553 -0.0275430064165647 0.0408312603349429
DK24 0.0273202570924925 -0.112616577154453 0.0125784714166389 0.0946070495459888 -0.0874817333391793 -0.14308191633715 0.0795470791377925
DK25 -0.0309489582507741 -0.0520943975131307 0.0087685288169832 0.0355502874217704 0.0958572062602537 0.0115168271133878 0.0317050666197675
DK26 0.114067040594771 -0.0519071873878939 0.0360285610395936 -0.037366457503819 -0.0359277222195846 -0.129002056942627 0.0219990508681806
DK27 0.0826773841684314 -0.0456576420290243 -0.144211092465331 0.0340423568048944 -0.0186468324411205 0.0652349255294616 -0.0225601039099371
DK28 0.160339398384159 0.0217006309728995 0.0965369716604824 -0.0528741774779437 0.115094108859479 0.0207383175396428 0.0405299386774769
DK29 -0.0979749154116416 -0.00297445554701166 -0.0105438146552377 0.106631204863228 -0.0211844508476439 -0.044359962609983 0.0964531701898068
DK30 0.146327867116827 0.0761863072700439 0.0155249705275729 0.190729014341857 0.0107429534295014 0.0284859313723326 -0.1030711861319
DK31 -0.0362798178868069 -0.0700179183530582 -0.119564679568063 -0.0334503326102165 -0.0418553727034072 -0.0331461236784583 -0.0540632684636108
DK32 -0.0260944743057172 0.0670030180477265 -0.0400122299881488 0.083444469760039 -0.032368064397376 -0.0730882451426124 0.0612879395527587
DK33 0.0886766763793239 -0.0778135692053495 -0.0635752723736065 0.136969682450514 -0.0646133707852763 -0.0366408477294862 0.080751256115529
DK34 0.0581178242486675 0.0102548418461586 -0.132861056611042 -0.0979702589314124 0.0259311831910314 -0.0620797394679764 0.0872362286831666
DK35 -0.0442510713939944 -0.0579523513468018 -0.133084466697099 0.00310960858856666 0.0200283886760558 -0.0352706527586146 0.0854087457859957
DK36 -0.0692991807711795 0.0171494647576381 -0.0695459429229457 -0.00240009186734159 -0.0848298928315935 -0.0796298907051318 0.0368787133258503
DK37 0.00346838604997177 0.0172803100732593 0.0428517118129333 0.0766575661567815 0.20870093472673 0.0154033878226211 0.180147997892742
DK38 0.0174221069674816 -0.00493980931439227 -0.0741345120564105 0.116860087608356 0.155190241149658 -0.100020364403459 -0.0685844124733681
DK39 0.0150308797126888 -0.0368744251980627 -0.119384484055563 0.00994498898876733 -0.0894261103150444 -0.00755716154212003 -0.00266904635129668
FR01 0.0789284476162005 0.160703974876941 0.0698007765469005 0.115099055773415 -0.0173790852531626 0.144739526663211 -0.0121187382214936
FR02 -0.0382772621405667 0.072447485183458 0.0307191333867206 -0.0167166471125344 0.0372920975859665 -0.0552910323261554 -0.0222803279829625
FR03 0.0147168546225873 0.0616667847018178 -0.0995671311886395 -0.0184899817243324 -0.0641463419543758 0.0763171318837788 0.00167056415464008
FR04 0.0489023115841661 -0.0589187954834653 0.0557563616054597 0.0325747343789319 -0.147708364067318 -0.106057427689282 0.169239170666447
FR05 0.109509415963249 -0.0801947822002815 0.113954348391558 -0.188437338754257 -0.0726989177113891 -0.00494043200287013 -0.0575127462731953
FR06 -0.0605589602510216 -0.024071623226827 0.0218780962091184 -0.142664932268275 -0.0763278041085123 0.00720348111254799 0.132866480796274
FR07 0.11634008664328 -0.141605308564057 0.0533878350856943 -0.0901599532368197 -0.107943344897537 0.0141638570276126 0.0822578377600463
FR08 -0.0315686216573426 0.0227008678978989 -0.0424829426569067 0.0584074214493359 0.0373973288429238 -0.175365006216322 -0.0389889135268025
FR10 0.0521839935729157 0.0512766570933403 0.0156749588750401 -0.0417767170307902 0.0282072460717205 0.102189792833082 -0.0919981484059635
FR12 -0.038539897837345 -0.0129184874831814 0.0898276285696403 0.0555383911064439 -0.0468088742958617 -0.00218664842524048 0.0240423619786452
FR13 0.0450319939795349 -0.109097376117343 -0.0748665356613579 -0.0867812517453368 -0.10473121046004 -0.0523356934077147 -0.105418006885778
FR15 -0.0509060712442872 -0.00161508112269835 -0.0705082107441818 -0.0983115310618338 -0.0322784406077749 0.049962972955032 0.0425690608452104
FR16 0.1601829638341 -0.0648789074513772 0.0038200088531956 0.0442123453742439 -0.0314227959201599 -0.00805160428256597 -0.0192148580419321
FR17 -0.0307469129273043 0.055404010374373 -0.0581032929301131 -0.103372368030416 -0.0669788212417067 -0.0646874479099108 0.0266727064707394
FR19 0.0605762711392947 0.0480051603434354 0.0109680168036869 0.0270240914077494 0.155033389639641 0.0107582704999032 -0.0880590437687448
FR20 -0.123472454187336 0.0732494695873133 0.0313849550184108 -0.0169823867619169 0.00495160873092028 -0.0670856850815655 0.0366117558987855
FY01 -0.0204435838529413 0.0393535427137836 -0.0261579096422498 -0.0646049085136618 -0.0913506835972435 -0.00884309805837266 0.0287744012806123
FY02 -0.0619367396365356 0.0587229278078599 -0.0780537918189265 0.0303436302346387 -0.0409704288667225 -0.0441973133294856 -0.0280582648759247
FY03 0.0668181336212752 0.0365840512614187 -0.00296534120637663 0.0471528506537522 0.0824415637836371 -0.0798655590565642 0.0106695440925687
FY04 -0.00229239758495412 -0.0887807745174561 0.149305122953943 0.114889176374408 -0.0481972757686301 0.0968209909985574 0.0151172957039928
FY06 0.0143567421953568 0.00400109639011174 0.100190037088505 -0.0410228944860365 0.0423917521169458 -0.0370248086576863 -0.0759501515569737
FY09 -0.00199243382345197 0.0627537543899996 0.0181465234528491 0.135703950985951 0.0288775698093353 0.00833712186141054 -0.0280279728916981
FY10 -0.0127731611646462 0.0565045752867153 0.0711326729921511 -0.094332474074789 0.0454170717693613 -0.134466939308889 -0.0404315104805294
FY11 0.0939370844196727 0.00919781989620181 -0.0288844250755108 0.0672478192986939 -0.075858921266911 0.0368845199353138 -0.0472241821384151
FY12 -0.0672670131550164 -0.0451517368869116 -0.0710051996857714 0.0211424749614418 0.0430135085357943 -0.00630580627341552 -0.106631642178066
FY13 0.0613725684715292 0.122110657162232 0.116762213107759 -0.112213850227428 -0.0804695708639602 0.131271489046419 0.0683321313572788
FY14 -0.0448037768874244 0.0452214897545579 0.00816791472336981 0.0174455987180401 0.0397778423725555 -0.0495930259329138 -0.0476148756325378
FY15 -0.0719894414652056 0.0304054702488851 -0.0814314054403302 -0.0178682247823906 0.0332621104567076 0.0799438971602381 0.0774514084634823
FY16 0.00248777247065738 0.0759613794219555 0.032567420840237 -0.0167276671000428 0.020811765546692 -0.0614139108259744 -0.053244835919783
FY17 -0.0479010818510337 0.0279193689336457 0.0153414546890309 0.0187611719931863 0.018151563328385 0.0037186308205902 0.133606533839745
FY18 0.0411084074034637 -0.0266408832175408 -0.00964066830679565 -0.058685849384278 0.103427449905255 0.0501480789079818 0.0817957592690154
HH01 -0.121047252479833 -0.0144349791064505 0.0738146378097169 0.00700562720280709 -0.170355363143841 0.0846362113283053 -0.0740139451340345
HH02 0.181678296296568 -0.00270165731324525 0.0151401325653241 0.0686145232642858 -0.102617823290445 0.0947551544163913 -0.0256074374719454
HH03 0.00734828152727487 0.0219378737537834 -0.00761807306392182 0.0309845482901675 -0.0598147908175164 0.0500839376781877 -0.0263329618654996
HH04 0.0681991905321835 0.0010635185518227 -0.0824896254020996 -0.0856854238877218 -0.0967931665533212 0.0179636231029009 0.075885428908786
HH07 0.0224590642527662 -0.100878722229886 0.0477477831315458 -0.0709549413973591 -0.0209126650957576 -0.0459994266168958 -0.0244449711355083
HH08 0.0502270953617527 -0.0328027946974792 0.0409049742936517 0.012576267759324 -0.00587808902124768 -0.0134771051337964 0.0353937932703419
HH09 -0.0510307372891915 -0.00371233976052656 -0.0267805477136792 -0.0245506276985161 0.0182270555651978 0.069528048699513 -0.0785417359428925
HH10 0.0699178302018806 0.0323920191289167 -0.0679944885819962 0.178793121476432 0.0470596179468628 0.0908579010343609 -0.0456165304328715
HH11 0.0314654251999962 0.0386923701877928 0.0326611368795989 -0.00457636041338422 -0.117629441253466 -0.022259918537918 0.00747601440944128
HH12 0.0021711450244676 0.00897796633192302 -0.0293037071963931 -0.0164247555563112 0.0469116225810487 0.0904158179526165 0.0550724541363388
HH13 0.0149250307534744 0.0152253010179636 0.0719600381837076 -0.00773551688357925 0.0041938310951733 -0.0290421139475672 -0.0392669985909091
HH16 0.026143522192513 0.0816863015808027 0.0191089700615116 0.00857955229781629 0.0910347508281512 -0.0272582110899104 -0.0495582416812353
HH18 0.0487161336843177 -0.0293832860260546 -0.0776520863894132 -0.0184858485146069 -0.0841367655865983 -0.0869348353231506 0.0369066372660764
JB02 0.0464087408276413 0.0339658247752974 -0.0787185797429655 0.0913219136214184 -0.100807145963362 0.148826516026147 -0.0460567043186665
JB03 0.00209345157276259 -0.0291513382146538 0.112388744154616 -0.0230039284483086 -0.0292784387905356 -0.119596600117122 0.0567170577051579
JB04 0.0667199176375398 0.0675656886719264 0.0658843580842783 -0.0385732772413305 0.0631214609776308 -0.0444019440092894 -0.0215066937428665
JB05 0.0344483865939091 0.0507631486521037 0.0749120011117692 0.115979295108278 0.0276921688395258 0.203198750105397 0.0242022943878254
JB07 -0.00604942173818794 -0.0197612806540306 -0.0439241697807599 -0.0306501305687652 0.029516849612816 -0.0419223171128964 0.0478672529493763
JB10 0.0983117650936412 -0.0271945026852132 0.0509418656220824 -0.00129815269310781 0.00145271422637662 -0.050104038208078 -0.0137728966142901
JB13 -0.0355071933053974 -0.0318930803923649 -0.0703409169211871 -0.053569876825253 0.123075314658054 -0.0312869400754541 -0.00094229755906821
JB15 -0.0870297366224883 0.0302283711145793 0.159045327755334 -0.0693604096624338 -0.0193294933384055 0.0508907511069446 0.0787790633970907
JB16 -0.0898922690200405 -0.029646971757262 -0.000932385913653846 -0.0199156227762162 -0.00585833943944707 0.0013084864687161 -0.0566773617052621
JB17 0.0561265378530344 0.0227801695107141 0.150327862589495 -0.0510847590492461 -0.0941735553549585 -0.0464063887365114 -0.0569905754989159
NB01 -0.0255340046929017 0.0375700539845791 0.0387263561647351 0.0135603075703087 -0.0198985045903963 0.0395216036126553 0.0857515539547639
NB02 -0.0538140417858812 0.0254477089353172 -0.0311362814653862 -0.0537388803923534 0.138353871671809 -0.0241992955345426 0.137040276054032
NB03 0.0471863528245147 -0.0132744439847952 -0.0310231854852245 -0.085171253962704 -0.0233142290702285 -0.109190533794531 0.0223911956230957
NB04 -0.00336041589161199 -0.0121729814835949 0.0197826224993995 -0.0236602635681186 -0.0630799121421911 -0.00642606820580996 -0.0406792289789472
NB05 -0.0427060681811528 0.040221242312069 -0.0777221999690996 -0.0847015378939898 0.131061120234949 -0.0228407886390832 -0.0323829745029388
NB06 -0.00193264456170193 0.0446211405067569 -0.0698233384661129 -0.112091055133663 -0.0317544304712339 -0.00736388916065952 0.0718549815908168
NB07 0.119246069922365 -0.0296060360699598 -0.0326785740764679 -0.0562220160580673 -0.0317382575341041 0.00769960914780928 0.0479735184869163
NB10 0.192259166848383 0.021533879586271 0.0319059354645184 0.00314865439950274 -0.0722731806465418 -0.0782501046191662 -0.125261327643949
NB11 0.000236052138648899 -0.0384429782877168 -0.0182624581968975 -0.0979803701061921 0.155612050922319 -0.00355180397392117 -0.0182252396081105
NB12 0.0235915351583512 0.0201030416152851 -0.0776909215397174 0.0597733249214182 -0.0819785959814964 0.0335833163712909 0.0394160187231144
NB13 0.00420960641841726 -0.0337984790351788 -0.0565501863753322 0.00385635333294309 -0.0557968675190815 -0.133125520645743 0.0842490831673014
NB14 -0.00182068844495057 0.0338628420291733 -0.166405372952181 0.0842499375973102 0.0686772061654557 0.041429746279893 0.0481309537860822
NB15 -0.0440885221380015 0.0341685982483366 -0.0256181153457444 0.00201457433510051 0.0419668638858304 -0.0791216409202317 0.0122193791824525
NB16 -0.127952267490524 0.00882904895186657 0.00296577321219355 0.0731630956693711 0.00632345668919652 -0.0863829920518382 -0.0511968254006699
NB17 0.00939543520798304 0.0290589511851531 0.0236438494614186 -0.0268718655824423 0.0813279011344944 -0.0421192965819152 -0.0259804541528343
PA01 -0.0689951642097101 -0.0719785492745882 0.115651566380175 0.0185167518910217 0.0252456581328551 -0.0111747704523585 0.0995270507026729
PA02 0.0083801244594194 0.0218973326181487 0.137512466205218 0.0816446284446268 -0.0448149816256823 0.0435342080576446 0.0497085580108814
PA03 -0.0592224421142951 -0.0147494745830178 0.000167467241793575 0.0833806620882142 -0.070573842418355 0.0228315669018236 0.0358304376635481
PA04 -0.0388608354912283 0.027940451707074 0.0118898365296578 -0.144625680119193 -0.00830768018942342 0.0830682635241743 0.0675607304267491
PA05 -0.0921714738847119 0.0380260169961532 -0.0568604320932845 0.0496991077701647 -0.103852580696574 0.0632204663397376 -0.0352015031482059
PA07 0.126108369307769 0.113969212679788 -0.0671102117945737 -0.0294949062792777 0.032879663407848 -0.0325980064818106 0.00678468192280302
PA08 -0.0753877447782725 0.0154423633061472 -0.0199670596610045 -0.0569251472290044 0.0175277432990629 0.109332533486194 -0.0347889874105638
PA09 0.0503817523643705 -0.0764532986500142 0.0810206002678899 0.0197209906707319 -0.0570642745746422 -0.133503769512311 -0.133702174927928
PA10 -0.0563568451917515 -0.0717924136296797 0.031038539164968 -0.01241846617215 -0.0452288606918225 0.0226358991150515 0.130078988989885
PA12 -0.0053264643480705 -0.0349634801711906 -0.0386482272520169 -0.0789376989180356 0.024999655964469 -0.0264584925118497 0.0986753272535567
PA13 -0.0140889561418048 8.48815918354753e-05 0.01072094116152 -0.136831471280872 -0.0164146202468188 0.071786484085714 -0.0786728459178784
PA14 -0.0837434338632718 -0.0077615935312132 -0.0319253174470401 -0.11293380748703 -0.0183868074294674 0.00231149261507585 -0.136365037272028
PA15 0.0168799858293506 0.0518267142880031 -0.0610734694968333 0.167238226170941 -0.00568107601388838 0.126151419080531 -0.0349633971144298
PA17 -0.0178104822290647 0.0386084455255957 -0.0414301939213729 -0.0311763507210467 -0.0585017864413089 0.031075940485886 0.000861476220200027
PA18 0.0594809035567216 0.0140491937980213 0.0590969111394693 0.133156829273681 0.0460996721159336 -0.000755132042296212 -0.0829255207580791
PA19 0.114109756227474 -0.124841701799995 -0.115606065565034 0.013150451920787 0.0945557502905276 0.051998491844507 0.0318300484797703
PA20 -0.0467106497035025 -0.0661294115814809 -0.0426546192340762 -0.0795084213279464 0.0384194510718348 -0.0224283434765055 0.0635444540261098
PA22 -0.0362288456829197 -0.0981429400073367 -0.0670802385340585 -0.0200272979289531 -0.0684947612158706 -0.0620845568034427 -0.102945997765291
PA23 0.0084172936806266 0.0479029506366951 -0.00886240851158458 0.0628575561109188 -0.0308932317797999 0.0317659191414321 0.0261615166837535
PA24 0.0271565223850075 -0.0646592174133557 -0.107481847182203 0.0648277660458239 0.136307033156323 0.136773859825709 0.0131409594541941
PA25 0.0063726302868859 0.0269572529918446 -0.0134229300451446 -0.0871626255228862 -0.0555210138373004 0.0516821717859911 -0.0451610101340829
PA26 -0.0070303666387032 -0.0295867032663701 -0.00320475127267761 -0.0479048518124286 -0.0204839197124164 -0.0278799630672479 -0.0831774766644804
PA27 0.103320666794542 -0.0230566721826465 -0.0170927842625091 0.00349446811511327 -0.025205725898808 0.0875231400580092 -0.138015269652562
RB01 -0.0656879434207241 0.0953340516745623 0.0751082327529105 -0.0660963551546003 0.0357015319258992 0.145480062110007 0.056076332177128
RB02 0.0864479406274381 0.000508133013406932 -0.019315867350739 -0.0411661775044808 -0.0480195935199301 0.107508102503543 -0.1753402871749
RB03 -0.0701848349461058 0.00235246987740746 0.0549683549780915 -0.0282710535167481 -0.0882028699354764 0.159592061935831 -0.0922024729947824
RB05 -0.0296323446342492 -0.000962945836055005 0.0427282952430953 -0.0243948702565687 -0.0594295144325668 -0.00863135149705294 -0.090083629928786
RB06 -0.0222381376532675 0.0254946616663981 0.138782189315209 -0.0180097574192725 0.0884748146721201 -0.0762281952817859 -0.073383681404828
RB07 -0.00683201166947035 0.0215077123198712 -0.0805224589976107 0.0751808161776135 0.030339400546308 0.036308117124211 0.00517011871576004
RB08 -0.0829844567148516 -0.0107562955382076 0.0501661003985515 0.12557020964867 -0.0667598265397488 -0.0647379788453008 -0.0141717737781511
RB09 -0.0719838383189581 -0.0867230419440565 0.0179498019463318 -0.0213864951464841 -0.0326185493314555 -0.080626361859426 -0.131243196829918
RB10 0.00928416833270576 0.0590177830861566 0.0424240875765563 -0.0600976729989581 0.120501658766754 -0.0120944335012736 -0.172603663344504
RB12 -0.02205940210243 0.16128784650225 0.0122061379115034 0.0830625289142694 0.0591120159587696 0.0330723416133162 -0.0582257498200928
RB13 -0.055768708094277 0.0496854202669644 0.0798891804449526 0.00328142719731685 -0.0212565461054573 -0.115138050136027 -0.0609441993096327
RB14 -0.0136435745837106 0.00572146918302824 -0.0284488530686214 0.00046423237103022 0.0133949241361133 0.0121545581659932 0.0387586208029456
RB15 0.0362163791193909 -0.0122578232345409 0.0229841889669776 0.0570841550636823 -0.0144697399482521 -0.115257805739579 -0.0609459007919896
RB16 -0.0645956784117325 0.0689467344552957 0.0688840706650227 -0.0751583528107305 0.10863546810006 0.00387664583459506 -0.0229005645703544
RB17 0.0500702806990862 -0.140763202223494 0.00862012254147698 0.0734234784579659 -0.0197591104091449 -0.0758624344936663 -0.0119110995149022
RB19 -0.0519743975336403 0.114513606300322 0.149653954825717 0.0187780961720185 0.0175482982840941 -0.14760135029695 0.104611278106861
RB20 0.0289156411968882 0.00480685076762041 0.0674717373600545 0.00987104693066279 0.0463542696351523 0.000444672033677245 0.0899550462236144
RL01 0.156214588039078 0.0189361450910385 0.0389803145134453 0.0709061611867456 0.0501395171284472 -0.120856033464567 -0.0388072225798653
RL02 -0.0214341452011197 0.035217293769086 0.0473627062753215 0.0965682281128844 0.0556091172890434 0.00102558843353111 -0.0237320328521276
RL03 -0.0973614425878704 0.0119941137114267 0.0449699859500532 0.0252707068208189 0.0781843188398612 -0.0550471911791497 0.0439337848954507
RL04 -0.0749480652044112 0.00457548434679957 0.0680673098326499 -0.0863673489722692 -0.0710567178501045 0.080051022168919 0.0167129745060805
RL06 -0.0795675008538702 0.0703924050660551 0.0247229633794919 -0.0561279074359888 -0.0317637960747516 0.093609708827949 0.00144222689301026
RL07 -0.0240568725216296 -0.0645614608760787 0.0795964890174156 -0.0222270381690816 -0.00960953772448191 -0.00668921336645899 0.0155086521091036
RL09 -0.0601243658034131 0.0113915751076714 -0.0364767059813979 -0.0086874970246973 -0.0855043132618311 0.0871378960338255 -0.0564651424008008
RL10 -0.056762021122188 0.0824600095265892 0.126265354065037 -0.118090151064276 -0.0189625827353435 0.0472917444600496 0.096024025289457
RL11 -0.115143213073821 0.0192752803723108 0.11269204645937 0.081448964916445 -0.0423252944214971 0.119905165365742 -0.0700263153406169
RL13 0.0108154647034656 -0.0802348862950937 0.17712668984359 -0.0412807749893057 -0.0126324354936614 0.0944934064233495 0.0848697013789992
RL15 -0.145004272734018 0.0266570084981698 0.0755972480274698 0.085909526994285 0.0284047092774326 0.0361594843405002 -0.0214008836450718
RL17 0.00698781772217045 0.0472113423862374 0.00720580930773563 -0.0264967748174761 -0.0323840498035376 0.0996874358463203 -0.0790066533456609
RL18 0.226595086858861 -0.0568694574189308 0.0144540827497537 -0.0176403876282307 -0.000399681085521946 0.0423867877740945 0.0561793157509561
RL20 0.00375513100193503 0.0149193402090338 0.0935810207566432 -0.056844938761502 0.0144534186325827 -0.00114914608097862 -0.0993220769623208
RL21 -0.0666568185516524 0.0190300286690663 -0.0239865630293631 -0.0234233854240823 -0.0980048635199221 0.0344953796460371 0.0381639432183322
RL22 0.0588469136761203 -0.0691695759054821 0.149598784654469 0.0989419493290545 0.248493821659115 -0.0326779072535383 0.140039333638024
RL23 -0.048459321736064 0.0544746512196019 0.157366455580061 0.0140864772827719 -0.0811775819612568 0.0498785233234197 0.057870211788293
TR02 -0.0595023292542828 0.0167230420958487 -0.0302294107402285 -0.04221596063638 0.00386487791312045 -0.0479823404980664 0.0164151105944273
TR03 -0.0733618575544809 -0.00430537667886991 -0.0242066704573059 -0.0321095769930549 -0.129075861998245 -0.01076141444293 0.0191553076155022
TR04 -0.111839571178209 0.0571426038022721 -0.00691688242192834 0.129870154048327 -0.0759933654609364 -0.0504695166287654 0.010850314406785
TR05 0.00483467707087428 -0.0552147973520027 -0.08135812712477 -0.0219372200755451 -0.0601198139043283 -0.0623124243191799 -0.139697455738583
TR06 -0.0549606591103486 -0.00645843244622021 -0.200301380267441 -0.0217749963870936 -0.0021890564348205 0.10847915094452 0.0190484823638889
TR07 0.00310072943542214 -0.0180147136432333 0.00126026261911989 -0.115580190747852 0.0462565342033169 -0.044696371355425 -0.123775276270059
TR08 0.0172979983942566 0.0847451173559558 0.00105372094165751 -0.0605849497482203 -0.0833364970020188 -0.0289343577226789 -0.06629255702787
TR09 -0.139028072410157 0.0161944875546 0.0231310289995586 -0.00252471837116647 -0.0527073033199096 -0.0296488319703052 -0.0352912072942254
TR10 -0.0746863729886388 0.0349216389105802 -0.0628969798318346 -0.131223600914 -0.0169880236341002 0.033938764855727 -0.0843529641928935
TR12 -0.0306350805972451 0.0297906125150127 0.000441615875826829 0.0172409785989688 -0.0835639223110561 0.0716933424024697 0.0408279239078837
TR13 0.00394382403023442 0.00226192184952882 -0.117931426131764 0.12072002213446 -0.0710195143177589 0.0906878350795565 0.154536470479598
TR14 0.231118918234313 -0.0149565287876074 0.095238027328522 0.00722469638895363 -0.036942439510233 0.05802581198079 0.168603421082209
TR15 0.0445672131756565 0.0732966913506359 0.00452791297085137 -0.0645447820583304 0.0956908854723286 0.0375985912447025 -0.109890993516129
TR16 0.0257383257308969 0.12815273929288 0.104040524519456 0.0732283156288181 0.00410554698712012 -0.0344084839179439 -0.0494661703179037
TR17 0.027962980090119 -0.00960300059514952 0.111027773812128 -0.0722267311891859 0.015573888101782 -0.139423945667843 0.100655449851039
