sample MDS1 MDS2 MDS3 MDS4 MDS5 MDS6 MDS7
AN03 -0.0599437028769041 -0.0191015732682831 0.0233335078914589 -0.0589712040882945 -0.0282844843148202 0.0168806811465224 -0.107233018396317
AN04 0.0438902810424681 0.0636681473087143 0.0664466127438417 -0.0484014835275774 -0.0155755274011675 0.031727122966356 0.000511813758367591
CS01 0.0222355769672027 0.0657190275049484 0.0363735504698594 -0.110726887990132 -0.146116686045412 -0.012506040411038 -0.0136892287419482
CS02 -0.0199372754278505 0.0198274776293903 0.0869417042604769 0.0753803749143183 0.108902676427663 -0.0971279080034864 0.0137662560955095
CS04 -0.0372058465681906 0.0153918482892929 0.0617247176100411 0.0556726762743131 -0.0629640032015487 -0.0157469455224913 -0.0909399234914181
CS05 -0.127425599039681 -0.0256232013062442 -0.00318597857297404 -0.0280302279456974 -0.104400088647783 0.0789099769814195 -0.0323711667748472
CS07 -0.0779667402336836 -0.131375675729995 -0.00394083804616313 0.0476120065954792 0.00633486072723488 0.156416927433343 0.0369168244448531
CS08 -0.358306934371218 0.203614378812788 0.0321445406560358 0.0337092431571681 0.0179744474770604 -0.0904337724486435 -0.0295510065301395
CS11 0.0629134355415323 -0.0110917204755231 0.0833769954329345 -0.00556075107828934 0.121040587259717 0.0254166012270625 0.0436498846546839
CS12 -0.0518066207608084 0.00177162828719285 -0.0807809016458126 -0.0381779495943777 0.0975326131778285 0.0332967211768855 -0.0577247010625517
CS13 0.0755120649567541 -0.0513097459914205 0.024538487640123 0.155881911771864 0.128518140504216 -0.00306273861043914 0.00332256825805921
CS14 0.00835386009254689 -0.0301015041040093 0.000426213971059408 -0.0458043385379201 -0.0329494835440811 0.0207293468670191 0.0695522812474169
CS16 -0.0167666265433022 -0.0696938522655091 0.0470030642240623 -0.155880259343591 0.0803217527339514 -0.0283045713458223 -0.0137911710018982
CS17 -0.0395897015060463 0.0822527602504673 0.117035655519207 -0.0118486873172183 -0.0874278455056465 -0.0523974273948129 0.0305331106437845
DK01 0.0700892656826532 -0.0300582816926485 0.00205827760597592 -0.0344994689064912 0.0480576437663666 -0.0237949236793868 -0.0968415393937912
DK02 -0.016338785690502 -0.0507469443055254 -0.0571593751030541 0.0120243032814128 -0.091295959312572 -0.0210264506550043 -0.0589443732697167
DK03 -0.0632801517900642 -0.138779341310331 -0.0144600638584741 0.053832480050415 -0.037320954813744 0.0401321973073777 0.0761920566287506
DK04 -0.126787448939021 -0.0614265104920527 0.10328171433309 -0.055684240037155 -0.0508835938655947 -0.142185528498672 -0.0991891878968191
DK05 -0.520818976853227 0.219321153344679 -0.0306236959398803 0.0242835855002108 0.0556870943396581 -0.116957010187711 0.000376489787594178
DK06 -0.028171510094936 0.043233874402931 -0.0828570838964717 -0.0579605416723907 -0.0321798735882013 -0.129679493048241 -0.00145940484681684
DK07 0.042183879964506 -0.0309576226840055 -0.0705437992310313 0.00309946018880558 0.0754099764369154 -0.141119822337722 0.0160594155557227
DK08 -0.0394565601314262 -0.0474151872812761 -0.0428388463422589 0.129970977178449 0.023590930048138 0.0177243846721531 -0.0563538261475728
DK09 0.0193438302087128 0.00527788118083145 0.0529634293537707 0.0810442846988254 0.0824620818190847 -0.0254770963882088 0.045333689064798
DK11 -0.0272292928887332 -0.00335791203413672 0.0846630652527107 -0.140614998345824 0.0955035869988547 -0.0512235352183727 -0.0467959955984074
DK12 -0.0270470430374197 0.0489380484603904 0.0700114652856022 -0.0912350318735091 0.0289216661037097 0.0180209460518219 -0.000910176584070693
DK13 0.0411766872275864 -0.0408985155722065 0.0320942334573484 -0.0508665905113151 0.0193691640787948 0.0282876294786348 0.0852645762618281
DK14 0.0249792384979628 -0.0213391592061551 -0.120167622364165 -0.115816429317041 -0.00514832682288954 0.0946754101638105 0.032247521072659
DK15 -0.0388569200404367 0.0137568073915064 0.169732219164764 0.013646489926162 0.0786081908416517 -0.0352714972314961 -0.0197301886598065
DK16 -0.0110412162638499 -0.0617046247316629 0.00675969540341616 -0.0749591691643224 -0.00345758577862203 0.00786442682025099 0.0220713858145643
DK17 0.0780531556286005 -0.106446999597553 -0.021259114056897 0.0165789968367438 0.0405569901388416 0.0737163054678108 -0.0656150746013109
DK19 0.00207144709797188 -0.0823346389212974 0.0385872446601575 -0.0912642886953827 -0.0545209826636465 0.0849591231761374 -0.0435667609275261
DK20 0.0178545098772253 0.0640837485493478 0.0233202407047043 -0.158524411304475 0.0735992126702598 -0.0781432864033898 -0.0364675048603409
DK21 0.0179346204960271 -0.127100662558461 0.0193459066641695 0.118150850495793 0.0271182561028094 -0.0871684091874464 -0.00307404706680756
DK22 0.0566216453509955 -0.0100221837761136 -0.0910167839284003 0.0409560976023638 0.164969245343704 -0.113154481043627 -0.0467285443953524
DK23 -0.0116124382146452 -0.110199846493462 -0.013022951910799 0.00159089862000957 0.0675382089290229 -0.00391217381484363 -0.0116142928326192
DK24 -0.116203826967463 0.00252626799568742 -0.0217508143080514 -0.107631326370709 -0.0214201745565251 0.155228305126342 0.00289660323531665
DK25 -0.0478510198260269 0.0425073493923813 0.0253550552124376 -0.0147323919339069 0.0529048882233866 -0.0519894667317162 -0.0923075048030456
DK26 -0.0442796656336393 -0.0489863571881278 -0.118644391016018 -0.0244710113800409 0.00786012999119649 0.148754948647865 -0.0911536561572383
DK27 -0.076097726871371 -0.144774032946866 -0.00450349510477258 0.0547392626085195 -0.00887025182226481 -0.0436108205001851 0.116842599952129
DK28 0.0095828599151442 0.0084136183000912 -0.209449456264647 0.0557358763481409 0.0835129475161294 -0.0579775926234892 -0.164356849961604
DK29 -0.0054529997169647 0.00800309152453139 0.107032035173382 -0.0885648772775035 -0.0762021762027423 0.0303192459751809 -0.0933086237087277
DK30 0.0314354195967145 -0.0758761167163764 -0.203891989484788 -0.114661233925637 -0.0342481199242234 -0.0674404787585983 0.0584015112219714
DK31 -0.0675526101466646 -0.0816933262388766 0.0690495002998906 -0.019973198181819 -0.0166387212150712 0.0123703061685956 0.0911653329508721
DK32 0.061823951184048 -0.0242632248063486 0.0351943581160731 -0.080235458760771 -0.0560013454035844 0.0456308137340169 -0.0927801048824112
DK33 -0.0915037977066986 -0.112083899902128 -0.00987503730073575 -0.129119079323087 -0.10332236953102 0.0567768441497517 0.000659809560425918
DK34 -0.0100140696803506 -0.143816081674531 0.0675362954235202 0.0771935368019374 0.0713746956257461 0.0815522601036455 -0.0536183858680807
DK35 -0.0823544450582048 -0.0931711819495424 0.099663991250714 -0.055073980279155 0.00194782451675008 0.0110439793868837 -0.0777284483433085
DK36 0.014799512625236 -0.0537762799840469 0.096577922919968 -0.0510750177231625 -0.0367945870063264 0.101579333652857 0.00755842849134673
DK37 0.0508368776686116 -0.0287122143568518 0.030174303562448 -0.04709632056988 -0.0221045618253517 -0.0940197886124514 -0.0973401085785294
DK38 -0.0407884089669087 -0.0391036217138207 -0.026630470303478 -0.151528237259232 0.153992629328741 -0.0910004996426976 0.0302334184264212
DK39 -0.0536991070414467 -0.125681760405572 0.0359065100455582 -0.0173200687411308 -0.0681275850874988 0.0253646800833163 0.0134883455593647
FR01 0.134545311634056 -0.00120109922352777 -0.153890232919173 -0.0273167241901882 -0.124255863838993 -0.120580519044584 0.00212507375256017
FR02 0.0902150027725009 0.0363309177489541 -0.00265531591130839 -0.0336170010123792 0.0499069714210624 0.0137979347968316 0.0441757147292974
FR03 0.0525466746058249 -0.10095123735178 0.024028144266203 0.0565211306356503 -0.0497758824028418 -0.0409644824780916 -0.0229842620446066
FR06 -0.00497734870025442 0.0236395597806727 0.0906885165998486 0.104223956828358 -0.0622174669563582 0.113240580732079 -0.113938632684811
FR07 -0.144731312908643 0.0182762081905304 -0.0828593265270329 0.1413779195651 -0.0635108470992948 0.147133584777253 0.0520831187795594
FR08 0.0165519247223286 -0.0408464885446 0.0160785198582129 -0.139729929614688 0.0974282184620435 0.0906452265085433 0.023509917496379
FR10 0.0524274362608014 0.00295837240370997 -0.060371386893909 0.0910028657099978 0.0500358713519839 -0.131635760184701 0.115002885527806
FR12 0.0119215269000413 0.0731970992504178 -0.0161840762186512 -0.0760405910696361 -0.119520139302569 0.0248778358559469 0.0389264024743133
FR15 0.00501684836010498 -0.0139890789684962 0.112782686248356 0.0946114946004542 0.00471904504920478 0.0288741479524783 0.0313968781729187
FR16 -0.0820832131021259 -0.0804274881681271 -0.155816488997126 -0.0334084903114877 -0.0401877949818248 0.0242387606795366 0.00433559107712782
FR17 0.0608540186200717 -0.0590436015020206 0.0455363890131837 0.0739648903325206 0.022287365369715 0.125756016029926 0.0102590950535991
FR19 0.0194717862326868 -0.0116421218169401 -0.113762091567158 -0.0244853182098482 0.099440307787315 -0.100076556969684 -0.0579008974222245
FR20 0.0920045655446247 0.0855681015835819 0.102607889918493 -0.0675346624141321 0.0418427739287537 0.0379926023283694 -0.0812467803933716
FY01 0.0532843884320428 -0.0499119366226889 0.0354121559048103 0.0496507864899303 -0.0733937519106166 0.0498819152574249 -0.0155773110614169
FY02 0.0597485460604421 -0.0631831363434742 0.0882232838773409 -0.0547996621734279 -0.0213216249300397 0.022965252664785 0.0276110730315669
FY03 0.0265559398544149 -0.0557282085347636 -0.0721336036498993 -0.0723525128736731 0.0531762320284094 0.0234187270235584 -0.00614525700140749
FY04 -0.0811524476066057 0.137575144259693 -0.0797927459537465 -0.0486922484541566 -0.191311120790679 -0.0789091792425448 -0.0163002598300781
FY05 0.0387636441639194 0.0626746411497085 -0.0451633266459408 0.0860452630760597 0.0637312123244951 -0.0912486010315338 -0.0965168472975188
FY06 0.0218787487679394 0.090722761306223 -0.0680220429255146 0.027035470260828 0.0435313243266089 0.0114040157206906 0.00157164368989523
FY07 -0.0944153707057513 0.0584548635151312 -0.0488608624397817 -0.0779742446105601 0.0788730941939706 0.0847076115129897 0.0317664544909407
FY09 0.0635798649201765 0.00895725814498707 -0.0203818142430173 -0.0944766302453905 -0.0320462882836697 -0.0347991826890862 0.0614062528408331
FY10 0.0694078885038694 0.0657212431496143 -0.00643963332228522 0.00824594805307774 0.128173626897966 0.155268274198688 -0.0388961279086819
FY11 -0.00333121881520518 -0.0847034164830369 -0.0895523859735263 -0.0289584087447216 -0.0690387495697405 -0.0435354682113957 0.039358312664688
FY12 -0.0603797132889666 0.0162473912309715 0.066864352126842 -0.0399929211124012 0.0633440119536729 -0.056342598638052 0.176778844188214
FY13 0.136613228720946 0.0138847278828833 -0.101456227561711 0.192797706556931 -0.13855577823819 0.0303727770050525 0.0483307941041449
FY14 0.0415578677012731 0.0533742118764692 0.0476621065268368 -0.0843543906062041 0.072063618381915 0.033412074946127 0.101022145924752
FY15 0.0306753649373415 -0.0321285397608943 0.152048324023041 0.0608925649123017 -0.0140767255016724 -0.0464819745684021 0.00220645600771118
FY16 0.0925711799520229 0.016365477339652 -0.0240518549811232 -0.049898919695421 0.0450601413521558 0.0169724496782305 0.0555974445904908
HH03 0.0215063354050566 -0.0219458560129987 -0.00331380182377583 -0.0187678260583223 -0.0807567831834076 -0.0291619279554322 0.0870704045019638
HH04 -0.0129868846429708 -0.101229322533018 0.019823824625497 0.140844939503821 -0.0184880094594727 0.0873892867265824 0.0666344359187804
HH05 -0.0113236316806681 0.00356256749830096 0.036771352673411 0.0751532486940429 -0.0112089465487707 0.0240043764984288 -0.116611876506961
HH07 -0.0873157894377781 0.0411684270936728 -0.0454413771395396 0.00336547115381572 0.0165211340654151 0.0537340773200541 -0.032867146986124
HH08 -0.0314606036617663 0.00800120518667996 -0.0651949688772027 0.00176341558348226 -0.00201445608401345 0.0384738928828487 0.00600267214535679
HH09 4.3898533694789e-05 0.00351530693744697 0.0341393604281381 0.0247867187542987 0.0446841821049172 -0.0942125492174625 0.0155355374105112
HH10 -0.0106925575387314 -0.10139779590601 -0.085299183988314 -0.0806585039243183 -0.0697359198773009 -0.175644632812885 -0.0188029715453972
HH11 0.0417012509482439 -0.0306318211885627 -0.0549207001465021 0.0390641005581436 -0.122091041244157 0.0832083657017037 -0.051610359497208
HH12 -0.00380943695146211 -0.0259616840584986 0.0206597699544225 0.0975964765405266 -0.0272053491925888 -0.103675612419604 -0.0508809740105933
HH13 0.0113660931379557 0.0455779645073469 -0.0706512796290678 0.00382366128183722 0.0220595379184009 0.0345445549247665 -0.0638263645745889
HH16 0.0851376848285592 0.00310358338801098 -0.0507565336089484 -0.0783937150372873 0.0988588613246779 -0.0701046021348562 -0.021629582188638
HH18 -0.0462311852211852 -0.108185295718294 -0.0108542501479724 0.0016532770722937 -0.0305419578065672 0.116058241909214 -0.00939003239213656
JB02 0.0174762302456857 -0.0992573990084063 0.0214890499875423 -0.0220197652939683 -0.137809908759343 -0.0875718562027769 0.19470772928212
JB03 -0.00927585456709041 0.0901984235584196 -0.0677695526002058 0.0216687360355956 -0.00160421214794276 0.200081786896007 -0.0451742641388143
JB04 0.071828202563697 0.00407839380517544 -0.12575943613606 -0.0082920904786855 0.0663194403971374 0.0258722176557056 -0.051681084637424
JB05 0.0478989220996545 0.0245040716948144 -0.0957578851388994 0.000965923689673702 -0.133742547148451 -0.218707645210841 -0.0183867718992852
JB13 -0.0309839472670362 -0.032867743117015 0.0344874800837562 0.0369798779635168 0.122441410835119 -0.070150062039857 -0.0931121609336387
JB15 0.0582128623816708 0.167310501591818 0.0167350675324295 0.0860673617966455 -0.0692317086700128 0.00895064596116256 -0.0349397995587247
JB16 -0.0108872333402584 0.0339901974465473 0.0361536645797435 -0.00444528019428248 -0.00221353116817962 -0.0425268524607126 0.0789961253392596
JB17 0.0426292724708102 0.107274175134968 -0.117139340542642 0.0647040402397251 -0.0240851393973027 0.122840523752468 0.152224528417511
NB01 0.0452973206883993 0.0208863812622886 0.0226528322954544 -0.024103693361778 -0.0940366322811823 -0.0201888027909416 -0.125630005570743
NB02 0.0294376389062602 -0.00241501414352708 0.0865418757665052 0.0752421196138828 0.0850551956506554 0.000777763206171203 -0.144760669283825
NB03 -0.00132916273460477 -0.0687954121701255 0.0125909544021914 -0.0141955322398173 -0.00243284450717414 0.127164273566591 0.00849354761008599
NB05 0.0362363915276421 -0.0339518091181546 0.0896188568064856 0.00492193519553334 0.203053614595337 -0.0165072729193115 -0.0435005849410355
NB06 0.047456811420613 -0.0805897923857818 0.0417583204313287 0.10989733331172 0.013481220867936 0.0406996908758936 -0.0594481857636151
NB07 -0.0483412140934143 -0.082836179780595 -0.0369189756241695 0.11507532615411 0.0194717708526658 0.0481398056653068 -0.0118545189149512
NB10 0.00287673253219011 -0.0816618476286154 -0.245901034029219 -0.0263452519879879 0.0123414966476876 0.0565812758170173 0.0782793099392432
NB11 -0.0447271002631368 0.0145430130476412 0.0136899816121562 0.024652545288038 0.161407151689918 -0.0465904714802752 -0.0199397825414821
NB12 -0.00264556864114807 -0.113158772607163 0.00844619624921427 -0.0441248363550773 -0.112106117851563 -0.0101048513237773 -0.115526662924688
NB13 -0.0434874366669057 -0.0912041689051348 0.00818436690884374 0.0050435246518311 -0.030610229600469 0.14178627917243 -0.0581102219222664
NB14 -0.000719994434199698 -0.142051039189118 0.0535527123059405 -0.0476880685305532 0.00440298101776559 -0.118937355795834 -0.0393586285972172
NB15 0.0366887466251922 -0.00401070804243556 0.0637065016439394 -0.0158860010753205 0.0557770613368601 0.0515868831713867 -0.00100116334910755
NB16 0.0258961496763569 0.0474103195254229 0.0962295545646988 -0.134219230614284 0.0176782757265598 -0.0148378324592945 -0.0444052385746958
NB17 0.0287315553029123 0.0383989555105994 -0.0248375052763282 0.0126120529007527 0.097499373231368 -0.0147800712802261 -0.0398413335235365
PA01 -0.056530088468319 0.155499353539828 0.0234721975373321 0.00898451603321005 -0.00377133270607483 0.0511798140945418 -0.0960179913065203
PA02 0.0321807361256944 0.0929909731875264 -0.0565566240222481 -0.0101618636594526 -0.111641534728988 0.0330795673797381 0.0506187808093345
PA03 -0.0120816519316119 0.0109111373019867 0.0442687880080853 -0.0670708612615812 -0.121324518815491 -0.00625076806993317 -0.13160919456045
PA04 0.0392264356066225 0.0435122082955949 0.100068912447239 0.169876349934829 0.0485476291047207 0.0251084462837776 0.0657439738121715
PA05 0.0453181588030109 -0.0191517912725265 0.107675609729464 -0.00758514105746544 -0.101699725700857 -0.0990195111888449 0.0784496699467316
PA09 -0.0778044754531537 0.0596392100158264 -0.0757420640132592 -0.0750928743065875 0.0250207116471425 0.150178373006802 0.16453386401551
PA10 -0.0621983948451671 0.0490361893104593 0.0658859078301672 0.010719448690094 -0.124696110078021 0.0290598379467949 -0.133370388091362
PA11 -0.0423101886159367 -0.0811357841700167 -0.159478630750637 0.116092878232898 -0.110984122997236 0.0131427766850883 -0.0734901034151958
PA12 -0.0503453091107577 -0.0418846717184516 0.0067268973699205 0.107322797777488 0.0198247720270956 0.0496155358003891 -0.150085140635958
PA13 0.0107570562891669 0.0238917065388549 0.00668972095822678 0.133262728363863 0.0374545595187742 -0.0530306545170824 -0.0213558511913657
PA14 -0.00793904950232751 0.031228811224633 0.0650956661034887 0.0666915466813415 0.0970854630533394 -0.0105072629315511 0.0585237693164927
PA17 0.0292875479537443 -0.0524520928938488 0.0630232089358775 -0.00795544713951284 -0.0540970907033347 0.00525214837949684 -0.0696943837021996
PA18 -0.00123145407968513 0.0414157916826669 -0.114328865747851 -0.135399276149067 0.000403435537927372 -0.0626477965387233 0.0155901650540663
PA19 -0.165313976555852 -0.130039132669017 -0.0514035831049178 0.0719550263974898 0.0368192747784941 -0.0545861069877322 -0.0203557383742766
PA20 -0.0560304425394294 0.00300425109534024 0.110584703902036 0.0493989677355373 0.0760900141024266 0.0586454850062621 0.0552299729331842
PA21 0.00288681091275782 -0.100120137835433 0.0375449075735952 -0.0289133832270745 0.0403978636863801 -0.00923030570388062 0.0371813606401829
PA22 -0.106891477825413 -0.0138363178389481 0.0538317808953788 -0.00586189932001687 0.0206894414900825 0.0565401932557301 0.110587592856895
PA23 0.0444755483901747 -0.032158375898608 0.0115712472329701 -0.107785729546768 -0.100752250402318 -0.0283973063729595 -0.0724113705141352
PA24 -0.083127570392181 -0.100804080984245 0.0207437892277957 0.0226104772616651 0.0133627609907742 -0.172224943777312 -0.0952878869038747
PA25 0.027378719052243 -0.0354792075005736 -0.0142716050509593 0.147355509133813 -0.0401731218723221 0.0132120551907161 0.0115313607695815
PA26 -0.0282095782057132 0.0164396247216799 0.011535348262345 0.0361429941261055 0.0375489203058693 0.0468871943681731 0.191533969902778
PA27 -0.0290740276596799 -0.0714385352529079 -0.123364383861049 0.00906925424978645 -0.0365991200766744 -0.104432775164057 0.0312049036424775
RB01 0.0974139693997033 0.0861017931668224 0.0079187423069775 0.12328009400405 -0.0445221613703046 -0.128648807343244 -0.0969232715914391
RB02 -0.00850847258040407 -0.0532549496475203 -0.0755141871564507 0.0499372654117166 -0.0331077282914514 -0.100103606092541 0.119299309403782
RB03 0.00920829542869162 0.0670147151175564 0.0310967575617151 0.090843075992242 -0.128946307532655 -0.0667362929851341 0.064184518281852
RB04 0.0398682188177323 0.0847032124612399 0.0194956116564018 0.0798631723782651 -0.0583000562552101 -3.53935523559456e-05 0.0995993001966128
RB05 0.0139211577270105 0.0517143392858853 0.0137427294802878 0.0282493281984654 0.00849119434985113 0.0545623045711125 0.176725250999518
RB06 0.0452919512816616 0.140780300641441 -0.0692162455493848 -0.0243520405891658 0.0940895044605103 0.0274129917980662 0.00606891986299013
RB07 -0.000510582176178847 -0.0331270681702782 0.0418129426243207 -0.0363152746698294 0.0213836368800325 -0.0384518821141449 0.119512923633071
RB08 0.00396964180661239 0.0838067006527922 0.0405841030836786 -0.129457362046576 -0.0623109710265932 0.0681546724208064 -0.049753552704706
RB09 -0.0711757592158903 0.0822855031595144 0.0370776482849032 -0.0387822408667794 0.0576880918693554 0.0605062409178055 0.139759335327446
RB10 0.0549796888445802 0.0659842676684813 -0.0550678346338987 0.0312331170253007 0.195057203929188 -0.0591348533984753 0.0518639491314427
RB12 0.161552534195442 -0.00975707035743107 -0.00664246763098742 -0.0967966050355172 0.0376937402647236 -0.0973442381027757 0.0350856308682454
RB13 0.0709740703866075 0.0835043361780163 0.00445483016902473 -0.131732764709434 -0.000768598541224171 0.0573574569446837 0.00972028000647001
RB14 0.00376917646472561 -0.00272790069474438 0.0155748965332171 -0.0332342638550715 -0.00683110592630411 -0.0452983908750728 -0.0504660768208417
RB16 0.0730235617837657 0.0974969968911244 -0.000544185137143746 0.0431680867696958 0.0677693660678901 -0.0269097626285078 -0.0751366328056923
RB17 -0.140255734843384 -0.00445620825671778 -0.0438300252415295 -0.0732538021130386 0.0160761045007696 0.0623552777139685 0.0492014746801015
RB19 0.148496348109543 0.104407687568404 -0.0295525682851135 -0.0594676541415621 0.00773170266859181 0.128208506354979 -0.166116102725779
RB20 0.0148685524892166 0.0137652433610488 -0.0396210336244387 0.0126602922527447 -0.0257415414731032 0.0108877598229452 -0.106792413545683
RL01 0.0151866410467875 -0.0575754767521685 -0.187636471740002 -0.105554325145162 0.077458300015154 0.0420572778532297 -0.0216159189216911
RL02 0.030780253232686 0.0591887058397532 -0.0663133964446894 -0.0608449420317707 0.0161791235526063 -0.08816839460711 0.0118883740340545
RL03 0.0271522904062579 0.0958418836084044 0.0659152255007259 -0.0376113881686936 0.0548867984757798 0.00190325820533946 -0.0984045535015028
RL04 0.028525480560036 0.0761582905273619 0.0447643143554908 0.0884446554333524 -0.0849615837029677 0.0407748876670196 0.0205453246075555
RL06 0.0822928782425988 0.0488469476277761 0.0623147805652191 0.0980211746485137 -0.0547505743009799 -0.0366495142420905 0.0617630026049442
RL07 -0.0347666561838113 0.0985582299674536 0.0146844338791844 0.00167768079626622 -0.0164040884711279 0.033922096056515 -0.015528991856702
RL09 0.0118910219407519 0.0032069263301448 0.0914483141964813 0.0255827821518404 -0.0820703154796568 -0.0161505572757438 0.179744307643063
RL10 0.0945032137871867 0.115931936041782 0.00178513978508616 0.128219411988793 -0.0372473977811701 0.0293729967509677 -0.0710284802438362
RL11 0.0398996132372088 0.176095822590815 0.0589611308287622 -0.04869314349379 -0.101140694041186 -0.104410916687876 0.0870620702728362
RL12 -0.0643484176068579 0.108582818003527 -0.0386268324741335 0.0465719762256431 0.0231627236027172 -0.000106643972225016 0.112014615691304
RL13 -0.0637502834992246 0.163055589447419 -0.0908227702743523 0.141983581720825 -0.0795976844521465 -0.00997919315371013 -0.0836542357567555
RL15 0.0384811158696277 0.142590986939821 0.0706153979296491 -0.0498120930825588 -0.0376147193022412 -0.0829004373605332 0.0549519840118896
RL17 0.0424913312262971 0.0107447906470743 -0.0073551428389778 0.0688191346238856 -0.0347000657059219 -0.0643389200193562 0.0866868857345094
RL18 -0.0808447067267009 -0.0687435694379574 -0.189060041665824 0.0869763908565116 -0.00967185792960469 0.0068584571519975 -0.0133517080793282
RL20 0.0486896168699517 0.0828609912973531 -0.0481553229366361 -0.00857021474706267 0.0447008272687276 -0.00532573699811154 0.0871732714733407
RL23 0.0876692378336417 0.144682976558453 -0.00789022452440349 0.028795532447514 -0.128698554814954 0.042349287977504 0.00792847621632472
TR02 0.0210898942235238 0.0132732215237007 0.0449159074277917 0.0154245248556212 0.053598508262296 0.0397136580931318 -0.0577149329498464
TR03 0.0220850263684193 0.00694213419402659 0.121618603693157 -0.0102187544866298 -0.08010010230845 0.0584201860062195 0.0526763432847445
TR04 0.053896375317623 0.0362797889512202 0.0860127387927265 -0.124289542697474 -0.0855350399696453 0.0195157178182723 0.0473773599786662
TR05 -0.0545528935221062 -0.0672299297021219 0.0237900849987403 -0.0683427708975259 0.0560648575372875 0.0364630028974651 0.0966982188106564
TR06 -0.0268140542296738 -0.133059055891404 0.180416069840575 0.0109068112230639 -0.00816326684931276 -0.0951400411397097 0.077915050044304
TR07 -0.00687881166532995 0.0207810278579301 -0.0345859097853506 0.0332721270515916 0.0954658206738422 -0.000478784153865313 0.036990323448565
TR08 0.0880457508225512 -0.0165368244210831 -0.0256227499980271 0.0419840947669115 0.000703949641021795 0.0699335676416576 0.0654413044478457
TR10 0.0362097308262469 -0.029067083693635 0.0815523527667854 0.0637979374020387 0.0632533025665828 -0.0152575198896697 0.0264210810906662
TR11 0.0324398716214868 -0.0122811865799306 0.0745808207220802 -0.0209033623205903 0.0593432488519004 0.0586572238103193 -0.00883375195410674
TR12 0.0276061485830424 -0.0120322707733675 0.0306313538092198 0.094205898936369 -0.111819337266017 0.0241618301404449 0.0745093852201431
TR13 -0.0344163805353259 -0.110646085448242 0.0531044829906129 -0.0217303458832486 -0.150986056195371 -0.0756016483036863 -0.0891816488598033
TR15 0.0524340303849797 -0.00660184452391866 -0.0758432362807368 0.093582661336525 0.106957464309225 -0.0524320523025046 0.0625164908683969
TR16 0.128681600089436 0.0409297601864618 -0.0976049220208096 -0.0595639942874004 -0.0106490511255979 0.0155905540475881 0.0578979626392652
TR17 0.0173804541841363 0.0850627130651367 -0.0422414304079719 -0.0259037265678509 0.0664831647990324 0.147666610915819 -0.0772425232451922
