sample MDS1 MDS2 MDS3 MDS4 MDS5 MDS6 MDS7
CS01 -0.0602436739215075 0.050611811490528 -0.0321206857274475 -0.162828163617259 -0.0656108057596712 0.032390485846206 0.0848598126428229
CS03 -0.0574896937470657 0.0044588558129386 0.0208361897094852 0.0351662299890657 0.0459704428774355 -0.0498046300880238 -0.017551181543991
CS04 -0.0516476837348799 0.0129320215166409 0.0228423678444749 -0.0429986699323579 -0.00994977595263036 -0.0525864481577978 0.143455507738044
CS07 0.0233396892423886 -0.0586821605470016 0.121590531580832 0.0625579500543266 0.0717986862486408 0.140250538835214 0.033611247229054
CS08 -0.33856892087195 -0.19280863723685 0.077398008485617 0.0221993644157236 0.0444842741288944 -0.112150581236787 -0.0823057276709737
CS09 -0.0541670253464503 0.0489839671288924 -0.048830949249306 -0.0987362819737649 -0.114299149110274 0.022982758925093 -0.0240242841623238
CS10 0.0495882176996395 0.0344752210290056 0.0299822367881704 0.0534484007056062 0.0585428882321232 -0.00576055106373561 -0.0243675182471124
CS11 -0.0165100289622714 0.0933963039363702 0.0111173049696731 0.138407522953978 0.00432631523051533 0.0533750276562028 -0.0151998519485462
CS12 0.0141748179939235 -0.0592692227892805 -0.00604954639578578 0.117026564675359 -0.0512187888120062 0.0400994924106223 -0.0467894420335336
CS13 0.0879506312520063 0.0192677338271239 -0.0186733768110652 0.101057343536546 0.0499370322711918 -0.0931250774723037 0.143910410813537
CS14 0.00720242632761165 0.0543209880861368 0.0276225946975988 -0.012494796013053 -0.00293277909155728 0.079657788890334 -0.0533060311090704
CS15 -0.051108936204663 0.0195964542571154 0.0798269264406793 0.0698652358040466 -0.0272664711989286 -0.0281994721533606 0.0942971692215168
CS16 -0.00024810973708258 0.0577508473937368 0.100456754053438 0.0696414145818073 -0.117077380146123 0.0615742874305538 -0.102896969673026
CS17 -0.129628150370132 0.0748257874113451 0.0145852850407186 -0.125061706383394 0.0316477815635992 -0.0212385651068536 -0.0523644352741172
CS18 -0.00690379493679704 0.0333574133520192 0.119243967848215 -0.0347040536363016 -0.107276538878222 0.00927701344442391 0.0190776132939385
DK01 0.0251567489696482 0.0740842733295701 -0.00295737314000848 0.0398781564593669 -0.0860551650925035 -0.00758988134431174 0.0167587773390074
DK02 0.0628637089842736 -0.00440534542751968 0.037083349582851 -0.0848491302239499 0.0364919023310055 -0.0118720462599609 0.0158949285039999
DK03 0.0575327302267308 -0.05904358801527 0.122395721863136 -0.0260603683210153 0.0836870521839917 0.031746087777324 0.0820820597629144
DK04 -0.0903722573630413 0.00371606275086775 0.155238376033199 -0.0352917435879684 -0.107010676321098 -0.156388392728363 -0.0110408907202619
DK05 -0.41271776427065 -0.335943833289244 0.127439343639197 0.0282481047847257 0.00732311528848725 -0.152865948999983 -0.129718971056791
DK06 -0.0424222040526774 -0.0222936277569152 -0.012891518415024 -0.0035773889058924 -0.0575701968430861 -0.0627503148527151 -0.200871301392615
DK07 0.0995370772475526 -0.0163236742751422 -0.0136220126715044 0.0166796705986782 0.00269633207440778 -0.090614366212586 -0.0761926189896473
DK08 0.0678244252198229 -0.0764471513617036 0.0137338564960425 0.00127024782543855 0.0328737631750377 -0.0776651597960612 0.135043719490464
DK09 0.0115057331908163 0.0319118889878617 0.00178951968193647 0.0479117010624128 0.0375309384620339 -0.018154120572624 0.0447506737894681
DK10 0.175983724270141 -0.146820364221658 -0.0300963644433409 -0.00719787139013721 0.042813117124817 -0.064828771549979 -0.0105760754711701
DK11 -0.0491753117393406 0.0407580311131979 0.0532293295537652 0.00865326132885619 -0.167724838269111 0.0034586439692004 0.00230066518569184
DK12 -0.0698972553302236 0.0218976736665305 0.0114091288751398 -0.00555273341335431 -0.0843578849714827 0.00772942166497587 0.00403746227003292
DK14 0.0812275271609886 -0.05872401395901 -0.0477879312624803 -0.0404137547321402 -0.0604688115379028 0.137437580875453 -0.0676720505602782
DK15 -0.0873711247317801 0.0711723943640906 0.07320434452265 0.0459499059444331 -0.00493776789260666 -0.0470135627683461 0.0647450514995743
DK16 0.0133112190352057 3.61418185852033e-05 0.0663201163808115 -0.0697994307562532 -0.0488796772268618 0.0633315226544482 -0.013732699950943
DK17 0.106371281734783 0.0394852419405083 0.0360663255422838 0.026007536999468 -0.0197295391625624 0.0346519910641531 0.0753418958821186
DK19 -0.0150969326163941 0.0679429649081176 0.0749637687584287 0.00138823500734098 -0.0545974559459118 0.110958505111018 -0.0226852741610092
DK21 0.0948804042355244 0.0366766489534977 0.105769587319357 0.0704111848256053 0.099182402291449 -0.0891339369208645 0.0142388139270906
DK22 0.0992124881844722 -0.0217806253129745 -0.0500457059453006 0.138437972444681 -0.0198627089830611 -0.105276835196789 -0.0231458432098734
DK23 0.0830087789404002 -0.00411764038207973 0.084727736760981 0.0906505885086927 -0.0264857783043543 -0.00993572955948193 0.0439309409538645
DK24 -0.063261137576506 -0.097182173438249 0.0395925322052743 -0.105503598228568 -0.0756093973872752 0.159010648476192 0.14170004297372
DK26 0.0379662732010709 -0.128106817218131 -0.00824375509137534 0.0313812417951278 -0.0209751667425514 0.128550264726844 0.0203914490382762
DK27 0.0608318221854275 -0.0589207009847995 0.177257352635149 -0.0262509679484107 0.0380158353599816 -0.0042787283116795 0.0280736001811411
DK28 0.105894110946436 -0.110643472591946 -0.0991210249441106 0.0648690921041763 -0.0112247561773281 -0.0625131221275442 0.00788722272237907
DK29 -0.0686032440919493 0.0818652833856174 0.0215086551840354 -0.0968375372252863 -0.107506707866458 -0.0070469306231569 0.075201014366357
DK30 0.148881157966118 -0.070461409179321 -0.0186090943291772 -0.0906379956346638 -0.116126991870065 0.00549331893246579 -0.132219723586263
DK31 -0.0438992151773867 0.0283380117826882 0.140589665811221 0.0463300512058013 0.0568774181553214 0.0777742097167226 -0.0468005871447491
DK32 0.0330319975067471 0.0838313020831181 0.00775166467163822 -0.0548418440250411 -0.0791437618441805 0.0280927281575481 0.0404619388770097
DK33 0.0266131706160275 -0.0970119605332991 0.118269058977856 -0.143506833679749 -0.0940021568710501 0.0676816735902865 0.0718520522796408
DK35 -0.0308688411968396 0.0355227990880956 0.140896055902098 0.021743322819282 -0.0375099869839538 -0.00645717466301418 0.0670082366400163
DK37 -0.00396539301394174 0.0097304392048815 -0.0375507738685154 0.105685394672894 -0.188289904828454 -0.232658185316093 0.101967698223601
DK38 0.0200467349307996 -0.0203813691548439 0.0524038576767534 0.0580619899967164 -0.2073775719825 0.016785850887324 -0.0566560583540002
DK39 0.0275765420286921 -0.00208348043622197 0.126796623794434 -0.072993463872709 0.0384001765312928 0.0577907960732557 -0.00969305719589303
FR01 0.166417287542764 0.0139229810470036 -0.0892457452947818 -0.165198457455456 -0.0171301654928632 -0.0944146463213706 -0.0693321176681347
FR02 0.0204883393738056 0.0632589725496054 -0.0687676733856193 0.0516936948247306 -0.0122778174464575 0.0415968630587937 0.00133232263864682
FR03 0.0734744119229076 0.0678133692266806 0.0717307929600262 -0.0294587414616675 0.0939057893169904 -0.0304601518710918 -0.0191796273932689
FR04 -0.0196961360016244 -0.0776740044297647 -0.0240156457670775 -0.120358682664784 0.00238430862096782 0.137303896977865 0.211467485372161
FR05 -0.0108073488275143 -0.136991846752924 -0.0739659312297807 0.0770787095683474 0.160738083494078 0.0776973153931967 -0.0525173382834614
FR07 -0.0173879734390989 -0.184444556511267 -0.00190422923516219 -0.0409921368568033 0.118266989725925 0.067340103028257 0.137248046434984
FR08 -0.00185053681759305 0.0362679171542209 0.0335152901502597 0.0539037048257675 -0.133605076044007 0.149645383533656 0.0076517966524545
FR10 0.0607005438746657 -0.00513370511203125 -0.0394704260301811 0.0285727516398604 0.0861038848412044 -0.0581423401951117 -0.0628359811680637
FR12 -0.0520292177773782 0.00157788162006237 -0.0598198330249536 -0.0593403954662404 -0.0191209098273383 -0.0024033472721169 -0.029633429481765
FR13 -0.0170339506955222 -0.0707554208843422 0.0989484880508228 0.0608895650363726 0.118268255220387 0.151607533276739 -0.0495219106618134
FR15 -0.0174902604077882 0.0654223402676666 0.0668029195224073 0.0075738869568422 0.0883047114915673 -0.00942821063542667 0.0692734717238536
FR16 0.0734558529527503 -0.162832667089766 0.0466704216621386 -0.0157713179873837 -0.0236583581917207 0.043844422705672 -0.0482181198561415
FR17 0.0263275818977973 0.079247772883923 0.0178668383678232 0.0755455496943149 0.076279742680405 0.0886452030865049 0.0503652531129369
FR19 0.078760832070264 -0.0351381622457426 -0.0362283315723305 0.0670417485744317 -0.0865644798752182 -0.0854784818019781 -0.0893612630776652
FR20 -0.0415542632626942 0.139125783964287 -0.0677316542881619 0.00672918336356058 -0.0290347777479848 0.0773195181485913 0.0539938397557904
FY01 0.0226172674827014 0.0677112734745943 0.00630976155561001 0.0144506591701444 0.0879346498384757 0.015670387423599 0.0332187477082838
FY02 0.00897924820046831 0.116881599128575 0.0578045775688911 0.00608796029677029 -0.0288307516508639 0.0342250295785668 -0.0273685204260975
FY03 0.0684903423234328 -0.017951943939031 -0.0100212396997099 0.060869136913017 -0.124104917187316 -0.0102031169702946 -0.0071857855904536
FY04 -0.0883852584292197 -0.0976670442296725 -0.0847707971782452 -0.173174611791882 -0.0144400120810266 -0.0753164548960397 -0.0560902702819965
FY05 0.000629113843034177 -0.0058392094866493 -0.0885754923792214 0.107226238664179 0.00757630885706539 -0.120002075162309 -0.0400454478391083
FY06 -0.0221713218311909 -0.0332484079718253 -0.102943597691635 0.069433263419816 -0.000530051167146748 0.000524116380677692 -0.0566222115957796
FY07 -0.0659665262935253 -0.111766063382234 -0.0279577809326063 0.00222061518573114 -0.0827570600535649 0.088902672125913 0.0294794694367472
FY10 -0.0106973581520023 0.0327327070216422 -0.0969761462047118 0.133850955906288 -0.0325898075830778 0.0966622941240961 0.0187637828618615
FY11 0.0786239428036888 -0.0485118019997818 0.0305612914681668 -0.0824733875023857 0.0135547191057826 0.0139470148409224 -0.0495588652021262
FY13 0.105376955725857 0.0106691946365444 -0.138047940755717 -0.0475290961541569 0.177905824517246 -0.0985852527269667 0.0847148507043025
FY14 -0.00945935053211127 0.0572415811172393 -0.0333513944178333 0.0234903897036502 -0.0350238802913646 0.07053908526193 -0.0274544574337501
FY15 -0.0161328648488988 0.104673285143912 0.0670311431059729 -0.0115807799287434 0.0103274003256281 -0.0906194540698861 0.089715277592886
FY16 0.0506554936405326 0.0501154858099037 -0.0678544569291276 0.0527925045243367 -0.0247531209129958 0.0534981559860332 -0.0665413756309584
FY17 -0.00971679508667571 0.0500760604258848 -0.0242863021389974 -0.0382516392035541 -0.0277395461367829 -0.047636188684243 0.123690304645615
FY18 0.0152061460341592 -0.0338280467431761 0.029268075204544 0.0827175512219719 -0.00512138129953091 -0.127190132638427 0.0544700357879944
HH01 -0.109371452153219 0.0490422512031686 -0.0470745740116356 -0.135292589937836 0.130580089666976 0.039176616832433 -0.0543386999685671
HH02 0.129466306291015 -0.128893618683846 0.0127315531300071 -0.161241643993386 0.0526910645730845 -0.0127256802939373 -0.0382636469991627
HH04 0.0646899625975413 -0.0160132220941577 0.0648236244588244 -0.0235005058300217 0.125045704093662 0.0703154245755965 0.136671607392296
HH05 -0.0395921156839732 0.0201242070532642 0.00475468548622491 0.0410961148797142 0.0227664945299374 -0.0513399832546957 0.0477307275299701
HH07 -0.0708246482344496 -0.066587779793945 -0.00654948057130532 0.0587623623418116 0.0407782993620659 0.0556002255549734 -0.0407096906049132
HH08 0.00831703013818579 -0.0846503913582609 -0.0244858163866448 -0.0137876548250989 -0.000430591642137848 0.020767984023382 0.0488635971158823
HH09 -0.0406433713062733 0.0470031428920625 0.0285917419631402 0.0354115964876161 0.0619787447882281 -0.0402574975431508 -0.0687773914513161
HH10 0.0883207754796379 -0.0124717455312222 0.0696993803602668 -0.0670449607116737 -0.115002951763711 -0.106405250749836 -0.141562292018137
HH13 0.00706078452397437 -0.0415727279776074 -0.0704641071088495 -0.0267640741132359 -0.0123864554689818 0.0329887043341971 -0.0615435025991765
HH16 0.0742373940623318 0.0411865897341613 -0.0509979088994772 0.0634124569736136 -0.0769954097140432 -0.00751260042193511 -0.0386699967337071
HH18 0.0255006025512395 -0.0274005262957153 0.0808905688100376 -0.0262393946800193 0.0199161743236186 0.137889825652583 0.0796736223673045
JB02 0.0815576945955956 0.0136963929953846 0.0875714303700061 -0.147197204511511 0.063535438897047 -0.0400101782089648 -0.0938745373156158
JB03 -0.0542876266058353 -0.0514953832940265 -0.104554566428752 0.035096270802562 -0.0168167735951873 0.126319950103787 0.0835498313147263
JB04 0.0747264447437457 -0.0250587574688957 -0.0935480204633094 0.102371373939637 -0.0297747692475058 0.0174967319614162 -0.0308690594064915
JB05 0.0589374423560577 -0.0209665967098314 -0.0590081473810174 -0.143690480206285 -0.0131858736253867 -0.23216000078084 -0.0515674366693636
JB07 -0.0064888369914698 -0.0092047122330248 0.0461008467142472 0.0558393873206735 -0.0293545290267043 0.00796091305167679 0.0682607875053061
JB10 0.0363391891833217 -0.111017386959334 -0.0508296034229395 0.00803561054972673 -0.00374694375393977 0.0365513434863927 0.030450173073057
JB13 -0.0310145353226236 0.0380198928478168 0.0722138186884779 0.13412868209121 -0.0225606346099503 -0.0502135166414221 0.0343500132633821
JB15 -0.085699430762011 0.0472435614250036 -0.165380421056388 -0.0130074457841359 0.0685596256064264 -0.0612442419903326 0.0798212314804469
JB16 -0.0827104907669997 0.0592297320623597 0.0122247511123503 0.0203384661377349 0.044035861136402 0.00502069636991915 -0.037148402104077
JB17 0.0259168848093034 -0.0828141291843484 -0.168304925613409 -0.0088637040629431 0.0879342586578955 0.0925621043280499 0.00376423676809144
NB01 0.00355184155953277 0.0390990566354074 -0.0354027842081995 -0.0505633870494333 -0.0112369237030266 -0.0557626584267846 0.0183725291214969
NB02 -0.0111571363638255 0.0586730609995543 -0.00234512054569633 0.104822589060184 -0.0664040010355239 -0.09807812157387 0.148977477509528
NB04 -0.0177074299270901 -0.0250577471174716 -0.00793952352316223 -0.0103002929768894 0.038651205718812 0.0273675029760104 -0.0428668057652193
NB05 0.00537727145743199 0.0827022742159349 0.0569959092367722 0.154564217308426 -0.0341331983516574 -0.0110178924486222 -0.00493258963721522
NB06 0.052230886907059 0.046436889698684 0.0464346498139541 0.0465869339198362 0.0912517718860094 0.0276999719599301 0.106398616161242
NB07 0.0631512126203081 -0.0891414657165148 0.0324188485766148 0.0110343901978575 0.0543296160574282 0.0039490232621507 0.0747261856381821
NB10 0.138502395895545 -0.133413891374296 -0.0352855356166139 0.0137562391618424 0.0401933429327256 0.135633711724254 -0.105372597813042
NB11 -0.0266554780527345 -0.0192836449734148 0.0267333236664524 0.150778195779056 0.00205657117456633 -0.0661451080033761 0.0170955546483406
NB12 0.0508313709138937 0.0261176869241665 0.0868814035970871 -0.101834992468264 -0.00785493842010513 0.0116979223994134 -0.0330278259082703
NB13 -0.0136621726652968 -0.00733294083958057 0.0514231971589142 -0.0062751353810313 -0.0463000719295622 0.0968692615243839 0.121303054450751
NB14 0.0654038995482596 0.0722259104863009 0.159143659871342 -0.0117893006621568 -0.0836614525161178 -0.0577649919877123 0.00937693820176039
NB16 -0.0789225220810185 0.113575750741079 -0.0154715260293036 -0.0102823101327688 -0.0938010744466593 0.0538405396787693 -0.0645955896690779
NB17 0.00398973830848998 0.002486882309064 -0.0425043257857775 0.0919335617535922 -0.0341363926108502 -0.016486980927147 -0.0154527389934289
PA01 -0.127875277763445 -0.0388562728537021 -0.0910362741229505 -0.0570785471093793 -0.0516137963790298 -0.0223642407980208 0.110686872220383
PA02 -0.0153652007470846 -0.0274297242858682 -0.113873944979732 -0.121976984688732 -0.0185883655952984 -0.0118755039174514 0.0181572338463564
PA03 -0.0507026958429569 0.0444902588011595 0.0189000660208839 -0.0631816694486259 -0.0440893863269208 -0.0186171104869195 -0.0644323593535876
PA04 -0.0106872412120164 0.0463158521186266 -0.0312069327489718 0.0272307175990913 0.135261748913821 -0.0627957113308669 0.122106151793182
PA05 -0.0241157117919853 0.111492126754609 0.0362213700375224 -0.0915388117426375 0.0623702757561355 -0.00991871515858065 -0.0344541291544934
PA07 0.179934453838038 0.0127482463230685 0.00557150916580143 0.0503576939330008 -0.00170650569971328 0.0197030302833425 0.03010590488193
PA09 -0.0410531104037793 -0.124115975152001 -0.0507481162204375 -0.0233231430122852 -0.0266206722703045 0.132126175026868 -0.0853388859359748
PA10 -0.0829088821529196 -0.00602953946639803 -0.00663562267898788 -0.0424636947537479 0.0105665848006374 -0.0670632679552816 0.0954799760314219
PA11 0.0865375046110946 -0.118261233135674 0.00683278194023325 -0.0588071357848721 0.0239650860617805 -0.0434791708263441 0.0832885307257203
PA12 -0.0105496464793202 -0.00288740728794736 0.0393289567580861 0.0683814479956338 0.0138060510478622 0.00176911821171573 0.0779592470408298
PA13 -0.015595891088406 0.00823792032355785 -0.0174415644400477 0.0773931076342666 0.148966498348065 -0.0412828435589379 -0.0572781902478147
PA14 -0.0743438549539415 0.0718494768526175 0.0180486150468258 0.101110560004715 0.103037983330452 0.0479297970390963 -0.0815118350135591
PA15 0.0607809602567237 0.0287118775183995 0.0633258390248505 -0.146014327364368 -0.0424422448449892 -0.0786283101195594 -0.0842520660190671
PA17 0.0352898794283783 0.0548127297766893 0.0315904173846473 -0.0549278085596661 0.0393596432016722 -0.0156988087696299 -0.033752467210833
PA18 0.0517040968360592 -0.0679146278206069 -0.0412321584612557 -0.0714397745960007 -0.125535440617475 0.0140392148425137 -0.131953487405713
PA19 0.0318209240278209 -0.143079417091881 0.162611917948478 0.0708967286107053 -0.0331846957426691 -0.0978795907336182 0.0357648509840757
PA20 -0.0703785145065524 0.00436701353400941 0.0636805824749848 0.0473904980477849 0.019984259816322 0.00866467915907363 0.13430474656929
PA21 0.0392962573702264 0.0542259517154702 0.0906710273072671 0.0655593546560761 0.0151221209455517 0.036818640114286 -0.0725186382010296
PA22 -0.0856517617757128 -0.025860215084974 0.097723242517396 0.0193362989957757 0.0507387018390907 0.0933934734155488 -0.0598894007479447
PA23 0.065133435189535 0.0396286674449569 0.00947619044896895 -0.0632324489995796 -0.041345972907673 -0.035878647079582 -0.0884767175277334
PA24 -0.000574799392045635 -0.0304574790879939 0.150128863288311 0.0520752201581204 -0.0571776163630327 -0.190093592695867 -0.0532303709682102
PA25 0.0126151433182445 0.0105350295308464 0.00361320397750618 0.0276555568332399 0.139768502278441 -0.0208434440797457 -0.00954264523698169
PA26 -0.0268536280965282 -0.023823581519018 0.008835712679506 0.015876785483708 0.058527582301387 0.0567456458115134 0.00818905139344192
PA27 0.0732550107924628 -0.0767404634199942 0.0421531083809758 0.00376212793373954 0.0651462185830109 -0.0483621482841931 -0.168341637452082
RB01 0.00861630221686633 0.0823870807943642 -0.103215830717824 -0.0300145274715621 0.0866427369306204 -0.157456025668548 0.00165797928393153
RB02 0.0698414211120885 -0.0562036032046721 0.0213520406140323 0.00605444808994683 0.121622936096059 -0.0219313622708822 -0.170650430840125
RB03 -0.0578965478607628 0.0326632014222434 -0.0345513945766993 -0.0715955701679389 0.157204468595964 -0.0740967648596664 -0.128338627147998
RB06 -0.0324275682378583 -0.0110837496890263 -0.152365976708698 0.0767912629012349 -0.057687958555964 0.0425760857561177 -0.073313806410404
RB07 0.0323802165112458 0.0258715413879587 0.0686123183095459 -0.0701053447780427 -0.0472373204654382 -0.0114657632608719 0.0262758914545829
RB08 -0.0678074650166736 0.0447022846152186 -0.0445987596217527 -0.109371557335563 -0.0917464135190308 0.0802621371758676 -0.0592426401702044
RB09 -0.110804774031492 -0.0106589995750373 0.000946577265595782 0.0368055430968991 0.0256513598252483 0.105902384398409 -0.058465393846659
RB12 0.0833155197099382 0.127941520737525 -0.0520885800669722 -0.0240182438126002 -0.0740133373181487 -0.0379714216319883 -0.082864869333745
RB13 -0.029560609864974 0.0665412411133681 -0.0826154872747108 0.0416927800110758 -0.0520359521342631 0.109981342550001 -0.0753573257652711
RB14 0.0165541603504692 0.0370795022546294 0.0205697823426476 0.0214657206905908 -0.00851263892707775 -0.0436554844892076 0.0122804961919486
RB15 0.00926322840119975 -0.0413249394026953 -0.018223759620262 -0.0298949604779789 -0.0842837362718564 0.101013193384833 -0.0486798979213713
RB16 -0.0194095162887937 0.0561641769412978 -0.0966670680783897 0.0871801984733785 0.0208967699824254 -0.053177441778409 -0.0192034981449937
RB17 -0.0548155030644119 -0.126621765236546 0.0593500347854251 -0.0550494709086865 -0.0748337079734832 0.117548704915604 0.00497438060937696
RB19 -0.0036918622863089 0.0860862305781707 -0.188575678606178 0.0106327093065937 -0.113403666131717 0.0641615745391098 0.0871012697541809
RB20 0.00565815536319886 -0.0211253703738122 -0.0420282740654574 0.0222646029284853 -0.0580999011059152 -0.0729273037199698 0.0538096706342039
RL01 0.120731945972335 -0.109262710463662 -0.0292291028170242 0.0751139834673261 -0.09147542288839 0.0515575113470575 -0.0145131612354885
RL03 -0.0879994301577703 0.0746712164408799 -0.0554275912581709 0.0182842589478378 -0.0964146153007901 0.00496062427861617 0.0423492760876683
RL04 -0.0611116309747649 0.0399315036311731 -0.0552335983300607 -0.0174235286863182 0.128932103375765 -0.00732683354132037 0.00271414476105901
RL06 -0.0248562457151707 0.111482974546329 -0.0508089971200004 -0.00854881550981828 0.101688480500998 -0.0394211738987892 -0.00237650901390575
RL07 -0.0820389482871332 -0.0264110579377708 -0.048726341894944 0.000948724950075399 0.0136463388546214 0.018524570349043 0.00568686622792321
RL09 -0.0249932713630563 0.05832159234966 0.0381697609696953 -0.0721864611256644 0.0983645626851708 0.00221316679630937 -0.0366390099051934
RL10 -0.0232636995152904 0.0488032383285334 -0.157052677239193 -0.00712417614284097 0.107135946954422 -0.0349897583960387 0.124078344421338
RL11 -0.101659399637403 0.069346162402803 -0.0959715165514925 -0.122447270549074 0.0258894209509041 -0.0674780057206646 -0.108311541567857
RL12 -0.0925692846893677 -0.0752285150754427 -0.0587942696263703 0.0300980941480954 0.0339618134316711 0.0153614715010483 -0.0607195390216299
RL13 -0.0896602253383127 -0.0952638314740932 -0.131609712157788 -0.0571994375689632 0.069645965987495 -0.0824979333456125 0.0826840623390191
RL15 -0.104710940133404 0.0856508542145407 -0.0881348909453816 -0.0595983063731055 -0.0529062558291275 -0.026483028304705 -0.0316080879709335
RL17 0.0258618265771489 0.0218691720355521 -0.0214028215343084 -0.0167641409189217 0.0896688709721098 -0.0389230694967197 -0.0552819244233525
RL20 -0.0121242838824723 -0.00530477117884758 -0.0844756731040334 0.0620455555460248 0.0537571058052639 0.0232871480962634 -0.097461715458289
RL21 -0.0267283240583049 0.0756470069704734 0.00253895471824776 -0.0494473913234416 0.0656883155226028 0.0174402155427593 0.0174527350648012
RL22 -0.0687762929920989 -0.144423454354546 -0.121454751104306 0.136813730843236 -0.214475294677344 -0.182549448669937 0.106735461332853
RL23 -0.0371042301050688 0.0436078706188991 -0.145042971085948 -0.104934819475593 0.0405693752759299 -0.00871576825296597 0.0428593751365756
TR01 0.0350659988120079 0.054102265684553 -0.0530119458809603 0.046619687298479 -0.047101426682605 0.0549188069383718 -0.0576145582466261
TR03 -0.0563715401318562 0.077296729858246 0.0325831361238665 -0.0651558471176598 0.0844555350860687 0.0631718568752427 0.0218247162070706
TR04 -0.0260896436678328 0.108349215840053 -0.0242927824025116 -0.147963913049848 -0.0770236306614384 0.0622957825790881 0.000263701280251952
TR06 0.0100970935560695 0.0919542946178997 0.194033918519569 -0.0203495716805697 0.0465228006325045 -0.0665183710779738 0.00255772861060955
TR07 -0.0162318246750852 -0.00743779273916307 -0.00115119947047985 0.161452060728517 0.0709372095390074 0.0594975924395038 -0.0811076180711253
TR08 0.0558144973481567 0.0347596011979866 -0.0450489370766645 -0.0151274672100786 0.0686850141395314 0.0725705806321389 -0.0340945955349065
TR09 -0.0961777448504812 0.109245896338641 -0.0246949118203757 -0.00695503446231573 0.00493765519425369 0.0642558059341092 -0.0642698198661408
TR10 -0.0208813012616954 0.102871593151419 0.0407537475515506 0.103223759046549 0.135763657057579 0.0372230072856625 -0.0745124165158833
TR11 -0.0335201377185941 0.0722513245407724 0.0199342088295318 0.0712865443446729 -0.0256699152300898 0.0308701273610912 -0.0109340215447043
TR12 -0.00594924708567544 0.0451629373325757 0.00240729991657089 -0.0972878644082721 0.0756975199604778 -0.0389623490129086 0.0569537853797551
TR13 0.0443595144835097 0.0343234205980472 0.126292173705989 -0.182313408543779 -0.0290371946083938 -0.0501792307743476 0.115405711192077
TR14 0.120493691944814 -0.207380800675878 -0.0770446979755966 -0.0824995338186936 0.0108592617529079 -0.0509859295060763 0.15837903920238
TR15 0.0668285884561811 -0.00765853496903654 -0.0427732921521329 0.103416165422757 0.021732101878702 -0.0500649229985314 -0.0750364963276507
TR16 0.0642887004405049 0.0265199840347792 -0.128848309955994 -0.0423633080790605 -0.07633290024261 0.0249252299559656 -0.0347689921573401
TR17 -0.0161936370408683 -0.0311121865353922 -0.106320958017198 0.0793868429342817 -0.0348933134084992 0.0949848056686709 0.145451372146576
