sample MDS1 MDS2 MDS3 MDS4 MDS5 MDS6 MDS7
AN03 -0.0169197362707854 0.0260891463063786 -0.0317137112308687 -0.038239229495894 0.0531708126209127 0.0682458870517916 0.0260640868867581
AN04 0.0463539326081843 0.0270606672090428 0.0501164562179981 -0.0512211669858056 -0.0451816789570428 -0.00511344833736082 -0.0511732495791838
CS01 0.0577886966807145 0.0710031729694552 -0.00805860845810459 -0.139431581152001 -0.0480611123563587 0.0314366502112556 0.0526383223415811
CS02 0.0483809608466921 0.00289374513211998 -0.028938355576804 0.123840505308352 0.0397490872707461 0.0267011077980964 -0.037071939733675
CS04 0.00551806794013262 0.0186231344626908 -0.0147792540509901 -0.0220368400105277 -0.018169405795924 0.0956647291293439 0.11896471407502
CS05 -0.0505763680486236 0.0460107133175405 -0.10948237436587 -0.0962202434257949 -0.024357337923204 0.0772171202040473 0.103697933469033
CS07 -0.0649678745282712 -0.0544753086051392 -0.105949387778227 -0.0282293591256457 -0.104281551606421 0.0631684414888578 -0.080750677271053
CS08 -0.0865138969127257 0.370390765480091 -0.156494547273873 0.141228504863316 0.0809742202004271 0.0980144777532836 -0.0241377004210585
CS09 0.0686175853726361 0.0652018226013794 0.0623613159691735 -0.12047092662915 0.0278584706710415 0.0373393317980765 -0.00318790272617681
CS10 0.0112968715647342 -0.0789360777397919 0.00534370580189136 0.0830614245544887 -0.033955192307114 -0.0556365737019685 -0.037368451438916
CS11 0.124231332782672 -0.0357284818916211 0.00438188257273078 0.0721620987491203 0.00565203447516754 0.0472474424309066 -0.0726623580364049
CS12 -0.0708169725784481 -0.00703052143990423 0.00696398762297278 0.0598176519903391 0.0480534447104376 0.0625136423418503 -0.0466543095050682
CS13 0.000487193574584714 -0.10991322513651 0.0814771300161363 0.0922414309937454 -0.0248825765957352 0.0159639142168532 -0.0682928013474619
CS14 0.0484926373647528 -0.0352893910240638 -0.0331898406272315 -0.0650815065100092 0.0298603176530768 -0.0285066271040535 0.0594563503736918
CS15 0.0316128551249478 0.0017795096311358 -0.0674819380189738 0.011673950722082 -0.0436401396046136 0.140649450010778 -0.0234688242964359
CS16 0.0593216329591294 -0.0453384726748792 -0.0814653986265497 -0.0337928641355372 0.118595311761781 0.063816102832325 -0.0623830065862707
CS17 0.0994102897533312 0.120338972264064 -0.0344256250691404 -0.0356477656552058 0.0109265815945047 -0.045115551499366 0.132479477591563
CS18 0.0212750763100733 -0.0362267263019425 -0.0789678525008901 -0.0483658259557265 0.0873156029905588 0.0104916948288492 0.0277576214922573
DK01 0.0585221792566849 -0.0571315470139164 0.0336184769096438 0.0255002359277931 0.0452113342637756 0.0858750726564249 0.0143695598165017
DK02 -0.0363981866860033 -0.0607390718194286 -0.0356896475705071 -0.0197963850119875 0.0134949640737056 0.0237270434917634 0.0904967529188091
DK03 -0.0876026720150179 -0.0766626446336199 -0.115181865776633 -0.054427257011005 -0.122466768805347 0.012400110865408 -0.0256791206293757
DK04 0.0104655965234169 0.0413680457290667 -0.152226790205418 -0.0238229497504317 0.152683739862583 0.0679714198511584 0.117658196864916
DK05 -0.22144399222896 0.446618965401174 -0.219473214723752 0.146957913454013 0.110430311830541 0.0953845738885419 -0.0739776866617217
DK06 -0.00327377633024407 0.0693050983719853 -0.0148225544321603 0.0404234235986363 0.112204592268883 -0.0571528328460461 0.00664530668053678
DK07 -0.0275004210529013 -0.0730908685585006 0.0428890563310036 0.0542324994810005 0.0991318830396679 -0.0665619022604619 -0.031426045523341
DK08 -0.107758158362421 -0.0628794726283034 0.0346787410794005 0.0145715429009428 0.000988465230310303 0.0308514101650257 0.0236363738147573
DK10 -0.197580408351719 -0.110512505413507 0.0656455536596807 0.0314243507260607 -0.0425788180954867 -0.0152913050308327 0.0819116818958255
DK11 0.0670711944356158 0.0245022665859617 -0.00574628716875744 -0.0344302696071414 0.136658804450319 0.0939999132835961 -0.0987016295687096
DK12 0.0471687952621158 0.0467885246734501 -0.0165417070969636 -0.0352974470910779 0.0389537521554665 0.0325914292490756 -0.0650153696889264
DK13 0.056029167902676 -0.0199808071187724 0.00541126165570374 -0.0497589646316515 -0.0333543368694144 -0.0555949879185227 -0.11936825630092
DK14 -0.0418719378499311 -0.0607340350233743 0.0661890156698353 -0.117044376247998 -0.000255525895880757 0.00922130100061644 -0.0972585963332932
DK15 0.0861719966428024 0.0323869206081308 -0.0802880113191358 0.0451174341146503 0.00192655154278693 0.0476733221590998 -0.0459720257051842
DK16 -0.00915833479050119 -0.0124856241208864 -0.0662446631924373 -0.0697040749393615 -0.011844640942185 0.0205437176381384 -0.0614374455465113
DK17 0.0030900496919432 -0.12750116795593 0.0369153031238824 -0.0389644405284732 -0.059817945110953 0.0857387577805344 -0.0361623605345439
DK19 0.0686754851551208 -0.0247028247343606 -0.0672778089013719 -0.0605512693329672 -0.0259939737381557 0.0703237422742877 0.0407343063189286
DK20 0.0605021642057985 0.0409128347465408 0.0284586403172329 -0.0244364986249902 0.0881216095502351 0.0270313628885096 -0.0437837431040205
DK21 -0.0161324014901041 -0.12790331028332 -0.0673921012005032 0.138117486928145 -0.00664397792540278 -0.00851909474497553 0.0389972105367461
DK22 -0.0275407138742955 -0.0868677080500735 0.0886917592995219 0.136052007722778 0.135553374897126 -0.00429178087664246 -0.0302080603859943
DK23 -0.0368234041705613 -0.115298759491562 -0.0508966179554595 0.0399196564098547 0.0512214877062357 0.0669360583208242 -0.0525056209115219
DK24 -0.0622257905734522 0.0676737426606853 -0.0342312316019327 -0.190640553313612 -0.0579495014450086 0.114811629192531 -0.0552025972995307
DK25 0.00606120359211169 0.0529403892937315 0.0178852543296626 0.0240096944561248 0.0918072650764082 0.0690569957197229 0.0610925924557677
DK26 -0.129979293039282 0.00143847310407014 0.0474187357860737 -0.0320409592527026 -0.100270898875837 0.091010141948409 -0.135513404156161
DK27 -0.0903702681311448 -0.0895666877925974 -0.142472091206232 0.015879358194293 -0.0172674359899364 -0.0633896736049612 0.0341791159233387
DK28 -0.151112988648935 -0.0429531106155597 0.167454829280719 0.0665339695948779 0.0419676813695846 0.0944207350535575 0.00758084481166645
DK29 0.0774165753851985 0.0319538107391923 -0.00760453355981343 -0.146352171260769 0.0204967679528586 0.0610104941957737 0.0703576651112495
DK30 -0.10808532148078 -0.0933567915679763 0.0653524876090284 -0.114035822933879 0.15385648782331 -0.151335272598745 0.0334801603523137
DK31 0.0358216301431452 -0.00264236650613476 -0.159087656332326 0.0191782661033444 -0.0438575824199585 0.005785162379471 -0.0202653869740017
DK32 0.0660323098988848 -0.0655992982115315 0.0197312681505771 -0.102800621934672 -0.0133422664299042 0.0708493575106803 0.0716614781695663
DK33 -0.103252320113523 -0.00847374341025509 -0.0818962577081513 -0.216137985901121 0.0205840928966819 0.0174242154758195 -0.0447759244412284
DK35 0.0287742279280407 -0.0414680589671741 -0.128587650716302 -0.0369366792679351 -0.00106381049534456 0.128668978129645 -0.013176831700598
DK36 0.0880235443749486 -0.0495195671059026 -0.0665952978573519 -0.0791606844027856 -0.0483808474934909 0.0550391685146067 -0.0187525379662036
DK38 -0.00241539772213053 -0.0321575369988361 -0.0095447999097954 -0.0676757197993408 0.241058560681184 0.00191305934570495 -0.0879887113906356
DK39 -0.00260438369403964 -0.0531493565457701 -0.115759904837054 -0.0763033188255251 -0.0292997223994165 0.0056696626378348 -0.0357431400722363
FR02 0.0656315161584217 -0.0302015995105718 0.0675061633667431 -0.00084691408436614 -0.00568269731680941 -0.0384499362659639 -0.033561277228287
FR03 0.0193167076831339 -0.103925441803482 -0.0329165413824555 0.0286496981901726 -0.0696573308130434 -0.0250704279065624 0.0824983187478353
FR04 -0.0827072000772377 0.0350809254430274 0.0237044013731043 -0.174425660272025 -0.192447765475384 0.0975011900136332 0.00623600189238452
FR05 -0.131597195305157 0.0542296605117024 0.073505143581259 0.106235881964426 -0.143808112682639 -0.0841495931813353 -0.118086435993475
FR07 -0.184522078419579 0.0642287361814019 -0.0157492837759849 0.000309739999413715 -0.175948903477134 0.00442209752833047 0.022822674280494
FR08 0.0675735354682155 -0.0292485383060618 -0.0106425124098122 -0.0922420653017733 0.0653607259193777 0.0913333913898958 -0.137861272505693
FR10 -0.025031363997781 -0.0348191350883838 0.0420215591990605 0.082809883953465 -0.0214216477945359 -0.143355225877308 -0.0366191718777501
FR13 -0.0652065037343645 0.00345447883762104 -0.145150065189007 0.0482483695064252 -0.141711023584129 -0.055272969478921 -0.0882051453504794
FR15 0.0538358476089495 -0.0167225918025585 -0.061909765446638 0.0581086068380106 -0.101057093313012 -0.00521701003580631 -0.0233231082855184
FR16 -0.179079535850792 -0.0321354882428895 -0.0248319553908782 -0.0461586805920572 -0.0109432223564249 -0.00905477746766306 -0.000429048666078308
FR17 0.075747714929212 -0.0703581888609471 -0.00092477762956349 0.0405028466408552 -0.144692982358681 0.0472886561423778 -0.016702365908914
FR19 -0.0421234067746707 -0.0632000660504931 0.0752817262167242 0.0337780922123139 0.221181771446477 0.0286786411248455 -0.046780744619039
FR20 0.138429848621659 0.00833670389818447 0.0834283531685635 -0.0184794832847089 -0.0336976857288644 0.0749905140648908 0.0184368960609986
FY01 0.0500114023336894 -0.0519047220689001 -0.0193942717614571 0.0331962637516162 -0.103717800913159 0.0186049677759077 0.0577764668687338
FY02 0.101035815363554 -0.0662590945869222 -0.0608834524547377 -0.0193416616873136 0.00397643513502128 -0.0261153066423744 0.0155828411864723
FY03 -0.0407128165402089 -0.0766470978253344 0.0321405736435039 -0.0161403104880159 0.0508067819981532 0.0511943433860742 -0.110805669676009
FY04 -0.0688667026491375 0.164200403649469 0.0291967798484256 -0.0900652331825675 0.0361035631786943 -0.0672011328218091 0.0974483149095764
FY05 -0.000486512186014544 0.0118480806718946 0.115370461782246 0.136751362450091 0.060952733131374 0.0124549890758606 0.128469475568114
FY06 -0.0173010634334795 0.0537532815939157 0.109904428441664 0.0603492213825466 0.0229983539173638 -0.00763425969789005 -0.0317708972580059
FY07 -0.0752082328388435 0.089836584516505 0.042225082590429 -0.0807251672073322 0.0345097736206151 0.0210244065434956 -0.171093350383299
FY09 0.0313190022095549 -0.00815024547242612 0.0391776006053134 -0.113020437782727 0.0700781104946921 -0.0682988824973066 0.00213107162182536
FY10 0.0512662154650724 -0.00241628014653699 0.122284037644036 0.0548889906778977 -0.00405468536630644 0.0541944655544737 -0.0696174794764882
FY11 -0.0807670378001562 -0.0458333860406914 -0.0484330407708391 -0.0383929244493558 -0.0185916075466294 -0.0570545814971148 0.0165304404079073
FY12 0.0503095712837851 0.020180174925533 -0.111371251934779 -0.0067314483844693 0.0867635292774175 -0.0988040883390672 -0.0729049464806067
FY14 0.073939742264907 -0.00184154893654291 0.0522355912004336 -0.0510534867415411 0.0136506790542798 -0.0837541052106767 -0.106879395413498
FY15 0.0740835421219103 -0.0430575539265928 -0.0579610156427958 0.0302138175835412 0.00104113325517638 -0.00644245609153916 0.0696235926644162
FY17 0.0456898933747403 0.00797881396149126 0.0316824124544371 -0.0407010591236609 -0.0112040583434483 0.098374259623682 0.101028882480056
FY18 -0.0581525613150227 -0.0192670622607846 -0.0207870394830838 0.0972759940773634 -0.00691447705005318 0.0763245420089265 0.0439976552431285
HH01 0.0880871720757176 0.126287354256292 -0.0404912225077747 -0.0297640719496065 -0.129957074808781 -0.176971934654487 0.0168959208457346
HH02 -0.15722403347555 -0.0607918568828172 -0.00321002298550432 -0.107579156722793 -0.020135265235635 -0.161224965006202 -0.0527749552850282
HH03 -0.00285078302550224 -0.0204625984658368 -0.0210432428485781 -0.0202144323373748 -0.0187901933093465 -0.0965744182367284 0.0748295924876211
HH04 -0.0449827784929297 -0.0891533712382494 -0.0336530242306101 0.000790369016675614 -0.147126309516733 -0.0426717032820838 0.0314144012347565
HH05 0.0196273865581803 0.0145173419199398 0.0125702962678571 0.0710721303031448 -0.0408403983995813 0.0867712859800294 0.0735250112928144
HH07 -0.0603356966072429 0.0785948118932928 -0.0204452220924582 0.0440153027580779 -0.0391024746321315 0.0588097971616724 -0.0285349188887497
HH08 -0.072419332608067 0.0112314228109746 0.0363820773221874 -0.0463010467431895 -0.0201783748296799 0.0123715975119908 -0.0278093281133561
HH09 0.0533367734089001 0.03230223247805 -0.0462193039530814 0.0934824583759244 -0.0157807808337028 -0.0440411815862557 0.0165572973288463
HH10 -0.0522585123091242 -0.0742139030554499 -0.0484337675994165 -0.0355785676017494 0.175276204697059 -0.0420387792357749 0.142066195962991
HH12 -0.0255516014191993 -0.0258924389271255 0.00484358904395848 0.09384124308537 -0.00834445134161787 0.0255183119906799 0.127901238868236
HH13 -0.0148925745074061 0.0306781261502297 0.0955263074871965 -0.0198489678265672 0.0469701717814077 0.0111022005901481 -0.0343505229169556
HH16 0.0171159331071973 -0.0700595998858288 0.0792762258986804 0.053336743101337 0.0919978541683305 0.00186326358340834 -0.039426684293182
JB02 -0.0237096857778743 -0.081024272798927 -0.110141304138 -0.0804070199954927 -0.0193138028423065 -0.207578760624731 0.0325589003282762
JB03 -0.0317293749924911 0.0712901771983629 0.124784153127326 -0.0512788338643244 -0.0860499669581425 0.0495437796130778 0.0120521399722893
JB04 -0.032236652684045 -0.0449180451542861 0.105302851452051 0.0438778110596646 -0.00292671937302006 0.0226073579746751 -0.0608522309143769
JB07 0.0105722692100194 -0.0133336146654613 -0.0293506965921944 0.024310239880621 -0.00684725016016753 0.0644729005562446 -0.0185525364076039
JB10 -0.0951352462901088 -0.00226483228091029 0.0742872933834974 -0.0425644324608625 0.0211147982817779 -0.0411603808466142 -0.0362428307636564
JB13 0.0229438065245912 -0.00613082135170838 -0.044826931294297 0.130821680137719 0.0589577287718782 0.13761051232813 0.0254845860561376
JB15 0.0526842949879404 0.116013351181114 0.122208160063611 0.0309661179034612 -0.0870470759927528 -0.00614857278515993 0.0606001251805621
JB16 0.0740354727230399 0.0544154041556597 -0.0631399591826197 0.029593937819377 -0.013016632913785 -0.00521825304073977 -0.00679541373299818
NB01 0.0122690837387676 -0.00855361819718742 0.0389700082119785 -0.012615590261099 -0.00096229669259051 0.00773954180975319 0.0882264565249693
NB02 0.0516723001723492 -0.0343377370041188 0.0541995203262411 0.0772817128971818 0.0076817221285284 0.153856359122153 0.0716089054411895
NB04 -0.00585248511989257 0.0118600760582085 -0.00057636937823439 0.00388224523734906 -0.0231757841484194 -0.0391373311877473 -0.00794981158764716
NB05 0.0706732679282179 -0.0676514860771831 0.00727470850982111 0.11718933851879 0.0220970610076231 0.0709790686370975 -0.120832827188884
NB06 0.0255711619234957 -0.0913649931705277 0.000309270516410543 0.0564877744749255 -0.122533361859031 0.0732468131427958 -0.0176092490860274
NB07 -0.116817374700847 -0.0782437999084989 -0.00495612163423232 0.0302113772170157 -0.0694716613838887 -0.00543076107542623 0.0166805081645018
NB12 0.0053462386265573 -0.0661877445947344 -0.0462382420788048 -0.061629275042679 0.000588570158322966 0.0309871249123526 0.0822828128972006
NB13 -0.0202645211018316 -0.0326315725626927 -0.0355792859164305 -0.0863758767533965 -0.0533801664449053 0.102811026303126 0.0310211795901125
NB14 0.0256322979176914 -0.119482008062027 -0.103635965672573 0.00798449833692141 0.0925342857437984 0.0440034297802046 0.0923689840905289
NB15 0.0606222510183566 -0.0355603935059094 0.0291307144014195 -0.0544933423625684 -0.0163277413222156 0.0711584146362888 -0.0741012119216573
NB16 0.129979796086733 0.0350703525957391 -0.0174039350550848 -0.0383176971207799 0.0513903427682955 0.0525861884605076 0.0268513721310436
NB17 -0.00301177426042867 -0.00489084412358636 0.0695151304910445 0.0794552086786032 0.0493032954332105 0.0091963322645446 -0.0151536417778207
PA02 -0.0222536109165545 0.066275318221691 0.10087824841594 -0.115612741870802 -0.00682398207579245 -0.101662428346072 0.0456768426585585
PA03 0.0429906952303285 0.0279631279932379 -0.0291800874731099 -0.0359632452325315 0.00916219337317899 0.0180102079197516 0.148349089547337
PA04 0.0413319447946541 -0.0143074553817557 0.0402300488281067 0.0701659074442447 -0.112133197671771 -0.048811977348591 -0.0625165637324735
PA05 0.100828477993544 -0.00840891485170582 -0.0864715859694179 -0.0313917889183714 -0.0830232684319944 -0.112718265930931 0.0704025089743297
PA07 -0.0409732152793108 -0.178229316415635 0.0674749886035547 0.0110845905387867 0.0203974782159835 -0.0437579612832916 -0.0234263860545856
PA08 0.0739532641747977 0.0126238193544894 -0.0433872860921311 0.136012952120709 0.0397396800307824 -0.0489544477620389 0.0509783038487436
PA09 -0.0678612311464871 0.0912317676003414 0.00314514769998571 -0.0854691010543282 -0.0172652228272783 -0.0459546637737042 -0.224335365876363
PA10 -0.00325386783680758 0.0548593791178822 -0.0291255056466426 -0.0157704679658366 -0.040082080978631 0.110650092833586 0.144430025175972
PA11 -0.145976755315206 -0.0505353276004105 0.0217405625610336 -0.0289371526000736 -0.0289168595969168 0.0475372461765742 0.126454105665423
PA12 -0.00658711472894054 -0.0120118951671411 -0.0226133892412752 0.0894645496452934 -0.0394989410395759 0.159461363706218 0.1147151851909
PA13 0.00388730583314622 0.00913622494429101 0.00135684342267617 0.174021486630675 -0.0544572472889429 -0.0837861590667467 0.0297847518748474
PA14 0.0745570164434823 0.0308560147134807 -0.0310037294523389 0.145743234466423 -0.0516400227699409 -0.0623838380188919 -0.0423234350341661
PA15 0.000203656381595879 -0.0639755075323081 -0.0411060283511724 -0.104835922824646 0.0998176874995204 -0.137861451037202 0.0823197565953026
PA17 0.0414624151753884 -0.0569288856582561 -0.0318404869274937 0.00325658070389409 -0.0177090615800949 0.0103715087542663 -0.0043918329427198
PA18 -0.0647065572405002 0.000750840299617202 0.0651448885178754 -0.0805256583649291 0.1897224383013 -0.101975596744965 -0.0158084893436447
PA19 -0.164296524635171 -0.0495995935785334 -0.137033202292081 0.0610253891288118 0.0739632799288924 0.0608862683800539 0.0508692960332365
PA20 0.0130512682046636 0.0186098557594271 -0.0515981589334209 0.0207158166116095 -0.0842398644225043 0.077388503746542 -0.136286437738466
PA21 0.0244910723016242 -0.0727255147976596 -0.0986313614769313 0.055309891263019 0.00161774164578737 0.0130280895909433 -0.034267599372619
PA22 0.0107481262093375 0.0672091972839719 -0.115411131745083 0.00330766499692164 -0.000850977469734194 -0.0702034119407687 -0.105075642809299
PA23 0.0173928918763041 -0.067017515435546 -0.00913283014700281 -0.0608155741408958 0.0384452571955513 -0.00478765424655508 0.0530553359765686
PA24 -0.0589076166822745 -0.0478201074549888 -0.0959985711029431 0.0797650828996128 0.157669179945071 0.0334540662219859 0.170666148104323
PA25 0.00337282541159821 -0.020928348528866 -0.0084903366110611 0.102102650071485 -0.103629606825479 -0.0171544043059377 0.0507049771478061
PA26 -0.00861235548352313 0.0203614520480474 -0.0451746296305241 0.000263883569147365 -0.0326181912923637 -0.100981185383345 -0.124414048332278
PA27 -0.0919588431086855 -0.0363611482617114 -0.0572305293413004 0.080593174579772 0.0578936668854833 -0.0999221101075967 0.00987213623411398
RB02 -0.0824723218816847 -0.04591658001397 -0.0361562218200753 0.103395388178668 0.0565355047654778 -0.208402210587192 -0.00743288276718915
RB03 0.050315927488147 0.0680763326219517 -0.0251654812757536 0.0362440374390937 -0.0142526230635125 -0.162695759891833 0.118682954413152
RB04 0.0303087605327987 0.0495977437668379 0.060557445046107 0.0144061037547269 -0.00535604466368186 -0.151997982618805 0.0587966862399011
RB05 0.0167850391677198 0.0620494228543385 -0.00651398306432132 -0.000373840626965724 -0.0950260091922183 -0.11008608571124 -0.077067492460882
RB06 0.0276504130459969 0.0774464702195483 0.160897781517155 0.0272499539667551 0.0780080568919044 -0.0205962353998817 -0.081366759650889
RB07 0.0227393335811681 -0.0490899120712115 -0.0343324915053491 -0.0969390974440198 0.0827793336282302 -0.0468284238818783 -0.0624587776214595
RB08 0.0644868837929069 0.0538320494261333 0.0308276375633512 -0.14211750926819 0.0264765802624007 -0.00244093245720391 0.0501036310722031
RB09 0.0482114141982951 0.0949365062170407 -0.0458999195394111 -0.00957466344154381 0.0328918183456534 -0.0940968647593946 -0.0800057154597398
RB10 0.0303599939394195 -0.00618974344872057 0.0899727627305824 0.0961761225872757 0.096015664829418 -0.0331413944970012 -0.140402421016118
RB14 0.0114111313331515 -0.0240205039156518 -0.0172161196284759 0.0210404456971004 0.0217566298991174 0.0390468387345054 0.0441658354231998
RB15 -0.0319171290931371 0.000318443691713589 0.0400850312242602 -0.11455603167545 0.0416710312285798 0.0217834880931623 -0.164729697264018
RB16 0.0657762822225453 0.016630583843551 0.126366822895543 0.0628050661134371 0.0526553802153988 0.0279226642504742 -0.00448035707787072
RB17 -0.0999517755429767 0.077687460293966 -0.0630674180424517 -0.0949574900352166 0.0315651876079631 0.060039588714697 -0.0694626678941031
RB19 0.086385581308182 0.0200233833829551 0.229084723183399 -0.0674132179666654 -0.0448470373324005 0.137678312650725 0.0279125229316699
RB20 -0.0427767660538196 0.0078325594548004 0.0869237322819027 0.00155240642581935 0.00929877431058415 0.0889378797158613 0.0596778951552809
RL02 0.033447750125062 0.0264782284777225 0.0443681775903756 -0.0347381567495134 0.121348708903169 -0.0343990979648587 0.131298023864542
RL03 0.0810939361230654 0.0636226781316887 0.0935012718108523 -0.0192955122035266 0.0444266748547942 0.0831666036479304 0.013016953469881
RL04 0.0577768424133699 0.0650731715961197 0.0128397550485468 0.0716895890109975 -0.119715121993407 -0.045841917417354 0.0655245144428205
RL06 0.0902360560569864 0.00619494652129053 0.0232024048294947 0.0641881792509449 -0.0747234539618337 -0.108309717863424 0.0651998549861437
RL07 0.0013443263440943 0.0869786789178256 0.0293549018567384 0.00774949997753791 -0.0201165256378902 -0.00775791765046309 0.0415850091004022
RL09 0.0576378662956382 0.017353806808288 -0.060364453741283 -0.0167906573002926 -0.0413226640311421 -0.147799106101412 -0.0107543592461767
RL10 0.0432323752272108 0.0363929992159251 0.163719198008493 0.0455277480310855 -0.118068972096054 0.0141027035718817 0.0378112919509448
RL11 0.0765816220176636 0.125322298312846 0.0562979924097599 -0.0321884117326438 0.0210125605696203 -0.174642493351542 0.0837644150380171
RL12 -0.0396764805177919 0.119885890884025 0.011489507657966 0.047655292422694 0.0161345984162143 -0.117699468206388 0.00507518946168033
RL13 -0.0886563603005876 0.148699373303726 0.11965630721726 0.0385651332626358 -0.065581214982749 0.00130699425844558 0.123100889778742
RL15 0.121147944959129 0.10643919602037 0.0572893003559143 -0.0532712578237366 0.0672239801321457 -0.06048756989376 0.0447517971258074
RL18 -0.23119786934717 -0.0541447224523176 0.0308517991051152 0.0147516346997922 -0.0507356059832116 0.00647140839830074 0.0726716969312222
RL20 0.0112006945840162 0.0479641681409886 0.0693920921896798 0.0551439649273848 -0.0328970291132418 -0.0787620863294111 -0.100335928342181
RL22 -0.099860468716538 0.123921934343272 0.125141176810603 -0.00384739614491518 0.061891772127229 0.00385315825216691 0.0474599094564169
RL23 0.0380260562223763 0.0723810080388846 0.111404475602124 -0.0569351298105737 -0.0745538369732099 -0.0725436158222329 0.124006132929606
TR01 0.0581126019157043 -0.0348708780820127 0.0835037359448971 -0.00877852844894569 0.0773418703704562 -0.0165548122441279 -0.118400397512826
TR02 0.079292038001514 -0.0214281749377583 0.00564961273455046 0.00767429107467706 -0.000250356162248158 0.0933051516204915 -0.00733844405854942
TR03 0.0755299321104263 0.022348739126114 -0.0583039210601356 -0.0508425155756784 -0.156895335310529 -0.0276405209839916 -0.0461585909534834
TR04 0.122142114185904 0.0169447430672962 0.0102795631610273 -0.169906630950301 0.00405592579463851 -0.0464522326924848 0.0128858520702165
TR05 0.00401918728735194 -0.0176804944675878 -0.12051352805636 -0.00454395684370312 -0.0260191784620474 -0.0200548704986626 -0.162027325811208
TR06 0.0649910474051966 -0.0881583963277961 -0.17961122573761 0.0304648902365738 0.0362839632702457 -0.0215622097352396 -0.0266420599115915
TR07 0.00508187859122995 0.0173882172178487 0.0276430026960373 0.135352531271494 0.0534207159042393 -0.0278255460528613 -0.0438828922092714
TR08 0.0304451610236137 -0.0534108391390401 0.0765724633298591 -0.00716404249988717 -0.030157577136848 -0.0742454550564985 -0.0604245256918949
TR09 0.119858512929895 0.0669493289976351 -0.011989875732891 0.00470972279006787 -0.00618926319898645 0.00616222901165124 0.0470721143625826
TR10 0.094891134053959 -0.0321019391376564 -0.0446759315216123 0.147255037384635 -0.0762317108424772 -0.0324001103275392 -0.0233962225939673
TR11 0.0674924921799259 -0.0075336334988451 -0.0174352805660003 0.0330074430523158 -0.0487056246396977 0.0337859161587987 -0.061981846217246
TR12 0.0278692834627572 -0.000262897523674217 -0.00663309598392864 -0.0558959131137395 -0.0902444665198842 -0.0743816800447321 0.0862504713020863
TR14 -0.25881881887931 -0.0419502677232996 0.125672774061558 -0.0672865400758116 -0.0531069615706399 -0.0255685302075614 0.108178214692513
TR15 -0.0200927413431797 -0.058844296583327 0.0762212493832845 0.122975376627193 0.0583466176055828 -0.0380321270019212 -0.0106137964801817
TR17 -0.0303576070430929 0.036588895804039 0.126148065673393 0.00681167740128986 -0.121752126608052 0.128372492931397 -0.0787371821421621
