sample MDS1 MDS2 MDS3 MDS4 MDS5 MDS6 MDS7
AN03 -0.0240940718981477 0.0283196254328859 -0.0657493163681382 0.0255591307266937 -0.0531394852305881 -0.0481020041030099 -0.0465824501734076
AN04 -0.029674885348645 -0.0560166147949017 -0.0363000447463945 0.00527424840992794 -0.0303539521992287 -0.0944896163605161 0.0325626285829721
CS02 -0.0701155151409397 0.00615219664774402 0.0928096639981593 -0.0502561957362228 0.0638097897589393 -0.0270465563746294 0.0179824194258527
CS03 -0.0383925938537197 -0.00552064738955621 -0.00656177149299124 -0.0350060336121603 -0.0196878573238007 -0.0778980436737517 0.0733245123857408
CS05 0.0184095708522188 0.0846107587170534 -0.1076536612426 0.0199005974774464 -0.115263647564773 0.0418850470187137 -0.00747604731336429
CS07 0.00754061240568595 0.129888968808757 -0.114642248574499 -0.141362970664037 -0.0138462773638859 0.010748113011242 -0.0490995397845978
CS08 -0.0267532997169577 -0.0427687077349273 -0.0458706728329055 -0.0453896236368524 -0.0339533844353336 -0.0285795582569168 0.0567571026421127
CS09 -0.076879444985721 -0.0903097895986491 -0.0584016183058992 0.133698011747268 -0.0715124688420863 0.0305963842662486 -0.054726369000129
CS10 -0.00530716797846316 0.0421458560799354 0.0919063616574165 -0.067526523955555 0.0593851924057067 0.0304878045495584 -0.00976033471163001
CS11 -0.095715405719586 -0.0365342852690821 -0.0267281505599362 -0.0233250953417644 0.102948686372883 -0.0227821356562526 -0.0219893647892219
CS12 0.0398971298330561 0.00706521143844567 -0.0305027893696379 -0.0569531031754819 0.0858782604965457 -0.00546949685539748 -0.0555422750912289
CS13 0.00799716984357799 -0.0247310720025125 0.148951678796015 -0.10594767364428 0.0706436633419594 -0.0754481922490805 -0.00929638020688282
CS14 -0.0565743789623191 0.0301455835050499 -0.0279721532061041 0.061755258288168 0.0349193273132478 0.0588871072092903 0.00980737266694882
CS15 -0.0617387845029696 0.0432945078868128 -0.0225153128000855 -0.0303777548134969 -0.0621125122345925 -0.173109551762966 0.000248084349457528
CS16 -0.0766663838919946 0.101441112623087 -0.0650635151556867 0.053510435553902 0.0917909265189892 -0.0651799758751608 -0.0398539071243175
CS17 -0.134475190417073 -0.0601181891522624 -0.0255631150763168 0.0712284715357667 -0.0979390070779408 0.113101044666105 0.0338319534149212
CS18 -0.0540575737017216 0.0926638610397425 -0.00494991172958586 0.103147807104996 0.0566530609185828 -0.0538360516883438 0.064434518912328
DK01 -0.0563300757236749 -0.0164098971146365 0.0283568082988989 0.0309434290229513 0.0600178010546537 0.00408389890881251 -0.102500838785094
DK02 0.0194822173097736 0.0478191511603938 0.0415896126115636 0.0437423316033895 -0.061681046435833 0.104495022262322 -0.0963277069700853
DK03 0.0428901779332628 0.159781078316766 0.00474839123122059 -0.0623763371116898 -0.0573361186827524 -0.0313444612833021 0.0111922811795604
DK04 -0.113158229006604 0.084971687034374 0.0625478704537344 0.0828437906015691 -0.0340865870378842 -0.110032923330687 0.0561476660180981
DK06 0.0115868761489519 -0.0350022336039289 0.0176998092484095 0.111301054841946 0.0139756236854462 0.0581436319809387 0.0156503549558396
DK07 0.0549170911780804 0.0268529943513001 0.136926404100675 0.0563981804040851 0.0953205028131694 0.0220067396859003 -0.0178321082843914
DK08 0.0872534546620963 0.0306679879417073 0.0791042089050229 -0.0689015878367252 -0.0495435147005044 0.00594075005728437 -0.000824598270297849
DK09 -0.0350993956206117 -0.0065436490483328 0.0629680749017174 -0.0509976157371695 0.0470269651237561 0.00137888863870914 0.019111310545853
DK10 0.204018181848325 0.0542457907683114 0.0911224209275343 -0.00314753672266908 -0.0720280912838263 -0.0263255704521049 -0.0756021571788338
DK11 -0.102250212397436 0.00365904755045755 -0.0473125814657854 0.0931754912052532 0.082678679765853 -0.0983827980225368 -0.0473400652276074
DK12 -0.0706971249748413 -0.0183598036392041 -0.0438015334866654 0.0289009766702604 0.0233699186184443 -0.0769285514233747 0.0249127828937427
DK13 -0.0385236378171314 0.0168358376804037 -0.0434458313173028 0.0472749269624459 0.0490442511227437 0.0226254194754676 -0.00940010014443084
DK14 0.0676370651545472 0.0148039885103504 -0.0945021537321517 0.0789623163971719 0.0877321865210694 0.0372451677127715 -0.134828772948852
DK16 -0.0190032164254836 0.073285681199682 -0.0307206641051847 0.0463452542083933 -0.0149692525005251 0.0331058588767419 -0.0364840621834659
DK17 -0.0106460300411852 0.0448887339146331 0.0369113435706453 0.00705335472230605 -0.00834973089518732 -0.0404814836014642 -0.156015504538511
DK19 -0.0667005556641915 0.0698468798199583 -0.0930884408419211 0.0216767129757118 -0.0364217860933 -0.0347805812432165 -0.0485235858657442
DK20 -0.0625599924292845 -0.0385255512340845 -0.0289532085158639 0.113479996124248 0.083900305844144 0.0215176379034984 -0.0844588364059243
DK21 -0.0121587164116895 0.100287983703227 0.155733924387258 -0.094634498882126 -0.00263608734715178 0.0116559901979256 0.0174958827420265
DK22 0.0475835197872768 -0.0251728918691157 0.141246302778611 -0.0154283516177023 0.179986772180143 -0.00921684386683664 -0.0136146165487708
DK23 0.0156398064788798 0.0977307575325616 0.0267152066119445 -0.0337233850321717 0.0764945670146322 -0.0596908399937501 -0.0161786974109275
DK24 0.0391915092220622 0.0585125958734099 -0.207732775878131 0.0528688793809627 -0.0702878101603105 -0.0172377414104496 -0.0248485334065092
DK25 -0.0285967094667824 -0.0248422481887851 0.0217789941842718 0.0362208842011989 -0.00271309421208678 -0.0580262466989517 -0.0211167927055866
DK26 0.120799339692527 0.0333211603463215 -0.106780939536389 -0.0511740181049918 -0.0265813738531683 -0.0772262292146269 -0.162594777369516
DK27 0.0262073757071558 0.169771067143177 0.0486073931931723 -0.0028684420366893 0.0131134482938802 0.0476075374318065 0.0915665208320343
DK28 0.195397578664806 -0.0421161964965186 0.0758023916925952 0.00679074432015039 0.0413730797736273 -0.0723622797250851 -0.173845442605607
DK29 -0.115719172715677 -0.0291596795702047 -0.0583575261482015 0.0843260181418028 -0.0952584678168895 -0.0381099395962846 -0.0348859697609412
DK30 0.140135103578779 0.0684444491938483 0.0423927033253094 0.21448295170287 0.0656050724637625 0.0520083952894928 0.0257379414024695
DK31 -0.0786068828282358 0.1118080304914 -0.0614106478629732 -0.0663182625691604 -0.00073582649281966 -0.00352326423969806 0.0838074898460706
DK32 -0.0714162496981586 0.00217344903920103 -0.00393653400025477 0.07763225627769 -0.0496723433589238 -0.0165994965598022 -0.148961699898002
DK33 0.0342433813896522 0.141510262146789 -0.0989486582683524 0.0956172392830503 -0.0911016363184259 -0.0581553078393365 0.0292194618471736
DK34 -0.0167286513454646 0.0937028623363979 0.0256808922406624 -0.126073225410842 0.00616024780373982 -0.0688190008156146 -0.0512864882964422
DK35 -0.0827111579350825 0.123146811601914 -0.0219059221881165 -0.0207177751978208 -0.0323442320344934 -0.104671672848094 -0.0330527235320325
DK36 -0.109535839728667 0.0378817079675702 -0.0756984243144231 -0.0207408903407009 -0.0393571964051134 0.0220952738606228 -0.00600918067431451
DK37 0.0179350492553076 -0.0592428169978122 0.0741704888538869 0.0510428732068049 -0.0160162782094033 -0.384749808680292 0.190000475134847
DK38 -0.0207754371708009 0.0591141365315012 -0.030738725413543 0.121291302884515 0.211320934273879 -0.054692634887926 0.0732497169356514
DK39 -0.0439841601983516 0.133147882295535 -0.0413347224914635 0.00491404343919153 -0.0782350519218571 0.0340811364838057 -0.03234299054239
FR01 0.0834860404390165 -0.0389538132118876 0.156990834891361 0.16963493787324 -0.0530268140433469 0.0910687149975597 -0.0574885022515387
FR02 -0.0190583227874021 -0.0597260276396959 -0.0203906812473401 0.00688727366037694 0.0767068357022605 -0.0153327154085221 0.0436668127050205
FR03 -0.0405381945502756 0.0707805693769912 0.0892135936625215 -0.00661531310787168 -0.0999715623885661 0.0388573280510736 -0.0914686223558921
FR04 0.0854521247476219 0.00232794487457994 -0.162700246191225 -0.0113839662973962 -0.154288290360573 -0.0413344257762495 -0.013350518985779
FR05 0.155391133039572 -0.0341995425214364 -0.0698440205046113 -0.176071213143299 -0.010425252342699 0.055312607197396 -0.0212371016447825
FR06 -0.0311966616222644 -0.0547498118902207 -0.0281819741701363 -0.151152906641252 -0.147810425365806 -0.0113507319577501 -0.0474255933078222
FR07 0.153674220515103 0.0376203348097035 -0.0747325690692236 -0.143788499245826 -0.102212986561437 0.00975826053435768 0.0423227075473846
FR08 -0.0551033537933051 0.0294993902725461 -0.121192000441561 0.0598019412525851 0.120769003182828 -0.0353215805560131 -0.0167912194951386
FR10 0.0623053654267899 -0.0153173376699472 0.113010539477569 -0.0120814358027927 0.0650312244115196 0.076196206673592 0.0645718720901732
FR12 0.00962577379207472 -0.0611748839679167 -0.0472940063277429 0.0454984241896263 -0.0767125071166456 -0.0336552346827032 0.0559008633446393
FR13 0.0296585560746054 0.143461250860357 -0.138697150148296 -0.142725362775914 0.0168191415855084 0.0685811800402042 0.101428681004147
FR15 -0.0854893084930392 0.0273981203589626 0.0377130563266206 -0.107679723171079 -0.0533304763374833 0.0137070993125909 0.0279924677045678
FR16 0.151829096257136 0.109100821816091 -0.0362562823700423 0.0244231563696994 -0.0291422197518252 0.01179825483169 -0.0671193207254316
FR17 -0.0590874237165833 0.0207391750362153 -0.0205089617278898 -0.108490489978121 -0.0301867492976576 0.0112125279622259 -0.0527428369676999
FR19 0.0267823976463043 -0.0266630891662483 0.0979318322919454 0.0854383504698857 0.131695066815224 0.0078319050710454 -0.0856846354179145
FR20 -0.101751234404108 -0.108059993609378 -0.0497934141901145 0.0121436948880786 0.00440512550388925 -0.00673888250121944 -0.116801320452074
FY01 -0.0308586096133666 0.000155490844922318 0.00750837169077595 -0.0705494641858026 -0.0710534929174552 0.035091825095246 -0.0171712228672381
FY02 -0.0970961701465118 0.0451533599130163 -0.0165489797547676 0.00634385060517327 0.000240930391909878 0.033040628295712 0.0329032553006664
FY03 0.055314102257359 0.0237795976147809 0.00442645866940189 0.0436057278065538 0.0621906360731852 -0.124965621007454 -0.0322232533116352
FY04 0.077773093575349 -0.0748884522017074 -0.0301350778557034 0.0984091482951795 -0.112090036296926 0.0207782269716301 0.0815487685300369
FY05 0.0241674791179671 -0.120940138897067 0.09205620747782 -0.00138309213866337 0.0437603064911525 -0.032911612577583 -0.0410019352336472
FY06 0.0410403464180224 -0.112262480393424 -0.0131101974528501 -0.036227898275015 0.0735850051805551 0.0183160048047361 -0.00672406258525335
FY07 0.0599853802418163 0.00103086546394245 -0.128909978333319 0.024333260664631 0.0698346248080319 -0.0374661072587429 0.0310426592065358
FY09 -0.00929340252046737 -0.0290221617732555 0.0110333008802941 0.153212133101543 -0.000374028160654902 -0.0350807472776067 0.0317543323091397
FY10 -0.0116657010883077 -0.11301314977037 -0.0594512436409259 -0.0739936326892585 0.0932862798051835 0.0456519740081489 -0.108539165189413
FY12 -0.0819642573928393 0.055240267761129 -0.0227023189594374 -0.0059529673793505 0.139435349729898 0.034591850316797 0.156406136784348
FY13 0.114231257221158 -0.0901897219818148 0.125674363218968 -0.102130957312556 -0.131551297840057 0.0498816753360545 0.0701826235511862
FY14 -0.0414080077938328 -0.0306081329171109 -0.0470668948221924 0.0431633571575664 0.0741891770492781 -0.0170492235795236 0.065459846905259
FY15 -0.11032505997745 0.0105305193066544 0.0961281121363061 -0.0420707371311814 -0.04603555984201 -0.0365979087503047 0.0693615497002469
FY16 -0.000192072562621751 -0.0393066841652841 -0.0093240239960089 -0.013248788618826 0.0780657836828021 0.0117410308329847 0.0193113822306355
FY17 -0.0259588723607932 -0.0480910785374082 0.0124763198879055 0.0210936823822711 -0.0794338624078866 -0.0584813428069428 0.00463340556485219
FY18 0.0184984145842771 0.0159198336543728 0.0728693795688295 -0.0832106570588712 -0.0235921153964632 -0.133806164704242 -0.00294285155977561
HH02 0.168773914507604 0.0979205533673791 0.0297204988470874 0.0869740969478684 -0.068200483350474 0.109370254431144 0.0409264582953208
HH05 -0.0410509887902241 -0.0292367781057511 0.0493656372941059 -0.0664293216246582 -0.0339358332416059 -0.0444316026070826 -0.0827033120403637
HH07 0.0483657547096618 -0.00388044785364763 -0.0842155857836816 -0.0904264394374887 0.0016089572246338 0.0148121014359153 -0.0346091891265777
HH08 0.074765141862 -0.0045446742332477 -0.036666097279432 0.00834034076743105 -0.0137017665123118 -0.0667186916673812 -0.00646604113050051
HH09 -0.0589994972276931 -0.00850820588434071 0.0488611364012011 -0.0167545399192981 0.00751938952553639 0.0564634894479313 0.00919678089860392
HH10 0.0158930194389285 0.0922328131501864 0.115328810273711 0.180065841719063 -0.00313193191790446 0.0112704167370553 -0.0207034476672396
HH11 0.0330970245818089 -0.0309246502509777 -0.0175152143705314 -0.0126573856694511 -0.0901550339211531 0.0535815297388203 -0.0779900974110817
HH12 -0.0110360539189392 -0.000137630783812737 0.121262118452066 -0.0277356349941419 -0.0202538165725077 -0.0378928471530261 -0.0137823643161685
HH13 0.0407291124048888 -0.06064810175399 0.000718912999645018 0.0207368029188867 0.0344255302811931 0.0561738595359186 -0.094474649146087
HH16 0.0167910478984886 -0.0194035896234599 0.0466288256184196 0.0238209993107181 0.118544148923005 -0.0185541128810963 -0.0280343620320289
HH18 0.0306493688613765 0.105604203370839 -0.0990247502751197 -0.0398870491560604 -0.0240311083738517 0.00956947950797128 -0.0333551043153503
JB02 0.0148337032707655 0.116134495090571 0.0636965140391232 0.0862973057127757 -0.0882653713449271 0.0928461863130176 0.170071195546575
JB03 0.0582704044086062 -0.0911538870367876 -0.151291439321911 -0.0318456885481504 -0.0454558426237119 -0.0582868550649019 0.0126899913751517
JB05 0.0514393534710768 -0.0398884096131633 0.172406514980387 0.153443845438655 -0.103656604055607 -0.00384233839920899 0.00906998020364957
JB07 -0.0437005519482143 0.0382242751080965 -0.030171867093911 -0.0525871958054624 0.0222087919234674 -0.0315241258706426 0.0351641893725791
JB10 0.117165463995728 -0.00652407974181654 -0.0430107889395914 -0.0100045768410204 0.0432540498890814 -0.0109419187621882 0.0606458024455985
JB15 0.00565317681839549 -0.190329546099098 0.0100312405772044 -0.0657042490189703 -0.0791306142605628 0.000728140456001149 0.0195587602739784
JB17 0.129015430277315 -0.116367514947927 -0.0857745162690506 -0.0463560918911364 0.0265505443358042 0.104781073409236 0.0884889725042501
NB01 -0.0220226171139517 -0.0478023675396198 0.0410249022464382 0.00489594579644882 -0.0921788134370477 -0.0328430389098339 -0.0365123718181438
NB02 -0.073603613936722 -0.0334260824273393 0.0631131746558105 -0.06360146929616 0.00874156059270324 -0.162673450888016 -0.0448621769592961
NB03 0.0122096343094248 0.055383262050527 -0.0658749532152428 -0.117787982447205 0.0126150685540518 -0.0991103205727632 0.0270850856593819
NB04 -0.00998916772636025 -0.0159031242181686 -0.0177337412545464 -0.0110948879941595 -0.0058609563240168 0.0617293554533049 -0.0233625303458233
NB05 -0.0996081739836719 0.0265290526768265 0.0589477407367977 -0.0650590123496594 0.121771024744918 -0.0531827407770868 -0.0862008245953666
NB06 -0.0354831037493253 0.0425596633304134 0.0497539529593131 -0.122135675130253 -0.0367938230712639 -0.0239745241897827 -0.0807686876023388
NB07 0.0998810967241653 0.0680975663226982 0.0373382670346376 -0.0684134113148234 -0.0179675465556479 0.0141788333283629 -0.0295606890097271
NB10 0.204708162339061 0.0689561048130027 -0.0665833266496463 0.0407020855508335 0.0895805844302516 0.0729223803660672 -0.0622557548792991
NB11 -0.00127968544360532 0.000472637608240303 0.0464976160581349 -0.0849096012799432 0.127479197726728 -0.0735028565853203 -0.0060368408212768
NB12 -0.0271086852456965 0.0940382131218814 0.0269612743947325 0.0740307943047838 -0.0966878982202579 0.0167665273984805 -0.117154177363547
NB14 -0.0772833155165409 0.138660830826658 0.0873704039564692 0.066441478366823 0.0294080397786507 -0.0695808501597967 -0.000543972834017407
NB15 -0.0752783220599393 -0.0182442056900823 -0.0215899812605423 0.00948553688356464 0.0273439410849543 -0.0385211541155325 -0.0836107499758297
NB16 -0.121815237217456 -0.0526523055266847 -0.0827491217690231 0.0694856525908745 0.0346941703851588 0.0350995404325727 -0.0382822540229714
NB17 0.0145338377443957 -0.0671942020096438 0.0273658821757079 -0.0223123352708331 0.0879991761143167 -0.00465037310741587 -0.0274702874129406
PA02 0.0725560219193182 -0.0895185103047374 -0.0474317168355636 0.0919435772214129 -0.0960139305018229 0.00579894190672051 0.125199421950962
PA03 -0.0814324640086656 -0.0139504114734145 -0.00795565659836386 0.0509727717963284 -0.121328416392453 0.0171432573443377 -0.0610184447772904
PA04 -0.034487119946343 -0.0630721015276452 0.0759804864379392 -0.129228832700038 -0.0410452666317499 0.0244374812185429 0.0606249498899432
PA05 -0.0958213144120843 0.0160196444207992 0.0163883628010218 0.0125454028769565 -0.0612790157479889 0.101308682326643 0.0550540826486184
PA07 0.0705672436269659 0.0616903652379114 0.0642945110749486 -0.0092615273361672 0.0928428717682435 -0.0282689449499941 -0.00439220454204841
PA08 -0.0735536407921758 -0.0147301863519014 0.0899854595443859 -0.0313457860411081 0.0163790864427803 0.0275831027877388 0.0366497797559332
PA09 0.0545598772714806 -0.0131576437494087 -0.161146369534414 0.0103168127656593 0.0813664549943263 0.0805405554513353 0.0370441780412271
PA10 -0.0434594028511789 -0.038552455589388 -0.023706131735055 -0.0376369110190836 -0.154516397411963 -0.0435500849123391 -0.0277742571242909
PA12 -0.0110818339338145 0.0170437549678235 0.0139120518812486 -0.0857250159107599 -0.0353037449372082 -0.0246476576384331 -0.0786523533949914
PA13 -0.0092961602227225 -0.039918425409393 0.0822171402446282 -0.130089974858332 0.0301945742108705 0.121694617807643 -0.00239596320310267
PA14 -0.0849602778363642 -0.020612042938388 0.00472811253831973 -0.128939923062611 0.0805198853853197 0.114257761027968 0.00246525622243398
PA15 -0.0326048253216567 0.0487988144040515 0.087084027770867 0.191221267553152 -0.0537259574120009 0.0907750397564803 0.0805483009647605
PA17 -0.0531471716006581 0.0303266613386574 0.0301597114467981 -0.0168568430328143 -0.0744363667231435 0.0678596388682771 -0.108072730796032
PA18 0.065773931566525 -0.0170305803685241 -0.00314306006433112 0.15563805202783 0.0854803036295094 0.0560577474395705 0.0327161327361052
PA19 0.0639579898579089 0.158822451332048 0.0622174438705249 -0.0332966745088553 0.0163674469922528 -0.0846896700299068 0.0661764797415389
PA20 -0.0655416696249764 0.0214943881522136 -0.0109026040907241 -0.112491692736503 0.0160046871053573 -0.0837551042111318 0.0484140009138739
PA21 -0.0412023630951251 0.0932410730594987 0.0176272274016537 -0.060778400691216 0.0656253296085216 0.0241803407174026 -0.0228458929735089
PA22 -0.0509857679851204 0.0613274745972568 -0.114767670275003 -0.0521662285689503 0.0513829877634664 0.0606893603843427 0.0987980133751416
PA23 -0.0189862092840926 0.026479807147374 0.0150385485669358 0.0634395648613887 -0.0651869064612185 -0.0138864855860826 -0.0657910776522604
PA24 -0.029604311491632 0.0912570503355084 0.155406705495414 0.0655223616005446 -0.0196117567624347 -0.0852245414840122 0.0115087060205052
PA25 0.00191801217960829 -0.0175163594296995 0.06737167751324 -0.0802436800588105 -0.0566417065595861 0.0615194724539154 -0.0430784515123026
PA26 -0.00605993611886179 0.0150364581342209 -0.0391319587513317 -0.0824973021648728 0.0965662125423109 0.0504745125692848 0.174967465503684
PA27 0.0849137550986152 0.0798182387302209 0.0665877834914545 0.00931198940750318 0.0265734749555178 0.106117262832726 0.00793354003412364
RB01 -0.0330306376947076 -0.139053201211727 0.166938332366628 -0.0310852421601302 -0.0713480506412826 0.0219894727148279 -0.0497213511406026
RB02 0.0649704067488517 0.0484729931334307 0.0941125651741348 -0.0447600547483466 0.0751307650907704 0.160406509416834 0.0738451314800754
RB03 -0.035231934688179 -0.0697879782928973 0.0534132868136178 -0.000552218494985608 -0.106431097953312 0.185692514247405 0.0768347289420972
RB04 -0.0111853115166174 -0.0986477861068077 0.0499687680310601 -0.0276913043987164 -0.0264228247738706 0.0237742867184492 0.182283326192841
RB05 -0.0118565919406151 -0.0503389602402246 -0.0445843787490065 -0.0442519916850322 0.0249606341949283 0.0896234530019115 0.0851052209694648
RB06 0.0257781382457692 -0.146151050170255 -0.0475338430457085 0.0214006250676853 0.1215498134665 0.000652916258927154 0.0150301929255932
RB07 -0.0457095727304007 0.0652472410138594 0.0216840386157186 0.0846039242865269 0.030968323652906 -0.00191604148772287 0.0887447434382907
RB08 -0.070456049189883 -0.0564151308811011 -0.118982329500455 0.125104368163022 -0.0689897967825549 0.0676402417594156 -0.037709239766844
RB09 -0.0734193505607791 -0.0246135895998326 -0.129773879930364 -0.0461569142105092 0.0954643215409956 0.112664232737264 0.131512797453142
RB10 0.000645050001494015 -0.0698542519261319 0.0600492792000937 -0.000583223870629037 0.190725365220711 0.107792479263214 -0.0730646720264841
RB13 -0.0310540327922179 -0.103306111943437 -0.0988441039147697 -0.0160159295840107 0.0658046275699101 0.0375885562680827 -0.0193835613738703
RB15 0.0322304916555272 0.0161082290193051 -0.105895044293552 0.0543815712744422 0.0666791162431169 0.0326165630336089 -0.0620512665168779
RB16 -0.0425739599160204 -0.13300259672494 0.0729425661961095 -0.0291208949810133 0.0677805049767665 -0.0453525239495042 -0.0900641602782448
RB17 0.0658647436395289 0.084849668147734 -0.150014993471408 0.0377430981864167 0.0194892659448124 0.0200718581183413 0.0286924166587044
RB19 -0.0135430528857807 -0.193416449934107 -0.0815129476856408 0.0394018063774305 -0.0224196627840777 -0.095008711797674 -0.168859352863306
RB20 0.0346328746208734 -0.0594489358354538 0.0231958718594499 0.0203761382111074 -0.0702470692431396 -0.103837849182788 -0.0743944331879011
RL01 0.135033133173707 0.026394321583411 -0.0811435595221703 0.10089986770709 0.0855386573162151 -0.00694945279847359 -0.0742316411879795
RL02 0.00562000862842595 -0.0591976776134453 -0.000420954011961178 0.125905154921935 0.0489236703067452 0.0451292472638865 0.0437090897511304
RL03 -0.0829301320801538 -0.106185557636668 -0.0197342367504327 0.03986749617762 0.017192144649243 -0.0812870574832764 -0.081815201246862
RL06 -0.0501155145526122 -0.0728017860055584 0.0795780050505012 -0.0482611955931561 -0.0291962409754703 0.025558089539445 0.111527254653756
RL07 0.0170607543930725 -0.0598241490731891 -0.0742808198666382 -0.0392604540317149 -0.0381085007971947 0.0193217757590483 0.0467331326426566
RL09 -0.0664100060287585 0.00696310717604603 -0.00279129297900112 -0.0131257871091022 -0.0536137289901537 0.0910722161480937 0.168326366747179
RL10 0.0325028901601378 -0.164363756780251 0.036857139157118 -0.0785870486632594 -0.0627603610453632 0.000428399988642022 -0.0354447730723564
RL11 -0.0568459446626391 -0.138854916090698 0.0244207941431643 0.0827835313929404 -0.0497859819926984 0.0861825232270046 0.100992917259826
RL12 0.0588976012667512 -0.0625548997419758 -0.0532766412407912 -0.0299218535782476 0.0640766033354911 0.0170170737088509 0.170440178625103
RL13 0.103457696742709 -0.133886571981673 0.0195739011420612 -0.0481799974587181 -0.105539343118864 0.0155652046585423 0.0228814942665806
RL17 0.00231600468546281 -0.0163486523081236 0.0691799978648866 -0.0171014997243446 -2.27390649232577e-06 0.109790930168988 0.0624782078665713
RL18 0.222325801450194 0.0816829501064695 0.0331336650100832 -0.00810040102758858 -0.0329841727094799 -0.0151322311916988 -0.0205988931232869
RL22 0.1308459252218 -0.119339830127791 -0.0347664426617028 0.0649292594038596 0.0311137588633671 -0.399621100778534 0.323676470053121
RL23 0.0238009725614476 -0.153189091976966 -0.0269812094329569 0.015483878840279 -0.10751521397391 0.0745582221363604 0.0753896828385607
TR02 -0.0697297656844225 0.00247027181464519 -0.0126546587544387 -0.0313241463908169 0.00602627757486844 0.0240228361362075 -0.122852839673467
TR03 -0.0757634703633386 0.0095323721942677 -0.0794234369830323 -0.051105491685389 -0.107126491971604 0.0423245038120165 0.0230771066939306
TR04 -0.117103406328283 -0.0458490882765501 -0.0779324621128199 0.126710671498835 -0.0482112770848402 0.0475828670268164 0.0140840214839978
TR05 -0.0306814896711484 0.0989869370475626 -0.0861171555997389 -0.0562366078074497 0.0794631032101224 0.0964243200878575 -0.0054971770421066
TR06 -0.142087079255327 0.159036478704172 0.083436862902394 -0.0526113132625603 -0.038278815282665 -0.00319081193150677 0.0718808182796605
TR07 0.00607873674230041 -0.0358226856083921 -0.024882671348616 -0.0960827576627232 0.093708228270677 0.0571440698567444 0.0258401464958892
TR12 -0.0283703690093878 -0.0162527630068807 0.0372589136222912 0.0192916457995189 -0.12893437964716 0.028762174317837 0.0702432858338382
TR13 -0.04138630546175 0.112058242841551 0.0609931169923631 0.0837765512128484 -0.168281875608584 -0.0380012081056028 -0.0474455201977147
TR14 0.27698544958922 0.00296954758053632 0.0164015753864312 0.000167866084306717 -0.107111482020099 -0.0408663341429018 0.006695745112572
TR15 0.0145684630274137 -0.0471283263028626 0.119142291000575 -0.0309041136857268 0.140655898016429 0.0490049553846976 -0.049912411532062
TR16 0.0507867622453788 -0.104969402970698 0.00548602958642185 0.0957656989594274 0.0528824008246455 0.0552216999169028 -0.00392132057826686
TR17 0.0631998797132408 -0.0836449587834805 -0.112045784591408 -0.0802877994967873 0.0158626200122381 -0.104660514574276 -0.0949056865209337
