sample MDS1 MDS2 MDS3 MDS4 MDS5 MDS6 MDS7
AN03 -0.00443910421686988 -0.0515957717800852 0.0120562474318174 0.0379297122154414 0.0481421913627662 -0.0566016594622101 -0.028548650480279
CS01 0.0602431809536063 0.0611528786603226 0.0755183177763274 0.137897561194306 -0.00457720675485522 -0.127515629639434 -0.0478732920201044
CS03 0.0385080356505822 -0.0361922345202355 0.0548191701684832 -0.0203264404277385 -0.0121233602967559 0.0307623336909436 -0.113568952017781
CS04 0.0202875594468793 -0.0232092710283876 0.0487895979536663 -0.0273133212310728 0.0224527358670688 -0.147613416056943 0.00871078966805949
CS07 -0.0695135911723577 -0.147573950316885 0.130710822038159 -0.0132143024233795 0.0871471842788758 0.0653986887289289 0.0457223504589338
CS09 0.0871887389079668 0.0745418590815726 -0.057981493701315 0.101726705340257 0.0708981607736167 -0.0422890413083425 0.0887891519483678
CS10 0.000672528737296043 -0.0647979224708263 -0.0277696089997206 -0.0697249274025321 -0.0495774448943453 0.0414507128605527 0.0330780768875577
CS11 0.110042423544067 -0.0393832648536278 -0.0350914837711825 -0.0565415260938045 0.078811027529324 0.0690964502180506 -0.00920820877384225
CS12 -0.0598033961802233 -0.00639127179052629 0.00823793423916602 -0.0399515838455201 0.0864703053296098 0.0292770172557706 -0.037298570727837
CS13 -0.0258859821926099 -0.0362308555705702 -0.0346896615806033 -0.168861569835072 0.00928203503518932 0.0285538958851832 0.0344665238698872
CS14 0.034583448422802 -0.0269843453594073 -0.0354290647597225 0.0572471317246866 0.0202219103268015 0.0575221738650276 -0.0144658156251352
CS16 0.0366337508360887 -0.0947200431775329 -0.0502811920687012 0.0758501824476939 0.096874669384621 0.0655362518268208 -0.0857419639342055
CS17 0.124194276096418 0.0118341636386394 0.00280871970160512 0.0925691591910119 -0.0633541573076407 -0.0788629565614786 0.0692915888025406
DK01 0.0516059430022949 0.00399223479311129 -0.0829938198859249 0.00464354216352834 0.078355474515665 -0.0345501571509386 0.0782085234728657
DK02 -0.0622866621029042 -0.0321767822966002 -0.0494012339878496 0.0592053991773156 -0.0454547785742869 -0.0560452149593624 0.0881421330134494
DK03 -0.107954642590765 -0.120427219199733 0.0544508953302005 0.00231849158023376 -0.0149762849170977 0.0204991967777165 -0.048296792041371
DK06 0.0149691522533508 0.063103375203105 -0.102749372659645 0.0777200126763058 -0.0159884922187699 0.0472622450739184 -0.0417505213114369
DK07 -0.0484565411619426 -0.00219303729242831 -0.158738733907058 -0.0290868321296864 -0.0459377660123469 0.0750206446510638 -0.0405426682591544
DK08 -0.098833323657054 -0.0324867477729765 0.0408245855086673 -0.0620757283594046 -0.0393756025562683 -0.103361191696146 0.071817731340556
DK09 0.0267323583165319 -0.0259863166951656 -0.0127705381487586 -0.0751726585284143 -0.019298356875323 0.0103894636338704 0.0128689784561443
DK10 -0.2279930771224 0.0514668039963444 -0.0639844781227386 -0.0601186888501961 -0.0427450389324924 -0.00406637361541004 0.0301382880717022
DK11 0.0741540475896026 -0.0320293064013977 -0.0689193857387625 0.0654893099904512 0.123629893880144 -0.0211467433895664 -0.0170519190125231
DK12 0.0700934729259866 -0.00579486917368341 0.00769296632502064 0.056933040944717 0.0389795034149097 -0.0316505879665469 -0.072333492480817
DK13 0.0316073436575259 -0.015134271859308 0.0107533976314369 0.0697459932894468 0.018323102342785 0.051901400114846 0.0684119150179147
DK14 -0.0691412503741963 0.0394754015571327 -0.0221285481612656 0.108541061020159 0.13247862282757 0.125514070323165 0.0579717658330292
DK15 0.0890399671543352 -0.0857963453714201 0.0211301737705809 -0.0508902199752526 -0.0132846621822569 -0.0389691455673872 -0.0734309762100379
DK16 -0.0214927601965812 -0.0559698705345257 -0.0254137512712792 0.0950982804169089 0.0206770812562567 -0.00281031864956932 0.0532751904045755
DK17 -0.0396219068229607 -0.0620263213149323 -0.0775291619454171 -0.0280250897799802 0.0756254794098465 -0.0160512230380541 0.117464671450314
DK19 0.0574893043952026 -0.0719684357018924 0.018759057182312 0.0693704921669485 0.0682331221226463 -0.0428722662053607 -0.0291034163856873
DK20 0.0753010603584018 0.0374744319905528 -0.105802159913405 0.0963033545128558 0.0658182195706972 0.0185890472426545 0.00160013026766209
DK21 -0.0467964726735393 -0.122009432354947 -0.0709623893432186 -0.0975364099598812 -0.114534383191524 -0.00246763564094912 0.0209693320145982
DK23 -0.0585618044092478 -0.0947568072501458 -0.0306057541424316 -0.0562550041020332 0.0435542141487103 0.0246358217964514 -0.0410228695715318
DK24 -0.0487100594001292 -0.00869703527147294 0.153237827050337 0.150956887139703 0.132169625779699 -0.0703473966242726 0.0328481929066507
DK25 0.0219321681469452 0.00898147874456816 -0.0276166932510649 -0.0231418484797353 0.0430019969002784 -0.0868719043631261 1.8264712605999e-05
DK26 -0.118124920675086 0.00502266696108627 0.0691862783225377 0.0112162987545326 0.156158383121831 0.0589264267712971 0.0534347963536301
DK27 -0.099331226498557 -0.13336610714293 -0.0149145443057443 0.0167669323226139 -0.0887681980676349 -0.0231763780873289 -0.0579327349125215
DK28 -0.16666853247033 0.0796011124978727 -0.0869939375176722 -0.083311583027252 0.0788081007400704 0.0220938737788241 0.00978528144554534
DK29 0.086137234732967 -0.0162272447333371 -0.00253630397342416 0.0911989065032583 0.0683687403680987 -0.159264501023982 0.0204653643379011
DK30 -0.135544295674667 0.0754118992278509 -0.132661869735776 0.142792622775039 -0.0453874196432645 0.0373845380345397 -0.0566397165636139
DK31 0.0197365161095787 -0.126701419368023 0.081413848482837 0.0224866915967706 -0.00485196621661276 0.046496761689919 -0.110156089127037
DK32 0.0172580657230504 -0.0183255192801472 -0.08394795757499 0.0429633724314869 0.0827900438532821 -0.0659823636574277 0.104388597431772
DK33 -0.0949728230036094 -0.0717886669231075 0.0696980955891543 0.186394471873653 0.0452265837646679 -0.108981504094257 -0.0404785108167353
DK34 -0.0469384888688685 -0.146844146886894 0.0233542866831256 -0.118897577203921 0.0760619129026132 -0.0401963073793162 0.0780264835587184
DK35 0.0282376317936605 -0.16274246955316 0.0139708366706312 0.0165213685533515 0.053514543954512 -0.071452326405061 -0.0765190469525521
DK36 0.075430615355825 -0.0869210397942268 0.0640754354389822 0.0726133828897178 0.0219872033692307 -0.0381824453247423 -0.00856843527584795
DK37 -0.00689046248347303 0.0877625284994635 -0.0518563781270864 -0.155325213274984 0.0768275830680789 -0.174526328270672 -0.361305509658495
DK39 -0.038057759980943 -0.131411576828123 0.0522033955021731 0.0994702580227372 -0.0153293994464525 0.0198044026648302 0.0335520440243203
FR01 -0.0878667438225027 0.102808416431453 -0.149466976821062 0.112163725949345 -0.118106455586533 -0.00873976144244408 0.068433168514321
FR02 0.0480644658371113 0.0438696146474878 -0.00562608110953634 -0.0330362443476441 0.0239521454426026 0.0662031972255642 -0.0987713515362161
FR03 -0.0204500332070735 -0.0802130288198149 -0.0703891196539196 -0.00630642241894982 -0.0805310366362667 -0.0359865063944425 0.107542771661237
FR04 -0.0798745687525597 0.031463022065414 0.20389323826231 0.0761018031248688 0.0863951148055687 -0.117697954548139 0.0182475256571465
FR05 -0.0880668263247664 0.0546756481996702 0.159955307667933 -0.0837918777627267 -0.0286014129110549 0.134742161058366 0.0595475956653077
FR06 0.0542830074498903 -0.0286408360099732 0.134792871882421 -0.0826159482610144 -0.0121828788440054 -0.104352540329069 0.0806394821908943
FR07 -0.142034038269972 0.0147796761041858 0.215159224082272 -0.0608469128177945 -0.0450469359870551 -0.0266196128205477 0.0432719962832754
FR08 0.0493943452707411 -0.0405816849451148 0.00607010105556214 0.0792889146312253 0.134303104240409 0.0454297074344423 -0.0462992576084361
FR10 -0.0477951398187678 0.0377045060426546 -0.0594194050558191 -0.0747522811509116 -0.0900442686568273 0.103051019159432 -0.0429997938887093
FR12 0.0375214294470569 0.0776206989296615 0.0407277874231841 0.0552067911528782 -0.00686872730874637 -0.0372474007970095 -0.108275490158539
FR13 -0.0483301726494153 -0.0972258200367151 0.156713340782998 -0.00274724021420703 -0.0381103354005761 0.135164329735903 -0.114095814941657
FR15 0.0554922801362449 -0.0859728785795278 0.03523373003128 -0.0690369772456647 -0.0863553267455652 -0.00969914209948554 0.0486693836329471
FR16 -0.168254869636125 -0.0104359976907969 0.00580643494603366 0.0360605387541188 0.0195411976789364 0.00921093054845621 0.000606414866951357
FR17 0.0417057661862492 -0.0575533745413653 0.0477661158215906 -0.0802098275916014 0.0137948349261939 0.0321186162653107 0.0825011979656804
FR19 -0.0452401652553243 0.0207255117896198 -0.183406987507473 -0.0295093654581635 0.0475103442245021 0.0638042851149116 0.0356703264948979
FY01 0.0326079200331403 -0.0349556048945646 0.0405920555726058 -0.0308778601110957 -0.0384536219539231 -0.0330877614730008 0.0330196727733716
FY03 -0.0561004728057723 0.00273201485587593 -0.0835122042927384 -0.0165040604975233 0.124314721853855 0.04013110958414 -0.123808423235027
FY04 -0.0328081692391182 0.14157928967173 0.0625348041568837 0.12399796272529 -0.0734341153086799 -0.0787380536967281 -0.0377765212863262
FY05 -0.000730048676197841 0.102922469447765 -0.0884739855873592 -0.137359216920128 0.020108187903521 -0.0261115394748892 0.0375107879810101
FY06 0.00766508426256311 0.103663769201488 -0.00664891267444785 -0.0657898269644069 0.0489629716597591 0.0567242883820256 0.0453920169861792
FY07 -0.0191849788416192 0.0485116637423037 0.0999505281230223 0.0652787479240828 0.0934411362811632 0.0311210238300411 -0.0385658648302865
FY10 0.0598546620106318 0.052457182417975 -0.020158532039669 -0.0971696767247116 0.106754562182011 0.0569805511584641 0.155322517712247
FY11 -0.113907887763093 -0.00921185127286904 0.00277638758651891 0.0726173943143231 -0.0508897130179981 0.00999928700254313 -0.0297040668947328
FY12 0.0680252598429372 -0.0696261092401846 0.010286017140195 0.0196006229932631 -0.0352278176611744 0.117704809415171 -0.169836182159847
FY13 -0.0599820533458465 0.102599324051757 0.0420516045337549 -0.100219972701199 -0.173254865182118 -0.0151436960217201 0.041418798581883
FY14 0.0586146689023756 0.0211731938994781 0.011500075015987 0.0488644270074229 0.0172376247799272 0.0786182161199803 -0.0934947335741734
FY15 0.068809405987708 -0.066980351004462 -0.0298044611176033 -0.0630529096582145 -0.0811224702108248 -0.0994515698894767 -0.0173047676243485
FY16 0.0204136834058805 0.0385686825507668 -0.0269900578404592 -0.0237505976830657 0.0214625264387409 0.110235082955874 -0.0550617859953164
FY18 -0.0429066913029619 -0.0258347229981559 -0.0374781542661235 -0.138252741492809 0.0148221290546305 -0.0596114873972114 -0.047657752842222
HH01 0.113945253935764 0.0601853236793511 0.130688513271959 0.0865403599104088 -0.161303884144857 0.0397871378464551 0.0123647821875149
HH02 -0.173502503485068 0.0111902730668779 -0.00651870096785018 0.114856079911059 -0.127870820661412 0.0699719999014831 0.0250900368447031
HH04 -0.0625428140918954 -0.0872641141880698 0.0943863510682991 -0.047878271866498 -0.0601628515659478 -0.0064961833773757 0.0159663597232917
HH05 0.036179761003775 -0.015266546472457 -0.0184310616469255 -0.0838158609368507 0.0353225690051669 -0.0805577675580133 0.0946654797038639
HH08 -0.0606522691617778 0.0332755135398322 0.0524602288930754 0.00873909401104484 0.042007265075154 0.00813505655331649 -0.0303289908839147
HH09 0.0612175163108792 -0.0280447714303584 -0.0386604319547741 -0.0119995474839017 -0.0451426191576347 0.0125085452325161 -0.0204190757736129
HH10 -0.0774677018667971 -0.0148506659016659 -0.197661446623742 0.0833903999473516 -0.0447138977446377 -0.068191144118753 -0.0258700135106444
HH11 -0.0305861915294224 0.0434904182230242 0.0286647875653146 -0.0126335863326012 0.0082479870047238 -0.0373209401093624 0.15463559189423
HH12 -0.0103352263978014 -0.00351244277276195 -0.0683114139844693 -0.0870275438304446 -0.0451762941463363 -0.101171803728561 -0.00629707771581235
HH13 -0.0079288908023587 0.0512404760219129 -0.00568109307457359 0.0219907462651251 0.0504280067606531 0.0318273873735114 0.141885927071593
HH16 0.000581864689614039 0.038977086967784 -0.106984615298534 -0.00946886043874506 0.0134160583382523 0.0570020269143057 -0.0448578631854961
HH18 -0.066272983470371 -0.0896975491284375 0.102627162492687 0.0422245046237476 0.0484020386395204 -0.0138439457051174 0.0365493247715198
JB02 -0.0449326569075891 -0.0555953865842579 -0.0253481109310543 0.111096762628039 -0.197731825115688 0.0265532221678447 -0.0980596059227295
JB03 -0.00790167430969089 0.0968755986666755 0.129779280128162 -0.0250713033909154 0.0983300862038133 -0.0211079952138117 -0.0195972063969131
JB04 -0.0415651945033094 0.0735601497319813 -0.03815150111267 -0.0495688283426569 0.0750910432801236 0.0533633879417567 -0.0647432317729665
JB05 -0.0640919938252852 0.102098033363736 -0.155995184319351 0.0491344014592526 -0.118393157265849 -0.066643009600526 -0.0320877867350482
JB07 0.00696410146475992 -0.0537670378841354 0.0313412745088361 -0.0355597525852923 0.0256889754554992 -0.0598925259974864 -0.0392678073556857
JB13 0.0283497121385194 -0.0654170972788723 -0.0454296059345938 -0.106291753346631 0.0713999932070307 -0.027742052264492 -0.0235654460259239
JB15 0.0835033009314474 0.143389667829747 0.0755958935028278 -0.0707790963324515 -0.048646344227747 -0.0884998570016589 0.0463368664877907
JB16 0.0790821579206399 -0.00788075869585994 0.0335966062646277 -0.0129628101951487 -0.0168500081984003 0.0673061883316193 -0.0732592646851547
JB17 -0.0461507236138151 0.153450197848309 0.122663130728374 -0.0259070287633841 -0.0398388186362199 0.12210898257187 -0.00827523679435873
NB01 0.0238683501953073 0.0302456979941349 -0.00243369778140621 0.0117000954620913 -0.0151104263719009 -0.110010425671671 0.00858722812003739
NB02 0.0484740854449327 -0.0209983935345215 -0.0624073289531132 -0.15681538224224 0.0860764962842473 -0.11454229984003 0.0055534179555395
NB03 -0.0202181398109218 -0.0638112427339887 0.0794213830711651 -0.0405320758391415 0.0685018400587317 0.0750404346195785 -0.0728678567905805
NB05 0.0710584356716617 -0.0929120167264463 -0.108817390048281 -0.101970535734199 0.0751964746348476 0.0584533051463832 0.00586906130762221
NB06 0.00209155087398539 -0.0911106422425426 0.0137098581313923 -0.0850296733778375 -0.00438971217105309 -0.0353485727947896 0.0653365202140653
NB10 -0.177098261545348 0.0484073546690565 0.0230997258386812 0.056761165454443 0.0251058362532993 0.188613781839704 0.00552165941758361
NB11 0.00344560058945208 -0.0483210423803808 -0.0166532960805405 -0.116770085279982 0.04450546508362 0.0565856769011728 -0.0675102203269848
NB12 -0.0362541275423981 -0.0839260274069804 -0.0512808062056627 0.094369213726565 -0.0198468944651405 -0.0801237103315969 0.068555336920049
NB13 -0.0151283168277241 -0.0659090161203921 0.110030551653547 0.00833874593999018 0.111947204952343 -0.0702041971700735 0.0200056793018998
NB14 -0.0108458406449799 -0.131713490619111 -0.124888399910617 0.0312453593810126 -0.00354931193074442 -0.0822838846553313 -0.0906426738717052
NB15 0.058280026812471 -0.0371642611476792 -0.0465106004341696 -0.0184231770486211 0.106794638846807 0.0350548082903548 0.06981598328868
NB16 0.131362099144121 0.00305185678819357 -0.0483126461940466 0.0715202342680978 0.0735040733583415 -0.00329099893437725 -0.0289675775535016
NB17 0.00447822261906564 0.0386358373082401 -0.0428318020820232 -0.0665482610921075 0.0576300647420173 0.0255137731094016 0.0310005361259942
PA02 -0.00705168477758835 0.14214577989814 0.0508434836434155 0.0639383486942005 -0.0578644260732588 -0.0565219602709375 -0.0490009442677814
PA03 0.0524250576415352 -0.00135449429523511 -0.0485239210685073 0.0503038412879799 -0.00302918783403913 -0.147446182812177 0.0352817925838036
PA04 0.0524263122498146 -0.0237913153918057 0.0385654679496334 -0.130801750821068 -0.0976245278442877 0.00272994856521217 0.037686992570632
PA07 -0.10184056510634 -0.0400653131500548 -0.0480707857162709 -0.0419928779984365 0.006716295904075 0.0462878721329116 -0.057116531206613
PA08 0.0915170307864523 -0.0233405248322647 -0.0578682418425259 -0.0532897379851918 -0.123718307982605 -0.00946276018034028 -0.0415008870851606
PA09 -0.021657926883392 0.0595539090172311 0.0853764257324807 0.100051098914429 0.0784549840511809 0.171532927552598 0.0240140327049961
PA10 0.0304821729796326 0.00220632313113169 0.0586350976908852 -0.0153112178352717 0.0110729629980443 -0.173340655132582 0.0379315556241919
PA11 -0.165648134919779 0.0136094099074179 0.0370993275205977 -0.00841686396925935 -0.00231506679625977 -0.0902537244463215 0.0672524923840228
PA12 -0.00727763495967343 -0.0599087344642107 0.013781326368119 -0.0854769115454483 0.0384615096048022 -0.108992254231434 0.0840723026933663
PA13 0.0301495603413274 0.00269853433823817 0.0166776634815755 -0.103173434694137 -0.0954165892494172 0.0440561930700361 0.0839721863041844
PA14 0.107411867612202 -0.0369954046479987 0.0229702769740665 -0.0570749307380484 -0.0360686218391106 0.0972924650615327 0.0307008956952616
PA15 -0.0211962430789246 -0.0155853487680614 -0.13100948027697 0.145225412196832 -0.128207521595821 -0.0429821930388112 -0.0298781683160417
PA17 0.0120040152119259 -0.0599953726719336 -0.036625185515094 0.0336126442290169 -0.0283182302008303 -0.0154908106812403 0.156766752498354
PA18 -0.0507791380668331 0.0828338852751756 -0.0573499991545934 0.141714377035536 -0.00715993990903637 0.0233086212930644 -0.00492995323384719
PA19 -0.138083788901873 -0.118041933864905 -0.020292111817589 -0.064421368421293 -0.0101144857292477 -0.0617097476933419 -0.100675735362945
PA20 0.0448133268576908 -0.0882774341092832 0.0773125819325817 -0.0619597101995172 0.0213838839353919 0.00802775327996258 -0.031348605183965
PA21 0.0269002336343157 -0.110841527018806 -0.028235872327993 -0.00272268464300787 -0.00171664167908007 0.0611803324701155 -0.0512473301227027
PA22 0.0378562340222773 -0.081485504659649 0.105002333316918 0.0294464519287798 -0.0054744170665522 0.0916566343360204 -0.0375054904616367
PA23 0.000780936612460241 -0.0154693043009458 -0.0889667302947362 0.0883271715761185 -0.0174284436389264 -0.0435878503662048 -0.040871664920903
PA24 -0.0425907921848436 -0.0933147517283598 -0.151550617326189 -0.0526391705790683 -0.0471635612056554 -0.131402333354954 -0.0458850332731384
PA25 -0.0010688011624762 -0.0155523755554741 0.00181477100936806 -0.0833262246108169 -0.0548422717679503 0.0217182654928295 0.101897720872966
PA26 0.0292058556466574 -0.0230550983608245 0.100638610462673 -0.00544018612822661 -0.0425681695792999 0.106754098014634 -0.0733071979512159
PA27 -0.0935551774536669 -0.00606313479085975 -0.0529670381388725 0.0273798377166602 -0.0890178912036019 0.0735279908893853 -0.00589366500506731
RB02 -0.0577136422642645 -0.0168862834895949 -0.0286416332418085 -0.00691033827995795 -0.154784819732295 0.0939690500567039 -0.0175416903243891
RB03 0.0696419686856005 0.0434199959060764 0.0178843371891829 0.0101440791246129 -0.180459057753077 0.0109409722267446 0.0925050396071592
RB04 0.0637406354466616 0.079879925550442 0.052418427710757 -0.0264645702501711 -0.124406633984923 -0.0200079259359261 -0.0418262798067418
RB05 0.0425446000771412 0.0378789159256214 0.0638030562156984 -0.000709695592169937 -0.0570851852487768 0.0835294015238846 0.0282196392985788
RB06 0.0525838943694648 0.135762637605096 -0.0134987073997915 -0.0290802097633854 0.0630372329905621 0.0863782510506151 -0.0268283998211456
RB07 0.00603204387957366 -0.051185603572061 -0.037778390108372 0.0805849429370083 -0.0578900708690084 0.0354595347424917 -0.0102847959347261
RB08 0.0767267960410494 0.0459899137809203 0.00549484217907518 0.159457435734281 0.0468685396246116 -0.0456454668677921 0.0673106736991335
RB09 0.0899984487268604 0.0103544317002728 0.107562232426507 0.043580327806502 -0.0100497829478429 0.111429767032087 -0.0427187732807306
RB10 0.030993565834058 0.0444189964142375 -0.119942086928005 -0.0448600710135596 0.0206402140299333 0.1740761684447 0.104935600137658
RB12 0.0433440892516923 0.0584149734201713 -0.183534323570455 0.0444405867893575 -0.0110354245614848 0.0424442535820902 -0.0480152609936719
RB13 0.0811320455109551 0.0681862442554975 0.0260433482182127 0.0392952412274794 0.0694286041912189 0.0455396744952572 -0.0149180036117559
RB15 -0.0189539834815924 0.00997410006158674 0.00161613988449821 0.0965819476965267 0.106035197607469 0.102740940106601 0.0417540560957028
RB16 0.0688544537392399 0.0619155575721656 -0.0673473478387817 -0.109774712534423 0.0370388736737449 0.0421008667285283 0.0661099616490322
RB17 -0.0515571830886596 -0.0168441679188104 0.0948847851767395 0.114135677036471 0.0722247034490177 -0.00458271901013035 -0.0322695191696758
RB19 0.0661937390190284 0.156352037337617 -0.0319637584352438 -0.0151626863006606 0.189317266828026 -0.0614048868585181 0.0853796389232283
RB20 -0.0263565429531025 0.0645329909685351 -0.04677358511972 -0.0506963195038268 0.0747022694248831 -0.10044452301711 0.0421075112189716
RL01 -0.148669509096739 0.0574870458099989 -0.0619073205890457 0.0356561359767185 0.125525502961154 0.0562621297887404 -0.0127429721474724
RL02 0.00355459078636999 0.0827591043693811 -0.055469711494761 0.0699451618987746 -0.0153121097423801 -0.0339180604695345 -0.0126930782171842
RL03 0.104789340188115 0.0542689529747841 -0.0428612654980852 -0.0156716656853067 0.101653300285418 -0.0643894608920691 0.0653049903896905
RL04 0.0730866197654909 0.0457665305422988 0.0715541924514757 -0.044644314118062 -0.107744172486165 -0.00907380015808956 0.0112404254524287
RL06 0.0827516741898583 0.035512974377772 0.0110376197665924 -0.0703373863020406 -0.143662080042528 0.000384056533257842 -0.0515440962874448
RL07 0.0368389070638104 0.0528864323661153 0.0639489633794678 -0.0102315704713014 -0.0125685648617276 -0.0280548825045461 -0.0286132635778329
RL09 0.0672382066109602 -0.0293862173140673 0.0475489807200908 0.0371597831788685 -0.142576701078894 0.0296014847077945 -0.0460750287329598
RL10 0.050078960526561 0.113562023597975 0.0679417840995691 -0.100650934270961 -0.0360631405579274 -0.050064759946221 0.121415956549265
RL11 0.113920566675918 0.130148087903294 -0.0251136517401318 0.0650522486307337 -0.14572244047186 0.00122870415268252 -0.0270551871008153
RL12 0.0159647816502539 0.0844491827039125 0.109954609415422 -0.0451812720318411 -0.0642922547658339 0.0668109328799824 -0.0964053184590479
RL13 -0.0336104735616257 0.157176814306539 0.104444447458644 -0.0674011077315518 -0.0857064033999224 -0.0974641167851515 0.0890132372200817
RL15 0.140733173812111 0.104733711018097 -0.0137731203237474 0.0431208366311894 -0.0364788752922041 -0.0381197330744875 -0.0832079065329369
RL17 0.0104312291238405 0.0196642074416127 -0.0179403417213866 -0.0255092268885923 -0.137920319007384 0.0296266412228633 0.0428390563678795
RL18 -0.236597512681187 0.0148320872771853 0.0150569075581051 -0.0391278097223117 -0.0186887995360573 -0.0126880126116572 -0.00210580043698944
RL20 0.026361088553127 0.0796768453792111 -0.00176538477404996 -0.0309665556925485 -0.027649719538985 0.129738420711607 -0.0569784210404668
RL21 0.0625335749562336 -0.0414360686659686 0.0520690290646246 0.020742138636837 -0.0865302240777691 -0.0272508868110299 0.00126690150395859
RL22 -0.0509701919996622 0.217791601610966 0.0371726274401576 -0.171204150232209 0.0974150624222568 -0.142443910806079 -0.414536668978352
RL23 0.0501932966229027 0.155555505449035 0.0711800058822079 0.00481821236371331 -0.089017585866075 -0.0609724065898429 0.0472234503580032
TR01 0.0574173949974886 0.0151351907105652 -0.0345624132459299 0.0265419881337689 0.043009461332395 0.0953707220671139 0.0165819207574791
TR02 0.0551265808816781 -0.0489256948189052 -0.0150664377509367 0.00421009195185311 0.045188291183792 0.0124090634498403 0.111584087664952
TR03 0.0735369943424454 -0.0444888379279848 0.0900474249764626 0.0422296584408653 -0.0471296803763201 0.0224179069972127 0.0393741399361736
TR04 0.101538116275049 0.0117970788417347 -0.00932668183082077 0.150225564332384 0.0228157780901225 -0.0356675693554269 -0.00113538344931193
TR05 0.0115556867920003 -0.104510748404189 0.0627622116057897 0.0676011258532047 0.0220336595854058 0.141258460758744 -0.0115188248208418
TR06 0.0548570461187871 -0.204562479036857 -0.0336915321814354 0.00767519050899114 -0.10481571033961 -0.0348239442452913 -0.0640085357001175
TR08 0.00874014617604088 0.0125437446732708 0.0078298414050619 -0.0148598907862812 -0.0155718669317887 0.100121327449226 0.167204193532667
TR09 0.145053506695571 0.0152091087775391 0.0205369460750105 0.0359338114400511 0.00242925553652075 -0.00922319362715491 0.00271518599113996
TR10 0.0831242264311372 -0.0819663232299522 -0.00481410910278364 -0.0629154012183056 -0.0591603810454095 0.0755869338821865 0.00680325888540917
TR11 0.0783922606100211 -0.035147927620415 -0.0188206252684033 -0.0399136646095401 0.051789626442088 0.0260324836369233 -0.0413027537245962
TR13 -0.0606830627286506 -0.10198753092753 -0.0256040970219618 0.116473374697947 -0.0444889952223253 -0.206634701498336 0.0120039198946268
TR14 -0.252857204662963 0.106502633821127 0.0872436327010301 -0.0230543933517764 -0.0307343815632963 -0.127084908253358 0.0379667728057933
TR15 -0.0175573519611659 0.0232922400008251 -0.131562183733412 -0.119003462721868 0.00775995893268035 0.0981231582891773 0.0702225334914615
TR16 0.0048328256250718 0.134577000413374 -0.0700343101101129 0.0533894883718961 0.0274105111750374 0.0361101786820079 0.0341292795070189
TR17 -0.0185185223263645 0.0725144676561797 0.0833865115244704 -0.0650205488069777 0.144615731684384 -0.00618063585246477 -0.00817370634626178
