sample MDS1 MDS2 MDS3 MDS4 MDS5 MDS6 MDS7
AN04 -0.0326138329997396 -0.0087193020737655 0.052475097403273 0.0279251873749369 -0.0172001613712887 0.0593333094642755 0.0754560537924503
CS01 -0.0573897171475737 0.0234681439623587 0.0825977605341517 -0.110670223346198 -0.157889955236158 0.0640886618770406 0.0482191002454874
CS02 -0.0896807922717466 0.0276288324738424 -0.0195562736104922 0.114282537657739 0.018728760060268 -0.067661225344496 -0.0371467586989202
CS04 -0.0317203590669463 0.0506635314804666 0.00427532533626862 -0.00105205482947596 -0.0946895463296745 -0.0641507106039485 0.082129641274581
CS05 0.0171686852514475 0.109853847720415 -0.0356772457576368 -0.125638262790133 -0.080363299284415 0.023646650431791 0.0411771071970288
CS07 0.048153643019858 0.0453336731432952 -0.129400596018182 -0.114553365244683 0.126674440997055 0.00260055086689516 0.106882521144129
CS08 0.00858167248386495 0.400826074497188 0.0454824186087742 0.0986454088582124 0.0181269711993921 0.0177003454212655 -0.104486742969086
CS10 -0.0111919305562798 -0.0534407372638781 -0.0530068021165835 0.0266694672041351 0.0647782056005488 -0.0538563298122516 -0.0582670851630266
CS12 0.0553126572885339 0.0332006423672838 -0.0199284810607915 0.0496736213855121 0.0606638851930906 0.0510931283674275 0.0446522094098054
CS13 0.0171060899330688 -0.0944426916618603 -0.0580435038474971 0.0785002222100055 0.0402010738024589 -0.128129225872735 0.0753575075030001
CS15 -0.0366479727032395 0.0478664452532406 -0.0587623322822535 0.0487598597897705 -0.0368124069551284 0.0109865073828922 0.1227252163617
CS16 -0.0695292120090902 -0.00645982404609685 -0.0928035820545057 0.0541543739779821 0.00862118306572451 0.156336421731352 0.0334073245429655
CS17 -0.122345358432617 0.0726477602632109 0.0539937500059892 -0.0391002400345475 -0.0652608948305793 -0.0113972263650247 -0.0915371650004556
CS18 -0.0475150958027831 0.0200690842823654 -0.0906449454540572 0.0174362939958983 -0.104333347993137 0.0313892797659824 -0.00846526908791087
DK01 -0.0547456915425381 -0.0780606994487537 0.00810572914065272 0.0600395151598975 -0.0233758952929406 0.0372478117454727 0.0496412820977121
DK02 0.0247874924742071 -0.012836442961225 -0.0397132941447874 -0.0823224405682141 -0.0734407099071276 0.0215755811022811 -0.0185641739678085
DK03 0.0575025623406135 0.0216703357636016 -0.155044449177566 -0.0747358525636753 -0.00245057175429286 -0.010723889897544 0.0375154901353086
DK04 -0.064343329649345 0.112904357066629 -0.121167144114552 0.0848945887308045 -0.141980182506364 -0.0169715014444387 -0.0295190799162589
DK05 0.0719565480325711 0.536716903848166 0.00420063836352242 0.167823987899835 0.0340471374104406 0.0772533810202084 -0.156245707470335
DK06 0.0315229538298896 0.0349185344468665 0.0253619813064399 0.0451495642951402 -0.0314557698624443 0.0910762240029669 -0.149744617455726
DK07 0.04408509904568 -0.0746419906521445 -0.0378282890643155 0.0972068484649836 -0.0121558799034719 0.042293416516494 -0.118277884727673
DK08 0.0883702771104665 -0.010242035557713 -0.0823718498741831 -0.0170410252610128 -0.00912080257267778 -0.139052036101111 0.0231725917257201
DK09 -0.0343884368098874 -0.0207601076172808 -0.012411258476267 0.0291184344830072 0.0156904850577573 -0.0685190613047686 0.0237218721434012
DK10 0.226821835272964 -0.0780909996450961 -0.0709518130552179 0.0184413227708884 0.00234369487437702 -0.0567299748342251 -0.024864353574156
DK11 -0.0857581311829154 0.0175833465298326 -0.019326960502449 0.104455646618298 -0.0529475747157364 0.111996542406356 0.0341460487448943
DK12 -0.058368900067131 0.0381898762773106 0.0169952676076829 0.0222516025567915 -0.035272423790377 0.0689185529774682 0.0367213289880473
DK13 -0.0410715680288411 -0.0425174582623755 -0.010563362718013 -0.0593884072465753 0.0177281446412661 0.0575156330576164 -0.0296969392430974
DK14 0.0845208012845402 -0.0544728802063833 0.0174343719135321 -0.0383969955628712 0.0239739590357958 0.210660232502034 0.0692786708760867
DK15 -0.123680778790659 0.0665753309793392 -0.0400006193538975 0.0259851853754916 -0.0266661389704779 -0.0391122319765172 0.0436755906072607
DK16 0.00149024470172714 -0.0138393944524087 -0.0758719325210775 -0.0363376003382811 -0.0132094797185428 0.0725459146007238 -0.0288257461811332
DK17 0.0213059084763053 -0.103634314996489 -0.0795373847619351 0.00535946521338708 0.013592083067729 -0.00560837597080682 0.0818616836165063
DK20 -0.046801476808447 -0.012276427261243 0.0306807014851109 0.0662175815767831 -0.0193175509873833 0.15973370248107 -0.0427122068537099
DK21 -0.010664684706569 -0.0623008932820932 -0.143454419929541 0.0403828782139383 0.0270171828965877 -0.126643466716117 -0.0662245828804388
DK22 0.0389909611506974 -0.0891161950233161 0.00954351291633355 0.180255384181827 0.022756073158912 -0.0208666618287984 -0.0518986425929159
DK23 0.0205649732782042 -0.038061931087521 -0.128010951435838 0.0407343866147174 0.0262517024459557 0.00162765877808998 0.0583542710417046
DK24 0.0536634708560381 0.106736855873959 -0.0091201088374171 -0.13992703065449 -0.0763826849909803 0.0963206778606923 0.13018426847033
DK25 -0.0170941697026885 0.0589243471179439 -0.00105250163999161 0.0809080908854097 -0.0599301874452917 -0.0266657016194126 0.00907851470924234
DK26 0.133968798569819 0.0251759216948748 -0.0117752768306828 -0.0146258375863416 0.105587317130801 0.101164774318779 0.111003274694176
DK28 0.18389017528081 -0.0404603931901696 0.00949233010110511 0.132889762168086 0.027883833876406 0.0354623954986894 0.0674048315508526
DK29 -0.0882109777926353 0.020503758358613 0.0066189357058262 -0.0469018244510255 -0.119735519789096 0.0368320742602881 0.0807051233782366
DK30 0.133847994516158 -0.110226106732024 -0.0284817130173939 0.00143228614646803 -0.101951550133262 0.109004777679734 -0.155071982629297
DK31 -0.058282117885811 0.0690849682792592 -0.101878266018834 -0.0550330225360764 0.0409048466465565 0.0228839044862815 0.00991349924038666
DK32 -0.0410438695313622 -0.0607126348671181 -0.0264003948899721 -0.0374559812841975 -0.0769035323921401 0.06769453877543 0.10748817729082
DK33 0.0710036248152168 0.0437277684440397 -0.106332047556788 -0.0890360074507502 -0.0997758230215 0.0869424884600417 0.0184531618605226
DK34 0.000789575722432492 -0.029978174382557 -0.15318615802709 0.012651176945848 0.0706712463058822 -0.0997824887342967 0.121119694297917
DK35 -0.0582820349331434 0.058340761048774 -0.134777406653488 -0.0223557128189825 -0.0484427333598979 0.0329777345881643 0.0769192407825855
DK36 -0.0874205738547685 -0.0157948413669677 -0.0250581778572142 -0.107962814267643 0.0043956852636765 0.0284534273282843 0.0395792570617809
DK37 0.0182177994461001 -0.00563170727609734 0.0302472099249485 0.18393671463884 -0.199619052524934 -0.0803693101945489 0.109636600429563
FR01 0.087245977092649 -0.165630299195654 0.0327723893584913 -0.0266143320080826 -0.114593842470642 0.0251584945318237 -0.145291604884499
FR02 -0.0303475011605569 -0.0661557884418043 0.0650380538937048 0.0200259030434629 0.00658729536004809 0.0294424102626686 0.0537005316253236
FR03 -0.0157054884827683 -0.0741967660252709 -0.106259092367509 -0.0292300496021197 0.0040453356638338 -0.0620610113313796 -0.0202649523721148
FR04 0.0873283589195673 0.0609735026108141 0.0448188329719824 -0.179139110817079 -0.0858601990184848 0.017260217582545 0.16802225678279
FR05 0.125874501376257 0.0525180775115019 0.0512635955466545 -0.0388198900717216 0.222403013479348 -0.0469459503464231 -0.00651988631221195
FR06 -0.0395947033877749 0.0259703676211451 0.0291741278652385 -0.0844176770758332 0.0615239479750283 -0.130733508998731 0.0910578949752262
FR07 0.155662004033682 0.117949479749289 -0.0180833438734031 -0.121515816448171 0.0545598239876192 -0.130207625655663 0.0504956610701617
FR12 0.019254428854921 0.018975242310357 0.0766366129993364 -0.0533485227674685 -0.063361117221971 0.0550257355982968 0.00736502107750068
FR13 0.0243125494784619 0.0779281762686061 -0.0826490642104536 -0.0875704651669828 0.143932847076585 0.0339514472007871 0.00915646141845337
FR15 -0.0833554998621198 0.00136175647451377 -0.0626867583955395 -0.0332021906475725 0.0615369670000703 -0.0993489396421537 0.0183236742098808
FR16 0.181634960610525 0.0325716179183201 -0.0755487067714855 -0.0320712891020285 0.0128956979357374 0.0395697934116479 -0.0334041901908904
FR17 -0.0453679172278506 -0.0474495632702383 -0.0259355852960424 -0.0627187479689201 0.0846700953305515 -0.0858996891939883 0.0584400544332376
FR19 0.0536421347434816 -0.0565246270479459 -0.0253403211102987 0.157395029147567 0.0142853888676732 0.0558091127576878 -0.0492173466611986
FR20 -0.100715957780373 -0.0464805554986785 0.0742626143246362 0.00252266519644312 0.0167988612237457 0.0438889846868777 0.0900402674138861
FY01 -0.0314890828245517 -0.0415893485230265 -0.00287645292260438 -0.0693915600114488 0.0370227661684828 -0.0562553819710001 0.0173298451953237
FY02 -0.109426463730861 -0.0582302613276503 -0.0321865128548432 -0.0364224857187885 -0.00762552783078415 0.02406058017063 0.00332492330569873
FY03 0.0499540296189029 -0.056029654734361 -0.0303323633903087 0.0748268634554446 -0.0310700838317286 0.105689211691669 0.0758042120772167
FY04 0.0699833826466993 0.0982913051579825 0.130818624847611 -0.0358512913705887 -0.126493845537345 0.0371688355154429 -0.0928145189659362
FY05 0.0306729730677559 -0.0128218575443175 0.0698538060700343 0.148181748819454 0.0096597062982906 -0.0711507365940377 -0.00687570859838857
FY06 0.0411470553577363 -0.00552860944837346 0.092390345197805 0.0842355272566145 0.0832096906726277 0.00710571245812322 -0.00456442758104801
FY10 -0.0210454215050319 -0.0575609844158137 0.079581193804165 0.0525028352525181 0.148906274270521 -0.000164179645978646 0.0635890204890603
FY12 -0.0902734885897288 0.0640526262042989 -0.050462393705964 0.00491255689500388 0.010633977939215 0.0637548629234833 -0.0493145641280962
FY13 0.0816307841805384 -0.129624348317651 0.0935096081928009 -0.0708602652520667 -0.00421885175687731 -0.202702217528414 -0.0379202604393638
FY14 -0.0547530564435588 -0.031691260911141 0.0579667125839598 0.0143635450372949 -0.00517799738862991 0.0650036599912351 0.0013424231988124
FY15 -0.11762617355995 -0.0193577844565368 -0.0597861530484707 0.0223461161925688 -0.0570784031540271 -0.106673532156053 0.0267625448278281
FY16 -0.00276113779795644 -0.080234859543007 0.0229711258175676 0.00975552812181356 0.0680209208732567 0.0722827577329377 0.0159221318489697
FY17 -0.0252028479968334 -0.0138100026453464 0.0302715153331316 -0.010033922281241 -0.117526888873521 -0.0976468593480285 0.058001492039612
FY18 0.0302375152101159 0.00960187969053361 -0.0691769539177258 0.11749680367673 0.0237724707997226 -0.0826156360009652 0.0534319914028181
HH01 -0.0863700771016209 0.049079674153471 0.12244672606686 -0.158594333173823 0.0173342560108528 -0.0177935995654821 -0.119548408836612
HH02 0.153545370748808 -0.0484202371828808 -0.0629732188466466 -0.0990626363473324 -0.0140126953936708 0.0433325959078892 -0.119699160992471
HH03 0.00516016397829486 -0.0240023191775263 -0.0151117823455895 -0.0634024140089912 -0.0208673154271916 -0.0205903949796389 -0.0666675625234093
HH04 0.0228680859587147 -0.0164485080525124 -0.0738342972112579 -0.0978859218706718 0.0431095548087202 -0.109675218732248 0.0381665216306824
HH05 -0.0382907360963953 0.027796354851184 0.00863962984008393 0.0507840406420698 0.0167792662170645 -0.0548754824415873 0.059475061588965
HH07 0.0321506727302225 0.0976726054604604 0.0415902150019523 -0.00296380599972464 0.0962600918150212 0.0441545063359903 0.0173733394105858
HH08 0.0694980946445923 0.021945401296555 0.00353531943849617 -0.00951230752529572 -0.0171249970236113 0.0345502719230514 0.0679138597732911
HH09 -0.0669574980800289 0.0161320983297508 -0.00875549705535958 0.0345015227278622 0.0238774830771732 0.00150388936306776 -0.0803631179070961
HH10 0.0526372935858198 -0.0454941118660283 -0.112718780415921 0.0540784022389853 -0.13017981124691 0.0425822807332217 -0.15198931748912
HH11 0.0401671764985903 -0.0447304259497027 0.023262038482126 -0.0923770129844048 0.0200223762566223 -0.0493300620019458 0.0171433187357302
HH12 -0.00409283625003869 0.00670207584107644 -0.0306790898427168 0.0668340059442767 -0.0476705917824536 -0.080669156786933 -0.0147034633279621
HH13 0.0470974891903573 -0.0185717880217905 0.0435526289063814 -0.00631631034576927 0.0562550542973443 0.018162064255365 -0.0445808259795761
HH16 -0.00972933653893449 -0.0953474734334581 0.0219006374654487 0.0913414586815344 0.0135053946976544 0.062177581743884 -0.0270159825147106
HH18 0.0282017302903913 0.0163761470861348 -0.0748171837226487 -0.111905989142508 0.0223028548943376 0.000619839487711556 0.0782199549862876
JB02 0.00784450323890113 -0.055442175356826 -0.112966141891952 -0.107465841512499 -0.0667069934452055 -0.00652120626345672 -0.181474121397286
JB03 0.0634267320435162 0.0407133294600282 0.122568305112957 -0.0312848489713909 0.0167126588425526 -0.0256207386136245 0.118115188712466
JB04 0.0673650298765864 -0.0745073564066582 0.0589445596778 0.076425699242172 0.0514985710091895 0.0281740943827855 0.0408174391809554
JB05 0.0585350884609731 -0.0453231038680907 0.0240375311243661 0.0367740549896273 -0.183776538514022 -0.00338478824249583 -0.116347010304925
JB07 -0.0149543943288533 0.0229142335472815 -0.0284135285168043 0.0155514951826731 0.0071566664390082 -0.0489376250635724 0.0415240442107459
JB13 -0.0449064061873033 0.0354219767778653 -0.0559776874425043 0.113037335566885 0.0112585861501735 -0.0284126980428467 0.0495637145926788
JB15 -0.0254341787068764 0.0058933495392244 0.180884833570367 -0.0336179935982038 -0.0250775834022442 -0.114178866764127 0.0288987571653091
JB17 0.109741557357971 -0.0188873739449924 0.138140325373404 -0.108877453840375 0.0648458223952769 -0.0207672133304872 -0.0186403488581264
NB01 -0.0226601525496411 -0.0282370518784981 0.0389131199529294 -0.0158488671001306 -0.0588636290917639 -0.0129389121490363 0.0185212778496055
NB02 -0.0641441318803252 -0.013675489400181 -0.0145835700395948 0.12862570671414 -0.0428991551111453 -0.0968022446016774 0.1446238217716
NB03 0.0130373197769377 -0.00529803322269427 -0.0421213568616305 -0.0325557651897059 0.103630992901145 0.0572874391788935 0.100779454161903
NB04 0.00226130642864541 0.0131666445124114 0.0182755525814275 -0.0545466647339508 0.0546447232362006 0.0257658548578829 -0.0410324042984007
NB05 -0.0955525030601539 -0.0423236237434342 -0.0726477773618867 0.152476420142524 0.116998057277727 0.0101813975670465 0.04467506668293
NB10 0.194205407854409 -0.0604253304161 -0.00443726331104 -0.0383046249972148 0.0954860638894163 0.0985115698338192 -0.0469523280221742
NB11 -0.000312670824662227 0.0352592722417064 -0.0474679797079716 0.137787592756433 0.0809086596490294 -0.021832201208957 0.0321565152704334
NB13 0.00465998308668713 0.0267326940476662 -0.0511321930379955 -0.0797815233217112 -0.0144390948079213 -0.00788137783366334 0.148763006436212
NB14 -0.0633702226507053 -0.0394940549842936 -0.155383020284556 0.0656217641980243 -0.118112938901563 0.0291069503704005 0.00103600801967404
NB15 -0.0534983833274561 -0.0368264469816296 -0.019491981109461 0.0368953543046016 0.0289122577736875 0.0567024581261631 0.0995423191017116
NB16 -0.120944226357582 0.0149304160557953 0.0504691490232683 0.00655685028212227 -0.0362822300730536 0.122908972467962 0.0339873809775554
NB17 0.00723887271615186 -0.0237151989470304 0.0412167302368063 0.0819065712775233 0.013757552558637 0.0151629366100863 0.0276209179786146
PA01 -0.00970856602781102 0.092836312766898 0.124625241893992 0.0100171447831841 -0.0708936287343841 -0.0246344774902098 0.0489857935467822
PA02 0.0498130878890213 -0.0162179397215229 0.117062305115548 -0.0598213781770061 -0.0945054715514157 -0.0302997784882737 -0.0464207528376398
PA03 -0.0546788760717653 0.0266780381142763 0.0110228540681924 -0.0321732614310032 -0.0559188413731333 0.016555716120312 -0.0317191294275863
PA04 -0.061633556498491 -0.0187284253863424 0.0182019905170849 -0.0152247139097037 0.0669405957352775 -0.137481948640347 0.0237395605539799
PA05 -0.122319018352933 -0.011344469326154 -0.00855913670098718 -0.100040460163197 -0.0719627771018874 0.0312657144783583 -0.0427275717986728
PA08 -0.0941623445796936 -0.00470914342065937 0.0133323167758347 0.0433263560860776 0.0274955976371598 -0.0672732349103626 -0.123797220057463
PA09 0.0761090430801741 0.0627967355858872 0.0651859808245323 -0.050875215264179 0.118406178221213 0.174684789395741 -0.0335810508217209
PA10 -0.02089927549394 0.0814681629301423 0.0157910688488903 -0.0454729195502996 -0.0737092010524956 -0.0606580566325833 0.0674590502100588
PA11 0.168727315059478 -0.00477286092030237 -0.0426048684585829 -0.0565415596798409 -0.0850223784244536 -0.0790568539129034 0.0224698021741586
PA12 0.00817959523567605 0.039166442077896 -0.0332440830763632 0.029892332544221 0.0270360143449628 -0.120769194614465 0.0437076440150148
PA13 -0.0265379999618028 0.00688539074888443 0.0166086256612529 0.0172071797078529 0.118662767834741 -0.0848135066154802 -0.0938274246540849
PA14 -0.114874471901089 0.0342990410071497 0.00854246373448634 -0.00227148162073118 0.150228252655503 -0.00725571994350012 -0.0641667509879377
PA15 -0.0105298841478957 -0.0494276998225739 -0.0594499977461344 -0.0115629895878715 -0.135615247688706 0.0330493364977889 -0.161386399119394
PA17 -0.0431709968693876 -0.0481185287323146 -0.0515734497165345 -0.0532671518333522 0.0397589887938506 0.000656179869059005 -0.0247929045988788
PA18 0.0710281267713433 -0.032267395863142 0.0384425932273795 0.0108516654549575 -0.0738512425187946 0.127575801620464 -0.102167822549791
PA19 0.0948360480908162 0.101886017444109 -0.179577954724171 0.0714082569427422 -0.042769721599329 -0.0633264783986506 -0.0230267446998576
PA20 -0.057635101866294 0.0725378256189048 -0.0556156142139938 -0.000773980171321493 0.0402491832345936 -0.0361535524604484 0.0758206496081307
PA21 -0.052337747608468 -0.0283448062535142 -0.0926986427637929 0.0191203898684696 0.107460871628214 0.0222460005126267 -0.0595735911937667
PA22 -0.0495569065859638 0.108919856745562 -0.0417702179959604 -0.0693899905408959 0.0898561297734546 0.0372498796465739 -0.0261446763660197
PA23 -0.00906512399564465 -0.0650826069258919 -0.0280338372460047 -0.014780415116471 -0.0417602852151429 0.0930454314208057 -0.0408856674277068
PA24 -0.0064370660052594 0.0513075502573072 -0.146787572569474 0.141108030337804 -0.09159067320714 -0.0767198379252777 -0.0861910165022887
PA25 0.00507410172748508 -0.0130376601697869 -0.0159210508677807 -0.0200376617290988 0.0727318052257831 -0.0970595818188136 -0.0308575233613932
RB02 0.0448514162285763 -0.0152482045385793 -0.0381652435117031 -0.0192246987416298 0.0981444600028928 -0.0142024827887705 -0.195425578528592
RB03 -0.0386593444819948 0.010660333892206 0.0666004983245714 -0.0738400781276963 0.0238129869914048 -0.107827588029599 -0.211360273854108
RB04 -0.0202881682738674 -0.0158054583484339 0.0856168921074437 -0.0212463346852315 -0.00689883213574063 -0.124093915276078 -0.104174717938559
RB05 -0.00761308855981003 0.00018599458879704 0.0498149196309368 -0.0577293245975872 0.0822507988054213 -0.00689480052273497 -0.0470215659030307
RB06 0.0235253190848187 -0.0151948185412474 0.146982059102114 0.096006065840388 0.0654139557260636 0.0478865701897371 -0.00456094694326416
RB07 -0.0275831476241176 -0.0398397888689837 -0.0791021939996261 -0.0138754005530433 -0.0589861083204264 0.0160424216112917 -0.0504150412268734
RB08 -0.0605526537720205 0.0156787987544732 0.0801227899982984 -0.0601439047007993 -0.046984683072209 0.116930165082328 -0.00256958347098936
RB09 -0.0679903031663553 0.0971029373106396 0.0577769791896494 -0.0569905117827079 0.0754989788539221 0.0668484165021197 -0.0279696486841072
RB10 -0.00681821145875647 -0.0574141927901187 0.0506979207463051 0.137320425526474 0.134008331190588 0.06431417686116 -0.0733891754138241
RB12 -0.0429426605806082 -0.167421430065482 0.0211879804226968 0.0870744372779317 -0.04051042195987 0.0951036404759281 -0.0700004376987375
RB13 -0.0428746080119895 -0.0410282739919096 0.089462529282936 -0.0231997842128661 0.0660225710141488 0.115920971765275 0.0424073719017555
RB14 -0.0290202786066654 -0.0141548971705826 -0.0316303264603489 -0.00408536088684066 -0.0507284696144124 0.0341394618685859 0.0249040464575953
RB15 0.0412124993875655 -0.0031588548438808 0.000756677383033155 -0.0135291760435382 0.0626384403841923 0.153193832109184 0.00722857801617611
RB16 -0.0399791710170889 -0.0395957628424866 0.083555340299939 0.112556277488579 0.049739130467131 -0.0258461194036023 0.0458114438764468
RB17 0.0777364987719423 0.112938601892051 -0.0375065483388026 -0.0399537634950599 0.00230402921831909 0.0790643764208304 -0.014151598090573
RB19 -0.00674806582392095 -0.0980520295619173 0.159360835496828 0.0328603515240078 -0.0266178636336373 0.0571991935678228 0.18563349951805
RB20 0.0554903911568131 -0.0110202212656935 0.0276795475842504 0.0526842525268536 -0.0547359014322659 -0.0329865159577647 0.0765005048863733
RL01 0.161793171057565 -0.0594720092127527 -0.00502372799749576 0.0444340919447856 -0.00256572512543352 0.116281203935575 0.0420390295428315
RL02 0.0192312127559043 -0.0312802672720625 0.0660502001462433 0.0211198116343349 -0.108294074653677 0.0177837449043883 -0.0520505856237062
RL03 -0.0754557455671365 0.00501399019659519 0.0760770982504984 0.0919537264598349 -0.0271970616741117 0.0224533847962456 0.0645699338855386
RL04 -0.0498014863761094 0.0178943644706067 0.0885975530166963 -0.0401230235557478 0.0459905327013065 -0.10845940494528 -0.0567026694306694
RL06 -0.079642413958086 -0.0397858082061786 0.0817227938737605 -0.0204362294821804 0.00133841270718226 -0.117291279186766 -0.059456392112448
RL07 -0.00465051616804842 0.0641523700851464 0.0807511660863216 -0.00186999117637883 0.0150635496841828 -0.010826898508802 0.0218764700010353
RL09 -0.0707032831994117 -0.0082873824156293 -0.0125204979996978 -0.0847328565366569 0.0113758815662583 -0.0578374843801338 -0.111505353565695
RL10 -0.010915793506478 -0.050151659261866 0.150664160495851 -0.0259085666127385 0.00531204287325786 -0.141726228009407 0.0354964990531834
RL12 0.033409759160923 0.0954638275674513 0.0886553189032098 -0.0022685137149543 0.0465100562279387 -0.0434107797873571 -0.0665674091382565
RL13 0.0824272525607544 0.0958795481334628 0.153176630501545 -0.00536421220357068 -0.0379628304221787 -0.148009914137181 -0.0132684104769211
RL15 -0.110190614084598 0.017838263000211 0.131700517264637 0.0155053075177102 -0.102255777603084 0.0115268561208325 -0.0517942253862608
RL17 -0.00638164600768232 -0.0403580740360291 0.00847646540207765 -0.0154034235784719 0.0410256601041555 -0.0947528428465054 -0.146064680958212
RL18 0.221841095419442 0.0144841939830281 -0.0737846554946851 0.00654969549060117 -0.00298505677486452 -0.0555722201409845 0.0143629829907277
RL20 0.0190261040239874 -0.0203356652174758 0.0818711336395061 0.0393826669368041 0.108111971283328 0.0297374189365754 -0.0512242078091229
RL21 -0.0715060092576113 -0.00978990917279546 -0.0101223677371089 -0.109650959073506 -0.00576704797755254 -0.0408360280165954 -0.00670005330263088
RL22 0.121324894858169 0.0851729035024384 0.156254763035817 0.241020782428996 -0.18921851737375 -0.120742740464215 0.0976297754715609
RL23 -0.00129600415568336 -0.0392523699858027 0.16704538975735 -0.0875574792325564 -0.0504059777161749 -0.0765043753147851 -0.0263603277156212
TR01 -0.0352699809203988 -0.0740682103880151 0.0198889160985936 0.0282297822615367 0.0550473282793318 0.0874178194583544 9.62404720284225e-05
TR02 -0.0606522183882749 -0.012905302378754 0.00324649030584811 -0.00641235439494418 0.0336388734691909 0.0141096132371028 0.062423504158355
TR03 -0.0773937069741378 0.00880943877253902 -0.00159775166076488 -0.121381052229924 0.0411225073845146 0.0144021489098612 0.0043904450792336
TR04 -0.0983852446986764 -0.0344912594629688 0.0443069496364053 -0.101771464253167 -0.106006214031493 0.111849242665248 0.0216584709972026
TR05 -0.0408190610001824 0.0317722717932289 -0.0888080197428755 -0.0477928995403565 0.136034311926921 0.116897394082679 -0.0195646624627747
TR06 -0.134721030728176 -0.00472556033774044 -0.198581343376151 -0.00100822098346417 -0.00400729696924824 -0.0384393804439211 -0.0296104472446896
TR08 0.00772108767641431 -0.0994137149364496 -0.00486137588508908 -0.0842484646611904 0.0936666599191621 -0.0199771823115876 -0.0284550734225
TR09 -0.110570412989552 0.0132747494947644 0.0716897877544164 -0.0497634087514031 0.0158483805920259 0.0280731489276844 -0.0309027902908231
TR10 -0.0991028372194458 -0.0156174819184936 -0.0133095422916686 -0.00145290899487197 0.118621002390641 -0.0451396986037138 -0.0558609137226551
TR11 -0.0741186527464521 -0.0100432749215288 -0.00551350392629855 0.0300808866286214 0.0616180567308261 0.0185429799926876 0.0356233255245724
TR12 -0.0198732052334547 -0.0144570278519819 0.00479615726452711 -0.0955264846563293 -0.0678035109651842 -0.0908134123919286 -0.0221145100132981
TR13 -0.023682231849449 0.000894280488795482 -0.123708918542232 -0.0880719842740146 -0.201114934217368 -0.0034836289983746 0.0324998083748408
TR14 0.260346509027286 -0.0165509004396877 -0.0162038891122052 -0.0683153460213403 -0.090449311340735 -0.102978323659691 0.0565415941634291
TR15 0.0321049669705253 -0.0775318276118364 -0.0170402391003846 0.131919757615891 0.106586918472341 -0.0408295474144529 -0.0637635345303623
TR16 0.0330190772555657 -0.12772953632587 0.116223743764843 0.0143967428836155 -0.0244974124787235 0.0651929561335136 -0.0491744274765149
TR17 0.0467472878506031 0.0134979211068603 0.0834550283378687 0.00318678024545206 0.067364354001841 0.0731886795132768 0.185711384514591
