sample MDS1 MDS2 MDS3 MDS4 MDS5 MDS6 MDS7
AN03 -0.0159641952277134 0.0429766978862796 0.040294484470963 -0.00713703652659943 0.0150171674062976 -0.0297690693658433 0.0687350797307394
AN04 0.0480348161732466 0.000246894340823728 -0.0436497124706775 -0.003083479300428 0.0114925613242427 -0.00190389084150683 0.0790088444783171
CS02 0.0337497301335091 0.0119849110441685 0.0306654080721241 -0.0887529737633726 0.0787593239462679 0.00549958433534202 -0.101987390378338
CS04 0.00218260035638243 0.0385518151578432 0.0168716334203559 0.0408679221111894 0.0725524822042832 -0.100535666282299 0.0265573672049781
CS05 -0.0737572090657164 0.0861138544061263 0.0730528703564586 0.116313967817757 0.0063632950622068 -0.02678575531701 0.0762532205940111
CS07 -0.0850384436248849 -0.00603176681299816 0.132153534136824 0.0149608562912431 -0.130126135156643 -0.0662344770843796 -0.00496006864980192
CS08 -0.0814233234090708 0.372634260691787 -0.0164173156905286 -0.0621156063502718 0.0709815770728448 0.0194248544985909 -0.08873840682433
CS09 0.0869184632252419 0.0368457108423593 -0.0510572223240031 0.0786215292899392 0.0276618312236473 0.0330032334708868 0.127046739795683
CS10 0.00868115673437318 -0.0623050921880355 0.0398877680926257 -0.0469740327724017 -0.0237941743179888 -0.0105968544700664 -0.093842962640846
CS11 0.110270793440909 -0.0158802046156087 0.0396011151537532 -0.0932789342387546 -0.0476445847496526 0.00185810720704424 0.00059428587580207
CS12 -0.058021259242788 0.0142635341654869 0.010457395294182 -0.125497711846697 -0.0341147167110551 -0.0109265014666543 0.00822247657212921
CS13 -0.00647560653449216 -0.110807924208957 -0.0189652854949394 -0.0952964955390228 0.0397593525576479 -0.0847449798478762 -0.0601139176366955
CS14 0.0473857341502784 -0.00771429499520869 0.0505106593181864 0.0276617496685109 -0.0129213068310283 0.0543414274996591 0.0244751903937966
CS15 0.0156693053236401 0.0337075756968984 0.0708067022539783 -0.0468748829521782 0.0598292968082148 -0.0576777756177428 0.0613039699165588
CS16 0.0455962485604955 -0.0022683312814719 0.118470615232288 -0.0944998932549552 0.00567604791567246 0.0646555448746846 0.0888309303148773
CS17 0.11133506046805 0.11432412979414 0.0140492984684091 0.114683775947685 0.0573042626131001 0.0269821530498302 -0.0456728977489682
CS18 0.0100986308119902 0.0175167526568397 0.104953802620261 -0.00708967295505647 0.0777866376055317 0.0553758978294254 0.0482576911304837
DK01 0.0678614163942559 -0.0434846272233156 0.0175847183944811 -0.0489667181080511 0.0209512956237695 -0.0351572565945798 0.0313846866359727
DK02 -0.0386985455808238 -0.044257796712256 0.0487045733853961 0.0908085157545355 0.0267856500793134 0.00690618142472577 -0.0281782810810834
DK03 -0.111626387715003 -0.0288002595890952 0.112078083104103 0.0377653227750379 -0.00375249327490814 -0.00377437960363788 0.00383780570811828
DK04 0.00472159343306441 0.0967177970395051 0.118441168833725 -0.00683285255722682 0.197845457782263 -0.00068365488043555 0.0120217026568628
DK05 -0.184428958298134 0.507655169644587 -0.00265050747436624 -0.0925879339719896 0.101259753348229 0.105997840059077 -0.0816271353115737
DK06 0.0227369701676544 0.051183032035401 -0.039636153127419 0.00155451336176951 0.0521325150616737 0.121731583700349 -0.0418243028463317
DK07 -0.0178337738831619 -0.0810757462677966 -0.0239349500045269 -0.0635983293299691 0.0703234304365239 0.117778016977625 -0.0375500587619789
DK08 -0.0990848891116025 -0.0352462224781859 -0.00760787216128769 -0.0143335187135314 0.0564734406791919 -0.112232302314905 -0.049644819868166
DK09 0.0297983353137631 -0.0171709615546091 0.0128201307795943 -0.0430213406443966 0.0243707422880982 -0.00728641920130041 -0.0459156387412462
DK10 -0.185885251492245 -0.12665836788835 -0.0787727546983851 0.0415619266499604 0.0388537127905245 -0.00525334713925593 -0.0311035051413429
DK13 0.0373769416154318 -0.0315946314524414 0.0360462120103629 0.0390607093091335 -0.0516604645357644 0.0654064595667095 0.0292243973616325
DK14 -0.052306685257479 -0.0637240276672567 -0.038156616730614 0.0259914375238617 -0.103849985144249 0.086804627178902 0.130375180573104
DK15 0.0679683484988144 0.0695897779142819 0.0817567099496062 -0.0523623972728401 0.0618636307122633 -0.0458310994522905 -0.0275874648205768
DK16 -0.0149484108395597 -0.0101765052126077 0.0682369544156343 0.0348095309744263 0.00119173632385294 0.0691518708791753 0.0595777094664127
DK17 0.00142652929016907 -0.116176162909972 0.0562306278193608 -0.00514595229309179 0.00716352684127175 -0.0454959282096513 0.066706958793994
DK19 0.0427099154114686 -0.000637776004668866 0.0970316766372288 0.0236837644969537 -0.045945997524183 -0.0284671861940485 0.0879492831132526
DK20 0.0714563455264407 0.0269588737119397 -0.0251827030180777 -0.0482397062399506 0.022989739302292 0.114461602879343 0.0993015187066462
DK21 -0.0288302620405928 -0.0907233892503195 0.0972757769589002 -0.0467564500346327 0.0598970312238389 -0.0329815920037076 -0.143317685478664
DK22 -0.0178629235571643 -0.0922662920656097 -0.0659323494326741 -0.175050110187717 0.0657833424758975 0.0306499832432368 -0.0567496294054377
DK23 -0.0577179231174098 -0.0764882590318109 0.0804732185841134 -0.0751596530271822 0.0134946600102316 -0.00738532679898694 0.0183100296006427
DK24 -0.0747678662645011 0.0891006321334454 0.0323083867155092 0.0777713487796639 -0.0435833178153839 -0.035924896031872 0.173971365650394
DK25 0.0143257745273087 0.0592359903862786 0.00123132121752317 -0.0650689317414218 0.103218312252963 -0.0398178003185593 0.00767596329669122
DK26 -0.114648111709121 -0.0094821724748033 -0.016002540998734 -0.0141289550664412 -0.108746941103756 -0.0580888002654371 0.0822769994635963
DK27 -0.10293914298868 -0.0150631520998773 0.139240965610805 0.0272330913899493 0.0483504963325212 0.0667112170459295 -0.0506333064433544
DK28 -0.127792250307293 -0.0807339553495391 -0.125567459555151 -0.104675046088486 0.0435292447715592 -0.0330445740388892 0.0125624649391353
DK29 0.0853974322564313 0.0443946182329327 0.0391843423249418 0.0836726200987664 0.0668053376904188 -0.054288843862576 0.124134503354139
DK31 0.00243312727194428 0.0439298074234882 0.142260342573789 -0.0213212157459861 -0.0580638260190387 0.0259189385470473 -0.0293619648605834
DK32 0.0604375366639149 -0.0569726058924434 0.0494432698907032 0.0617674982723983 0.0450408498545581 -0.0315006352855794 0.0984602097959287
DK33 -0.111641511604642 0.00790230875744857 0.0658930691532017 0.103131349762204 0.035399531847176 0.0459882750958149 0.162088765326155
DK34 -0.0458703464980644 -0.0690232307136727 0.106352391311609 -0.0568095969932182 -0.000327360651138545 -0.128285643712139 -0.0117073902039744
DK35 0.00604868924069223 0.0289540322406082 0.149205783746514 -0.0228508601393044 0.0417121410315263 -0.0505405960438503 0.0543824754147059
DK36 0.0619185581641167 -0.00978234506769359 0.0932339271083167 0.0478692819630957 -0.0678469560691154 -0.0453472385115276 0.0672767720096708
DK37 0.00737943139821377 -0.0141041801860491 -0.0570138334592343 -0.107830330328525 0.20459632413487 -0.0791191725327158 0.0909902920356966
DK38 0.00486163227638885 0.00491935079614372 0.0404683421718914 -0.137595768595421 0.0645005166440882 0.125387624830291 0.101711113786285
DK39 -0.0360232359974849 -0.0148238651814003 0.128571475226853 0.0773490909745842 -0.0214381769774421 0.00941788383472841 0.000450588197846225
FR01 -0.00774474526682341 -0.16621497341599 -0.117203395196266 0.116501979384337 0.102339972226554 0.117370749073642 -0.0262889161668962
FR02 0.0638827369405649 -0.0367232264234273 -0.0390696728016953 -0.0374979988002301 -0.0302148994552662 0.0111654200819226 0.0232352031153881
FR03 0.0140031863155392 -0.0864354124531404 0.0828585575883402 0.0622391606498389 0.0390665338393797 -0.0147371070958147 -0.0807301110592371
FR04 -0.092413286214906 0.0289076689768054 -0.0177790107838991 0.135846777864353 -0.0635811180214028 -0.117375744071045 0.13611216564931
FR05 -0.130842296044408 0.0266517916488866 -0.0921562048313967 -0.0354992226073893 -0.185109263745852 -0.0329114825196841 -0.106494158097297
FR06 0.0181462932685239 0.0314036243786196 -0.00780016897690814 0.0549540167892563 -0.061545859296236 -0.189496403632008 -0.0480396401394887
FR07 -0.182830366277703 0.0813383663748768 -0.0304347585026066 0.0734337201926139 -0.0807599963171 -0.108092811914721 -0.0540753370863718
FR08 0.0490148558328192 -0.00586845598929892 0.0670577442150306 -0.0694457147702636 -0.0609952414568178 0.0312537582700694 0.139234160149686
FR10 -0.0169672924831738 -0.0495229834032999 -0.0571255293560243 -0.0433525705918927 0.00851951087916505 0.100019524734335 -0.1108180733996
FR12 0.0289964201697994 0.0406953312401142 -0.0609655620921449 0.069209091678657 -0.0075035622847773 0.018030158119276 0.0504349746795502
FR13 -0.0887910075810218 0.0586402707800542 0.105522347675037 -0.0193039041789396 -0.162460672429052 0.0619940717998526 -0.0285643739161866
FR15 0.0391020210824381 0.0020664133607386 0.0760053422881118 0.00610301956486044 -0.0139815772316885 -0.0561171937044189 -0.0666987956422368
FR16 -0.168538162869164 -0.00730231920885187 0.00131938885494684 0.0276355259469629 -0.00572205694420252 0.0531078286000873 0.0480023990492488
FR17 0.0520292450153884 -0.0478064930153989 0.0792125661563904 -0.00893367157130889 -0.0792985029488747 -0.0967327553868627 -0.0251118662617872
FR19 -0.0163130884791965 -0.0549695770911355 -0.0506687094291262 -0.093787251916748 0.0694383863726752 0.0731769856125521 0.01951534682073
FR20 0.143857312545996 -0.00230549887479186 -0.0160369240880484 -0.00493201312433977 -0.0294331905693911 -0.0604749127888166 0.0642472579298896
FY01 0.0332676807371296 -0.0440895967252545 0.0365339670487684 0.0385707974067519 -0.0566679699387658 -0.067539756276772 -0.0287547925461963
FY02 0.0873915336499568 -0.0347476608369003 0.0821762652636804 0.0205184108294843 -0.0345698417576015 0.00380591070015193 0.0177476848173002
FY03 -0.0310234260661489 -0.0588827087626965 -0.00572064572834516 -0.0704562561527784 0.0162747169738811 0.0274032327188878 0.100565388092569
FY04 -0.0489576025933792 0.103755422567511 -0.131772505490573 0.124943580291017 0.0625611424285652 0.0540995701555064 3.66367046540908e-05
FY05 0.0123123088822328 -0.0115962305954589 -0.0995796001122303 -0.0791199654498242 0.0801596117901476 -0.0327298568108795 -0.0675507114290965
FY06 -0.00457622529557917 0.00868332272320645 -0.109883358975086 -0.0786679227323167 -0.0453158621694055 0.0219392103736799 -0.012634457986363
FY07 -0.064467369472079 0.0995411806799026 -0.0550315242196981 -0.043302197101815 -0.0533642487243859 0.0268425835447733 0.112551295164021
FY09 0.0409005307073857 -0.0373151807422056 -0.0392508528726461 0.0420874051369797 0.0817685323802721 0.10340978436465 0.0725849547211919
FY10 0.0558010917321023 -0.0154697802416354 -0.0711917798105901 -0.0924963460857657 -0.104271396539482 -0.0728067842736107 0.0527094307466404
FY11 -0.0899841758423528 -0.0531692579175657 0.0345175790718101 0.0705977147580592 -0.00686268171150606 0.0963065485223266 -0.0159028734982544
FY12 0.0454109710127279 0.0689838711506688 0.0728797727367079 -0.0517328850422729 -0.0125069238135091 0.127895637807277 -0.0206829771213279
FY13 -0.0252492576968844 -0.122532440775326 -0.140271297123756 0.097605992442294 -0.0160366349876221 -0.0909679744954912 -0.12572618101674
FY14 0.0774774106268705 -0.00405392923885221 -0.0245982205969124 -0.0436591833040251 -0.0204961957182067 0.0629217056242755 0.0542275440656471
FY15 0.0727487153799658 -0.0114941989659265 0.0711205552692358 0.00416445683045353 0.0876756588037273 -0.0628702435590423 -0.0562656584433138
FY16 0.0469055384807102 -0.0641735107631133 -0.0339844063176683 -0.047448751725347 -0.0639888767265541 0.0582588923378935 0.023238621192088
FY17 0.0385673135413231 -0.00785949283278723 -0.00913257338582716 0.043201803524857 0.0826784777217988 -0.108820555186723 0.0149582272885388
FY18 -0.0521032591094619 -0.0142433013606656 0.00403985158811395 -0.0845974318462985 0.0766845984722145 -0.0738554623777387 -0.0386422462863259
HH01 0.0918010098682477 0.0917806167201609 -0.0338329211184335 0.157375682388786 -0.0931670113631538 0.0417290704777398 -0.109376284597576
HH02 -0.150900695068287 -0.0719720418630379 -0.0273363115692419 0.120746254279131 0.00144706979572353 0.131270435129548 -0.00331445846549145
HH03 0.011570505815575 -0.0170717933330302 0.00379494198007668 0.0757114672251088 -0.00185396987292965 0.0332754701456854 -0.0528926620050839
HH04 -0.0728903589583653 -0.0550051426147387 0.0700143824312883 0.0631243682402892 -0.0492185918251072 -0.0639326389872499 -0.0477632837794213
HH05 0.0157831959137293 0.0149293436514564 0.00669250476505761 -0.0221976014893582 0.0196139370269805 -0.111236770064858 -0.0265510718113893
HH07 -0.0511719936755931 0.0778738431364558 -0.00369826561696844 -0.0627645575656066 -0.0889697154674458 -0.0179784228265498 -0.017904865778647
HH08 -0.0643995261338441 0.022009735684956 -0.0448457785037207 0.0235683411461207 -0.0185083300865096 -0.03874334594907 0.0285010550162589
HH09 0.0549315689420504 0.0327588412228824 0.0196888791645918 -0.0356057335332231 0.0212833573547352 0.0317305091369459 -0.0924040667056991
HH10 -0.027684414734453 -0.047958116372075 0.0428482548016182 0.0353006790403308 0.16033038015753 0.120266442275276 0.00774204523154995
HH11 -0.0146622391652476 -0.0443028994048762 -0.0246239510386934 0.107833958992382 -0.0555235487508864 -0.0783543857796282 -0.0340397196120074
HH13 -0.00365478333814428 -0.0133027877229828 -0.0638113666602425 -0.0142519813097422 -0.031046594489903 0.00571698193092886 -0.00472303250527597
HH16 0.0277568510445302 -0.0770090152657146 -0.0335118452132328 -0.102617064071829 0.00508852683348685 0.0449495558679206 0.0129609785430359
HH18 -0.0687318467273233 -0.0152047017755045 0.0993789521784629 0.0384812730582423 -0.0756929789746904 -0.0590095927554257 0.0423876255258631
JB02 -0.0239938884897956 -0.0572372218218355 0.0654995678349979 0.136954274198575 0.0427128397028159 0.156776345417256 -0.0521051946498628
JB03 -0.0161611543206731 0.0597882811046995 -0.093047187511504 0.0131087124831784 -0.0690751108508665 -0.118684407609793 0.0941268682885868
JB04 -0.0148531004372808 -0.0684077551884561 -0.0796701511315551 -0.0968702362526855 -0.0301284331174526 0.00663546581938171 0.0440557122343638
JB05 -0.0169132085561872 -0.0481419879743815 -0.0942797956987569 0.0921201050027182 0.190308732335542 0.0931591760367727 -0.0541299008744246
JB07 -0.00540839809206208 0.00852797394661466 0.0432684408885361 -0.0466629117874711 0.00740780995249542 -0.0431072154006035 0.0363902688797519
JB10 -0.0927831288919864 -0.00334152653989239 -0.0603658031751433 -0.0134881229670216 -0.0397682763935562 0.000488239088212584 0.0289188430225645
JB13 0.0140380997736301 0.0185243652184234 0.0667690952507584 -0.13971638521034 0.0500683498136941 -0.0466052698506001 -0.0316208549642692
JB15 0.0750505425358863 0.0407695176938248 -0.146796514198245 0.0404280156997087 -0.00105075933799123 -0.100993790090211 -0.0635808328550032
JB16 0.0654867952045625 0.0624155605067838 0.0213019796861803 -0.0061151737012919 -0.0289087961120066 0.0335204072823474 -0.0401812040576001
JB17 -0.0467975481997466 -0.00590566747221287 -0.145690609082061 0.0508675605561562 -0.13683071849066 0.0277590929758206 -0.0192599548944468
NB01 0.0308440797820896 -0.0239903887345869 -0.0267077524568614 0.0497666886774486 0.0263009173416942 -0.0768963909604092 -0.00631861986613029
NB02 0.0495353927980632 -0.0101186661454215 0.0262977701363392 -0.104233213201657 0.107529370142703 -0.155601490197858 0.0281003061545811
NB03 -0.0437605690726685 -0.0429465631673215 0.0357158996216724 -0.0510729247707934 -0.125037161010908 -0.0408241036071907 0.0549599708992088
NB04 -0.000713512603764794 0.019197458296596 -0.00510857062232911 0.0449175770614663 -0.0630869504509627 0.00935884573254045 -0.0142899135648108
NB05 0.0649025208827737 -0.0308471943345002 0.0639492917397259 -0.170056605328049 -0.000582353213480193 -0.0207488885576128 -0.0149825296289188
NB06 0.0048055630784496 -0.070699240919997 0.0671832944280781 -0.00775947782513741 -0.0381109096023771 -0.117778910976558 -0.0387003456675723
NB07 -0.114252139884154 -0.0320010619308199 0.0236383571664445 0.00416850855815245 -0.0213485235648109 -0.0666879338477847 -0.0463105639781129
NB10 -0.148774555048829 -0.091801377891211 -0.0447427388178526 -0.00564307641307238 -0.127911432455557 0.104157503346173 0.0145998590571173
NB11 -0.00699400994602776 0.0272793822356748 0.00320547925957393 -0.169556261178118 0.0318185353716357 -0.00298327354690272 -0.0394611897514801
NB12 -0.0214706150011576 -0.0533073375866302 0.0727068770150747 0.102771209595229 0.0268164380772481 -0.0166467685217606 0.0315869123650391
NB13 -0.0286028300857807 0.0174288621214731 0.0801080649951723 0.0238734269269248 -0.0555573017233949 -0.123006702508923 0.100603943645518
NB14 0.0106214567749133 -0.0663395469298899 0.145510016386453 -0.0226340616973205 0.137881302256365 0.0298937669757396 0.0183518488491498
NB15 0.0579850057875783 -0.0202677440222328 0.0241086699905745 -0.0299276083024785 0.00143451033540499 -0.00818948420133075 0.0850091738418234
NB16 0.129242247958758 0.0529410409996663 0.0296974829319077 0.00119569134625794 -0.014203331132307 0.0392477582335415 0.0807301793670292
NB17 0.0146284829283821 -0.0169273240491649 -0.041551064555913 -0.0841598348206209 0.0164692599170121 -0.0197817959922476 -0.037687030216982
PA01 0.0189716631880472 0.126062855018844 -0.0909920461660666 0.0295636896701059 0.052351693587056 -0.0883786468607838 0.0542267194214051
PA02 0.00702660429284898 0.0253451539755243 -0.129349536640915 0.111363523585342 0.023032600882691 0.000505922472831568 0.0398534945219717
PA03 0.0554042258024231 0.0448283361615284 0.0315067354401861 0.092755192584566 0.049571905537729 -0.041107600426982 0.0253371709154739
PA05 0.0967911107736266 0.00387051719227468 0.0719628472710707 0.107338427607422 0.00651564776549018 0.0553708418545199 -0.0685090027011554
PA07 -0.0541396901554042 -0.176289619925373 0.0221041609922587 -0.0576356243564572 -0.014895574446101 0.0216672556229937 0.00999702847412583
PA09 -0.0621825069810597 0.0715565987859034 -0.0515739586516908 0.00187068359909472 -0.167968479331044 0.124331024058718 0.100602676418876
PA10 -0.00094402233060342 0.0723971445937211 -0.000789948383811738 0.0761976000836587 0.0328053448109343 -0.146293415367943 0.00759364604093353
PA11 -0.140164964899744 -0.0489923765799846 -0.0169353553935651 0.0744964880343021 0.0476005625860189 -0.0800698313802512 -0.0296250220908847
PA12 -0.0233022916330832 0.00961578925411936 0.0509006924389482 -0.0423192212050415 0.0240285915278035 -0.152353949835962 -0.0278309385116291
PA13 0.0199800055698146 0.0140357833973612 -0.0047013719194602 -0.0464119996009021 -0.0500797541210034 -0.0267800447115942 -0.18870295649017
PA14 0.0821799106327168 0.0541863796484472 0.0582908851987299 -0.0730575795539006 -0.117035561611331 0.001893265467546 -0.151820231113281
PA15 0.0198105746901617 -0.0402424828733145 0.0349269155145802 0.109173995586953 0.15391635491557 0.148866045170061 0.000737201098380048
PA17 0.0269604884701696 -0.05017865238622 0.0364338723387439 0.0544999612094877 -0.0256028639550578 -0.027196226123749 -0.0329687307234199
PA18 -0.0323125732405283 -0.0180863130796804 -0.0832156291631576 0.00863689152074037 0.0415643143545545 0.133128231408695 0.0425587799230838
PA19 -0.159118029761071 0.0336642565625794 0.114722887289671 -0.0635010265020421 0.118961580068447 -0.0132804237536473 -0.0459893536424584
PA20 0.00469039987681207 0.0540265237605473 0.0708526266113729 -0.0506128486538986 -0.0161216073205458 -0.056574938710671 0.00553357465196245
PA21 0.0142632824637391 -0.0436394556989538 0.098379910261107 -0.0667061576377152 -0.0630586082331849 0.03079464708968 -0.0286340125685181
PA22 -0.0099042815561216 0.0944791261604537 0.0920863813585587 0.0056533248885033 -0.105449986398985 0.0576712403385987 -0.037888138925492
PA23 0.0177791168566847 -0.0648289835333709 0.00949108093346164 0.0548803164303831 0.0274380787096689 0.0470551695169236 0.0625142668720979
PA24 -0.0465471127387814 0.0275750186676459 0.0977135156963506 -0.04762510018599 0.217296350165315 -0.00416988888503847 -0.0675809792712908
PA25 0.00722541455311365 -0.023870224767522 0.0117963008482244 0.0286442509960636 -0.0413674553512135 -0.0604886800870352 -0.141465526058195
PA26 -0.0108597093917912 0.0302308453124864 0.0091452211307054 -0.0268526988027572 -0.0961496919449208 0.0703063504834845 -0.0396731860535163
PA27 -0.0953145060353058 -0.0331056069949761 0.0143111612446058 0.00199327028156892 -0.00962316113197937 0.10638494534139 -0.131019070673905
RB01 0.0841095065909092 -0.0551796295233918 -0.0958218800386327 0.0202337490444985 0.0880992040749073 -0.0699030780629431 -0.145406058502981
RB02 -0.066395729228344 -0.0387051654396412 0.00447638512819551 -5.42741199324832e-05 -0.0691298936376493 0.133564396835284 -0.169921224861137
RB03 0.0608756669812259 0.0480505113088993 -0.0355248324370457 0.114799263596759 0.0075333168787034 0.0423212229468492 -0.165015092470111
RB04 0.0558573864857047 0.0103653422957938 -0.078215860499251 0.0287118568238445 0.0191382314567135 -0.00448869932450972 -0.0962854839242004
RB05 0.0284594069986787 0.033568898143633 -0.0399798795131805 0.0291480384561029 -0.0904982266887674 0.065388512535663 -0.0311364803068865
RB06 0.0440381439487469 0.0217101300938492 -0.143953326155887 -0.0985010230611615 -0.0478595631651528 0.0379805138233186 0.0572490177614254
RB07 0.0138449129856547 -0.0286203889360649 0.0448844349905225 0.0325577886083851 0.0738314318249328 0.0906989655015335 0.0356188338639036
RB08 0.0901408584427167 0.0691159206790287 -0.0132294136500327 0.0894706118339843 -0.00539391101483841 0.0128370381205899 0.106826332221678
RB09 0.0348207136919253 0.117646873721929 0.00937781963947777 -0.024579782875098 -0.10369049796385 0.0831340946717844 -4.60778418400515e-05
RB10 0.0405996353589055 -0.0375542043596811 -0.0737744867131134 -0.144761888533258 -0.0326907560257109 0.123722822501632 -0.0437136321329339
RB12 0.109454384081219 -0.110692869315914 -0.0423685464803535 -0.0154045953468023 0.0495364686598083 0.110529601786152 0.030729134378846
RB13 0.0860235433089942 -0.00195735768936355 -0.0620413424131168 -0.0383642165041635 -0.116169436531168 0.0236318422210289 0.0518398519750305
RB14 0.0179157250734143 -0.011390037374414 0.0261722085149448 -0.0075516135686414 0.0335946385577742 -0.0221366330361052 -0.0151231868734905
RB15 -0.0218610698527343 0.00405380169320716 -0.00904354418110544 -0.0193950593781453 -0.0845746943276212 0.0738364753957074 0.122274208758629
RB16 0.0892729592133034 -0.0154402003955455 -0.0930808209913267 -0.0815545183052362 0.0189288840274355 -0.0515427755578561 -0.0372822674938604
RB17 -0.102383692206842 0.0977166505802316 0.0302297741138504 0.00149938823255389 -0.0301769441674505 0.0577876444338235 0.095399720610985
RB19 0.101232678422501 -0.0529334221457034 -0.129031118338832 -0.0102905178971835 -0.0215891292820503 -0.115736455851218 0.154042491897778
RB20 -0.0212110323197095 -0.0162947803830967 -0.0693462672351939 0.015306317697294 0.0654547762477133 -0.091115963602298 0.0405808589154974
RL01 -0.112476835279091 -0.08014572845538 -0.041391853479331 -0.0585865232936084 0.00858282254371373 0.0864203546808327 0.138635039775959
RL02 0.0360716040085956 -0.00903692913013526 -0.0655409665138986 0.0006678282672352 0.0937489542767357 0.0591647755943065 0.0209519457321889
RL03 0.104693587518296 0.0510724035982775 -0.0465517182740868 -0.043509565337498 0.0447755405407404 -0.0706455797570438 0.0579486267234583
RL06 0.094671646333156 -0.0120204017403389 -0.0274868487177293 0.0367914966906824 -0.0033947021237432 -0.0204830004347368 -0.105046328057301
RL07 0.00251368361535082 0.0823116273318694 -0.0577114488535487 0.00739201184488567 -0.0257563758565141 -0.0306077775832373 -0.0058590220579701
RL09 0.0494963932677519 0.0128710627231758 0.0296402368207119 0.092078660834833 -0.031624301967885 0.0754106521933144 -0.0781763084606822
RL10 0.0600028337365837 -0.0209714745288475 -0.130769310171463 0.0413046146203302 -0.0292890304635816 -0.151073457051187 -0.0851949200512924
RL11 0.12245647735839 0.0799120559028176 -0.113729723710514 0.101620422152993 0.0343361128701729 0.0941959592837462 -0.0647438948782087
RL12 -0.0174573619554434 0.110827056777064 -0.0765017539364238 -0.0197526443618629 -0.0422238762158855 0.0469027694695101 -0.0689175509442882
RL13 -0.0586345041835028 0.0989751629108384 -0.154642898462223 0.0514243142922776 0.0391201520937483 -0.114783419867 -0.0848411295341134
RL15 0.142454247500982 0.0834506598001402 -0.0748385352916631 0.0291359563872568 0.0550005038765243 0.0493878237019883 0.0139340723193715
RL17 0.0179728559270467 -0.0271944441438636 -0.0223061030091769 0.031283823730099 -0.00566359885686167 0.0527258792958594 -0.118556962414742
RL18 -0.224486559203323 -0.048502987206562 -0.0294329209986397 -0.00548233164466372 0.0410788825575444 -0.019407813809819 -0.0107046778836346
RL20 0.0197872243744186 0.0022521494465963 -0.0936952291997136 -0.0575948487822474 -0.0797217972113018 0.0691892642351992 -0.0134649475286281
RL21 0.0582384751346754 0.00689170698540552 0.0377104076212343 0.0818102445160736 -0.0362016266264392 -0.0348695517700996 -0.0492955519334283
RL22 -0.075650339859942 0.0841598181004605 -0.176369032220981 -0.146996879151296 0.188746825543275 -0.0357578791977766 0.158485405805655
RL23 0.0549235770372965 0.00914731751699392 -0.139115721638719 0.125787001558439 -0.00408250698743791 -0.037125206213061 -0.0022040491067894
TR01 0.067787648857345 -0.0529508059485047 -0.0404557533466855 -0.0688389281028222 -0.0512257661627198 0.0471275722337748 0.0401074854292644
TR02 0.0610766394542921 -0.00784477455574413 0.037280407220952 -0.0237272460023142 -0.0114796795215663 -0.0479290599106798 0.00948431340129063
TR03 0.0549860089393889 0.0180397765386257 0.0556637687043842 0.101203333901573 -0.0849298260094746 8.27952149937972e-05 -0.000610917138643593
TR04 0.125392977447778 0.00758072809171792 0.0187667859349662 0.134998758530215 0.000705415319246353 0.0512491877188689 0.104906129409445
TR05 -0.018034138305045 0.0291971412977418 0.109127624989197 -0.0391977824413101 -0.134282504734985 0.107385180082049 -0.0051323279046892
TR07 0.00447040919815611 0.0133570310151542 -0.00938746189290154 -0.122210356361548 -0.0766099231424341 -0.00212932745540807 -0.0930160325567081
TR08 0.0224025569559182 -0.0740632920559099 -0.0186926692531122 0.0463413740565274 -0.104156633806491 0.0181257525970237 -0.0325723081904589
TR09 0.128667890737144 0.0620973040122189 0.0174633983814615 0.0282906715205816 -0.0691538019320641 -0.027789488866015 -0.0144519770702241
TR10 0.0840373157042568 -0.0100190481774826 0.0705984276922333 -0.0467701861884484 -0.0785474018390008 -0.0195899702095195 -0.134731504297283
TR11 0.0689815289632598 0.00885363455621912 0.0505943213208885 -0.0551320762882105 -0.042253144186338 -0.00995594432472376 0.0331437691436186
TR12 0.035084038457733 -0.00762129212703257 0.00579703547538322 0.129863929874622 0.0403544711692399 -0.030959330138336 -0.0507390894938136
TR13 -0.0300266670757971 -0.0366143336380574 0.107839938640041 0.16241832775317 0.136021438911737 -0.0419935230968336 0.0197851501686555
TR14 -0.222152182249869 -0.0587134961144516 -0.124118909690911 0.0838735623816164 0.0641080460501333 -0.090954382907753 0.0104669696834019
TR15 -0.006379871581073 -0.0698123161102649 -0.0526203402411248 -0.0977856158526672 0.00578470461606923 0.0472016649993195 -0.0876143470558861
TR16 0.0439580301969667 -0.0864696464543165 -0.128665887138756 0.0217295725211805 -0.0204810428761556 0.0687469134732837 0.0597035564429758
TR17 -0.0235333082022315 0.00264151382620205 -0.0839002096701878 -0.0706103518825371 -0.10067143546396 -0.118439906926951 0.119155141200839
