sample MDS1 MDS2 MDS3 MDS4 MDS5 MDS6 MDS7
AN03 -0.0235961757145207 0.0516116571314444 0.0503308064824861 0.022129656350951 -0.0308205109650798 0.04233046176813 -0.0499546778233923
AN04 -0.0353237674267305 -0.0385044915022904 -0.0510055257796804 0.00944202090633083 -0.0212752939545686 0.00319473203491305 -0.075486168010068
CS01 -0.0663002819029185 -0.0298322045380882 -0.0190389745142542 0.157656927859101 0.0453540777797384 -0.035255225597001 -0.0749514892257312
CS02 -0.055012632406847 -0.0387162300190256 0.0461750585926556 -0.085544502273264 -0.0669936054710429 -0.0387710022935949 0.0746209767007802
CS03 -0.0735326416742419 -0.00340360774037368 0.0115608206313671 -0.044245335771384 -0.0391854084059662 -0.0141359893609809 0.0524767964307343
CS05 -0.0283129445916935 0.117257019746255 0.0655307444343206 0.0986017282312573 0.0788486796855584 -0.0411264955514181 -0.0391217589062113
CS07 0.050384957850681 0.0876984368489392 0.124988920307705 -0.0696827486646057 0.130536359516246 -0.0107792382874008 -0.0301717999984557
CS08 -0.263143320416651 0.296547949893927 -0.0238125964389036 -0.0484834071759909 -0.120749903869525 0.00452519721826228 0.119381422048042
CS09 -0.0766011696876395 -0.0308230319873624 -0.05824930310975 0.110189580948846 0.00920836632499622 0.0549401030225247 -0.0809971774556124
CS10 0.0457440968244502 -0.0518766165664149 0.0285315976601535 -0.0807790612387608 -0.000317097421288548 -0.0182621776393958 0.0643953911793076
CS12 0.0341841276250765 0.0606894140789219 0.0143425653368267 -0.0943424416492588 -0.0332753641942592 0.0681214979396591 -0.0773912928701371
CS13 0.0931171947807746 -0.0580559788477352 -0.00435195828567747 -0.142237970129071 -0.0481552361993498 -0.130893447132366 0.0109539484859233
CS14 -0.0183025322576535 -0.032365116609299 0.0417596926456609 0.0478994334393202 0.0653156526501613 0.0567733838064408 -0.0248000332749492
CS15 -0.0428905686162733 0.0179666603825782 0.0843195795086 -0.00507792444432367 -0.0630665229949066 -0.0393210018729546 -0.0855000759793483
CS16 -0.0395552349695322 -0.0400800609847817 0.118547827470257 -0.00896753864256991 -0.0131137644311066 0.143675730509563 -0.0500036442438799
CS17 -0.155816368520435 -0.013230851634819 0.0117750219183549 0.107230440719342 0.0249150841644677 -0.0127138027317177 0.05803424279154
CS18 -0.0160347286174928 0.00299883643494587 0.092708373978046 0.0740118763678428 -0.0371765039727806 0.0741494502409692 -0.0115481324603161
DK01 -0.00192131799230973 -0.0742323304484543 0.0340794781530334 -0.0216933025592172 -0.030791058025917 0.0427189130786531 -0.0958262078787278
DK02 0.051227538696201 0.00855645450926837 0.0571919861850058 0.092614444580932 0.037353438589658 -0.0166567689724883 0.0395547559620006
DK03 0.0830415601367542 0.0735904612708494 0.113281155346741 0.0180038944626291 0.0559229397096677 -0.0569172639725206 0.0477034095208734
DK04 -0.0842535473862982 0.0553837970223009 0.123763705040214 0.0953436054415808 -0.184552151812891 -0.0186882804384978 -0.00354583942364808
DK05 -0.286665491571887 0.448320388804671 -0.0141307345227174 -0.0307677248871988 -0.177674239910332 0.0869841175713858 0.166874292259031
DK06 -0.0523622719850309 0.0118563463874232 -0.0699702605481913 0.0605311984333972 -0.0692113522263196 0.117499295851429 0.0427644228872983
DK07 0.0750034243050087 -0.0493286788409657 -0.0211987603972195 -0.0189102349022514 -0.0768235643451388 0.0576243217646836 0.0987727024969771
DK08 0.101826548643204 0.0591791388675218 0.00128400888450521 -0.0388760683921456 -0.0329793733255839 -0.12739753108123 0.0106869771343369
DK09 0.00324366331420765 -0.0409998570936227 0.0161648571944179 -0.0710132011923466 0.015991339757654 -0.049064520950543 0.019386594388629
DK10 0.218601476005609 0.0766907372776815 -0.0484162479920183 0.00962411053689673 -0.0482540238707622 -0.0473170199353718 0.0418399225730874
DK11 -0.073773073587755 -0.0228898264645889 0.0532764206850732 0.012175972001291 -0.0769634989459268 0.0986980613888512 -0.0619411956659663
DK13 0.00415101031457302 -0.0489798044254226 0.00994415445596688 0.0286750960168088 0.0637204553661059 0.0691976611421862 -0.00468291328593988
DK14 0.0802287615112465 0.00798108598061449 -0.0311254825365433 0.0413710854127814 0.109958077351079 0.149651884594197 -0.0664019182962255
DK16 0.0212474031811277 0.0186378310595931 0.0593359309093109 0.0562173975504173 0.012887467936595 0.0697486797814165 0.0240385259869913
DK17 0.100199424973495 -0.063281975821882 0.0636331812785071 -0.00461423239383612 0.00668747705866629 -0.0154713725190034 -0.0788127534929844
DK19 -0.03423406607051 -0.0292459863735298 0.0950242430441648 0.0338410416972736 0.0474485003899381 0.0356578771972307 -0.0913403340346768
DK21 0.0797113571560623 -0.0465839967192628 0.104139005787599 -0.072684441183983 -0.0630424319897083 -0.073991969022418 0.0948013305492054
DK22 0.0852239812656649 -0.0612466577125775 -0.0401530822621255 -0.130503565484056 -0.115636253568881 0.0178947669428706 -0.00746128934250161
DK23 0.083559985885869 -0.00856033231226749 0.0921314143379129 -0.071384435015135 -0.0260151095090463 0.00287752863256176 -0.00303689702709187
DK24 -0.00485059352482878 0.136737799499966 0.0245897763865569 0.110561810627672 0.116719074899078 0.00500041130644748 -0.146330228703525
DK25 -0.0633347532148146 0.0323487101322812 0.0209219397176546 -0.00480455498933967 -0.0827553808914146 -0.00775451492158073 -0.036283340114237
DK26 0.0824091861095205 0.114699664339876 -0.0166866560879205 -0.0268513934182517 0.0532496526611495 0.0607536263272415 -0.10738612407012
DK27 0.0851688988871729 0.0633693704479602 0.12102887719716 0.0441865014947344 0.00919062397910668 0.0118212658856933 0.108082622886614
DK29 -0.0826601024451971 -0.0204547058948782 0.0351606807678426 0.120179758454453 -0.0222845929808599 -0.0304938400532779 -0.108590201071642
DK30 0.147111214682573 -0.0124335382566036 -0.0667439298766955 0.148667260163631 -0.058314177420449 0.136307094208833 0.0351439897917176
DK31 -0.0495044133832827 0.0204224663038775 0.134293752918285 -0.0278413614833963 0.0488802915443628 0.0334410475346677 0.0352861733874894
DK32 0.0135151687505854 -0.0580862034841988 0.0513318101053739 0.0922375633656953 0.0208462391391309 0.00996087379351335 -0.1142167321036
DK33 0.0654333440651988 0.0898443546985537 0.0744433183668877 0.138996035999872 -0.0137984246160799 0.0418469853295182 -0.0468790111602399
DK34 0.0780718110347198 0.00449597941338755 0.129610650196514 -0.099801426636375 0.0043903569520194 -0.0727254951639154 -0.0671614264240089
DK35 -0.0371030792017902 0.0126704120065419 0.163451698833734 0.0250999267340615 -0.0160637534375808 -0.0422813569623075 -0.0631958643702918
DK36 -0.0337951543130174 -0.048685272908502 0.086124786264939 0.0159067268034363 0.0885655002754658 -0.0363855917562384 -0.079053163023881
DK37 0.00267341185613778 -0.0122598721017451 -0.0397042558799346 0.00654121092983436 -0.293602967524894 -0.0681058029168388 -0.171092154505957
DK39 0.017687762713525 0.0221665868945481 0.11824009323897 0.0496244015666808 0.0689616041309434 -0.0105710749094699 0.0435685227832651
FR01 0.132554410527695 -0.117354018398314 -0.118097867511047 0.143991020985286 -0.0521265179328389 0.00655549246371908 0.0779354751922593
FR02 -0.0175630029042479 -0.081760058792632 -0.035130547592853 -0.0459384766766513 0.0433017912288046 0.0196989996886007 -0.0475550493504708
FR03 0.0437682883693751 -0.068245275929539 0.105126452308514 0.0395136271100915 0.014084019986627 -0.0634794053372349 0.055522240274131
FR04 0.038858120157692 0.101586973237934 -0.0168893894784629 0.0991761572484679 0.151110647303753 -0.106545381882098 -0.148417113893165
FR05 0.0424662263764687 0.121076395170738 -0.0966054408494143 -0.161148864211719 0.0932084787013921 -0.0123043066409476 0.0774806667733514
FR06 -0.0494280864437755 0.00954343948181998 0.00771972755051487 -0.0637892168617242 0.0661759477058674 -0.173647895986656 -0.046130468731911
FR07 0.0683893797692581 0.201725447124195 -0.0398447889224992 -0.0319059804008531 0.118100787396564 -0.123518467909949 0.0293945695553101
FR08 -0.0133230814649251 -0.031331204365399 0.0527213136189313 -0.019411626451726 0.0408885002468753 0.12773011255427 -0.131708642033625
FR10 0.0518302861001232 -0.0393087296948149 -0.0560916698529599 -0.0444307174714737 0.00856396586407702 0.0149070875537591 0.117698247336286
FR13 -0.00703988465581853 0.0987800248824137 0.0747627640248747 -0.0795917296102367 0.147753822346765 0.0720543613545559 0.0460854886823466
FR16 0.116865811269164 0.127855147060936 0.00799788612311807 0.0326059545517583 0.00515636936046188 0.0506353338210681 0.0180200373373506
FR17 0.00355858021551511 -0.0618917571812466 0.0664989071339476 -0.0613354454141853 0.0967665165694096 -0.0698037202432884 -0.0690630100782423
FR19 0.0540440927415153 -0.0268899778241699 -0.0309682070850971 -0.0542810682834104 -0.127049253610652 0.100361812842458 0.0240312643297672
FY03 0.0726246107684538 -0.00184255249834144 0.0164337869530983 -0.0108807671038923 -0.0629816255704095 0.0960789968939296 -0.0786315525378027
FY04 -0.064572397970336 0.0767120022350728 -0.130059346986401 0.141457860394516 -0.0351211181039658 -0.0142264255611776 0.040022677770349
FY06 -0.0150801423451781 0.00879153046471401 -0.100879045875928 -0.0832841717168253 -0.0199564498237904 0.0584911069946444 -0.000365119938834585
FY09 0.00824051017413312 -0.0498409081961053 -0.0363188763390813 0.117090370271451 -0.056942355573025 0.0764332601754781 -0.00648250141702021
FY10 0.00217619148961314 -0.0400230699852307 -0.0725634199473641 -0.14203153053922 0.0178754315134591 0.0535674950549829 -0.125759429175605
FY12 -0.0824605313651255 -0.0124007593621211 0.0446061470590154 -0.0250358072447733 0.0286698632900629 0.0927822712181447 0.0700834792042585
FY13 0.0981662681271989 -0.0801689470781815 -0.132955506472414 -0.0202130539605632 0.00855857318892991 -0.174800786830399 0.0528665153180832
FY14 -0.0286674658812172 -0.0727701085959922 -0.0318344233639351 -0.0117880392950606 0.0286171609371074 0.0464037646109635 -0.0364118987808624
FY15 -0.039777449778032 -0.0708015349895337 0.0674402773036645 0.00200240603620355 -0.0759189419203696 -0.0856264231086442 0.0183448708355514
FY16 0.0232215320989578 -0.0737519173010914 -0.053363056327449 -0.0460566517560546 0.0264289992008315 0.0765014969535993 -0.0355863603494109
FY17 -0.0205966282891332 -0.0331004551299013 -0.00669256376294058 0.0429478594201246 -0.0213099891570088 -0.125805584087099 -0.0732881925527316
FY18 0.0320959127659925 0.0322452157762606 0.0162986420152576 -0.0904954547491642 -0.145566053081396 -0.0446853388085836 0.00661473966641396
HH01 -0.135121296349194 -0.0332119022771647 -0.0820198227166344 0.0855619221669024 0.129395259198352 -0.0460264210135804 0.106630204916185
HH02 0.148985031304482 0.0616512735714278 -0.0633524542356398 0.112298097368442 0.044596326999516 0.0199191804067021 0.12963445101077
HH03 0.0091289302038066 -0.021004373353223 -0.000380907639565728 0.0452112861406298 0.00861630798849724 -0.0173862675318488 0.0684407777412698
HH04 0.0845967019829689 0.0202842398545068 0.0679046261821596 -0.0199759302761586 0.124487073875585 -0.113796851402514 0.0475897273741511
HH05 -0.0382158545159067 0.00774843468492317 0.0196950609782786 -0.0533802222848788 -0.0440798540956886 -0.0703887599455467 -0.0477186935672936
HH08 0.0263281368165218 0.0637796659672009 -0.0293717442673988 0.00748004627764851 0.0288447863957334 -0.0289782141950423 -0.0222840746885039
HH09 -0.0615832826371618 -0.0260149998554962 0.0253856924350482 -0.0308271994302068 -0.0193035275660912 -0.0051693897057363 0.0559745616888077
HH10 0.0626136913967349 -0.0219236935123028 0.0544512388293908 0.142719747915899 -0.148483098497616 0.0918546659120916 0.0571717223317841
HH13 0.00566390527673437 -0.00352427355638339 -0.07620765502888 -0.0178627698001605 0.00904939094492544 0.0391764853949961 0.0100461510847926
HH16 0.0363924038187899 -0.0851141605031504 -0.0359892706199424 -0.0553149479030776 -0.0613655616346966 0.0712926565856486 -0.0336696577513483
HH18 0.0568658287690423 0.060728426195986 0.0856000695253969 0.0108443401072778 0.108602092012201 -0.00645315630657197 -0.0400107463607727
JB02 0.0635500092409525 -0.0392577818269391 0.0339282770714501 0.130877323669787 0.00366583159445472 0.0101157580238153 0.177631495717975
JB03 -0.0260780919036573 0.0590625801974667 -0.0813248249211772 -0.0328050463796699 0.0827785322166805 -0.053690301303451 -0.166571577444964
JB04 0.065343071494062 -0.03853171718769 -0.0651955520351915 -0.0833146795699077 -0.0322100947170022 0.0230394439166474 -0.0857371834406154
JB05 0.0445506458680054 -0.0329010736039326 -0.0839498050330351 0.157449185450074 -0.143014652888765 -0.0486362700406884 0.0904447500376177
JB07 0.00438678758761264 0.0183346635637382 0.0443197175004319 -0.0590791115079993 -0.0224563190707726 -0.0213011935262023 -0.0645050910406968
JB10 0.0631553574792355 0.0730145044489732 -0.0779129901901794 -0.0202008701675332 0.0317088438519518 0.0141226461455832 -0.025488543423098
JB13 -0.044819784798874 0.0151775897257928 0.0868207418716598 -0.0907359340416933 -0.0710511469364058 -0.00503112544749981 -0.0388017811829327
JB16 -0.100614280265429 -0.0156400757993016 0.0217332814520397 -0.0258654942285741 0.0435962144462839 0.0238110831044936 0.0493104712286369
JB17 0.0500426388383236 0.0466999442676717 -0.183506561241035 -0.0378612727133704 0.149917527573469 -0.0190758543821767 0.0338947009641514
NB01 -0.00700271974594487 -0.0434223377626448 -0.0144910762466028 0.0469864298438469 -0.0584777348013603 -0.0621453922834639 -0.0421850732729044
NB02 -0.0241681789196204 -0.0331714883842885 0.0449842985283199 -0.0748534455405444 -0.106555012625359 -0.105249251320983 -0.125609017682566
NB05 -0.0194454942417328 -0.0721225146368097 0.0937072479482574 -0.156402509866473 -0.0737837258608628 0.0557033178500193 -0.0140694704120884
NB06 0.0342225294298482 -0.0498282468349064 0.0746937967868183 -0.0548589650479348 0.0595440221103539 -0.123340782897955 -0.0456275962301121
NB07 0.104565861952343 0.0746871745729564 0.0189322117413702 -0.0152399610794282 0.0414001325242379 -0.0667402222970667 0.00397533094815131
NB10 0.161389687041784 0.0645597793519221 -0.043243288050496 -0.0186812752582053 0.116981390832599 0.136587099955972 0.0413278007892992
NB11 -0.0139676403308437 0.0193123854475503 0.0319860241834846 -0.157614358167338 -0.0819421788775188 0.0196601842911846 0.0129653141781908
NB12 0.0344270753300631 -0.0228457299057584 0.0977841633260563 0.101993146329519 -0.0103733986914887 -0.00384064857082996 0.0154739126394522
NB13 0.00312107531033402 0.0503692239627699 0.0815729462337656 0.0161121630525759 0.0776420729779609 -0.0362955411082882 -0.150467285716533
NB14 0.0301294086623426 -0.0580900289806711 0.171199269197995 0.0583884566591693 -0.0858580139031645 0.0227118048646372 -0.00224581720510527
NB16 -0.114888338194874 -0.051323233567338 0.0226808160064363 0.0451356346070659 0.0260918869831935 0.109581156519908 -0.0906252630049814
NB17 0.0172162215147265 -0.00952033658584566 -0.0436822159829786 -0.0702344221026936 -0.0356190784244769 0.0179653906389944 -0.0512221096671249
PA01 -0.0821193992495001 0.0719271995475763 -0.106329582225747 0.0347814119322695 -0.00549077706807246 -0.0874994185840503 -0.107373519077016
PA02 -0.00493305195562412 -0.00707014543083988 -0.155034233604027 0.0930520641352062 -0.00369783392519069 -0.0390325529278882 -0.0284044749922808
PA03 -0.0644145907507445 -0.00581707598562537 0.0323916081701956 0.102254081086436 -0.0401313285448356 -0.0389798125516642 -0.0450584198439913
PA04 -0.00480406668793769 -0.0456064347074833 -0.0315337634547326 -0.0860883152022776 0.0331306846782281 -0.147517182563474 0.0612790569736208
PA05 -0.0721545481529955 -0.0849305027959416 0.0444832497062887 0.103408577568147 0.0874551460330857 -0.0209660186787522 0.0370488461148293
PA07 0.161799152459477 -0.0811880638883591 0.0268921625420729 -0.0443629970078143 0.00451385634188125 0.0225800185144933 -0.00402809554046686
PA08 -0.0732765514833934 -0.0680406611003105 0.00679114697024721 -0.0567580376419298 -0.0493740203395737 -0.0470581219922959 0.0883665669112689
PA09 0.00363771900465302 0.103334039184775 -0.101730975636669 -0.00966395312247725 0.0948730868331857 0.165739312222104 -0.00436742022159527
PA10 -0.0679408846001056 0.0528243651332221 0.0158490267114687 0.042603021399158 -0.0265712175972046 -0.127983944811645 -0.072097096879297
PA11 0.128972566623393 0.0935498313700307 -0.015002935660172 0.0629447983576454 0.00349694226171018 -0.0882132386996564 -0.0139827208639488
PA12 0.00365648707967957 0.0335617047433416 0.0569559315810898 -0.0605497421221534 -0.00499647579170428 -0.100210959910264 -0.0798888652826748
PA14 -0.0993444582740702 -0.042535140846318 0.0518148846436688 -0.119024666434349 0.0694220846972011 0.0322983221747084 0.0748976399436809
PA15 0.0374406309556772 -0.0566034160514428 0.018149067395321 0.169601044906141 -0.0725426240574215 0.0241327056412987 0.103999694445862
PA18 0.0533592829811632 0.00544547167956251 -0.0883523960114202 0.0796600823220055 -0.0501379797047575 0.125399375432702 0.0226029055775826
PA19 0.0791413561959732 0.152010364872884 0.117206166292473 -0.0239198124995962 -0.133630695955533 -0.0165630088686232 0.0397539633950188
PA20 -0.0527673165282658 0.0279594331619057 0.052309909015221 -0.0745698487354855 0.0108790095221095 -0.0688666240161148 -0.00666501385410203
PA21 0.00821929260296219 -0.0560695309081231 0.105620962942732 -0.0826813221471509 -0.000328986266913639 0.074845665818424 0.0507918382341679
PA22 -0.0759675561380992 0.0720943616380103 0.0555071692531337 -0.0282664723028924 0.0945426188220699 0.0721141236036388 0.0566993119510434
PA23 0.0266512948785714 -0.0585682157730541 0.0240662531850278 0.0713798829805121 -0.0432496599063518 0.0358247066210142 0.010577578927325
PA24 0.00631627339234142 0.0456542783590402 0.119195362869969 0.0218279762419084 -0.234963633965372 -0.0160954516378553 0.0713305933922644
PA25 0.00620696183509796 -0.0115107486829783 0.0107911928493227 -0.0348173732380217 0.0269392527813038 -0.0655579630046865 0.0656182406736892
PA26 -0.0231549477649007 0.00899159744177641 -0.0333455194389357 -0.061192885403119 0.0795638864839996 0.020711098710377 0.0564846986242268
PA27 0.0669945881375858 0.0378802436165646 0.00782218341310517 -0.0112604892515488 -0.0265074169853441 0.0811355367777457 0.139272465285308
RB01 -0.0300925494128133 -0.120649201165275 -0.0760632293900917 -0.00605681751749012 -0.0643419966106625 -0.156657718868516 0.073704403443482
RB02 0.0559222793996025 0.000368274032057611 -0.0101709622078862 -0.0450615032869595 0.00994484015653886 0.0810179607130195 0.213960116765051
RB03 -0.078522882789321 -0.0340058815287264 -0.0775596705674509 0.0410579398831944 0.012915201392248 -0.0656655874392088 0.167785459022667
RB04 -0.0366495579006411 -0.054875881623347 -0.113419422500127 -0.0115969437860758 -0.0278340017380693 -0.0759572462733985 0.0551599095475781
RB05 -0.0353981736848281 0.00557659469340547 -0.070540435017345 -0.0126066565152298 0.0854214059888007 0.0419347375455713 0.0659576865075242
RB06 -0.0404986062300654 -0.0304924805632785 -0.14371447315057 -0.0927761896606819 -0.00039447558669748 0.0910625595263253 -0.0617108915735834
RB07 0.0217563497978739 -0.0475787674516242 0.0332003261219552 0.0603373720279899 -0.0165823473635174 0.00755444883374253 0.0650261904610229
RB08 -0.0828788502425372 -0.0141301105377693 -0.0207037513671008 0.126946486019929 0.0533747701521759 0.0654559041153435 -0.0756377425719395
RB09 -0.115992682383847 0.0405923980168879 -0.0255676246039397 -0.051658965652964 0.103394305243767 0.0608269677803342 0.0154296344060309
RB10 -0.00360033332638637 -0.0653549591456802 -0.0748058739094756 -0.122711609043492 -0.0170605020522183 0.120582955479849 0.0580835464667616
RB12 0.0300587258568101 -0.158345463961506 -0.0336642013626644 0.0448423002450558 -0.0673625107996911 0.104812755490189 0.0191714936465647
RB13 -0.0435409007824573 -0.0620438479742659 -0.0576577595191565 -0.0431218230432568 0.0309013174733902 0.122547587150103 -0.0754951927467264
RB14 0.00287880043520571 -0.0251687091132867 0.0438347689283993 0.00796417453531142 -0.0282698689073583 -0.0123780142561728 -0.016073419602271
RB15 0.022758183775441 0.0295880996074814 -0.0288804458818055 0.0216666647003201 0.0580633359984454 0.139225289531247 -0.0411867367715353
RB16 -0.0493448847284669 -0.0913717179256006 -0.0686601789995529 -0.101437029499595 -0.0506350959847681 -0.0258223248165892 -0.0264304330412146
RB17 -0.0119028560400326 0.146431223693891 0.00611751565166681 0.045673378806008 0.0623214173763564 0.0840722370558712 -0.0219305732852818
RB20 0.0239604131635921 0.0169046866851783 -0.0214120488967019 -0.00730963814071497 -0.0921658104753438 -0.0479175830070023 -0.0694507428844425
RL01 0.154933832684323 0.0656833609980342 -0.0406664081233982 0.00177706053587169 -0.0241685685515174 0.161265803021765 -0.10178335276297
RL02 0.00321083596568408 -0.0318047035498351 -0.064763610694702 0.0658595892369618 -0.0352226501200906 0.0383145101317392 -0.0226711172346571
RL03 -0.090231485006902 -0.0460448852122974 -0.0188434536068053 -0.00893572000743217 -0.0464811188151382 0.00564154114960936 -0.110183259250479
RL04 -0.0767047276875848 -0.0270973777411526 -0.0554803923024258 -0.0367411274382656 0.0334554023333988 -0.110368084944434 0.0669811308552785
RL06 -0.0558660888291513 -0.0946752672385317 -0.0497267873381281 -0.0166098161890967 0.0153388506789726 -0.101215392645308 0.0620262480439844
RL07 -0.0638952778321943 0.0445386692252608 -0.0581541790551367 -0.0229595668945403 0.0265329076109948 -0.0169194543391849 -0.0353497190347432
RL09 -0.0557282915501816 -0.0558277894341385 0.00714964431475027 0.022066095790986 0.0650949108941308 -0.0351944211849425 0.131495188175998
RL10 -0.0087269537473254 -0.0563313299507203 -0.1233838582322 -0.0357845410867499 0.0372080571805434 -0.151719172422407 -0.0320107320712735
RL11 -0.122811097808328 -0.0536229757716446 -0.127490227857452 0.101790527320728 -0.00723183564717957 0.00885914201036795 0.111892227145024
RL12 -0.068725088135827 0.0677274129171264 -0.103047566416 -0.0380554031903787 0.0396508060926832 0.012770617437082 0.0516074608554783
RL13 -0.0456471004002177 0.0986249412790249 -0.154960372591371 0.00563997748727869 -0.00667847558274321 -0.148419330314871 -0.000498235273752814
RL15 -0.139434054622665 -0.0788940629095349 -0.084649546155202 0.0666293224941634 -0.00555222983546918 0.00881457581908122 -0.0201609702182077
RL17 0.0115980131354882 -0.0475876696132677 -0.0417750676189629 -0.00644688777849964 -0.000752968421113925 -0.01488402416163 0.122600125532454
RL18 0.183507748744444 0.147154093200103 -0.00784228140718899 -0.00277691379545949 -0.011890751000131 -0.0382314734429885 0.0456308337440257
RL20 -0.0278359044492474 -0.0285072641069549 -0.102803026603787 -0.0904785736258565 0.00186953179343756 0.0479292134959923 0.0370671157037662
RL21 -0.0504603243884845 -0.0502414831851888 0.0358937834024664 0.0256976569573976 0.088407474348711 -0.0833589721506423 0.0252108238537091
RL22 0.00189771696246575 0.115280348159843 -0.177633989570726 -0.0211593615425992 -0.285623286385287 -0.0197692690481634 -0.193733869624458
RL23 -0.0402499545413786 -0.0418710807167724 -0.162725432890104 0.0651526251874603 0.0420082450660118 -0.100290441806994 0.00027098582942156
TR01 -0.00321611102236763 -0.0948103598806064 -0.0385189894000567 -0.0540370434201002 0.0269661539003885 0.0815655647798104 -0.0201946450086663
TR02 -0.0406566670964701 -0.0390562605666847 0.0439385197436726 -0.0246962953010717 0.0630229059319008 -0.0277680934766808 -0.0421303538695871
TR03 -0.0724599825520664 -0.0302127334926449 0.0231962322644611 0.0261411079812507 0.115700643655408 -0.0418067799673835 0.00998919768118373
TR04 -0.0673994501398969 -0.0845861189664583 0.000591085250259742 0.152781605477341 0.0848704083517896 0.0428336621587776 -0.0505606964902928
TR05 -0.0266752452511358 0.0324403367081431 0.0923060010325546 -0.0520981144146733 0.0946499090577133 0.153445731793932 0.0441551367833306
TR06 -0.0351574346285832 -0.0634884242989531 0.185571551718664 -0.0115273338241476 -0.0314184026617343 -0.0409035912681401 0.115733151133193
TR07 -0.0129721096634814 0.00887934081415066 -0.00407669509564309 -0.150124081116046 0.0146969116741922 0.0507334393364173 0.0310878486900889
TR08 0.0453104580436056 -0.0578479787975984 -0.029357850613671 -0.0325587714077203 0.105136779874514 0.0198081326701679 0.0632747691905134
TR09 -0.127908991793351 -0.0668296469268916 0.00245141212646773 0.00480300378486118 0.0611943044463842 -0.0046503932094706 -0.020007104788056
TR10 -0.046657133358126 -0.072419290589556 0.0718654809691235 -0.100944047899188 0.0459642127013955 -0.00492689225978213 0.0842469210309144
TR11 -0.0533637897077751 -0.0462337292462047 0.0331706987920506 -0.0640130946055722 -0.00879419649809958 0.0336071841399857 -0.0472192834848444
TR12 -0.0143393528774614 -0.028058661652171 -0.0093907492600491 0.0800981790830816 0.0370328178749464 -0.13533038432735 0.0461640202122443
TR13 0.0312399194136347 -0.00552060302600112 0.142341593326406 0.1899525706194 -0.0164440075325863 -0.100545575865689 0.00534700878845993
TR14 0.221730549127925 0.146918562432934 -0.107328130557576 0.062795650418171 -0.0171892766021439 -0.137832955730645 -0.0178129317759276
TR15 0.0534893483952365 -0.0463843463081386 -0.0197489810379156 -0.126664838312196 -0.0551646781016196 0.0507972011945075 0.0974702222893771
TR16 0.05664853747021 -0.0983451124020482 -0.13576268195682 0.0284346462092872 -0.00476838473374515 0.0798455598380297 -0.0651186479467963
TR17 0.0181162813201868 0.0439537315968738 -0.0616883607372088 -0.0870861056902732 0.0510031368287972 -0.00709594318545632 -0.159612478383785
