sample MDS1 MDS2 MDS3 MDS4 MDS5 MDS6 MDS7
AN03 -0.00775238258397604 -0.0362771526617892 -0.0456506517584018 0.0403777394602202 -0.0271651773744069 0.014469138906608 -0.0701725124803727
CS01 0.0836417327691154 -0.00725683076621331 0.046055945142241 0.0717436372083295 0.10831108199524 0.0586725082242371 -0.0623017927218658
CS02 0.0557582027383025 0.00969745402953295 -0.0772654086366598 -0.0771843051791916 -0.0767374743959105 0.0328961695207497 0.101095419574793
CS03 0.0432404847763067 -0.0394730416099215 -0.0290710133622039 -0.0420469593523996 -0.0292167265853132 -0.0507211054035648 0.0658575931840986
CS04 0.0295269230895661 -0.0319124025846383 -0.0293563852331593 -0.0407535364505363 -0.00106585598940005 0.144985660178126 -0.0713304161435104
CS05 -0.0331628529468122 -0.0865498715470776 -0.0739263457356916 0.0251090909936866 0.105000327092832 0.0594164509083719 -0.121272209482135
CS07 -0.0752272557078909 -0.00623778939309877 -0.109476744305831 -0.080878040340381 0.0203073447347365 -0.100377275268048 -0.121569944911369
CS08 0.079504712588554 -0.374658575968456 -0.105370339864886 -0.0159004668011449 -0.0543979565926673 0.0300663654858215 0.0414432878895895
CS09 0.0878073905231398 -0.00495764738300031 0.050237974259687 0.106247442387297 0.0299409757229587 0.0690705358540312 -0.0934721046782906
CS10 -0.019757175661685 0.0623763095752892 -0.0182487697625199 -0.0652783377509459 -0.0200584974597442 -0.0295725521692133 0.0698127046828253
CS11 0.0907753595358338 0.0594331187006385 -0.0193069273037867 -0.0183844653126928 -0.0991305728694089 -0.0825575009375614 0.00971540007613514
CS12 -0.0591733657571081 -0.0317898905186369 0.00360139971216747 0.0160245972955457 -0.0988174883024429 -0.0779761468684795 -0.031241373785828
CS13 -0.0304639230388285 0.0918748783228843 0.0140869414778908 -0.141163281797955 -0.10633425381819 0.0421558126478495 0.0449495673723646
CS14 0.0252614250342251 0.0424374263911631 -0.026845760869235 0.0530855049249647 0.0430422964848598 -0.024616308302243 0.0212975129474975
CS15 0.0351946440161044 -0.00596465805983486 -0.0714317113058883 -0.0292541727689534 -0.0673359482042749 0.0197234139705927 -0.0129414402744916
CS16 0.0347999392745193 0.0473541532532854 -0.106073154049067 0.106036728398379 -0.0858068585251115 -0.0802639260920293 -0.0471882333229449
CS17 0.135262334161004 -0.0455732534319118 -0.0392505749247543 0.0276437106529663 0.109027439155109 0.0795646837315783 0.0365719460675942
CS18 0.0131949276233065 0.0195772902361482 -0.117452790574472 0.104985201002123 -0.00691426393355408 0.0717294588081971 0.0222473987308798
DK01 0.0401291083912805 0.0732142170951998 0.00846338098052454 0.0343449402709649 -0.0608859509350251 0.0419714470390384 -0.0608304802379241
DK02 -0.0503389585275449 0.0317633333503438 -0.0210064289951267 0.00184212065037655 0.0901405727675854 0.0461344635374761 -0.0528064393683104
DK03 -0.0987391542265778 0.00987074593752922 -0.111064318982694 -0.0495452853207332 0.0614783845776554 -0.020518970984768 -0.0179240414467073
DK04 0.0434007797295049 -0.0501137418662703 -0.14883075358374 0.0868971501325501 -0.0466859065312839 0.162670049694383 0.0313620044743821
DK05 0.0304985550719581 -0.527400284444585 -0.168432469954551 0.0741112114551171 -0.0702153873094431 0.0375951664287761 0.0786216969041659
DK06 0.0200193126202083 -0.0615881478735805 0.030236413590335 0.11624569175019 0.00173845042946236 -0.0275535567202211 0.075044219935527
DK07 -0.0574801671391076 0.0616584668138311 0.0154540892787847 0.0483575226858987 -0.0472652449905001 -0.0103927559749027 0.128660276925505
DK08 -0.0989419503071838 -0.00788040006552318 -0.00467043307036557 -0.095464442351355 -0.0294604283893661 0.100205425934574 -0.00650397533469028
DK09 0.0248094142824433 0.0313999443005463 -0.0277648348306967 -0.0675377052581837 -0.0387297037854635 0.0110445225364191 0.0439317159593198
DK10 -0.2154506894879 0.0228022441590072 0.0637456403509645 -0.0279746135943932 0.0238629356947963 0.0488348966553178 0.0272253276349464
DK11 0.0762881746899602 0.0137966289590124 -0.0630067343688037 0.119153116833789 -0.0934578747803721 0.0522503505924122 -0.0525616005519799
DK12 0.0714454780614062 -0.0199455018900994 -0.00726286369081846 0.0505201557306732 -0.0398463898188853 -0.00699540301375964 -0.0341733748565902
DK13 0.0265759131164023 0.0538271934726071 -0.0214886988371514 0.0492121772076912 0.0337676720479146 -0.0517427596457269 -0.00841976690758728
DK14 -0.072554768667494 0.0295963795540212 0.0418835684046873 0.106362730731937 0.0195580372374445 -0.0955295538741334 -0.12269726856711
DK15 0.103023168985922 -0.0139941066406002 -0.092024412017014 -0.0516898512643788 -0.0594622127367236 0.0314029263317977 0.0239996977929096
DK16 -0.0150176051814375 0.0190035944315703 -0.0600293362179078 0.0697841408512636 0.0302911584597936 0.00470379652290415 -0.0332693657148455
DK17 -0.0459327260411379 0.116815900422539 -0.0102337839356465 -0.013701094676616 -0.0274624957416279 0.033363068106597 -0.0929667353550312
DK20 0.0695041040042533 0.00386440361518093 0.025639142839909 0.144677387896426 -0.0471266066477919 -0.0147819079154017 -0.0232113938991719
DK21 -0.0535524488376617 0.0841778002667333 -0.0961036924763548 -0.10852853907065 -0.0301177043725713 0.0253913609995024 0.0813746755575181
DK22 -0.057641438194114 0.059211203903622 0.0465196549253984 -0.020190976976173 -0.155540247941507 -0.00677505534005827 0.102881169409299
DK23 -0.0756997925587595 0.0558529600367313 -0.0756771643047607 -0.0159539895713304 -0.0838524717415364 -0.0122303186696232 -0.0308512507921085
DK25 0.0333677177245834 -0.0386950051375466 -0.0162134221460724 0.0143643674520606 -0.0821878295548186 0.0908417170930504 0.0251446705815479
DK26 -0.113643519344043 -0.0466576831907245 0.0333077895799161 -0.00100166228464536 -0.0298766386811729 -0.0617104448348948 -0.138602796402777
DK27 -0.101057668906151 0.0156758703828724 -0.15364397583552 0.00430260509378265 0.0739655645797731 0.0353544519119244 0.0699176078323994
DK28 -0.151625856098424 -0.0114511140604981 0.109654477594652 -0.0190496464162135 -0.118580881424058 0.0222736551080198 -0.0144735876830812
DK29 0.0944651950697723 0.016059726203227 -0.0201078422091563 0.0648014335231042 0.0357749236145816 0.112814135078308 -0.119143694482287
DK30 -0.138334298509493 0.0641498889802042 0.0582139533474027 0.202160696474061 0.0570366366827821 0.00799251178708778 0.108276259688673
DK31 0.0229242661550137 -0.00978190280287282 -0.137437248014001 -0.020814057034919 0.012592248575081 -0.105750362276944 0.0150926801763763
DK32 0.0284917130075748 0.0898923955412834 -0.00162215901831631 0.0535625773151881 0.0198451395822218 0.076387946408737 -0.105243609078324
DK33 -0.0876770664802974 -0.019561971410769 -0.0734234228270934 0.1259167150997 0.0776960844388904 0.0730154209712109 -0.0791482932547791
DK34 -0.063119645645797 0.0664247366823026 -0.0939319483841443 -0.108223994477112 -0.0776026134250284 0.0475069361376833 -0.0621917467592478
DK36 0.0622066711840286 0.0580273071512658 -0.0550128861424756 -0.00617359793346939 0.0435168998783234 -0.048010069408785 -0.116779797003872
DK37 0.00287945451601868 -4.49585679593264e-05 0.0553593138265415 0.0487839292611352 -0.18658746721113 0.124561466017446 0.10700920542142
DK38 -0.0117744902320782 0.0207803779501766 -0.0464992335529374 0.180262376638429 -0.125538408868975 -0.0149098576669622 0.0437913907062041
DK39 -0.0329702070503636 0.025559556214791 -0.124290421078619 -0.00858054153704783 0.0745926599491338 -0.0258206777710368 -0.0634019771564521
FR01 -0.0667308322426936 0.121622295141597 0.126105304775378 0.0689914287113989 0.101787440828887 0.0646490376797744 0.0865724740730187
FR02 0.042277517064798 0.04879954382196 0.0503123955338058 0.0102535360548454 -0.0325153910473297 -0.0606720746654608 0.0171200238888482
FR03 -0.0187756265739195 0.0979305363001008 -0.0636862460987846 -0.0620616054772749 0.0598035579132847 0.0304081705288676 0.0234959184025409
FR04 -0.0572238316533756 -0.0583614752239986 0.0400476224441044 -0.0224210031179877 0.093909405345012 0.043806198223141 -0.195763413828895
FR05 -0.0963102979399726 -0.118410381020921 0.0603560361990355 -0.128665128701018 0.000614124218074761 -0.158005925214017 -0.0457197850923753
FR06 0.0498478499185199 -0.0302754818586006 0.0197593946440921 -0.176152226271328 0.0178715155646439 0.0182513025708665 -0.10963661359378
FR07 -0.125992671769136 -0.145674037367577 0.00341959613474396 -0.125932883916948 0.0833609904985557 0.0116264701531419 -0.0473986711106087
FR08 0.0379254280364373 0.0467386081110828 -0.0220561672617664 0.114601867270127 -0.0640651698579291 -0.0738241708746885 -0.0875742531298146
FR10 -0.0398469394891039 0.03236041303139 0.0275878400605741 -0.0430181634786695 0.00399186471734851 -0.0678553215830453 0.157506596936288
FR12 0.041407493865771 -0.0433473349094386 0.0720993105442272 0.0448250685923229 0.0534318328684525 -0.0167960298969649 -6.88680415446081e-05
FR13 -0.0584951538494969 -0.0716464029477162 -0.113639528342426 -0.0398137250453064 0.0557417394031939 -0.197033033595685 -0.0147297677273568
FR15 0.045979157478608 0.027461994359822 -0.0691576403067489 -0.112440404587427 0.0207930202212112 0.00301432806850419 0.00228246954160043
FR16 -0.162037760312773 -0.056780696247469 -0.0105909560318295 0.0546007406001194 0.0340116767488982 -0.0137518841444342 -0.0370187555263712
FR17 0.0279055561064676 0.0631333109414406 -0.0169371845981611 -0.103557777355468 -0.00449241704261093 -0.0535849583711094 -0.0685823315577193
FR19 -0.052236973641372 0.0381530910252055 0.0244223258724141 0.0864958114105653 -0.116921305679475 0.0220634477983931 0.0366477222846929
FR20 0.127907548410752 0.0599420988684083 0.0503597636378585 -0.00146688279269475 -0.0198694723675233 0.00597937435880479 -0.0956918379546474
FY02 0.063349160957821 0.0880074868814541 -0.0558189499781383 0.0227202623340715 0.0230821306700383 -0.0365211577969425 -0.0231942504506275
FY03 -0.0577489541236087 0.0421326913995406 0.0224594944929634 0.0848491775221048 -0.0991608480816249 -0.0336147137256729 -0.00619739803633988
FY04 -0.00106018988441654 -0.138610009562991 0.0844927567990381 0.0698500576162804 0.114809369380121 0.068846288223024 0.0283289171557168
FY05 -0.00506608839577553 -0.016232417714323 0.0709490877993193 -0.0349548848318157 -0.110892631449627 0.059910352940933 0.064895605919467
FY06 -0.00202173018755297 -0.0422220745996838 0.094718232088952 0.00296364173488839 -0.0743313110930113 -0.0462667331864898 0.0245175245522664
FY07 -0.0185018031809742 -0.113866104171115 0.0269037054231959 0.0846573758002504 -0.0445661602904476 -0.0359114384843089 -0.046937082962332
FY09 0.013625310537043 0.0523923561190575 0.0380797939147069 0.116242263761146 0.0276262656126075 0.04299731292277 0.092044537567139
FY10 0.0302326391062147 0.0202670223694567 0.0862960216851125 -0.0222977373881066 -0.0986001381545318 -0.0479018564816615 -0.0990369960885002
FY11 -0.095967385389239 0.0206331044103545 -0.0287060896824377 0.0634716631474746 0.0958781845819419 -0.0214134564709078 0.0139931778939533
FY12 0.0624204801083704 -0.0150016119082288 -0.10224291857254 0.0430501243073872 0.00600708365169976 -0.0967246637525553 0.0819111775068089
FY13 -0.0637256133444907 0.0581620927559447 0.147656957494434 -0.177166953637912 0.105481532784094 0.0142735671805393 0.0651783452805867
FY14 0.0565136176324984 0.0401923143194899 0.0301173774738879 0.0444420524388399 -0.0199661369995577 -0.0854806669038241 0.0537876735967761
FY15 0.0696085384011117 0.0621054496871715 -0.0735123172891677 -0.064381344700975 -0.00444493235956595 0.0973867129842344 0.0474786563235907
FY16 0.012450628530931 0.0614270260292703 0.0595676762600411 0.030090974147 -0.034577665752643 -0.108910547273557 0.00827064919453974
FY17 0.0403468929289327 0.0212355335441666 0.0278325958289447 -0.0416092281319232 -0.00214682889640381 0.114493856520634 -0.0518139230815704
FY18 -0.0441425939787244 -0.0139009508508511 -0.031135318398688 -0.0713126733154659 -0.10297366546207 0.0637639527440237 0.0255318181480211
HH01 0.121641507386361 -0.0527386838016275 0.0426704445570507 -0.034288593637602 0.196052208665131 -0.0786412547895471 0.0574891545773054
HH02 -0.16849827765909 0.0051575280039796 0.0130342818744929 0.0546825677643817 0.14727731772416 -0.0124491147809824 0.050865691885987
HH03 -0.00665485235169039 0.0237918265959879 0.00517482667566578 0.00476978469205075 0.0822003209077561 -0.00550518874843461 0.0751878705923395
HH04 -0.0726563767097112 0.0376867683900205 -0.0564993233256942 -0.122415276652607 0.0816036089825344 0.0129621405320537 -0.025531108764807
HH05 0.0249717590078073 -0.00925734416690086 -0.00334059794871556 -0.0715360776396913 -0.0367244901618598 0.0742043633887191 -0.0404722807712848
HH07 -0.0172065344989169 -0.103219250917003 0.0093155160401184 -0.0281614394374647 -0.0269034917734276 -0.0915984511345775 -0.0531792755436243
HH08 -0.0544290572101997 -0.0419929302746969 0.0229754262866468 0.00018987485251903 0.00691777807566424 -0.000160122882279047 -0.0253898728131123
HH09 0.0508181183901763 -0.000127518296040292 -0.0339918499384518 -0.0274020428839547 -0.00621649384868239 -0.0305020261013615 0.104938154830098
HH10 -0.0695427956623877 0.0533369314479106 -0.0448173659730478 0.159630844213023 0.01691026077162 0.102201674868379 0.0946054460029444
HH11 -0.0353381134587946 0.020284551123674 0.0465914662054098 -0.0289915058480407 0.0806128007188607 0.029910604986695 -0.0887168383644621
HH12 -0.0111367979730364 0.0130123044192566 -0.021242088051473 -0.0392492719478768 -0.0162230780286003 0.114058784995504 0.0502039329829644
HH13 -0.00776048837985546 -0.0167361946771001 0.0776474490471609 0.00527308201359578 -0.0194320595477837 -0.0119669294448286 -0.0470098008279431
HH16 -0.0128867307725152 0.071634346896521 0.0554685974696613 0.0684371209422965 -0.0832444496974886 -0.0364464019575868 0.0374696605841649
HH18 -0.059359233303865 0.0119367069787917 -0.0691242319700111 -0.0206386778503475 0.0441040257719753 -0.01792092043778 -0.110374646358382
JB02 -0.0457080556006404 0.0616191818302018 -0.0611081643116085 0.0512185424024983 0.173021199452642 -0.0143837319295302 0.146569209429255
JB03 -0.00650922967659483 -0.0717690158580927 0.115532023062277 -0.0256431718324504 -0.0053542048689012 -0.00727277324769733 -0.0756203274439402
JB04 -0.0488931171349175 0.0386241118842449 0.105092443742286 0.0083761395517221 -0.0960123667065928 -0.0817129491129424 0.0200497480937041
JB07 0.00494951187346207 0.00113473156555756 -0.0438696607579475 -0.0210770836522339 -0.0575255676834294 0.0104804743555716 -0.0437981696333897
JB10 -0.0938198782747772 -0.0427977010332727 0.0510521198802786 0.013498359644954 -0.0126795509708758 -0.0205503846419201 0.00724450652991758
JB13 0.0220070709575829 0.00384277281315007 -0.0816273323473115 -0.0394141560384998 -0.13265893531248 0.0211221082364396 0.0106401180541646
JB15 0.0928288876744994 -0.0442918109623181 0.147828414060139 -0.0998753299999123 0.0232108295929355 0.041304642592893 0.00983339493190277
JB16 0.0814529103773822 -0.0336455607165604 -0.0256219655807632 -0.0187347559243253 0.0133515890194884 -0.0680489133445381 0.0425373561998285
JB17 -0.0466308216864107 -0.0503980549714916 0.15349016636499 -0.0364047666425262 0.0759239945909063 -0.10970808427186 0.0127599769286802
NB01 0.0234945555026236 0.025126142397038 0.0502650716418826 -0.00945003814466054 0.0219098087184046 0.0754456707675154 -0.0285326311281259
NB02 0.0459182573784574 0.0394799745481801 -0.0128564015519943 -0.0769762687435962 -0.151852427982347 0.124437278742702 -0.0352692866387429
NB03 -0.0442358863575233 0.0133674228135288 -0.0261634742528939 -0.0388877469305697 -0.0462381585444951 -0.117840530596851 -0.0882164594299394
NB04 0.00213602132372448 -0.0214828447721551 0.00804017270663443 -0.0040425869699239 0.0411968199582885 -0.0419142184037548 -0.0403938946004122
NB05 0.0515654328701141 0.0688625776355207 -0.0737135964447752 -0.035811033343022 -0.162949581539314 -0.0381659600985418 0.00989034534484529
NB06 -0.0104237757788633 0.0743266345445026 -0.0341863718927006 -0.126689754317418 -0.00782790269955911 0.00350392233055791 -0.0527314108202081
NB07 -0.120413978261486 -0.00736731424374493 -0.0299696441588843 -0.0714923929740615 0.00796390126560995 0.0405616340795996 -0.0164332400432956
NB10 -0.184186010022579 0.00355026404035906 0.0532183121581922 0.045086090654451 0.027463632062335 -0.166571115625172 -0.0131771645759324
NB11 0.00367908721099813 -0.0309171022123021 -0.0371861231218017 -0.0491066274067413 -0.147469131102996 -0.0373027498872524 0.0484214511854048
NB12 -0.0323407833574784 0.0520387021557248 -0.0682026936877499 0.032862862455777 0.071995121753613 0.0618258988433588 -0.0964983521363577
NB13 -0.0203019673349864 -0.00327147328153845 -0.0483289599020728 -0.0116524551430213 0.00110276194721469 0.0267661951074646 -0.148515170289354
NB14 -0.013144074436303 0.103667513772449 -0.140431836463748 0.0536879973537899 -0.0241717805913993 0.097782283901538 0.0352316749405224
NB15 0.0475103420064296 0.0509174222355383 -0.0190832274159013 0.0133322414156458 -0.0503710162402247 0.0128210622438651 -0.0713298406583469
NB16 0.127883681109656 0.0129403949910894 -0.0116982116625943 0.0960707680263933 -0.0183964977283401 -0.0257040089096296 -0.0699588617868123
NB17 0.00142212927328787 0.00950710585911182 0.044326719102964 -0.0133580478120682 -0.0917708671982648 -0.000570018075640012 0.0161431916744094
PA01 0.0677005141289334 -0.115952827431352 0.0735656129033912 -0.00720096879201983 -0.00756820931680591 0.102817654949435 -0.0638270447247178
PA02 0.00651714256360898 -0.0376835897022162 0.129777157605421 0.0398589050553232 0.090298107258664 0.0476903910877831 0.0380046850672716
PA03 0.0533870460174358 -0.0131901804854213 -0.00285403896036197 0.0594793859480712 0.0578710312536283 0.0844243242676287 -0.0720416022158315
PA04 0.0476729803792108 0.0146906961700581 0.0101053761238206 -0.155684267889385 0.00315999102191241 0.0171881496209705 0.031839540149689
PA05 0.0886477496692425 0.0590971778317384 -0.05173195909129 0.00263928928494246 0.126447633406704 -0.0146654957967975 0.0503707801009782
PA07 -0.120379314758436 0.14263192984755 0.00590619192792564 -0.0169424278438499 -0.0391529750883774 -0.0458052600767125 0.0234351313051112
PA09 -0.0347293487559548 -0.10057050297256 0.0374083415086013 0.111836864870426 0.0325431159874354 -0.149035156860257 -0.0668182732453639
PA10 0.0375413013062468 -0.0668476023626545 -0.000778068581977276 -0.053649010504838 0.0257983108586731 0.106182811462335 -0.110166411910453
PA11 -0.147915717111307 -0.0184029415863915 0.0271095911132748 -0.0378295772226695 0.0509820117073239 0.105282989933662 -0.0451586769894482
PA12 -0.0153151084808456 -0.0160389623872142 -0.0339603905970035 -0.107921461797876 -0.0641829813063757 0.073745498673312 -0.0944618764780018
PA13 0.015215478781795 -0.0163601410825953 0.00888777452209586 -0.114025380039392 -3.11562098765773e-05 -0.0499722333589914 0.0744272999824262
PA14 0.086305854845747 -0.00386419943090045 -0.0434535795289456 -0.0663271629035672 -0.00433961599495525 -0.117232294869611 0.0547010030001053
PA15 -0.010493145769435 0.0667581254056701 -0.0400602785816042 0.121028562345989 0.1086124190591 0.099846359513708 0.119686377689703
PA17 0.0129488434780757 0.0598452438308971 -0.0380135079197763 -0.0395470829263574 0.0375657364753058 0.00130846496206306 -0.0814826498748155
PA18 -0.0465557177634118 -0.00564205787539845 0.0553594281139421 0.157153591870899 0.00754534590443898 0.00614066127204421 0.0426978603288237
PA19 -0.134607837585591 -0.061408065189508 -0.131421488440846 -0.0028283661815292 -0.0587696005477959 0.0816117591728684 0.067362815508439
PA20 0.0474063801764077 -0.0342485062311193 -0.0725129989524223 -0.0673071638246005 -0.0603750133763208 -0.00455628870700895 -0.0179674799521099
PA21 0.00102045853160726 0.0639721038087105 -0.0855974342803473 -0.017157537343312 -0.0253068398446454 -0.0987747027672663 -0.00134289573387137
PA22 0.0296862347887091 -0.0756175890321766 -0.104956755641175 0.0156863842796809 0.0413630771334161 -0.108692192765389 -0.0169365034322366
PA23 -0.00609887777140541 0.0626720905884937 0.00724988027905271 0.0652536382546233 0.0333031821355421 0.00376890348813641 -0.0353199596791519
PA24 -0.0423997579623568 -0.0167977383048847 -0.128532358642252 0.0384306915356285 -0.0669642340367924 0.173752258376676 0.116456806828269
PA25 -0.00814036856834672 0.0178408684236107 -0.00150011641634195 -0.102911362450158 0.0442445327276608 -0.0102192066643482 0.0341033033285576
PA26 0.0059852927012634 -0.0322880697182035 -0.0154141856885764 -0.0167255682686853 0.0301800430817687 -0.109313627097501 0.0655811115457935
PA27 -0.0987167290078949 -0.0124719996050145 -0.039100412774941 0.0120639549912116 0.0351289863803984 -0.0742760677957257 0.096884316676736
RB01 0.0640055555171648 0.0477252611329925 0.100024562111661 -0.110885257769774 0.00507035427040211 0.0866644901897354 0.0631336082169252
RB02 -0.0777283505229279 0.000584092382860808 -0.0244845115813188 -0.00474956474174302 0.0645083872548284 -0.107844319740403 0.142972520257522
RB03 0.0641690411959244 -0.0384104356069577 0.0296040448037272 -0.0591890420651722 0.132394711316768 -0.00143779977736964 0.1026227225216
RB04 0.0552468462767991 -0.00884731245407401 0.081112501032602 -0.0496328753787727 0.0424160332100758 0.0227874453084908 0.135324932942374
RB05 0.0345920491615535 -0.0248824657003931 0.0220510677182269 -0.0148715101720117 0.0770503270940633 -0.0743496018247391 0.0341540641802399
RB06 0.037364358028283 -0.0383286524616891 0.140825790048177 0.0497599349595318 -0.0914644624754945 -0.065121124176946 0.0180665273672324
RB07 0.0104655889209968 0.0546655678789583 -0.0654996906323108 0.0627820938789007 0.0302429480675513 0.0392153175470642 0.055262753183173
RB08 0.0894351275003334 -0.0146393216005621 0.0352224739020827 0.112691913676067 0.0633027038509687 0.0151302071870111 -0.0812434442605258
RB09 0.0744496297359145 -0.0936063333431231 -0.0305862553665018 0.0434789524640475 0.0253965949569507 -0.112206393823215 6.58616992093385e-05
RB12 0.045413174124569 0.144447465937489 0.0559885102427336 0.0975041504799883 -0.00843933452473165 -0.00673802959782501 0.0752330099061124
RB13 0.0737933463977063 0.0204074949677857 0.0903826783971578 0.0518946639978128 -0.0203475553440564 -0.120666157874828 -0.0643657115626029
RB14 0.0126065813191022 0.0184581241390571 -0.0229218063436969 -0.00123580888250696 -0.0176052522740816 0.0104869110351062 -0.0102410763975705
RB15 -0.0254868947206632 -0.0128461336226485 0.0190638306199942 0.118256732185335 -0.00597714185838852 -0.0656516096899855 -0.102990833285036
RB16 0.0658543018846411 0.0259255912732346 0.0889306803259354 -0.0519422897976768 -0.0843105182729073 0.0104237369980963 0.0357938685427203
RB17 -0.053618806859173 -0.116129792382088 -0.0534085014140491 0.0816354987068528 0.0135487471682118 -0.0194315403310634 -0.0656573973984406
RB19 0.0740925138185233 0.0531126728839129 0.191363117393043 0.0299236538024365 -0.0714068884395307 0.0544344662716841 -0.166534070215355
RB20 -0.0213627437900634 -0.0103906682213821 0.0604663672066763 -0.0118513777737782 -0.0447673692745871 0.107468166439611 -0.0518752269298573
RL01 -0.147797376125052 0.0152914718609929 0.0448623112847276 0.107565087726758 -0.0727617072115415 -0.0511592145677259 -0.0752238590597198
RL03 0.10697177361346 -0.00535251732295493 0.0409012726152831 0.0231691477677125 -0.0805163187797385 0.0762029890251927 -0.0490357702235125
RL04 0.0682519485323901 -0.0317096325047509 0.0479154952176855 -0.110770606016375 0.0641134343217788 -0.0200447359931353 0.0276482273258199
RL06 0.0804746968778484 0.0324608069594294 0.0494913809794339 -0.0852010766804526 0.0608901096296222 -0.00352927721858701 0.105761692587378
RL07 0.0321309174945051 -0.0816561551201245 0.0406918979109222 -0.028744903752103 0.0127037954826213 -0.00624141823142127 -0.00878282565544573
RL09 0.0581241662810892 0.0162516941396199 -0.0437852553581376 -0.0248886196011627 0.117466508945492 -0.0421393784243669 0.0961464720474771
RL10 0.0559375535461542 0.00656023209104754 0.151068312858253 -0.141654313995722 0.0144726662641576 0.0575429759650791 -0.0110005687357963
RL11 0.125952439942977 -0.0383254628246682 0.0871482853848443 0.0590672315838988 0.115111000449099 0.017219961882457 0.131662164417638
RL12 0.0127884655187341 -0.122194732938287 0.0526981885173166 -0.00299052425175829 0.0156432569616898 -0.0581710509658744 0.118745560139509
RL13 -0.0160874792358618 -0.144682092991829 0.125225491268762 -0.0966331787391166 0.0403866785086727 0.113095279976849 0.0240722128915601
RL15 0.149127287877484 -0.0226120557871936 0.0714625302859216 0.0730268578411991 0.028809908985254 0.0431149827268575 0.0945111229251339
RL17 -0.00065549540092489 0.0239652967286242 0.0204127041285538 -0.0293127044575174 0.0612058296602758 -0.00792105117082241 0.12106133259695
RL18 -0.229250908612389 -0.0445496859497138 0.0085974384969833 -0.0354681660651174 0.00912278982256477 0.0462392622445876 0.0164187229725791
RL20 0.0134524906653091 -0.0239357774917197 0.0735076051942583 -0.0115317752444526 -0.0243914088202083 -0.138624504561245 0.050501940887581
RL21 0.0613466275484624 0.0216201527569461 -0.0157893830850532 -0.0453681953484927 0.0833354616582687 -0.0174179803885603 -0.0210974886826205
RL22 -0.0495067952416838 -0.141794538352778 0.133459767140608 0.0910331068367756 -0.213233927791625 0.128114700327492 0.1742269928379
RL23 0.0561649591433943 -0.0192296435868215 0.150526415664985 -0.029132731847398 0.111005712350116 0.0584199072352037 -0.00524079918101991
TR01 0.0352160070502892 0.0665473057473934 0.0468508874708848 0.0290499811342301 -0.0677061701615582 -0.0888340633224867 -0.00594152052213515
TR02 0.0564419333330405 0.0388937336108889 -0.0255341159548723 -0.0503557507633167 -0.0189563796680141 -0.00251970492430848 -0.0776087546739675
TR03 0.0704761055544225 0.00823848261902035 -0.0333177805636018 -0.0360348071623244 0.1122595222814 -0.0516828158476323 -0.0679998331886309
TR04 0.111927904875966 0.059268091103505 0.00607241879469814 0.0998226675546493 0.0978989910382043 0.0142922873119182 -0.077407384314953
TR05 -0.00351865425611965 -0.0133324626830931 -0.105792986394479 0.0410409546779776 0.0115132583457393 -0.17453790130801 -0.0161370159907264
TR06 0.0413503706766871 0.0766034764704902 -0.199247725174493 -0.0421429855437422 0.0231433203977513 0.0171887985839681 0.0684992029482058
TR07 -0.00259508359068987 -0.0199865426845631 -0.00227336041751611 -0.0634278932017402 -0.0825178577514612 -0.116601793197408 0.0488316123561859
TR09 0.128797719671573 -0.00631020752519957 0.0298720893498195 0.010364738350616 0.046365213413005 -0.0358570341808517 -0.026186022453282
TR10 0.0685158732691668 0.0464069589254764 -0.051822055748698 -0.108494273496278 -0.0124369025217228 -0.116010652808504 0.060161944439043
TR11 0.0656484724461113 0.0235600531734348 -0.0177415106286976 -0.00020001634809427 -0.0556324073724204 -0.0507158970148179 -0.0203756173785379
TR12 0.0275129066584431 0.0251052245575574 0.00488973977151222 -0.0588593247600265 0.122121805079227 0.0711416585179277 0.0499032853603664
TR13 -0.0226238499932667 0.0600816094253734 -0.10262393799796 0.0307701259615223 0.120708784137483 0.18818270138152 -0.0507784587992892
TR14 -0.225112422220503 -0.0504727095865263 0.111784628346927 -0.0402453236393957 0.04676614278023 0.144657086735529 -0.012652387325246
TR15 -0.0388324930277486 0.0476890942353531 0.0334464050262883 -0.020249959991126 -0.0766941994523422 -0.0172446775897843 0.0860608891465488
TR16 -0.00405288126103341 0.0746047125350788 0.146742656697461 0.0836573125033964 0.0220821668594815 -0.0208139683696793 0.012278068290135
TR17 -0.0175753586102506 -0.0269832788519276 0.0980086246411478 -0.0401176118165299 -0.0757411442268354 -0.0516413720077439 -0.158536703124373
