sample MDS1 MDS2 MDS3 MDS4 MDS5 MDS6 MDS7
AN03 -0.03832342352259 -0.0293054620552169 0.0500182701206513 0.0173573104501089 0.0050486452051003 -0.0478824996506921 -0.0176997794506757
CS01 -0.00190352407289945 0.0526097687784594 0.00928441556279497 -0.0165370881892113 0.212484271734593 0.0195014318733853 -0.0894041756680761
CS02 0.014156449279368 -0.00466134190095813 0.0994826465121114 0.0140088793996624 -0.119169227113678 0.0306069293730678 0.0265943496303012
CS03 -0.0307999856056169 -0.00745460501048567 0.0957347805915094 -0.0279024066339874 -0.0350395668545926 0.0725807009002306 -0.0110326185312689
CS04 -0.0238607076782602 -0.0334363120270739 -0.00268903252201586 -0.0411823393882414 0.00265939880639265 -0.0633569719108731 -0.0470699899250651
CS05 -0.105087813584954 -0.0898956455350943 -0.00438949869199606 -0.0226038008870477 0.106420713465194 -0.0296405341566194 -0.0506797588136846
CS07 -0.039171082660279 -0.165418351379262 -0.045169466255111 -0.0491783399746231 -0.00600502254735497 -0.0968829995017389 0.0850759227842251
CS08 -0.3675240501819 0.05009240719419 0.173973619111516 -0.0337908152616233 -0.0726499474279155 0.0845188593489294 0.0229498061399203
CS09 0.00746739440339117 0.0740659562924312 0.00632477712277235 0.0673141778924009 0.138727601723713 -0.013512294757719 0.0281739520053075
CS10 0.0644243583229075 -0.0520172959606738 0.00564486192352603 -0.0243241022741129 -0.0951119578523192 -0.00366618921614128 0.0597168372266205
CS11 0.0549312185152369 0.0297068239826192 0.0926965930995505 0.0294694199322781 -0.0490079141042458 -0.0732423323702312 0.0418237696825396
CS12 -0.0482245482692591 -0.00800212941863646 -0.0346812315358437 0.070963680305276 -0.0600634122754122 -0.0567426806574438 -0.014350148112662
CS13 0.0859964109261895 -0.00498014619043956 -0.0494133112385632 -0.036791037837179 -0.139368805738954 -0.0163777374512958 0.0628095961435099
CS14 0.0334647860038493 -0.00913912712267104 0.0182746515147269 0.0343590274804682 0.0611700056384385 -0.0308453007049827 4.35665802817867e-05
CS15 -0.0116823690706107 -0.0188240106879323 0.106655510792845 -0.0108879509793589 0.00786154321113047 -0.0469718892309114 -0.143820408922983
CS16 0.0392848057826203 -0.0776710266796479 0.132869377949914 0.148383668696351 -0.0136560211582467 -0.0567045553391018 -0.0332102354941132
CS18 -0.0110231643029708 -0.0887672537328193 0.0475994585217199 0.0864860910382744 0.0287683226333573 -0.00528539219325046 -0.0902534797849205
DK01 0.0696099500669644 0.0131868012527709 -0.0181378870679058 0.0573353755816382 -0.020975342956269 -0.087967357630898 -0.00943143722338951
DK05 -0.532660069922426 0.0267276002343349 0.154947839006558 0.0438758158232506 -0.101468310500022 0.141835359347951 0.0207223778675633
DK06 -0.0452716230219879 0.0680184451914285 0.0196940614280436 0.0564759668126418 0.0229726525707672 0.103950311332125 -0.0501793206944338
DK07 0.0552565838491903 0.00223248517184886 -0.0320843941975981 0.0691837409227236 -0.0913563557762301 0.122178952753051 -0.00733703299815553
DK09 0.0278595417955933 0.00934919659317673 0.0236889359590684 -0.00754881898962645 -0.0497689985468699 0.0104085128369513 0.0230888489409725
DK11 -0.00564031251657357 -0.0287111236029735 0.0846622020545876 0.142957518754334 0.0227914147019133 -0.0437203540019361 -0.00402363418099756
DK12 -0.0290011058730397 0.0466516561128617 0.0958878271674076 0.0452379095966789 0.0496113014600477 -0.00984466663123126 -0.00260170778568879
DK13 0.0442495244355054 -0.0333897178741254 -0.0082444766837192 0.0320907685160354 0.0544424348021311 0.0132923257228389 0.0684255927749579
DK14 0.0157784187731148 -0.00408251849275303 -0.111526321290837 0.077292826331022 0.0894984639897858 -0.0225340834567611 0.119930508554866
DK15 -0.0228737695144609 -0.0129169639592325 0.165580272024267 -0.02952382036087 -0.0190379456062781 -0.015659521405351 -0.0295126577454518
DK16 0.00463832792688216 -0.0861366963710355 -0.00842663108078253 0.0714719156264234 0.0693967938882342 0.0255846321914835 0.0314204535788776
DK17 0.0963680458787324 -0.0735791226310371 -0.0662844348627452 0.0254019086303114 -0.00222491141276353 -0.0856801840323317 -0.00883441246971013
DK19 0.0211390195713863 -0.0706770989334752 0.0646302171834557 0.00479895983578196 0.0809535973648233 -0.0909865272162913 -0.0604970835851215
DK20 0.0146917212968308 0.0894246632432734 0.0578319528923474 0.145809102454714 0.0601005177358489 0.0369059409912128 0.018415446636495
DK21 0.078609839974822 -0.116984023728492 0.0330732680857221 -0.0523410703865505 -0.149162137840764 0.0228751588801783 -0.0178762014303484
DK22 0.0634592891532974 0.0444306017823191 -0.0763086909344739 0.094006747633452 -0.192497941051745 0.0148231347371649 0.00345374185087784
DK23 0.0328718972254783 -0.112940076743474 -0.00477945849776731 0.0509889755715233 -0.0870575152849863 -0.0133382759845887 -0.0124301148749992
DK24 -0.124252999128167 -0.0558808822191605 -0.0368540263513836 0.0388096946595546 0.181539159204299 -0.0993172753624021 0.00533587167675992
DK25 -0.0432773345464575 0.0245681225679141 0.0630614403853701 0.0324095907545889 -0.0325874020246009 -0.0476881669609445 -0.0656098421487442
DK26 -0.0630288487371529 -0.0467354804076623 -0.129305223452531 -0.00752957684674547 0.0278005455065448 -0.0844643703268572 0.0577693151264363
DK27 -0.0295950914276347 -0.182475728018229 -0.0244935357270125 0.00037459087338917 -0.0296228097938136 0.0794530200728761 -0.025806416264161
DK31 -0.0241987723997235 -0.102471289083185 0.105255865834492 -0.0128038134968811 0.00753779679386031 -0.000770137089934786 -0.0370367103332242
DK32 0.0813743702384482 -0.0120175661126749 -0.000862277266185673 0.0206787179244926 0.111650873918681 -0.0858385687938363 -0.0388390843255755
DK33 -0.0555271575418914 -0.146671053200863 -0.0909292376957691 0.0934950846069783 0.140400339524753 0.0245008151048844 -0.0334006256049359
DK34 0.0376231514478463 -0.142602014201854 -0.0591780928965599 -0.0292966526120775 -0.0911942476705581 -0.130084902890774 0.0429294011684001
DK35 -0.0184111038252786 -0.116463780892672 0.112632342559222 0.00844313453958476 0.0230542321815329 -0.0452112548916559 -0.0841122048565409
DK36 0.0476487291628703 -0.0608323693953916 0.0648420081700001 -0.0202279958489229 0.0860595386565942 -0.0580579269634292 0.0005999143258136
DK37 0.00316699798338633 0.0875491999274911 -0.0258256855627639 0.00877549105079223 -0.0954343475093559 -0.00941119168959551 -0.390468107427403
DK38 -0.0101814681612652 -0.0291026951404997 -0.0051750579439283 0.251613083479477 -0.0242984904708988 -0.0129233126778903 -0.0690013014681293
DK39 0.0120832647036754 -0.144949605786291 0.0256213022529311 -0.022568655718147 0.0353508632145375 0.00465953588318148 0.0255586119139582
FR01 0.134964814767071 0.0488104446684676 -0.12566133527931 0.0174994324808872 0.0729822925078523 0.178782975416563 -0.0264849762765652
FR02 0.0573886768666953 0.0955484587995735 0.0308608514231547 0.0100685418090689 0.0136953246688204 -0.0142950701737374 -0.0157053359367357
FR03 0.100000370690847 -0.0677897196173944 0.0091591312882823 -0.0756183291538082 -0.000156366160599094 0.0177884017497065 -0.0225703044301249
FR04 -0.0710175333398538 -0.0377738944175347 -0.109717708026553 -0.0813582415543233 0.180750113611405 -0.104065216877535 -0.0447231440193349
FR05 -0.0968455825041463 0.0136606966490746 -0.0957318331386846 -0.0930058287512261 -0.0811230654483506 0.0159748065402988 0.167538672745363
FR06 -0.0152000762887329 -0.0062980529950612 0.0352425226885627 -0.187331746149233 -0.0130011265580532 -0.0887304874047532 0.0465308166447202
FR07 -0.169743427447048 -0.0579989679891971 -0.108755915811685 -0.15212253414932 0.0177525241011278 -0.0303831360225513 0.0662797639363884
FR08 0.0144703338030057 -0.0162106195722533 0.0362257981616591 0.13551041595974 0.0711193959661455 -0.126841101910858 0.0176614705528994
FR10 0.0369321693418279 0.0441393739168554 -0.049458513395034 -0.0038452993148438 -0.0663330260428047 0.146514131872929 0.000534202478588358
FR12 -0.0276470927250216 0.0804294441776185 0.0135467592459909 -0.0471643524574592 0.107982795061819 0.0571921486241037 -0.0758366152441335
FR15 0.02584344351581 -0.0546342302267439 0.0881179972565643 -0.0826810702647498 -0.0280156665786226 0.0119566745552803 0.0492838285039697
FR16 -0.0864517844590098 -0.0884772408443259 -0.128740233079256 0.0392762256807502 0.0125392413080954 0.0151083387554067 -0.0137411919810561
FR17 0.0639792644629778 -0.0460799669629094 0.0253164762727578 -0.0813526544682226 -0.00363104525674031 -0.119162681345627 0.026112771115751
FR19 0.0250673619766594 0.0269858315779251 -0.068134039172847 0.136087995839487 -0.112518402816783 0.0263683664985604 0.0328285042553617
FR20 0.0771585208180533 0.0803355950703361 0.121706294923996 0.00235367775260955 0.070684536468933 -0.0916160581664309 0.027676757642813
FY01 0.0647387182268078 -0.0212512177629085 0.0112600184665243 -0.100181755151939 0.0144903813526692 -0.0278108100116059 -0.0171018392332369
FY02 0.0810637059470148 -0.03927729615568 0.0573353968293914 0.00524518887829641 0.0281122719853837 -0.0251834936878805 -0.0153704860710947
FY05 0.0142705871057579 0.118851153234089 -0.0448389066292874 -0.0163507452670715 -0.127589909139679 -0.0428381804701861 -0.0614810581471313
FY06 -0.021156876080161 0.0944846657291156 -0.0583995509621102 0.032750398424024 -0.0724856404270831 -0.0244939090149663 0.067387907776136
FY07 -0.132319857852642 0.0210779650719219 -0.0409415173007291 0.0879134593018573 0.0351249784680519 -0.058375381119167 0.0708891839579494
FY09 0.0463023417613198 0.0402670577417885 -0.032845748939549 0.0762749488486403 0.0801681135464673 0.0780166185257529 -0.0531340566357933
FY10 0.0284807041174581 0.0722331988346901 -0.0388658095872175 0.0601342040894558 -0.0771442839565537 -0.162903032516058 0.140173708079945
FY11 0.00144732314388286 -0.079019819860433 -0.10031486105223 0.00786165535099149 0.0703538727619298 0.0932664858791195 -0.0552298868582739
FY12 -0.0275613974731615 -0.00406973934170773 0.100420230482041 0.0707284665054291 -0.0130173132456977 0.0951838081693857 0.028556045833163
FY13 0.095358239861858 0.068235741938524 -0.135279474713092 -0.203792820637988 -0.0551384609917359 0.0905084369817913 -0.00475746321495892
FY14 0.0411308878517626 0.0716677503386299 0.0550025817066821 0.0726441527717478 0.0194268586671976 0.0153239499085963 0.0138538194428136
FY15 0.0592362653681631 -0.0310036998256202 0.0691699394721636 -0.0630378498482156 -0.0285410703788481 0.0209978290680401 -0.0521011366594071
FY16 0.073048746009475 0.0490143154991906 -0.00663269775781934 0.0591945079309487 0.0112459556558252 0.0141159634827952 0.0266171500045571
FY17 0.0276207022154968 0.0121667244628524 0.00720976722173728 -0.0491152465534069 0.026495510876798 -0.0823693642139158 -0.10678854152695
FY18 -0.0178910891365043 -0.0308098352225656 -0.0142052785723215 -0.0310564000360213 -0.138173546488042 0.00209900723791513 -0.0897140348534803
HH01 -0.0228005363883231 0.0777580717268311 0.0758683282410527 -0.148235909280459 0.121328731706225 0.12105676891063 0.0631394569224484
HH02 -0.0125340700013155 -0.0885157028657687 -0.159230503987546 0.0140571731538356 0.0656352882099448 0.193848861645346 0.0589449179602978
HH03 0.0240106807482295 -0.0243041516140456 -0.00575174965611145 -0.0274732571696511 0.0245992749765587 0.090586386808686 -0.0551234811648815
HH04 0.0182639317601687 -0.114398663868007 -0.0385618108619965 -0.101095484088856 0.00165492417811287 -0.0125767882204835 0.0567019223717057
HH05 -0.00815794953598154 0.00397118034809101 -0.0074795442416575 -0.0679690468748446 -0.0581373413282806 -0.0787491886617184 -0.00554630598327065
HH07 -0.0970319625708979 0.00720187699903677 0.00451465984294499 -0.0069658603560131 -0.0278139087025279 -0.0313376255821469 0.0182612501416059
HH08 -0.0531927078494062 0.0146288365188516 -0.0342726209125753 -0.0408732371334493 0.0194038634826593 -0.00581504785545256 -0.00426768053962893
HH09 0.00949037778507053 0.0269267670713558 0.0655413836234318 -0.0139532695589256 -0.0386420437013106 0.0654102675675607 -0.0487557871228541
HH10 0.03021991574935 -0.072665790924986 -0.0551057620280829 0.097712318282884 0.0134220966334092 0.101671624849211 -0.153608870538967
HH11 0.0228477680657699 -0.0089088238427355 -0.117184613143374 -0.107358460127692 0.0399374150583102 -0.0510769163602744 0.0230036358305556
HH13 -0.00654875381617328 0.0197197641643157 -0.0728483658696393 0.0419043600381362 -0.012867592167806 -0.0377415112935272 0.109484655178892
HH16 0.0717757509554336 0.0548668181625992 0.00247851566244189 0.0973928311125987 -0.0385796386736658 0.0129066901674871 -0.0347139310313421
HH18 -0.0202153731090517 -0.131534813152845 -0.0370305668220329 -0.0268544946812235 0.046127769216198 -0.0980446309416536 0.0398039761131795
JB02 0.0511474688315278 -0.102752914901564 -0.0091163182273075 -0.0183853494707711 0.0556127018578034 0.223953828883507 -0.0296599098218342
JB03 -0.0724929195166789 0.0886320843989499 -0.0498892126321751 -0.0478209116923976 0.0476260662280695 -0.172062999836855 -0.0290664054428248
JB04 0.0359334825165372 0.0778972125783279 -0.0852769548891389 0.0473018983475611 -0.0549896103433377 -0.0333854134124486 -0.0483220383072263
JB05 0.0363707953211504 0.0857922763446662 -0.0482628709238349 -0.0453937110846508 0.0309059422512967 0.217886963273251 -0.158764521514777
JB07 -0.00963571581043165 -0.0413914501705104 0.00210942877141684 0.0278619287768628 -0.0299943251409459 -0.0700324379201979 -0.0202487027752553
JB10 -0.0586025009887194 0.00166747764241888 -0.117813386477708 0.0106802825732185 -0.028055328010919 -0.0218251412644545 0.0387835661774185
JB13 -0.00353027384710329 -0.0358296184427633 0.0782402450336062 0.0403019281438917 -0.115472404083734 -0.0686996484961009 -0.0969184334697224
JB15 -0.00183273789672663 0.165975896664124 -0.0103722083513754 -0.130449910862889 0.0232496160786352 -0.0185218620744513 -0.0141155694406464
JB16 -0.00776830745689 0.0393882281870084 0.122464442203385 -0.0290606763657591 0.00433984689532584 0.0415321710961715 -0.012941813815107
JB17 -0.0418928387893819 0.111093743260532 -0.119051158458958 -0.0563907892986125 0.0485563499658558 0.0188455652690401 0.0919071511179307
NB01 0.0345055946865106 0.0307930201121249 -0.0264215894828841 -0.0765706608365728 0.0375357733784648 0.0019927610916606 -0.0618001237864452
NB02 0.0305597938954066 0.0188515720314633 0.0337308442939886 -0.0217297758020727 -0.0987736800865634 -0.148004701643577 -0.11312003860388
NB05 0.0564120024806486 -0.0182647620861177 0.097136308476115 0.0666869412699524 -0.119951505819035 -0.0540146569345651 0.0541925414506375
NB06 0.0655883585751765 -0.0659144442840895 0.00429932493857331 -0.10925844000512 -0.0341538522938466 -0.0815617703730208 0.0191250071900125
NB07 -0.0366140314040456 -0.0935490838619138 -0.117725383871385 -0.0611784258959904 -0.0526508989459541 -0.0219483060980214 0.0164760570331694
NB11 -0.0272573231747715 0.0169261879701981 0.0597360155341166 0.0587097273611622 -0.148797232129325 -0.0161215374887801 0.0217754283476446
NB12 0.0471274623644206 -0.121321843043434 0.000277849464163581 -0.028237088935251 0.0571830030542492 -0.00370061355878767 -0.00324932648516192
NB13 -0.0213579957126858 -0.0822158045877222 -0.0230714077664599 -0.0351410544512466 0.0587020372228133 -0.157193559072406 -0.012546472590787
NB15 0.0451531340703843 -0.00711868997681443 0.0201619139806584 0.0624369396697226 0.00737201183809404 -0.0609947295097621 0.0514631722517
NB16 0.0164578777607081 0.0598362246393852 0.100257692896969 0.0625514627938907 0.0934604548900902 -0.0473407347944536 -0.00885405298817697
NB17 0.00926048024765071 0.0559479060337286 -0.0437169990489775 0.0344448397339979 -0.084485596314974 -0.062428076442169 0.0041783915605449
PA01 -0.10572709145695 0.119918296653396 0.0114605585234855 -0.038467245556824 0.0537196193497271 -0.0800716383848984 0.00267678146101222
PA02 -0.0370639974697499 0.105425494721382 -0.0712530677322768 -0.0455200592758563 0.0860473903032465 0.0417661442633288 -0.0311842641077331
PA03 -0.0105043519654417 -0.0109449039791483 0.026430557293189 -0.0416084265269385 0.0720708864335879 -0.0372708364119571 -0.0974549257729867
PA04 0.0270814730006541 0.0142919141134348 0.039170464841682 -0.108475164585649 -0.0577612130006797 0.0342075543591374 0.0830943198804633
PA05 0.0680418961145171 -0.00893367943950226 0.0703462623314474 -0.0705441093058784 0.0922836525663904 0.0867216329024731 -0.0485539864985839
PA07 0.12136464972246 -0.0902560748481077 -0.0973534415457602 0.0495364998246092 -0.0801533451780363 0.018235261586675 -0.00763317880235912
PA08 0.031133836358971 0.0263326559540842 0.118577149465521 -0.0559358738401001 -0.0791865145887187 0.0691355447480232 -0.0014339476397126
PA09 -0.114542529709739 0.0190426643599073 -0.0918622423422179 0.104957177320955 0.0691537374709551 0.0375039993874778 0.184200548074274
PA10 -0.0541441083461957 0.00269131184266449 0.0468546022879053 -0.112586043266583 0.0329500201958726 -0.051941495268912 -0.0779074526090885
PA11 -0.033705171537137 -0.0656874131724506 -0.190582104211995 -0.0804749417723755 -0.00359884928166392 -0.0296046007829051 -0.0609535292317134
PA12 -0.0193551506799858 -0.0639342198688169 0.00213254346875339 -0.054943634468385 -0.0747247511404788 -0.163517668482159 -0.0230747341862359
PA13 0.0025304165487702 0.0302882173526684 -0.0107921901161306 -0.0897003572575214 -0.117571359632122 0.0157866466118985 0.0733629689721948
PA15 0.0484202513114032 -0.0373980971245819 -0.0213940872623147 0.0686238901053822 0.0758291407287441 0.157311920294532 -0.0716187665320867
PA17 0.0643592788488562 -0.055239028000845 0.0163505505355124 -0.0469609601084652 -0.00300763921072127 0.0144101047791891 0.107294820992436
PA18 -0.0142298035523395 0.0276341505892942 -0.0983090247641705 0.152787791844783 0.0292168263702607 0.0934878054649056 0.0226220819094834
PA19 -0.117881468005548 -0.153994384092376 -0.0654278941946516 0.0203754679435805 -0.125257933619454 0.0162560471563233 -0.112061811527055
PA20 -0.0542765854602364 -0.0478973310509415 0.0882557564783032 -0.0221578140052925 0.00344022449700882 -0.0234044427519898 0.0417916939399361
PA21 0.0510581923421635 -0.101880724665685 0.067000312225224 0.0265754750325013 -0.0663536300161744 0.0246865036792669 0.0481878240767637
PA22 -0.0895215486140037 -0.0637201721723259 0.0605928053475775 -0.00211003924608548 0.0177106039081881 0.0106986407679415 0.0876833448449943
PA23 0.0589594004375446 -0.00849447207669392 0.0198373910795237 0.0130481805151078 0.0725560392798831 0.0658310387637237 -0.0174010841646746
PA24 -0.043963943112449 -0.113702859570019 0.0288225646613065 0.0300339762765639 -0.139724072685306 0.0375453339387492 -0.16103788927093
PA25 0.0226231911605939 -0.00867331928858558 -0.0320844637407167 -0.13759047755865 -0.0533834258534441 7.38123217782476e-05 0.0195875271634581
PA26 -0.0397303057479127 -0.00743499443513553 -0.00825024142426131 0.0134267908121856 -0.0166725621999224 0.0612325660673489 0.0848345004141764
PA27 -0.0167851925923714 -0.0460122113181963 -0.0740602179711402 -0.0141937295527529 -0.0808909199242172 0.129732615527798 0.013241991658087
RB01 0.0871157056831239 0.0976519211733478 0.00369912266969136 -0.120571207141806 -0.0582430232414435 0.0613134372032439 -0.0214218168557635
RB02 -0.00154883782076216 -0.0522004266134801 -0.0796434813025351 -0.00366234134209219 -0.0857233846906855 0.184981970006835 0.074972113564204
RB03 -0.00021736222160379 0.0539165663878329 0.00844657206798064 -0.115110374203982 -0.0164797613110728 0.112034267186799 0.0724248892567316
RB05 -0.0257169261090595 0.04258384333987 -0.0134299027847896 -0.00816975163316565 0.042192394918 0.0718783513914 0.123457220175089
RB06 -0.0184308190299877 0.160204799260387 -0.019351645927944 0.0829054702818839 -0.0217307526557754 -0.0485848963904309 0.0774830641834646
RB07 0.0380566634528238 -0.0527152618421837 0.0312695000073917 0.0934577130634281 0.0431062784620883 0.0748887573421571 0.0368471079487725
RB08 -0.00888603161570355 0.0494768158485286 0.0510686542796396 0.0371134551503354 0.14619914218228 -0.0493214590454845 0.0158787497241842
RB09 -0.0862035934921844 0.0507772401163561 0.0551254663129439 0.0666563763901903 0.0388146106353251 0.00734165299901797 0.110356230304624
RB10 0.0439418929129926 0.0757674693166255 -0.0115939636684965 0.147627347504782 -0.127477962891519 0.0490158864655195 0.15371469419684
RB12 0.148345831320626 0.0754040215109856 0.0177848520163606 0.0906635826596759 0.0112567639635277 0.0788031729502005 -0.0319095655103358
RB13 0.0339544530478562 0.103193615651063 0.00850734906859216 0.0504924303932765 0.0584974841527403 -0.0274121736740963 0.0569845788319861
RB14 0.0301920130685741 -0.0130023396054302 0.044529060603682 -0.00199425665658077 -0.0064747302242342 0.0123063008150484 -0.0716010466085806
RB15 -0.028961719887291 -0.011551061619046 -0.0496401201241976 0.119625311551552 0.0767706697868192 -0.0267638354830978 0.1293179740074
RB16 0.0515551052185907 0.141345986540279 0.0284690918293956 -0.0123496417831919 -0.104744654852421 -0.0518253269760959 0.0637467253500002
RB17 -0.148409675659099 -0.0654216511326696 -0.0172251267122602 0.093782144620402 0.0785056804294445 -0.0140497246090988 0.0358043989504572
RB19 0.0724670299184001 0.172966922318266 -0.057631810204361 0.017469567264595 0.0938870436431502 -0.180738402365102 -0.0229969442789851
RB20 -0.0112417971631311 0.0320104331141733 -0.0720509093508586 -0.0185936887661059 -0.0173902001164184 -0.0474685627726352 -0.0663058574056499
RL01 -0.00533218523402634 -0.0103270985380961 -0.163510568492736 0.161381569690958 0.000830847357530087 -0.0303429312217199 -0.0394697533539976
RL02 0.0220521513053389 0.0830530598371026 -0.0241798895537919 0.0839448980762566 0.016033369367653 0.00995339659284556 -0.058192833954761
RL03 0.0122912507112528 0.0967193241394991 0.0499891404813906 0.0399056167123328 0.00939267223426194 -0.10881062044809 -0.0142301439358718
RL04 0.0028542851804258 0.0750332646473895 0.0727977467339428 -0.148411186496456 -0.0108956259466857 0.0150805796788913 0.0319899231804868
RL06 0.0628159449956436 0.0767581643404162 0.0585952678673127 -0.117928582254005 -0.0187911096720732 0.0487419114668174 -0.00957936885653035
RL07 -0.0736604405487441 0.0599650359114515 0.0291662532561562 -0.0314314021257515 0.0185713078772043 -0.0316426874387412 0.0031431216136383
RL09 0.0241734471017774 -0.0288511864601996 0.0540619483689755 -0.0508879374303624 0.0257272273367936 0.114938430281061 0.0461386773410351
RL10 0.039127647616698 0.120241195758081 -0.0359837499390028 -0.16040458153834 -0.0211095262574335 -0.0755793861987693 0.0480091100807931
RL11 -0.00133801564206839 0.156449891644384 0.0770580150332338 -0.0437348366418857 0.08295738734988 0.146956781723823 0.0178203720870806
RL12 -0.113783626184835 0.0811470190310052 -0.00545598658885287 -0.0210829080393793 -0.0294399834394328 0.0404337992138228 0.000426190279709061
RL13 -0.121497630736026 0.115713391336565 -0.0854825325940509 -0.136279784077854 -0.0137637891174987 -0.013600740468555 0.001265003816937
RL15 -0.00120228463828537 0.148659573750811 0.0865699030832568 0.0179112972399646 0.0854852609322945 0.016715601577718 -0.0647869064285567
RL20 0.00951904151574819 0.0981636712190254 0.0216723282837956 0.0252414704633692 -0.0448334288555546 0.0676110240087115 0.0251378567539759
RL21 0.0312935828505107 -0.0116365572465154 0.0810623437404679 -0.0921533358895452 0.0654485960925769 0.0139053993822394 0.0163674265462985
RL22 -0.139307774847197 0.160038037612436 -0.139924447337506 0.0695883254044736 -0.120698280961343 -0.0627657550962082 -0.373565447226134
TR01 0.0818028386756809 0.0400161043227021 0.0325067146880727 0.0906386985809963 -0.00827273332060123 -0.00819901017637614 0.101092113703552
TR02 0.0435181057717433 0.00189772823417991 0.0844856008702939 0.00187136342822509 0.0231818417158888 -0.0839618287533454 0.0547644929273625
TR03 0.0320066254742595 -0.0320146872560055 0.0855434231067547 -0.0677394292046863 0.113267620124302 0.0213810061891262 0.0552930565141139
TR04 0.0584677927961028 0.0181743196633099 0.0441155923697168 0.0302617681023637 0.176449362973515 0.0176113364891991 0.00700784087423276
TR05 -0.0235141518369134 -0.101100528815918 0.0547252210959038 0.0663958424026267 0.0182924137391043 0.040405454049424 0.0928849239491209
TR06 0.065082654453223 -0.155396811528192 0.165060918348515 -0.00970988714179148 -0.0367020951667263 0.102188917593866 0.00240586332820475
TR07 -0.00778434222804479 0.0145730190316206 0.00984651302429272 0.0310512476223273 -0.133049441004246 -0.0368749463899558 0.0529302963077695
TR08 0.0627563350422581 -0.00596876489315763 -0.0570915798835553 -0.0206649865190576 0.0300454009146217 -0.0107497767016451 0.150236843916169
TR10 0.0589191783883053 -0.0224247364583679 0.119862358440789 -0.0849258252894013 -0.0747476090575239 0.0118988266901779 0.04391671311209
TR11 0.0192958926820489 -0.0100647012894405 0.0651610037584499 0.017199898390598 -0.0111398142765272 -0.0433345325442116 -0.0165760974996673
TR12 0.0253127492944672 0.000529402313374349 -0.0329536301127978 -0.116178704880991 0.0525016580831895 0.0490678900795427 -0.046360449323835
TR13 0.0298983883627425 -0.145009552627509 6.39053094979213e-05 -0.0610061679540764 0.130913654243578 0.0496301281414608 -0.13601152167971
TR14 -0.0754078995920878 -0.0292632480029595 -0.285146016270496 -0.0702073734937941 0.00212916963712719 0.0141738143904674 -0.0621631581727035
TR15 0.0465692047891511 0.0194433643859688 -0.0642899776414695 0.052664559029218 -0.14319796237513 0.0250469772173303 0.064901584417984
TR16 0.0839568556174008 0.10782867371258 -0.127015864863636 0.0652457584917844 0.0388702371953056 0.0251988568291465 0.0270673302073355
