sample MDS1 MDS2 MDS3 MDS4 MDS5 MDS6 MDS7
AN03 -0.0180366760217578 -0.037410592031634 0.0461059882577818 -0.0190473668274784 -0.0151266786743416 0.019472632450423 -0.0642857579954865
AN04 -0.0346022805174015 0.0222523360941503 -0.0533203650398593 -0.0277355348118967 -0.00479763612574758 0.0247137462766081 -0.0357297492668995
CS01 -0.0771205493764252 -0.00429151909867098 -0.0398634691177901 -0.130831681606136 0.12873075006325 0.0643812263122445 -0.00467231374945409
CS02 -0.044755586106746 0.00494319954222328 0.0483481970913221 0.0888740154291365 -0.0319952878942252 -0.0960503984050104 -0.0370046574420495
CS03 -0.0510082765734211 -0.0306585817313509 0.00296708635466409 0.0530450248710028 -0.0334138971152701 -0.00477339154630266 -0.0322162187535981
CS04 -0.0355739756059115 -0.0371225530826694 0.0178433423961289 -0.000142446959357917 0.0861383433996228 0.0247808419140391 -0.129720823771342
CS05 -0.00707766140100912 -0.11174026583065 0.0743071607852512 -0.0656142589640134 0.0947559854958895 0.080970600166773 0.0178624974074231
CS08 -0.142424633238515 -0.353496492585747 0.0120479033681631 0.0704460940668546 -0.0206252182442243 -0.120866893055976 -0.00901480273800553
CS09 -0.0693796658839439 0.01249443397745 -0.0590873397792365 -0.122469531563675 0.0122499936862406 -0.00266915134718499 -0.0232957805255952
CS10 0.0195208650576439 0.0604935482266787 0.0420656321363828 0.0998957023179795 -0.0206506258114161 -0.00048841413953217 0.0200031662214752
CS11 -0.0905600989042787 0.0804511696585923 8.87113719874599e-05 0.028486212101609 -0.112170506812089 -0.0239823209024771 -0.021714729418211
CS12 0.0466768041431789 -0.0421788292955127 0.027044229256354 0.011573361526905 -0.0923533822837431 0.00345218881002862 -0.0231583059202569
CS13 0.0602780325426004 0.0818056322527348 0.000722888614072048 0.111874117065695 -0.0131482335328401 -0.00553690483769616 -0.132051321076132
CS14 -0.0279179509366391 0.0348482773011818 0.0340124171467915 -0.0698223907048038 -0.00109893042932352 -0.012744311004054 0.075509124415478
CS16 -0.050041300363491 0.0431164039575034 0.113157455120472 -0.0685855852774018 -0.113483194633822 -0.0140937609588681 -0.0114058343763486
CS17 -0.137900110741258 -0.032689693063782 -0.00642576037838602 -0.0309190070881287 0.082293412481911 -0.0641703716073407 0.0725984693056558
CS18 -0.0219829734471097 0.00179088469369746 0.123027716043219 -0.0991783846157231 0.00714451989085381 -0.0564550205844384 -0.0117782838995378
DK01 -0.0215126751499492 0.0741363526594828 0.0121167082129304 -0.0312492330199305 -0.0253204606723454 -0.00700801386511257 -0.0633491792521329
DK02 0.0502597763349299 0.00999712773329338 0.0507254527820127 -0.00952757380480636 0.0926330949337849 0.0283736283069386 0.0375513295275116
DK03 0.0688462958185275 -0.0242773884265485 0.116020393530353 0.0157728384543985 0.0691883629661351 0.0713259514432215 0.0400847134893869
DK04 -0.0682333011208438 -0.0675419399950642 0.13594864492355 -0.0514669100205328 0.0801851256319095 -0.136209563321994 -0.0989776844182118
DK05 -0.118750207340973 -0.513625311702361 0.0642816757420667 0.040077160817062 -0.064244326002124 -0.195552813493079 0.0448960811175735
DK06 -0.0266237068785841 -0.0285587766703608 -0.041813982293761 -0.0409949360849846 -0.023119293807947 -0.154643129527984 0.0722050246182885
DK07 0.0751545497028333 0.0613214927154032 0.0184227781619465 0.00595289703690313 -0.0346257150974314 -0.109009372481669 0.0301005154862973
DK08 0.104236969595944 -0.0318853197363369 0.0278252688074329 0.0730441915481893 0.0594902046347752 0.0233509796047828 -0.0948501109680626
DK09 -0.0119826236755273 0.0292509490599267 0.0121100943708288 0.0440063568728191 -0.0103485170155662 -0.0317827009968549 -0.0229457152475341
DK10 0.21759440660257 -0.00257661297688757 -0.024718298318418 0.0455618149518462 0.0600433817747876 -0.0288596546349684 0.00859234451432803
DK11 -0.0740601531195099 0.0134169130791555 0.0600085404681599 -0.100032466431556 -0.0854537703839051 -0.0484675586464816 -0.105242048900932
DK12 -0.0741031891785816 -0.0166112035943132 -0.00132994636713352 -0.0549092186192943 -0.0317223134700007 0.00566484667588028 -0.0657892857224592
DK13 -0.0157187464637043 0.0476071356245173 0.0226747863238793 -0.0537869496595041 -0.0257853240427716 0.047671162345744 0.0696123799782292
DK14 0.0820422660182945 0.0203508519851851 -0.0242904243933513 -0.122305464776022 -0.0776385765359694 0.0828096192828513 0.0664347180538062
DK15 -0.121621826438328 -0.00863134377340404 0.0664549444871275 0.0394385160800634 0.0100963177630184 -0.0231733910442023 -0.085570611526824
DK16 0.00829676116393198 0.00523424233784989 0.0785159909933529 -0.0590011821109997 0.00245358693109849 0.0377730958445671 0.0379279228810079
DK17 0.061938326167377 0.10097538899586 0.0461131674663114 -0.011520589841737 0.00765808223086736 0.0533870551805294 -0.0458465173863374
DK19 -0.058131584037894 0.030314846624134 0.0623899065495729 -0.0485295703246533 -0.0109380645435665 0.0664059031723882 -0.0153246726588945
DK20 -0.0603759128135382 0.0240360660250065 -0.0154615385251434 -0.105923667678881 -0.0751476737350417 -0.0519962037341245 -0.00234658457085168
DK21 0.0506101050437202 0.0663957038703447 0.108014363456142 0.146859461081011 0.0301033218169741 -0.0454482231074846 -0.0215755438040889
DK22 0.0868748601592957 0.0599941340274224 -0.0158108559921324 0.0609683761109699 -0.105422831801871 -0.115118770740215 -0.0664877071929793
DK23 0.0677103739340312 0.0343280342718254 0.101165719417673 0.0247592539509962 -0.061754568513634 0.00805746690204555 -0.0908545568724973
DK24 0.0123829377053706 -0.11762508734235 0.0359536176487919 -0.163448355415821 0.029682492822422 0.151995856389229 -0.0106048833172846
DK25 -0.0274837659681546 -0.0465476387290156 0.0166958762195646 -0.0152521547300286 -0.0059269183443079 -0.0792527865861966 -0.0733328915912446
DK26 0.101291834229106 -0.0616020277938916 -0.0175910528559712 -0.0103433874348471 -0.0631672944249605 0.125221311923432 -0.00351679702528788
DK27 0.0669617969237935 -0.0245830981636925 0.157250134534206 0.00305391487231496 0.0549686337409769 -0.0470103541375843 0.0776733855085936
DK28 0.174567436375322 -0.019002097435137 -0.070457897360824 0.033686935595422 -0.0630783336262264 -0.0420594948584092 -0.0826012935998815
DK29 -0.0917252872611835 0.0123501784569426 0.0153953766343559 -0.106471132341461 0.0835864414723026 0.042426260236501 -0.0830120455313863
DK30 0.159739700030135 0.0380117438456591 0.0112187431367022 -0.150196158580886 0.0030532589759536 -0.102095731574996 0.132459239403103
DK31 -0.0516872235010733 -0.0270064940409016 0.118097326549611 0.0320988974866587 -0.024258296137357 0.0351136050774478 0.0606531211560154
DK32 -0.0149191017987701 0.0817764096611712 0.0255061794758004 -0.0872658198501121 0.0687178046052692 0.0486225431010023 -0.00621019123789397
DK33 0.0619355322619348 -0.0572197952151085 0.101828856764942 -0.144744079723515 0.0550360489972729 0.0869348165607965 -0.0342698427676995
DK34 0.0524260481134044 0.0332394082634085 0.116477116676118 0.0830906343599732 -0.0126792661426842 0.0619917975215771 -0.116903095818818
DK35 -0.0615714803070037 -0.00804013999213355 0.140838906088366 -0.0206832402297664 0.0310303982839231 0.0534803214859857 -0.0878231167741812
DK36 -0.0768381980276217 0.0491624532574636 0.0490419161149187 -0.0279138659660104 0.0185323652367459 0.118324774791518 -0.0205065699201271
DK37 0.0205402756772572 0.00452950406603873 -0.0306497382144999 -0.0378262078532203 0.020938415366798 -0.126775707687449 -0.251738085501548
DK38 0.0114355959827368 0.013119215664457 0.0846004500351998 -0.1528636154832 -0.125797779901082 -0.103429875298818 -0.0493008361315058
DK39 0.00631837761358343 0.00036663549416675 0.123221582702601 -0.00179291015333778 0.0393413123615928 0.073580547480538 0.0484901987960639
FR01 0.109217343458552 0.129310698832311 -0.0864362254187507 -0.0657931559099672 0.118082434122909 -0.0881006929439655 0.056793940892135
FR02 -0.0335763960608051 0.0668797335556961 -0.0598946902233538 -0.0304243039273428 -0.0501550186237057 -0.00925421176188434 -0.00545299161412878
FR03 0.0206023524335803 0.0846865030305755 0.0700944783739704 0.0687985362420732 0.0897934096173667 -0.00548763648310138 0.0664210757217337
FR04 0.0485944891763659 -0.0887093730101468 -0.0287774459447823 -0.0894906242175257 0.102123912119678 0.202543780789939 -0.0535392882531749
FR05 0.0840925370389453 -0.110779559882518 -0.0764367380091156 0.163155686488115 -0.101367493517862 0.118331799047819 0.0529367515908321
FR06 -0.065786247667945 -0.0194302349621357 -0.0405074380609277 0.132905494713054 0.0709527822805018 0.129148422592482 -0.0991927427966027
FR07 0.0995046290865885 -0.175945646729615 -0.0124589988244845 0.068047730806822 0.0769160809602481 0.107122028946914 0.0263648055651467
FR08 -0.0412743770019554 0.0369391355672185 0.0430609085575748 -0.128641755846953 -0.117546216577854 0.0536628710668419 -0.0338479714079197
FR10 0.0563351886339479 0.0349334906053281 -0.0262796043136224 0.0612943233374722 -0.0138908054658937 -0.092584352829054 0.100235212684638
FR12 -0.0372805773403321 -0.0209608899783877 -0.0751882903587398 -0.0494147281093794 0.0612324010358972 0.0284085632834294 0.0123611999223609
FR13 0.00945949589161023 -0.0844405316295134 0.0996643967212228 0.0655838833768487 -0.0676289177074977 0.108893768777668 0.155289446835845
FR15 -0.0546836380942357 0.0218885231197389 0.0520949766147993 0.0984795518947173 0.0377099588043119 0.0414468717601293 -0.00409758800840439
FR19 0.0722375456650453 0.0399905824053884 -0.0018264121925488 -0.0204261515413127 -0.09786738323696 -0.128599390032684 -0.0377482834498235
FR20 -0.109561693882276 0.0783146536016271 -0.0630036958385935 -0.0256234294610002 -0.0224143846860992 0.0539607900976154 -0.036000057789464
FY01 -0.013223886887101 0.0479959966885667 0.00695726986365196 0.0705313231606976 0.0395729430050567 0.0859493484717679 -0.00689338682285815
FY02 -0.0623731349582467 0.0875789940524129 0.0626343972972112 -0.0148612801400283 -0.00126008317528335 0.0448276864504439 0.0156409786972591
FY03 0.0699874864442096 0.0351221057600737 0.0163274410357114 -0.0734652807719332 -0.0612883021116718 -0.00586545422653464 -0.0615435007464227
FY04 0.00395285119051865 -0.122243010182756 -0.104532720613524 -0.0613325963212031 0.105999619594697 -0.0336032195416874 0.0395386042491557
FY05 0.0369730356501242 -0.00138229924642121 -0.0749450636796904 0.0721536419031623 -0.0355165104586946 -0.131958840868807 -0.0473832670816635
FY06 0.0259374430693859 -0.0219023629778464 -0.0902133418629213 0.0292559749258847 -0.0979285724100316 -0.0204821297455163 -0.0062684760433902
FY07 0.012127458700333 -0.12201522648247 -0.024882666976085 -0.091732514216822 -0.0966738881985333 0.0372421602069483 -0.0229703054333364
FY09 0.0121703410834616 0.0581382762497613 -0.0275260943195808 -0.126285227476528 0.0269043555978427 -0.0696791729358432 0.0382153143185154
FY10 -0.00985031562404851 0.0380103276247162 -0.0837495968402861 0.0288746368105415 -0.142804644633746 0.0612999564458594 -0.0488612442565541
FY11 0.0891861769896126 -0.000947246734180873 0.0561176498833764 -0.0363412534699638 0.0528317538523197 0.00794335298544631 0.108335200778728
FY12 -0.0825655565217996 -0.0137187061377894 0.0744904834425295 -0.0342382904642947 -0.054217678336368 -0.0565376123763637 0.0897685535877024
FY13 0.105704858635749 0.0678963622502739 -0.146598361337277 0.14339234911513 0.137028606208169 0.045686351215616 0.0174256213202183
FY14 -0.0422032741841651 0.0496739520399991 -0.0262299972785798 -0.0642366201707664 -0.0681214299316999 -0.00501140583677587 0.0229777396177734
FY15 -0.0557778265733092 0.053450693814817 0.0671399320872016 0.0573175081520789 0.0807033923398758 -0.0260541241412766 -0.0555416494529286
FY16 0.00125356480028281 0.0801532068536197 -0.0448597568502853 -0.00950890227698423 -0.073923394252492 0.0124258514196645 0.03014165046394
FY17 -0.022976903933187 0.0176491181836185 -0.0245085151417472 -0.0269819990185482 0.100383076765439 0.00196706199749697 -0.122050438200285
FY18 0.0463465813069035 -0.0199123736859364 0.0326006268275781 0.0944007552047555 0.00148178309436173 -0.0420040731717598 -0.111409002677385
HH01 -0.129965245407909 -0.0269746903999623 -0.0892110954211426 0.0280833875463179 0.0876581817685475 0.0411693840506114 0.18472905088251
HH02 0.168527287033586 -0.0272829129781898 0.018677561685842 -0.0467926060516969 0.0597026379280392 0.0232333170141571 0.138063949006496
HH03 0.00633745097504866 0.0279199813433711 0.00202372543212958 0.0108880921155749 0.0635831108528542 -0.0230438055274734 0.078090622724623
HH05 -0.0249168940457315 -0.00884654671366652 -0.00266994749157442 0.0765133886668146 0.0203804504447231 0.0134863114999152 -0.0728527136653791
HH07 -0.00231167248648647 -0.0985410071569092 -0.0113282974551978 0.052269577111926 -0.0754519804347762 0.059256543521149 0.0133024723927541
HH08 0.0591471415052005 -0.0524590914891852 -0.0238413018201161 -0.0300507018998734 0.0109078913532322 0.0240866308261205 0.0183251911988004
HH09 -0.063447110222343 0.0167857975046023 0.0228130713165031 0.0567185031369591 0.000354652457505112 -0.0766058028721864 0.074081228544175
HH10 0.0743177591168236 0.0397325692472747 0.0867048826292103 -0.0826227571455352 0.0703831456624425 -0.169322514392509 0.0501405672141747
HH11 0.0431702725935092 0.0188327523702215 -0.0429450009140881 0.024080710852552 0.0682648026219498 0.0691368259425686 0.0320053139533812
HH12 0.0142789050038563 0.00931372333768085 0.0257893727043532 0.0653079092161286 0.0642542415782206 -0.0794498064457121 -0.0476993151115225
HH13 0.0168289983855707 -0.00409285894163132 -0.068605520896393 0.00557997105475459 -0.0452873905003562 0.0124526725581637 -0.00935384945016563
HH16 0.0340258986079729 0.0778659682679667 -0.0139339795701854 -0.0159899000627874 -0.0908222381120499 -0.0425115948533924 -0.0125651573321362
HH18 0.0344556846226535 -0.0227585158431068 0.0848058577316431 -0.0174230988321295 0.00825625539340336 0.129688842104589 0.00581016679372737
JB02 0.0337603100584701 0.049397122375879 0.0790041141756625 -0.0169802718128529 0.111765012115957 -0.0343608307328785 0.14312789350507
JB03 0.0135561947412019 -0.0736826172140995 -0.119411654201974 -0.0466411247059691 -0.0198238934743868 0.0741712025914938 -0.0307644512765663
JB04 0.0744073509154188 0.0395812573685795 -0.0719525754154203 0.00129923528142534 -0.0957164739951389 -0.0120876237519227 -0.0223389426629388
JB05 0.0650234794732159 0.0232659959702849 -0.0622450798574411 -0.042430590540719 0.158804711294068 -0.154906544726986 0.0436522815907743
JB07 -0.0255391604369973 -0.00729700988309804 0.0381211528457224 0.00947739164184691 -0.0284198807481878 0.0179319367530888 -0.0981881297969572
JB10 0.102966726336978 -0.0562422281913219 -0.0334596915971212 -0.0271322738246845 -0.0416319444135605 0.0198816062548744 0.0128157357865894
JB13 -0.0272239623944284 -0.00219834947121633 0.0815487951566867 0.0615427762891946 -0.0664890006947792 -0.0470655773263041 -0.0925852348484406
JB15 -0.0589098586573419 -0.00980598939353883 -0.175074523460931 0.0595087648508816 0.0789340136441914 0.018280762778577 -0.0433832071084292
JB16 -0.0870014719360763 -0.00928974688985731 0.0017027520247302 0.0210743638422724 -0.00849410330316937 0.00111713831199718 0.0548216362105248
JB17 0.0647317504564327 -0.037972729006605 -0.152200829586697 0.00225168521808408 -0.0272659280577893 0.0692709394664156 0.101699349963328
NB01 -0.0140639317274485 0.0339447502148484 -0.0238936709641367 0.0308007083411548 0.0749980744181724 0.0480268562186356 -0.0685854755587435
NB03 0.0398772384242436 0.00412393345458772 0.0433521774741565 0.0565463352470396 -0.0901103223201819 0.160535213022979 -0.0523341421541157
NB04 -0.0141017424397112 -0.0170135296386333 -0.0216104562025104 0.0214423129127287 -0.00751665184642476 0.0259314575961404 0.0401780979406939
NB05 -0.054924304768557 0.074626270818959 0.0674237288308683 0.0690113626588707 -0.125148513276438 -0.0382179731760895 -0.0653102585217204
NB06 0.00410667472338738 0.0591821227047444 0.0396515532546154 0.0979820735343633 0.0299911663650371 0.0810750762405804 -0.0502906689838089
NB07 0.115057484979065 -0.0412314147153929 0.0511906929270359 0.0617684010598038 0.0203023115027215 0.0391432660771393 0.00376511868161881
NB10 0.184899394327543 -0.0122623907220476 -0.0177701112131971 -0.033472019078785 -0.0964537105854665 0.056264014020147 0.155527640533042
NB13 0.00810330097721707 -0.0278988440272973 0.069341532370466 -0.0315761852760405 0.0250679488512503 0.151939643476586 -0.0756293259740653
NB14 -0.00496781017896747 0.0774201467539676 0.161468141785165 -0.0390401825735572 0.0473999411109084 -0.0796431853532423 -0.0677359446344221
NB15 -0.0341351512921374 0.0505030603610631 0.0144790720415133 -0.0452221381390066 -0.0451881173906645 0.0288317627316101 -0.0561565921160218
NB16 -0.128574708696963 0.0269522864218639 0.00215364457056319 -0.0936296415711079 -0.0432138516466171 0.004435786395789 0.00457633351675503
NB17 0.0214522427946112 0.0147130305273823 -0.0323448882379883 0.0181173244089233 -0.0579006981766102 -0.05005741229529 -0.0437106772828064
PA01 -0.0643105055192189 -0.104744714500602 -0.095584423750913 -0.0496770985850888 0.0506468350446714 0.00656456399237282 -0.0838659312357736
PA02 0.019456586695989 -0.0293503943621447 -0.127024312520292 -0.0814699389508066 0.0808395768360703 -0.00101625521593084 0.0137167237192847
PA03 -0.072509477672143 -0.00538530164957528 -0.00177209249440192 -0.0317653137064116 0.0843802100108691 -0.0252656541525914 -0.00336107447182132
PA04 -0.0339179376546768 0.0245115885075884 -0.0397400811351332 0.124406163553985 0.0229460484290848 0.0370945595037686 -0.0464439527790274
PA05 -0.0875911929395615 0.0574503629754238 0.0347584904389647 -0.0171074848487403 0.110386054218208 -0.0128415654701836 0.136559673743149
PA07 0.139614459643919 0.112404539092266 0.0484991059531717 0.0197606256403349 -0.0536112026651398 0.0254173752033566 -0.0377694982878843
PA08 -0.0868099070196281 0.0308413422764358 0.00630086839952206 0.115726063146029 -0.00569782915801546 -0.0692192300267772 0.0169875209709666
PA09 0.0273870263092825 -0.0986117556916294 -0.0351775171471872 -0.0818818782192011 -0.138799001210696 0.0938220604035479 0.105358417499754
PA10 -0.0514479548692698 -0.0640492543628781 -0.00628795032941437 0.0410459161217401 0.104448032003861 0.0646518693990718 -0.105355390056945
PA11 0.153531535846745 -0.0495310019923303 0.00578016442410057 -0.00199498937116958 0.117919919323058 0.012825666063719 -0.0356703026424854
PA12 -0.00647748648095437 -0.0272348045538954 0.0317349416537694 0.0787986356499617 0.0168541012834059 0.00947539145168498 -0.117128926849816
PA13 -0.0146825301324313 -0.00358949453754453 -0.0196720668132554 0.160411809511288 -0.0128975819803447 -0.0324175039000999 0.068337697673653
PA14 -0.086636237661258 0.00634951377084049 0.0240172545051574 0.121166310484631 -0.0788347623044467 0.012486581560076 0.122455338505613
PA15 0.024751975303114 0.0536402716582805 0.0527589818947688 -0.109145443250283 0.109461376373387 -0.134445012205737 0.0844894249509994
PA17 -0.0106199951424414 0.0582143038311204 0.0406244244132175 0.0594606235424739 0.0297783774241618 0.0699226431600591 0.00254293042525999
PA18 0.0563225682160972 0.0025234801124329 -0.0299167625233313 -0.1124558334395 -0.0275853090358737 -0.0758446980886466 0.0376451864639678
PA19 0.0898095167129059 -0.102921458440682 0.156149572382058 0.0352370041132171 0.0273634331049553 -0.100556526931624 -0.0566758225727107
PA20 -0.0541865931019413 -0.0442435956087279 0.054906372646496 0.0383760843306176 -0.0202750772601381 0.0583830849628482 -0.0927380876621585
PA21 -0.0177464535718222 0.0542442479567506 0.100004039287492 0.0776183920167367 -0.0732473900334409 0.0434248165729181 0.0156311948280692
PA22 -0.0661262357253025 -0.0738931855937922 0.0753592721962305 0.00947894662426435 -0.0636259726551668 0.0436011224753863 0.083589302275136
PA23 -0.00489872747801764 0.0704415106751262 0.0109116369488728 -0.0335931728075034 0.0419477973563572 0.0164835056682164 -0.0187663465625378
PA24 0.0123133513733419 -0.0311471454959668 0.13218735105214 0.0397713494247815 0.0578442136032651 -0.207960937329546 -0.0709893835445524
PA25 0.0136560518040205 0.0210991661388117 -0.0149838173446914 0.118680949829858 0.0372545898540156 -0.00919265313206815 0.0635620996549012
PA26 -0.0102865986916471 -0.0319403411661813 0.0172667329456748 0.0217307496654414 -0.0570502739108606 0.0501782336224253 0.0662511945182453
PA27 0.0853560143022066 -0.0219083317333602 0.0463827447746535 0.0615517918561024 -0.0125281108935441 -0.0627687047758267 0.133436400624098
RB01 -0.0307874580162627 0.0810195269799711 -0.113788651413256 0.117160792237593 0.099103301063563 -0.0827668076211593 -0.0568409452234654
RB02 0.0670318566892329 0.00175228243048365 0.035054626251911 0.11253509021995 -0.0374056284101606 -0.0496934447447796 0.160206547680191
RB03 -0.0705455483431593 -0.00903339827973398 -0.0708698957277201 0.0881840699415408 0.0839325997153758 -0.0717752201357757 0.118227072369524
RB04 -0.0345937591104531 0.011751915577672 -0.0972120182956686 0.0542684115417399 0.0419447827836224 -0.0565333477468947 0.00720425898563391
RB05 -0.0342407155310662 -0.00814815508576394 -0.0534865613242446 0.00853801876961669 -0.0222444762315779 0.0192469887578567 0.101247654712533
RB06 -0.0133350007748468 -0.00970695664671535 -0.141827033784239 -0.0363557561406968 -0.146715477270007 -0.0431875026665741 -0.035424020447636
RB07 8.91378624493588e-05 0.0360109079028329 0.0646924467757854 -0.0861025574875853 0.0239756636320718 -0.0393544704453582 0.0257282962238731
RB08 -0.0824981563289407 -0.00961426643927985 -0.0427101217705979 -0.128700414236794 0.0152291882791873 0.0286321877701217 0.053232646914634
RB09 -0.0974677807668132 -0.0755894125181566 -0.0121576528005404 -0.0387685351268431 -0.0961465721118533 0.0139052308944035 0.0674653188543727
RB10 0.0167759361959081 0.0531370695093763 -0.042872317059745 0.026139954110241 -0.168655457347027 -0.0782657908438712 0.0493747906684536
RB12 -0.00333292487026658 0.158718532917431 -0.0324818381690481 -0.0619469460807033 -0.0316093398418575 -0.076242892874922 0.0331409481227083
RB13 -0.0643630695705423 0.0533362207807661 -0.0818579704703616 -0.0256426168114474 -0.082688529578178 0.0830617298761998 0.0185117375345942
RB14 -0.0115914224528036 0.0254415604512333 0.0337542566490614 0.0131926776376447 0.0280054010030778 0.0109299403835713 -0.0292582419976309
RB15 0.0209500940072968 -0.0130482389841681 -0.000593509367412434 -0.100504981525471 -0.101884696752477 0.0645341837336352 0.0238100920135673
RB16 -0.0448945287678751 0.060404430151083 -0.103422768342749 0.0600774467674331 -0.0524209813975244 -0.0648391385225714 -0.0649606082787318
RB17 0.0247905320501473 -0.140011341925933 0.0544120667231831 -0.107872518048836 -0.0498316938077552 0.0354709499280842 0.00948542285018828
RB19 -0.0250122911628167 0.0781958755954308 -0.167567232115467 -0.0896185415646679 -0.0220338263255025 0.0849790555459724 -0.126540118022053
RB20 0.0352915281287608 -0.00833614951277525 -0.050813112960946 0.00300590903360256 0.0355205020526091 -0.014695840682331 -0.126705622510214
RL01 0.154010727552232 -0.00275929815400933 -0.0058449472819527 -0.121254949694328 -0.0998310664454149 -0.00773888843662069 -0.0222968913268863
RL02 0.00168926874686005 0.0261224780744526 -0.0524893927915475 -0.087638841597326 0.011041957523516 -0.0996564103082802 -0.0108006361511018
RL04 -0.0735363072310004 -0.0108715600699466 -0.0809009905811175 0.115382056862492 0.043050534451549 0.0288287343664577 0.0345177267732357
RL06 -0.0681900248855423 0.0540339266641088 -0.0683341142190068 0.0787857914678894 0.0567530631149951 -0.0356625072302158 0.030871931490565
RL07 -0.0378899486819751 -0.0701649474357445 -0.0610536799067395 0.00928753857672622 -0.00641797565039736 0.0188137322518392 -0.00564436969078438
RL10 -0.0124816699581878 0.0290225076779425 -0.155099302067761 0.0924326208459272 0.0713094059177175 0.0619817895557669 -0.0601529550012442
RL11 -0.107054021537818 0.00397315786133203 -0.129851725613143 -0.0350094487893904 0.0770170267550369 -0.104638747853795 0.123529155210874
RL12 -0.0251004626588164 -0.103295285811458 -0.0754095412921836 0.015990317036803 -0.0351273052202017 -0.0661239803187586 0.0778714458328164
RL13 0.0272269691011448 -0.137189573373087 -0.140431684359867 0.0651160225150757 0.0991232312333604 -0.0228869591337273 -0.0416595090327705
RL15 -0.130486117963633 0.0148358737271084 -0.0942947835693606 -0.0882641897576901 0.0410109005119765 -0.0950115342264524 0.0315340374313893
RL17 0.0124589614657777 0.0336580862568861 -0.0208456934580386 0.068513647380861 0.0233895518981542 -0.0531830064369716 0.0957989238404544
RL18 0.222590684714796 -0.0879335680217796 0.0288586230178487 0.0238341439876842 0.0361020680355822 -0.00423274866147505 0.00614024449727834
RL20 0.00343222358978809 0.00245041557675695 -0.0843966340381846 0.0541510270062595 -0.104309592629949 -0.000135488450671894 0.0711262529229624
RL21 -0.0708253804889637 0.0297607784204702 0.00518598382739054 0.0272887291681472 0.0788881202875146 0.0616432417337179 0.0290937797200032
RL22 0.0803056649939283 -0.134631179121837 -0.125418795340501 -0.0966834007482436 -0.0544764578922599 -0.165432285835016 -0.238051232820565
RL23 -0.0330320913523023 0.00523629296927861 -0.163625970313187 -0.0135061705039934 0.0995939242152819 0.031222542629991 -0.00532987186081484
TR01 -0.0148258322729869 0.0812674743729081 -0.0326752904448185 -0.0189856269860479 -0.11881705478551 0.00842039824556848 -0.0160205940649014
TR02 -0.0536039388108438 0.0396418318660822 0.0111465489317152 0.0112560177428205 -0.013560124701735 0.0361812214074141 -0.00895996167065202
TR03 -0.0766257524255728 0.0130607181292122 0.0170898428683173 0.0137988315328215 0.0453529172872204 0.1305847843688 0.0603200255996082
TR04 -0.102293735465383 0.0684179645018446 -0.0152880253941063 -0.147849928373427 0.0604920787151605 0.0392566152469614 0.0295996372317438
TR05 -0.0215787174049482 -0.0223991372400911 0.109798512299223 0.00170343353819525 -0.108330983753699 0.0884286679185159 0.137219649132626
TR06 -0.0720905764881064 0.0602065588973131 0.190123369313766 0.0781242761356213 0.0382803433675655 -0.00396259113681147 -0.0111602619905888
TR07 3.45617916506948e-05 -0.00696751455287126 -0.00693962370091168 0.100313773741724 -0.125037828650564 -0.0169820759660257 0.0181193301432899
TR08 0.0261762325790235 0.0653439391664396 -0.0269431972030238 0.0373464727408619 -0.0299532525254995 0.0776363627248104 0.0654971941502057
TR09 -0.137662730400733 0.0202076345473653 -0.0396852271239207 -0.00184567997239 0.00340763829863337 0.0261608855977959 0.0353376921601807
TR10 -0.0696729701329104 0.0577271261566979 0.038376257667812 0.145366366133398 -0.0506167799913936 0.0120796577551472 0.0670405302123105
TR11 -0.0651024295949399 0.0260830460364204 0.0234383424457602 0.0166785643364983 -0.0750944252863017 0.0364311281923637 -0.030743458476695
TR12 -0.0182037913483264 0.0233076472156728 -0.0251862971165838 0.00494703727231603 0.139549496476245 -0.00160490830801611 0.0488021090322451
TR13 0.0124065885556926 0.0233003714760624 0.117808956070785 -0.0708120326577587 0.215044127515123 0.0124602794958856 -0.0419168585549551
TR14 0.242102089027115 -0.0866984480282952 -0.0621874780453729 -0.0104516209700494 0.131562616677471 0.0329300622565894 -0.066109029597785
TR15 0.0630157749007085 0.0539740850326175 -0.0238154706663807 0.0712280426137736 -0.080757419769013 -0.112489463894039 0.0414453446223742
TR16 0.0417654112897251 0.0909930471327713 -0.119326150724551 -0.0867482619206585 -0.0239713806770739 -0.00950356836293401 0.0348884779484115
TR17 0.0314063821241983 -0.0308874602390866 -0.0854307526972609 -0.00103928854142835 -0.086604543785832 0.1417051556054 -0.0921117287318544
