sample MDS1 MDS2 MDS3 MDS4 MDS5 MDS6 MDS7
AN03 -0.0311200486537027 -0.00151369037964464 0.0609812825288439 -0.0146006136741561 0.0154294259586688 0.022568880034133 -0.0289242248216211
AN04 -0.0274159022524228 0.0621002216825011 -0.0438965278436911 -0.00302375335796354 0.0362864799086682 0.0362991921931497 -0.0640329789793343
CS01 -0.0451555795428335 0.0699379088992816 -0.0231114221032057 0.106118856591323 0.165960065074868 0.00108786701304683 -0.0380880617349068
CS02 -0.024261085666238 0.0574401190147087 0.0467306339161325 -0.0575691676617974 -0.0745880956810649 -0.0656065076245911 0.00404409082498131
CS03 -0.0635000106856099 0.0329019736473272 0.0302271512830997 0.00889898919946984 -0.019411988735285 0.00406081219149089 0.0299633410979834
CS04 -0.0465489990530318 0.0164486542878254 0.0490070055366021 0.0666718790565539 0.00185958937819579 -0.0321419009346142 -0.107547120174659
CS05 -0.0486729007651462 -0.0744416044404841 0.0846619033863917 0.101826804922794 0.0800741351778817 0.0076715894742786 -0.0441529736104884
CS07 0.0331712333359037 -0.0914723433145778 0.119843055952843 0.0684017907007369 -0.084507503276827 0.11956759854851 0.00209554032953663
CS08 -0.388372546393046 -0.05287791883032 0.100574770550926 -0.0248701246096789 -0.0226872886137457 -0.0850611492836449 0.145093412898481
CS09 -0.0330313291042273 0.0629979062911465 -0.037743390371531 -0.00747845096922722 0.111313189825641 0.0499821530014581 0.0144162273361214
CS10 0.0620263702358674 0.0105731929824212 0.0101360567416311 -0.0130844765456962 -0.0859819194603109 -0.00634996427268748 0.0442950819114372
CS11 0.0154531522939012 0.0958722436627515 0.0187322663837446 -0.0719570686320451 -0.0565529391810263 0.0601379021464187 -0.00372142501074496
CS12 -0.00760668930705209 -0.0564857881058493 0.0164408887637694 -0.0908939926007784 -0.0632628229894958 0.0284314889150738 -0.0337330387590822
CS14 0.0379487730947135 0.0349201056455351 0.0145285181920934 -0.0017481500707105 0.0538464046786896 0.0307777901503242 0.00177196664027846
CS15 -0.0353499319930957 0.0457092376639415 0.0872815206176513 -0.00522444388361371 0.0140632149535998 -0.0232128335029299 -0.115567007479923
CS16 0.0283916623932461 0.0725341159926924 0.110620885605175 -0.109981740249147 0.0393103536268549 0.0632362102270615 0.00742198962732354
CS18 0.0202892225540258 0.0163002825114332 0.105162161540245 -0.0585529550440609 0.0876834450129002 -0.0300335678198077 -0.0178559991083459
DK01 0.0470499739868011 0.0618991632253916 0.0111630886278073 -0.0426085169297349 -0.00802357024016841 -0.000748100317952805 -0.040123740503694
DK02 0.0646557551973337 -0.0506369775207408 0.0411143601787157 0.0841548436893119 0.0236221595408448 -0.0373346016371245 0.0417056015200969
DK03 0.0421343737075587 -0.0845248484231104 0.111505901548119 0.0732770317218726 0.0151060114499185 0.00145223984374232 0.00489796630294548
DK04 -0.0654298642579405 0.0211364281408104 0.152534393805093 -0.0338689462330668 0.06450422968534 -0.153149742748877 -0.0262998485781405
DK05 -0.491449108205515 -0.165497678113432 0.153816044285597 -0.119285736680097 0.0121585543130208 -0.110031921595297 0.195515546334484
DK06 -0.0417050708332057 0.0134688814760517 -0.0506124720414941 -0.0724866487375871 0.0573471612324222 -0.0749769316834913 0.108867669116989
DK07 0.0730899045306148 -0.018956105038107 -0.0301231638265153 -0.097286030944406 0.0213670853837176 -0.070941067041211 0.0638105334565459
DK08 0.0241865428311909 -0.102450656533011 0.0229456122083284 0.0392576060799321 -0.0827305793504659 -0.045889710587877 -0.0522223581978749
DK09 0.0170542091763681 0.0333422171815238 0.00278743913350035 -0.0190579358794055 -0.0451942654569749 -0.0119626983012852 -0.0342061768782225
DK10 0.0989151765154735 -0.187899491919018 -0.0670417454839344 0.0187210246933978 -0.0407715119102362 -0.0883423739581642 -0.0281492582101185
DK11 -0.0281331873548169 0.0600119917677196 0.0804155958602667 -0.120960797697533 0.0732664648929711 0.0390228687188072 -0.0153556468219892
DK12 -0.0624388288734595 0.0542599317141991 0.0209168560140312 -0.0266952888210468 0.0604400266108686 0.0346868452493438 -0.0210868325097935
DK13 0.0411788976431498 0.0129903289172107 -0.00119833498637337 -0.00814187169634051 0.0484827858971354 0.0887455757687961 0.0534967203293076
DK14 0.0627395010932896 -0.0754521804939229 -0.0353163650862853 -0.032961619000737 0.0825930240752447 0.149295926517444 0.0271599659819915
DK15 -0.0680534085105195 0.101616740241734 0.0961006115230865 -0.00569962218660366 -0.00694761547236677 -0.0317835057151957 -0.0354209240876197
DK16 0.0262211940966349 -0.0168667366308813 0.0621082997780825 -0.00914359238272383 0.075122242335141 0.0347435323468507 0.0823817933240118
DK17 0.118243822513249 -0.0162545104511169 0.0314591714968504 -0.00474788126309889 -0.0121182224342164 0.0435408657068692 -0.0583012733651706
DK19 0.0256805365051148 0.0497808484950854 0.0775997503776501 0.0304906393159524 0.0320553591172436 0.0677940056985779 -0.0158798079104593
DK20 -0.0253724065289081 0.0789412334431272 -0.0099003985935789 -0.108274085479821 0.102550957149263 0.0272868910898743 0.0630112700722221
DK21 0.0994734502130216 -0.00463551755093294 0.0733570749471517 0.00710724630607312 -0.126564257574195 -0.112854102528162 0.0192719445779201
DK22 0.0660112812764217 -0.0120771139386174 -0.0581114891286304 -0.153533691212414 -0.108191107467817 -0.0679623298047634 -0.0415096922916101
DK23 0.0838152096302076 -0.0382328081585861 0.0889597153212796 -0.0509346448584084 -0.0609798619169193 0.00694749656031902 -0.0373405745683725
DK24 -0.0759682020577769 -0.0885014931960644 0.0615450174361055 0.049005423340661 0.136465464323895 0.156652114653914 -0.0811359983596297
DK25 -0.0583726254592105 0.0295244720696268 0.0357977753010944 -0.0563387037547574 -0.00663017432046827 -0.0538919565107842 -0.0504535053168547
DK26 -0.0114177810134154 -0.132505656131871 0.00177800935084419 0.00496579951598148 -0.0248106045097059 0.131192300774624 -0.0274956585149926
DK27 0.0586260613661305 -0.0844806134868207 0.118933435228477 0.00470422549823627 0.0396976958970745 -0.0830907907928375 0.0383709816697753
DK29 -0.0307331087143755 0.089106839254099 0.0511699959975244 0.0513939209365015 0.105319062819564 0.026976171609052 -0.0640575260748563
DK30 0.11324154502512 -0.109829496727234 -0.0779512128609116 -0.0967514835074665 0.157203516465316 -0.0380534802615048 0.0523287212305786
DK31 -0.00720011763759477 0.026007972552623 0.119054908391513 0.0209273933705065 -0.0202863376847243 0.0233248796952985 0.0319081980220475
DK32 0.0707162944101221 0.0527143951994542 0.0251395302518082 0.0347525312237864 0.0629750882663854 0.0294047443094113 -0.0612684775733133
DK33 0.0138543941077912 -0.114374926420198 0.0899812149165991 0.0256290895609197 0.170224230883019 0.0520945100213842 -0.0333520427137375
DK34 0.0780921724622249 -0.0439774572651522 0.11870695313642 0.00854675406481361 -0.13299996631329 0.0328461039940496 -0.0743628409018864
DK35 -0.00989301486582335 0.0344058896845803 0.166901377841628 0.0245022218599049 0.0338179640021219 0.0138545968891655 -0.0540503398400189
DK36 0.0352051609566121 0.0634681295867561 0.0612674078857284 0.0721255878052386 0.0267342208514791 0.0933745907516045 -0.0359501722016866
DK37 -0.0253414470391431 0.0248732379996916 -0.0229156194946414 -0.101331574643735 0.0313211049343114 -0.170673210560653 -0.272003629954739
DK38 0.0224717346935723 -0.00379232882324779 0.0442623859189141 -0.20852299505338 0.0766470441941621 0.0211788778395363 -0.049948507469512
DK39 0.0499581306783221 -0.037557485299893 0.109222705492406 0.0636300064676791 0.0243738470171873 0.0469867346639698 0.0368167197653453
FR01 0.136826680137522 -0.0247246965925089 -0.149871051621951 0.020625958702054 0.12272479971886 -0.0975046185125913 0.0549011106792824
FR02 0.0272399506854228 0.0778571040956323 -0.0588662452210415 -0.0316862027774051 0.0164520706037951 0.0286338015218941 -0.053917642209123
FR03 0.103819317657856 0.0161663788393407 0.0432796451959566 0.0693353764217583 -0.028717753143613 -0.0675171123227995 0.0283064350456692
FR04 -0.0404509030452235 -0.0978301223101944 0.000616219804233419 0.15135755589809 0.0996757476803167 0.115691185841697 -0.140688187606513
FR05 -0.0650220402253768 -0.130279863671246 -0.0707752965242571 0.0402705033559747 -0.165128018317112 0.088309004242202 0.0960549307022155
FR06 -0.0533067489564329 0.0249314221796889 0.0131572431674995 0.154809389389309 -0.114645608523568 0.0263812662941227 -0.050712338070257
FR07 -0.0881587320308155 -0.188301080878218 -0.000330702764324015 0.127114499113976 -0.0690912272929283 0.0312755476700613 -0.0340929346969513
FR08 0.0205130717754394 0.0394965135048301 0.046959839284978 -0.0916914653882529 0.0541315013127357 0.141186101644886 -0.0322782771246004
FR10 0.0464606225232959 -0.0142268148396002 -0.0729080910890711 -0.0432287947098826 -0.017322381300278 -0.0754788153152129 0.0647638771624509
FR12 -0.0569428737970812 0.0200007357536934 -0.0646370968760214 0.0611233388579427 0.0878802097423999 -0.00143246108594657 -0.0143280905162422
FR15 0.00532338399930817 0.0654537485184132 0.0603070775203702 0.0716646097242421 -0.0703217876672841 -0.0166621046539724 0.028958482066371
FR16 0.0179066217956282 -0.178712065580191 0.0196841012799934 -0.0114654488368724 0.0343664135471197 -0.004219191793878 0.0309900765223514
FR17 0.0610269953413172 0.0422899624940162 0.0315255937687359 0.0778831226532224 -0.10797716234368 0.0591597336116389 -0.039517520214986
FR19 0.0514478599349346 -0.0314496750523302 -0.0264098065204694 -0.154362993965137 -0.0235999768313435 -0.0391099047842025 0.0262310869011821
FR20 -0.00808677581214694 0.147525695367552 -0.0256378111120514 0.0120074467939368 0.0226786915038822 0.0806940526349295 -0.042811656549541
FY01 0.0567750652474884 0.0332807064069049 0.00487562708844712 0.0937361231073175 -0.056894463952868 0.0169060960144585 -0.0230298533870588
FY02 0.0729559889575957 0.0811373863977139 0.046296478411641 0.0153603763201291 0.0122100727458782 0.017801422186337 0.00746939277341782
FY03 0.0448371654767894 -0.0374375275662846 0.0139274940351812 -0.095319633026442 0.0578719464683518 0.0311821429233914 -0.0455456816187454
FY04 -0.129065895816799 -0.0536911251684695 -0.0986665751972542 0.0615442324512546 0.119438681498936 -0.0564095664407823 0.0296354504930308
FY05 -0.00865675707432307 -0.00118746798883683 -0.0775348000108885 -0.0840837861104486 -0.107539821920912 -0.101275538947683 -0.0532966717668834
FY06 -0.0371324342447319 -0.0170005514260462 -0.0857966391858026 -0.0777720446184327 -0.0796135935508766 0.0284809291306712 0.0345488740805005
FY07 -0.107120826808874 -0.0833920989275178 -0.0112499103641274 -0.0788720100805121 0.0540939381592374 0.111349445538032 -0.0162663426291527
FY09 0.036628487945282 0.0142946271404395 -0.0471456701793975 -0.0539960297733396 0.144605570044317 -0.0191147944377716 -0.00815667663519163
FY10 0.0138766185221208 0.0262400077757034 -0.0716020292182055 -0.0768472513725416 -0.127315108254542 0.128807401030444 -0.0548892176916258
FY11 0.0770248094366269 -0.0957531708674617 0.0197777885841054 0.0268078294786865 0.0721506136788954 -0.0470847948036488 0.0657231168150622
FY12 -0.0346381595119039 0.0564025091044355 0.0527852217303454 -0.0637264421100802 0.0357773026834134 -0.000783620384988389 0.0607515576358905
FY13 0.0710483993016878 -0.0254893993018026 -0.172380381894196 0.162519556225335 -0.101522345321138 -0.0716094050957816 -0.0367603149660603
FY14 0.00474657921898339 0.0705448770416987 -0.0417541566652518 -0.0687417142664999 0.0469697871076247 0.0718398022150303 -0.0330391859551976
FY15 0.0250286716053513 0.0914021376504226 0.0627572223710239 0.0377449941947579 -0.0277764047568389 -0.0921518392348973 -0.0441786336290098
FY16 0.0579798268563855 0.0438264755896163 -0.064496761216113 -0.0502556302570836 -0.0132286161673638 0.0468371783879496 0.0163585455665077
FY17 -0.00465128934390091 0.0406291736118963 -0.00108422705204479 0.0637778274968123 0.0109461384864776 -0.0382722941059971 -0.118125849343615
FY18 -0.00734286645824158 -0.0319164658148764 0.0379499712809814 -0.0354993670039234 -0.109099998775607 -0.0927734045268681 -0.0556526466610461
HH01 -0.0820655800677152 0.0717189159236984 -0.0832695239075022 0.148523807549072 0.0552741780382024 0.00941242148177665 0.133834043719404
HH02 0.0719795592909828 -0.162010754204038 -0.0453640690734618 0.038732946063698 0.10541131829631 -0.00562306287094931 0.115435804966655
HH03 0.032697639995481 0.00677984753583258 -0.0279471913903039 0.0460191450135194 0.0240985424672887 -0.0426966529580023 0.0355502635560542
HH04 0.0617704638903135 -0.0541235493233503 0.0565146627472554 0.11100265482828 -0.0562120680245918 0.0191205248925372 -0.0176087922596399
HH05 -0.0245935012763277 0.0204318431515206 0.027247809291708 0.0313899615868443 -0.0821128066981458 -0.026510938034609 -0.0415793456936372
HH07 -0.0777916931607148 -0.0480394091898802 0.016944240342867 -0.00267427938215554 -0.0776626705007998 0.0457731838737285 0.0298289494844196
HH08 -0.0332882529267424 -0.0695745911212981 -0.0184277591484435 0.00943961128419935 0.0356851855072598 0.0226997408491354 -0.0404578620574811
HH09 -0.0148944089574753 0.0616025556293434 0.00635876361411796 -0.0316558947598463 -0.0293128331006189 -0.0605224595228626 0.0616753499011596
HH10 0.0915541300252607 -0.047630170990245 0.0256062709831091 -0.0754283621951498 0.106930043748564 -0.153267645923415 0.0424374432724878
HH11 0.047575901108284 -0.0472230241806531 -0.0459118117352233 0.108900631503249 -0.0445885079681102 0.0148371752424895 0.00279176175827872
HH12 0.00974638881022601 0.0038469734201394 0.0207261976927299 0.0109604820699513 -0.0310892135495734 -0.132959220360826 -0.032117879673708
HH13 -0.0175241775193299 -0.0310728411125191 -0.0631329433140188 -0.0193872086243427 -0.0465739115803069 0.0728621857472195 0.0710463023042038
HH16 0.0700878096760665 0.0352116784398003 -0.0485033480123439 -0.106227703391592 -0.0167046852351236 -0.016585241154656 -0.00416210302181585
HH18 0.0313785085155151 -0.0685764493102533 0.0879844911693489 0.0666705146643203 0.0067534965141385 0.0973434822007442 -0.0236303241835195
JB02 0.0889805702202176 -0.0309945110976145 0.0124888560432275 0.0638282824276768 0.107264174204657 -0.0895784672348818 0.128766578255831
JB03 -0.0748756972390099 -0.0314900342828725 -0.0847665998033474 0.027265299942802 -0.016351106430965 0.0956808325198422 -0.158855690154685
JB04 0.0452052290070515 -0.0273003513659333 -0.0885099774273142 -0.0892744025855204 -0.0350841105700683 0.0199358945880828 -0.0671039373104781
JB05 0.0200577131912781 -0.0228735569309965 -0.0950526083664042 0.0145448869155497 0.132041780425015 -0.18827921363152 0.0234870361042062
JB07 0.000792370364822416 0.00176855005060507 0.0462062974187212 -0.0201939153190638 -0.0430678788500946 0.00725080547519006 -0.0696404124399567
JB10 -0.00178536050941094 -0.114895717686568 -0.047917544142212 -0.0323195866873865 -0.0122278073679959 0.0489664428406359 -0.0332294980374748
JB13 -0.00982960815578696 0.0482440079981893 0.0950209867397164 -0.0830317118507326 -0.0906741506532458 -0.0398595309896769 -0.0519554127063781
JB15 -0.0852096392257006 0.0649392735501225 -0.142008702682393 0.0879640777394487 -0.0404918487546694 -0.0172023591683578 -0.0693734404725258
JB16 -0.0597098882696479 0.0875456035174661 0.0177152583589237 0.016611441865486 0.0176239536349545 0.00895547131542269 0.0573492719774425
JB17 -0.0172059931156546 -0.0894199482987701 -0.164487345653444 0.0489389039405017 -0.0247172189888159 0.0711041873005539 0.0198067420380987
NB01 0.0108599326758485 0.0266152848507488 -0.0278477415255179 0.0670257132671305 0.00511270240817942 -0.04779350522287 -0.0372671163176435
NB02 -0.00677327727111568 0.0613493345431569 0.0499464812512985 -0.0398997199296487 -0.0933348400902432 -0.0581266992776188 -0.167827369109121
NB03 0.0271601190331137 -0.0251143487105909 0.046166296471836 0.0222024460770925 -0.0669904019943773 0.121109815694392 -0.0151857361952682
NB04 -0.01187989384357 -0.0254121319531348 -0.016508037730331 0.0351907332944174 -0.0213756131742548 0.0287627275194953 0.0663215707480375
NB05 0.0330499379898535 0.0844915097313185 0.075515659753816 -0.121869939955196 -0.0928864665044579 0.0146786007553783 0.0171933862290724
NB06 0.0665929421133995 0.0161163615578699 0.0487708244010439 0.0787979615102418 -0.0794364861858302 0.0163498411561981 -0.0640943075019467
NB07 0.0381624056082325 -0.126488756522525 0.0319720454524527 0.0335862954594439 -0.0684820555147799 -0.00886310673208571 -0.0310157619961695
NB10 0.0859711146306208 -0.168225735626318 -0.0665028617378967 -0.0390575332140583 8.25384320167644e-05 0.107091011133348 0.0700198352607128
NB11 -0.0471826506394373 0.0198654783866536 0.0417557733220885 -0.110673287546363 -0.0963097053405998 -0.00841242697723519 -0.0162797004601601
NB12 0.0724530177314051 -0.0102100777041094 0.0676167095685257 0.0739771088649912 0.0436844196939488 0.00400685969184617 0.0249748618168787
NB13 0.00181209686970743 -0.0295462371518533 0.0873343732393358 0.0699966063810344 0.0110501910016627 0.104332938505026 -0.105274285198131
NB14 0.0955245401925964 0.0539425753162888 0.140335269347507 -0.0299133534247928 0.0628832090491954 -0.105352032907265 -0.0322732960005545
NB15 0.0184018277748725 0.0560494241995934 0.0366946091700575 -0.0404771928745588 0.00569620885010272 0.0779893165609468 -0.0265139795855691
NB16 -0.0262109966167248 0.123632360956877 0.0219681260706284 -0.0350513189737922 0.0754631137639301 0.0502366419840688 0.00773168161708656
NB17 -0.00118533020590132 0.00269672457978303 -0.0405684225215734 -0.0828890749585012 -0.0581751594979664 0.00129845041004529 -0.0313020676931836
PA01 -0.146347401800838 0.00875387984673366 -0.0533752411362623 0.0287883106897858 0.0394626164120367 0.00172685125608412 -0.108781643914137
PA02 -0.0381156216339126 -0.0347193340651939 -0.134548262568485 0.0515182630945212 0.0896018939677777 -0.00936623617734704 -0.0485982816104315
PA03 -0.0104331446270837 0.0344037017818058 0.0290782542950667 0.0607991578242422 0.0360637334258044 -0.0722888359593191 0.0144847363338155
PA05 0.0381255590859323 0.0977248542952006 0.0159761810915523 0.0887419652238302 0.0763529468776598 -0.0535272902378537 0.0530648921571126
PA07 0.167447537205202 -0.0416554685375639 -0.00323704516000091 -0.0454736682297584 -0.0455390235472262 0.02810911498254 -0.0450164225033535
PA08 -0.0173754286028518 0.111420926754188 -0.00569625149230108 0.0100567521639239 -0.0730770030235577 -0.0913198709567294 0.0752423013651974
PA09 -0.0668421411469311 -0.114279241608004 -0.044900249379467 -0.0592509596918796 0.0347101120029683 0.185418554558398 0.108951427960353
PA10 -0.0794401513793717 0.00822101793704026 0.0331891554146963 0.116560328405221 -0.0154319855979686 -0.0359770652795798 -0.0792094541822525
PA11 0.0371502039062659 -0.157443403162235 -0.0133404876672206 0.0810110903129137 -0.00169677361614561 -0.0584385622980404 -0.0686234104925511
PA12 -0.0146440274778707 -0.0101229459878003 0.0638802953810712 0.0327552243113469 -0.131477135141937 -0.0165432227469641 -0.0842323213907914
PA13 -0.00776381376137735 0.00158573772898531 -0.0298900735694476 0.0150538017742792 -0.156539461177142 -0.0616008869061179 0.0887957407278954
PA14 -0.031249922278095 0.0902435775839603 0.0250441436200176 -0.00471804161181216 -0.11361093920096 0.022834134886788 0.125726793369893
PA15 0.0765363011955735 -0.00518748383778416 0.00149579918702366 -0.0198849084716314 0.170826644969736 -0.131048397493438 0.0577130196909734
PA17 0.0573622706033686 0.0160109390836781 0.0314834054122606 0.0589299917658999 -0.0431240515106694 0.0318337917233425 0.0660916969778601
PA18 0.0162839007344763 -0.0617956410684401 -0.0803400571512545 -0.100900256324425 0.10334489973227 -0.0116518740553886 0.0480280614575104
PA19 -0.0146647260666731 -0.14930182752296 0.141462711726199 -0.0570755479913273 -0.0422943633994993 -0.128127288790249 -0.0287165993487508
PA20 -0.0650978672428972 0.0272793185200471 0.0894152321229751 0.0205078727015454 -0.0235066955420001 0.0498405531409714 -0.0147649681872721
PA21 0.0599869991949441 0.0314708172323389 0.079425229707466 -0.025346882789875 -0.0747332126333892 0.0349251037246214 0.0998851355504748
PA22 -0.057082878687213 -0.0189587291662816 0.084909333071432 0.000664986611639628 -0.0221370395312599 0.0707504025152686 0.107040626790805
PA23 0.0557383946333991 0.0276614492744178 0.00949828481387159 0.0297841260776548 0.0665870037033974 -0.0274610805248309 0.0554741159176432
PA24 -0.00174792550985736 -0.0350104408619339 0.125253995171782 -0.0753925359770923 -0.00772880292018072 -0.224706360313317 0.00839840557821316
PA25 0.0280160589915413 -0.011728008430231 -0.0126527870298469 0.074126370804027 -0.105280777566914 -0.0363950921085816 0.0418472402162574
PA26 -0.0255272908055765 -0.0132326622118974 -0.00630528268447046 -0.00323500266594369 -0.0286634874682029 0.0500656275093236 0.0629184977876934
PA27 0.0488215569400306 -0.100760228312375 -0.00468884071135062 -0.0241391429499928 -0.0276407731945229 -0.081817248242114 0.135741867394671
RB01 0.00507082056039418 0.0878297414547885 -0.0942755046714089 0.0682049018814219 -0.0685432376143073 -0.116414013333803 0.0184028623978753
RB02 0.0604186664987898 -0.0794585781705236 -0.0278066628814855 -0.0101536390872849 -0.0687978434344376 -0.0711989234102464 0.195380109867943
RB03 -0.0344316575027096 0.03154941932089 -0.0759549513102135 0.0903541799242586 -0.0433063332124897 -0.0897841507102828 0.140278145906767
RB04 -0.0343097674167006 0.0404562954148764 -0.109316698660117 0.035417107239853 -0.0520137896735377 -0.0535756629428936 0.0165532265092734
RB05 -0.0303638676661095 0.0121382523554887 -0.0573154278684716 0.0184153762778255 -0.00307277849978126 0.0554964191027453 0.0911500487005915
RB06 -0.0571481087676579 0.0342113818478359 -0.126873858588449 -0.111091243540309 -0.0202568898571818 0.0704124311437277 -0.00661074297663163
RB08 -0.04291087812578 0.0521431867381018 -0.0222188900233023 0.00993642058209223 0.108761671145422 0.0722554063838113 0.0129151584688546
RB10 0.0301051970503534 0.031019887035479 -0.0684015475400386 -0.168135797689785 -0.0778226452264857 0.048753085804574 0.0926601114836502
RB12 0.10470595114331 0.107489617895013 -0.077364023398258 -0.0883055455452691 0.0784012690344624 -0.0284995373234696 0.0373478352386808
RB13 -0.0105754721019793 0.0829256544881246 -0.0790611792053406 -0.0270690535289129 -0.0148398619872686 0.109961101575275 0.0330705783643914
RB14 0.0150582655384703 0.0291206725086594 0.0210402172290677 0.00430289861807339 0.00499859221749223 -0.0285611077899265 -0.0337957195853311
RB15 -0.00603407240454687 -0.0452158454734848 0.00114841031776012 -0.0609411324940615 0.058991507021767 0.146486626933282 0.0698773971593179
RB16 -0.0204089368629271 0.0835799791393885 -0.0790936627503264 -0.0463699819956582 -0.0756965235310274 -0.00232581000984069 -0.0318755403368606
RB17 -0.0836191519829623 -0.0974444820223687 0.062493349753519 -0.0333622597744387 0.0690790975619681 0.0835119744348676 0.0260080823854239
RB20 -0.00909697773783224 -0.0372946901556403 -0.0257254557826755 0.0109401266470308 -0.0100405006497933 -0.0396434636568535 -0.0867377418725691
RL01 0.0771683985436842 -0.133152761613133 -0.0385216938736522 -0.130683315554396 0.0526279076409946 0.0507283547084164 -0.0616287596358529
RL02 0.00691657284531661 0.0269602743937856 -0.0756688388164947 -0.0639140249589237 0.0693476390463953 -0.0427404232124865 -0.0489182400364897
RL03 -0.0682443477466339 0.100394453444423 -0.0267977407164813 -0.0542458498199779 0.0120263553170954 0.0365080138381362 -0.0780517675474192
RL04 -0.0583318332351893 0.0676629052617498 -0.0585544493402786 0.112699163620663 -0.072702984572169 -0.0290749918937224 0.0452850860457936
RL06 0.00155585028876909 0.105986858503462 -0.0692807081460715 0.075442187879991 -0.0377014641094804 -0.0704965218156016 0.0163248241403281
RL07 -0.0853095719700906 0.00222108567874563 -0.0356469392049362 0.0209872808460137 -0.0158323654773086 0.00521826507896162 -0.0312736004933134
RL09 0.0100877304066063 0.0501290073487937 -0.00428903270083314 0.0679033690991574 0.0233854771694488 -0.0198461017244258 0.0921885760695415
RL10 -0.0323661781946011 0.0397863803166517 -0.13262729972161 0.104000603370659 -0.0877686783499224 0.00870096817179277 -0.0709207262426799
RL11 -0.0803392146851036 0.109490983854389 -0.128014911918748 0.0320921588326195 0.0906881367508526 -0.0780083133897976 0.10864920096378
RL12 -0.112912271065764 -0.0269145946417206 -0.0735585738353304 -0.0237653189960417 -0.0341238929576639 -0.0206763050803924 0.0272569591361231
RL13 -0.13674138792994 -0.0608311156259159 -0.118819065264189 0.0906220492638037 -0.0451597152527186 -0.0688468899347739 -0.0541984390507032
RL15 -0.0717225594398216 0.123567288016721 -0.082240701943199 -0.0210887327698172 0.0930896645559865 -0.0441333028788419 -0.0279226162532342
RL17 0.0391388053521442 0.00093476474474584 -0.0565217912772502 0.0118822117793919 -0.0565990869368366 -0.0621534756943707 0.0921546997469109
RL20 -0.0223941912523416 0.0206285239013288 -0.107534198941689 -0.0555160469303188 -0.0504720243885325 0.038985951580126 0.0487337860653668
RL21 0.00271813454639506 0.0668384937297129 0.0100179840073635 0.112554276124656 -6.49622531155684e-05 0.00750159783489852 0.0245282979231915
RL22 -0.13169278097715 -0.100786123807665 -0.108910349923133 -0.192419442591408 0.0465543062686192 -0.14486306451527 -0.337458552935128
RL23 -0.0317596703478547 0.0449470422243698 -0.152057580007822 0.114076957035176 0.0276597308617976 -0.0238284272291989 -0.0267824373620877
TR01 0.0362641145734551 0.0690071151270935 -0.0448147809498448 -0.0812678268956192 -0.0186039901186987 0.0958622696400161 0.0223097775507543
TR02 0.00583357305811593 0.0817243200797429 0.0348445355778955 0.0187056668002587 -0.0255260171818166 0.0527229727024141 -0.0137388774992364
TR03 -0.014116056164951 0.0774779438498933 0.0246406789214886 0.122347596185096 0.0300735315078553 0.0684037876645499 0.0543507616612915
TR04 0.0198578339284129 0.0932319379615555 -0.00878610490036189 0.0503519973358429 0.160716760313731 0.0656169245328118 0.000383507621552954
TR05 0.00996819831550842 -0.0151180480254084 0.0922588439493722 -0.0410013391274517 -0.0133132746922086 0.106854857014491 0.144849212703243
TR06 0.0607569932153483 0.0795080984969726 0.167061046591235 0.0245264308465018 -0.00176781076838011 -0.05895807492968 0.0544394928818241
TR07 -0.00844850730897955 0.000227160048795472 -0.0157223832462688 -0.0754113821391139 -0.137040618813515 0.0295313334490672 0.0270638085029051
TR08 0.0791770851731584 -0.0139157739844674 -0.0468215172544793 0.0390986008656482 -0.0579166743441197 0.0746817066404773 0.0920255574121845
TR09 -0.0549125396302532 0.126789808284175 -0.0114568835782681 0.0550640381589553 0.00602874970731714 0.0411545088201519 0.05175133747141
TR11 -0.00446527462758769 0.0700244274919238 0.036285067656109 -0.0276084838285028 -0.0363693234613316 0.0458624306976917 0.0148615292301057
TR12 0.0175682927492318 0.00787164899245042 -0.020718066921873 0.117569635835822 0.0318826129805982 -0.0512414559588069 -0.011185749660881
TR13 0.0630077998641525 -0.0165875336090801 0.121123258436889 0.1268591890124 0.144079604975954 -0.101685961247764 -0.0425159269606957
TR14 0.018994211998537 -0.239578415513154 -0.0906291275745721 0.0665963677607216 0.0181224637262648 -0.0591952766319628 -0.121712797549359
TR15 0.0564625491378881 -0.0215645856320044 -0.0454361278858996 -0.102953433617216 -0.117857306691412 -0.0499903170678549 0.0717988788096614
TR16 0.059260254102426 0.0130412242561714 -0.159120263001089 -0.0531805916319125 0.0608517791037922 0.0514392376129171 -0.0132815596410198
TR17 -0.0446270899791239 -0.000336769297743116 -0.0505602178041307 -0.00551965848921239 -0.0479782875387382 0.141423982483476 -0.119405912386191
