sample MDS1 MDS2 MDS3 MDS4 MDS5 MDS6 MDS7
AN03 -0.0424510609946556 -0.00835508891249542 -0.0413019669200541 0.0334268061978809 0.0295798819493784 0.00322751330702389 -0.0305163837786748
AN04 -0.000119671577783224 0.05776768998458 0.0505019788765901 0.0445032517135681 0.0721819242909886 -0.0390853848688017 -0.0407785428086438
CS01 -0.0361189379201161 0.075360437796292 0.0108862211558086 0.0023590229218009 0.183232567947303 0.0567159860566263 0.0500464971786118
CS02 -0.00743311772157191 0.0488285838948471 -0.0337050251816433 0.00903123526021608 -0.119963474792395 -0.115371749767296 0.0788702796735759
CS03 -0.0407474676637874 0.0404303162321221 -0.0343771541047394 0.0164176669803494 -0.0177546616702487 -0.0456272939022102 -0.0602964279644836
CS04 -0.0453766262711427 0.0175847051758594 -0.0164528347783916 -0.0699279669179701 0.0250290217643309 -0.105845766945035 0.122476903312071
CS05 -0.100197198853625 -0.0132047275741806 -0.098385093157099 -0.0862237630396758 0.0821646917533607 4.593042005617e-05 0.0356644549021239
CS07 -0.00470892390494684 -0.0851722285397342 -0.127305600782037 -0.0712288638820884 0.037866539514066 -0.0399825260481397 -0.162109152976674
CS08 -0.389828456637596 0.0636034543139045 -0.0368508454191235 0.0232859848512582 -0.130437280525318 0.0114267108800085 0.0471392121037045
CS10 0.0672760597684558 -0.0190009069407863 0.00513516414036508 -0.0105836717968107 -0.0859202875684697 -0.0144452047244306 -0.0114312430867717
CS11 0.0635784191244224 0.090285443272103 -0.0265072187366974 0.0506765025463494 -0.0814055627922243 -0.0379662204477861 -0.067889302927281
CS12 -0.0384062545442171 -0.0737758122101698 -0.0218310456334363 0.0715751533854598 -0.0411045231706745 -0.00947204964391415 -0.134548771851173
CS13 0.085251424550806 -0.0338561906244133 0.0464749891822702 -0.0318965082197402 -0.0825375725254629 -0.223621018148155 0.057126772928426
CS15 -0.0357249461759771 0.0234199678997933 -0.0861935526850436 -0.00884431462685006 0.0124692874946612 -0.0704339076176891 -0.0728069256335357
CS16 0.043194968816739 0.0330675471945098 -0.145928651303254 0.15538499361538 -0.00807981044295967 -0.0115182599297174 -0.0261249734022427
CS17 -0.0631326954106141 0.130670466126463 -0.0195070001528405 -0.071560669406241 -2.97636718441484e-05 0.0668841338199471 0.115502786696728
CS18 0.0107161814243464 -0.010738863222647 -0.110706905212534 0.0511634804977647 0.0189259731695958 0.0186324653337186 0.135276546921928
DK01 0.053966317116837 0.0332350113364461 0.00428447180139714 0.0373905116333121 -0.0179346827388272 0.00658959025627426 0.0561673029313531
DK03 -0.00167199198274353 -0.102181874561741 -0.134246368894573 -0.0851688765250953 0.0254613977880922 -0.0145752583812072 -0.0715084189460145
DK04 -0.0787866698974104 0.0236308155507337 -0.130138537646345 0.0230568715419116 -0.051400215629535 0.00744282687034353 0.182885458181134
DK05 -0.549812331805394 -0.00210984557109286 -0.0905903002044129 0.0728927907048179 -0.179297079916401 0.0818476383997504 0.0257113869772855
DK06 -0.0387062073814003 0.0138393955130802 0.0187777347177869 0.0990237465084086 -0.0873240634519554 0.16014299840326 -0.0248594134163441
DK07 0.0619823510257108 -0.0509464788901778 0.0223292859771117 0.0945160625320207 -0.10824543911645 0.0138730745549733 0.0186470958973347
DK08 0.00113627502734912 -0.113083421574545 0.00981093121105822 -0.0979162612592417 -0.0347665698638385 -0.134300559459738 0.047648664408862
DK09 0.0273759468561444 0.0125543898804237 0.0121682623623812 -0.0210215509708621 -0.0708458072250712 -0.121392122668794 0.0210511492221415
DK10 0.0437845311798931 -0.220542656308733 0.0608344985052482 -0.0704560310818159 -0.0115780740797009 0.0842835375804071 0.0174789187510843
DK11 -0.00540337809208325 0.0603780131559641 -0.0566966139948141 0.140367976938076 0.017291234858314 -0.0659901110451597 0.17529242299576
DK12 -0.0362033526652931 0.0680013058258339 -0.00507260104150142 0.0980311811687976 0.0561750968523015 -0.0737290587310575 0.0173087427366604
DK13 0.0574532508275432 0.0441016533752655 -0.0145821359633617 0.0447043346003938 0.0548177099192874 0.00196096920466377 0.0216785866418872
DK14 0.0330248168270624 -0.0808860184588087 0.0243759077938457 0.114868153883426 0.121651556162628 0.0442547671124645 -0.0536609219631196
DK16 0.00575181046525049 -0.00538227377204729 -0.0732897825755112 0.0264936888407658 0.0564599790521535 0.0617260589735355 0.0450508616232214
DK17 0.10465872615688 -0.059977939249971 -0.0443623143731102 -0.0253884870667814 0.0359470360439029 -0.0622367974498024 -0.0115415943958077
DK19 0.0261463217633986 0.0431486035501228 -0.0915720289848954 -0.00343485049053441 0.0765398428268334 0.0669988475097999 -0.0668438925542821
DK20 -0.0119616801286721 0.0696305014851593 0.00288780191088773 0.154106824210238 -0.00136802658571288 0.0250568523352394 0.0490180426769804
DK21 0.096484520218096 -0.0467842348905898 -0.0705274311915086 -0.0793172097964925 -0.143179877328435 -0.0244496673123551 0.0287686389446573
DK22 0.0634254343608189 -0.0533202425163318 0.0740003518208802 0.0952331433770461 -0.156449049321969 -0.0979828821988377 0.0381652832475883
DK23 0.0710361220114085 -0.0742794826665794 -0.082270762888351 0.0503595326493748 -0.0304995166128508 -0.0944983664508108 0.0140557303190881
DK24 -0.118125955392355 -0.0429269347505081 -0.0461784307036791 0.00710574705412761 0.21604764174479 -0.0699503583763867 -0.0173861924052673
DK26 -0.0373751301455991 -0.122994615706383 0.0192867236564388 0.0358245091918743 0.104868355658164 0.0229068505886033 -0.148039306520904
DK27 0.000139925543295003 -0.0999995899047908 -0.121146513338595 -0.0715188418284631 -0.0433086008584043 0.0721668688474796 0.0498290282241408
DK28 5.23048811711078e-05 -0.183980219183198 0.0942071106196255 0.058727621760089 -0.0571030333200559 -0.0403034244645573 -0.0610456925823736
DK29 -0.0186463069733875 0.0814354784834256 -0.029993114406402 -0.0148933241731469 0.118900947009836 -0.0254020006627951 0.0901807953435202
DK30 0.0706090717108718 -0.145660392399311 0.0636516470465268 0.128425883462737 0.0429086576127149 0.179323410325553 0.0728253509878142
DK31 -0.0105319853842735 0.0287285839013108 -0.154188944384505 -0.0110758627840503 -0.00537143569203446 0.0292866355282606 -0.117254332710742
DK32 0.0674733212978745 0.0337655324345848 -0.0316423291626597 -0.00382432912561364 0.0819729364560556 -0.00380444731513105 0.0451003155352186
DK33 -0.0355486032929826 -0.095137878089208 -0.0878666521435447 0.0237511288839881 0.20099360981247 -0.0112963586978641 0.121109394067521
DK34 0.0693520238295771 -0.0768864717955016 -0.0780298879627085 -0.0709851952817192 -0.0320475381029488 -0.129955351676442 0.0279994521661601
DK35 -0.0186698043824478 0.0205064546500422 -0.154074452520393 0.0229539208989426 0.0215322047272871 -0.0909384132718851 -0.0379683212345016
DK36 0.0422716914595972 0.0864682278549776 -0.0856172997426117 -0.0238354585420713 0.0800848913786423 -0.0680380660215267 -0.0587549204822282
DK38 0.00793966797667434 -0.0356709094314916 -0.0495337295916379 0.239988623263851 -0.0126853178850523 -0.0712609493190394 0.0940355043844697
DK39 0.0183892616776856 -0.0159748625651936 -0.141534973829374 -0.0268089929217459 0.0764697270586549 -0.00378393975182804 -0.000107449377896453
FR01 0.117810167326258 -0.070437527235336 0.111570657248257 0.0211849402254588 0.0631161510805651 0.10073356703104 0.0965428239539157
FR02 0.0548254374227048 0.0441538007435162 0.0597384093569271 0.039533447288702 0.0096159443051313 -0.0311433312491489 -0.0534622469342597
FR03 0.0920090566818946 -0.0134768757757303 -0.0632150629612627 -0.110831165190395 -0.0242680651217593 0.0590401396193043 -0.00676677781399907
FR04 -0.0729070964807121 -0.0626842525449985 -0.00284003334581792 -0.0902739284304658 0.232232498546241 -0.060256642453219 -0.024198094162005
FR06 -0.0172959490760223 0.0567746760726361 0.0185408178676009 -0.138268212654892 0.0176457847550861 -0.0887253776019559 -0.0698440840249821
FR07 -0.127609953574273 -0.139843837052398 0.0238580609954864 -0.157846888947842 0.045108624744501 -0.0219307512544575 -0.0580532886310172
FR08 0.0359607636399622 0.02647712449233 -0.0591085381204775 0.134029663652525 0.0568715323042353 -0.0470900668627347 -0.0477274543933594
FR10 0.0411424714833057 -0.0449723778239691 0.0598079848803869 -0.00386234926384375 -0.0972006442067878 0.0615912650601728 -0.0471575168203645
FR12 -0.0388742821449191 0.0543454317661027 0.0417904315459121 0.0017266491310191 0.0865743530990123 0.0780729067532648 -0.0473597107182576
FR13 -0.0531624838116551 -0.0353888557783183 -0.120806473295676 -0.0446780628959888 -0.00496376397974273 0.0906352616996847 -0.220134654497907
FR16 -0.0475363488118057 -0.184100113150348 -0.0286338047877419 -0.00580213462607141 0.0407919810344613 0.114048120255232 -0.0140529840973507
FR17 0.0670107536808584 0.037612420731425 -0.0329902976773966 -0.097924865807536 -0.00819414652615931 -0.0417595539203203 -0.135081310098939
FR19 0.0365726780520959 -0.0684893068100158 0.040171072869359 0.145876556727469 -0.115361317902759 -0.0397912194237917 0.071211288141724
FR20 0.0466357290554892 0.125747191251478 0.035401817470488 0.025799048886549 0.0467522070451607 -0.0689548861219673 0.0103831940320018
FY01 0.0580373073373381 0.0487877345935144 -0.0200936702081726 -0.0926816578005205 0.0123617149614098 0.0125155592747915 -0.0845747260787895
FY02 0.0891535026208749 0.0801962479253577 -0.0695329896249635 -0.00821596489965226 0.0205771418890808 0.0407025645920372 -0.00419464851932769
FY03 0.0389503717255939 -0.0774928745318846 -0.0117891461430243 0.121309854561299 0.00747500738417567 -0.00975980969405166 -0.0756356312736676
FY04 -0.135859584881958 -0.0025835050701452 0.0984148750273071 0.00666812369325702 0.0897065585480655 0.0961988623776561 0.103241007091112
FY05 0.00167399536880656 -0.00832412544502971 0.0961162770333999 -0.012320525953641 -0.161812488610248 0.00493751810437833 0.0298250598727715
FY06 -0.0220156968840047 -0.0157964245947467 0.0972283158757579 0.041546884156401 -0.0689233487775901 0.0215222750429058 -0.056952088695791
FY07 -0.116942950245225 -0.0540825100135505 0.0316188866231216 0.103710436884151 0.0852671196663918 -0.04599185702136 -0.00660998061632947
FY09 0.0348229545614481 0.0105439477236138 0.0410842252242582 0.0543044950825981 0.0666830588203139 0.0574653527042677 0.053679889919533
FY10 0.034712703860268 0.0387657947654055 0.107405099440397 0.0255348530648448 -0.0404762664581182 -0.0920775105678899 -0.0623090866904486
FY11 0.0237912251530902 -0.0979990100451738 -0.0728894092835648 -0.0158819736612676 0.0315409662063244 0.153643513645563 -0.0209265045902051
FY12 -0.0223572009573315 0.0502191020583897 -0.081515957967925 0.0780062997443537 -0.0366425010829993 -0.0343888446184336 -0.00181968747886844
FY13 0.0851526004613162 -0.0402648781384009 0.182169469888863 -0.191427110257529 0.0112549646394055 0.0040050654749199 -0.0614089964968508
FY14 0.030069241535875 0.0574184685503585 0.037934523496434 0.094759215551954 0.0554020078639908 -0.0686003318771544 -0.0483485782137649
FY15 0.0514976816462313 0.0627126901432048 -0.0410657556544991 -0.0730769728324935 -0.0386043153123551 -0.0679529680560095 0.105342397966077
FY16 0.0798962833413808 0.0215944425250474 0.0417847684606291 0.0832381158040258 -0.0101190961763189 0.0265487171191394 -0.0925973089320664
FY17 0.00818381187637006 0.0304390868965787 0.0142806451762026 -0.0736903983725841 0.0277935432494475 -0.105376239305857 0.0870673445892991
HH01 -0.0421036930908734 0.156749564203271 0.0593856343004848 -0.0771941563453272 0.0747813049073668 0.143004763267759 -0.0338962329493269
HH03 0.0330491091347191 0.00782862195916622 0.0063110588731079 -0.0532565863298302 0.00822556853068636 0.105106006767504 0.00464926986625085
HH04 0.0423840892364579 -0.0634073988671026 -0.048464753150261 -0.138646263966519 0.0149565683616657 -0.0643754805312985 -0.00441292260142116
HH05 -0.0180888799119597 0.0139208538059615 0.0110806373331961 -0.0736946426611612 -0.0457193933056049 -0.02929425026128 0.0294944078470962
HH07 -0.0977661877989345 -0.00164232758312281 -0.018994337258551 0.0186603756135347 -0.0215906893388555 0.0191488154519874 -0.150024639426305
HH08 -0.0377231187952708 -0.0766070994131964 0.0244832632400127 0.00160510026507742 0.0556474930377954 -0.0163275380013251 -0.0213887961527867
HH09 -0.00968547607264753 0.059129928337613 -0.0188593705790068 -0.0200950030905833 -0.0758835273999457 0.0982335845398871 -0.0463569822221374
HH10 0.0549893116061343 -0.0871725764689839 -0.0516772087409864 0.0552313657901415 -0.0578288508092131 0.159089094657943 0.13841380814851
HH11 0.0460939188548868 -0.021731740917601 0.0494723168972517 -0.110728661080544 0.0444249830711212 0.082330087990294 0.00545900532807476
HH12 0.00865421355773096 -0.0278020533349319 -0.00902880699566893 -0.058726296775927 -0.0960544958318799 0.0187246611841528 0.0824333528636648
HH13 -0.00225746489337065 -0.00783330517236986 0.0665916696938355 0.0431338508171534 0.005114288182366 -0.0260521210065329 0.0140147687049077
HH16 0.0787198071785243 -0.00914186819204455 0.0345800380120239 0.119302745636735 -0.043442685817789 0.00605849006144234 -0.0129877845626527
HH18 0.00872302496870647 -0.0613651275378059 -0.0934244075075565 -0.0462396491194022 0.0788192270433999 -0.023660123535639 -0.028013542391473
JB02 0.06872330023721 -0.0175609165465491 -0.0625437955881378 -0.045366547641819 0.0342219792310055 0.152424415730124 0.0495615084544403
JB03 -0.0770108814655296 -0.039779810700741 0.113922863273246 -0.0453290656127231 0.0779984906674552 -0.0617148320742392 -0.127386188381661
JB04 0.0368686195223919 -0.0519294067665888 0.0764362634026131 0.0712937553720937 -0.0281987322319625 -0.013436105008798 -0.147240153843156
JB07 -0.00787009553437073 0.00907677577871992 -0.03267781178858 -0.0181576551039765 -0.0127359548840919 -0.0959821076918908 0.0218259461989492
JB10 -0.0220117031048983 -0.105866548503304 0.0622280723767215 0.0237275755450043 -0.000271749902710906 -0.0273763874527307 -0.0320710116290343
JB13 -0.00869480987438053 0.0163755685012722 -0.0842266885550384 3.33934452398071e-05 -0.119118609073999 -0.0716480978497719 0.00113116190885844
JB15 -0.0351304201153338 0.0816396042015867 0.169517177626968 -0.10050848585389 0.013403657616878 -0.0447157976777344 -0.0109031604639597
JB16 -0.0270960186898896 0.0865736205912989 -0.0392430091050678 -0.00946555606364813 -0.0306997682001302 0.0249174568103337 -0.0600555494511478
NB01 0.0274155384692016 0.0427082372309952 0.0331171646069306 -0.02050123078877 0.0509492896257112 0.0321958618774661 0.0622885469235217
NB02 0.0181573218052737 0.0235234784686418 -0.00849139264596107 -0.0348246204654294 -0.0857638615035028 -0.169565985917532 0.0525765546272634
NB03 0.0318610257247869 -0.0173478929331608 -0.0583382522918757 0.0453024362706803 0.0723556605454883 -0.0894245527041738 -0.139534623948075
NB10 0.0471421797780668 -0.177171181831339 0.0284618394404354 0.0589510494299349 0.0387696603905412 0.0989113755393501 -0.149769180092736
NB11 -0.0345384494665096 -0.0216577906148573 -0.00844711196460997 0.0586472589310375 -0.100227838263328 -0.119838580099492 -0.0442778957285913
NB12 0.0451859362866552 -0.0036314274745556 -0.0662394612192666 -0.0381320224133036 0.0738419154331514 0.053129755262495 0.0923022681427812
NB13 -0.00806969834865195 -0.0422353945607171 -0.0622171785288512 -0.0458922560375925 0.0986736558830026 -0.0841722565075666 -0.0301618361213762
NB14 0.0732779719173817 -0.0206677652521428 -0.125861437371221 0.031913230736262 -0.0286589349924872 0.0117900802285312 0.139774028112041
NB16 0.00316536820670271 0.134867724663305 -0.0329739260395331 0.0893143372086438 0.0189549396992006 0.035455911350432 -0.0021616279041649
NB17 0.0160766859039871 -0.00446387517539928 0.0735497147188401 0.072010416216164 -0.0754145532971889 -0.044666186705526 0.0286340740989769
PA01 -0.136260909428638 0.0491753974364627 0.108538645297715 -0.00271412299806301 0.0542706068887765 -0.11195099497187 0.0734369513075704
PA02 -0.0314549583172928 -0.001268008361284 0.144373861465283 -0.027609048579965 0.108608274523367 0.026920264200341 0.05364511238252
PA03 -0.0212075924473369 0.0669060216249498 -0.0235583366841068 -0.0312821640673659 0.00933950963860828 0.144714268625926 0.0409343045875392
PA04 0.0205627221859043 0.045072759469648 0.0526439275030659 -0.110497272909363 -0.0544110266630565 -0.146316468840993 -0.00868810689681383
PA05 0.0484995796361534 0.104910900001675 -0.0562284183532113 -0.0583580166392688 0.0156794320031862 0.131950074086267 -0.0201495693523894
PA07 0.153668595102077 -0.116037818306756 0.00531105814467874 0.0446924268493891 0.00326048601809836 -0.0743936924076107 -0.0288501891082771
PA08 0.0233197922626514 0.0958469811697866 0.00353909609467039 -0.0166717001416442 -0.117977699101646 0.0605323235569408 0.0351912002649596
PA09 -0.0925352338324016 -0.0231108899609926 0.0379807168268044 0.127673353346642 0.0910760099307797 0.0261758117340698 -0.108116987824481
PA10 -0.0755543141502389 0.0449556346664823 -0.000688154362868781 -0.0926499329817354 0.0485503132956065 -0.0407336432355427 0.0414258904924997
PA11 -0.017155058127039 -0.177932002945603 0.0205197682203145 -0.0998851620613415 0.0110552079637256 -0.00111766444854919 0.045404544964447
PA12 -0.0166800281242311 -0.0117926373025966 -0.0300190335180727 -0.0974039134033963 -0.0764325327479742 -0.0867595223529531 -0.000647828048970574
PA13 0.00442611028923291 0.0373029658062644 0.0401949102731721 -0.0635338708365619 -0.156840958154305 0.065643984261098 -0.0640718286969462
PA14 0.00138004945027656 0.0966377777952636 -0.0247589642474374 -0.0144603344831521 -0.124360361058787 0.0563371244271514 -0.112732656189628
PA17 0.0697213302501925 0.0401836152393728 -0.034893845262117 -0.0320276599554493 0.0417409590900503 0.00370544256782993 0.0495326441229241
PA18 -0.00130032133687388 -0.0501636494211247 0.0829040717672757 0.171412185059738 0.0448400373499779 0.0526688146438467 0.124922735229309
PA19 -0.0758351336215738 -0.15525136857002 -0.12344998908739 -0.0294410554900535 -0.123741366898426 -0.0174083644053708 0.0523440551238854
PA20 -0.0479290168216682 0.0365348858353746 -0.0622867604844936 0.00624031677469635 0.00174052679760476 -0.166307321195662 -0.0169029922002694
PA21 0.0738253301315357 0.0219315887748572 -0.105942940507885 0.0160400878012476 -0.0386667644184686 0.0556277400589156 -0.0301002224967917
PA23 0.06123984423259 0.0153495243901234 -0.0343714911694179 0.0467546196697218 0.0441359494482334 0.0915792288796829 0.0116653832900738
PA24 -0.0274948445066419 -0.0586195874325274 -0.101894528618798 -0.0218393973398831 -0.170425762969715 0.0884526339922992 0.183469958075483
PA25 0.0325328245399079 -0.00704954768533545 0.0100755104955505 -0.123796183241898 -0.0803861410220224 0.0652229078529081 -0.0726495428276097
PA26 -0.0244271883348523 0.0186960782505157 0.0039135509257954 0.0227013791723033 -0.0160706606018388 -0.0341400292927904 -0.0738832999673103
PA27 0.012180870178725 -0.0858548000364592 -0.0177436684582004 0.00727686092025478 -0.0788756155477335 0.154706866694429 -0.0102349699423431
RB02 0.0406839649400758 -0.0482558584129221 -0.00512476691797215 0.0116401072372781 -0.12409229262519 0.160811337182671 -0.0200810296709945
RB03 -0.0123771106250013 0.0942299653560383 0.0496128128972741 -0.122591866195209 -0.0834448383816266 0.135757011817845 0.0208283543773668
RB04 0.00758760703557386 0.0495152480351829 0.115962632072979 -0.0479917244018074 -0.0410240741355205 0.000911745752034252 0.0406667498997328
RB05 -0.0158155751364455 0.0450267268687338 0.0557670736856821 -0.0388666634906506 0.0239265885552614 0.0642624063010757 -0.0324789837713116
RB06 -0.0233663287668343 0.0088000705326518 0.149893802176963 0.112221965054416 -0.0429710302097922 -0.0426611489521725 -0.0369880102583666
RB07 0.0359453026430683 0.00258275895960097 -0.034449051671586 0.0518213968419303 0.0347591895516986 -0.0983728938139562 0.137697064187311
RB08 -0.0421673334321297 0.0862628068011471 0.0312866419049705 0.0600125329182076 0.103473515038871 0.0640757354962636 0.00733844147499757
RB09 -0.0864020021689353 0.0865466724508551 -0.0178124357261261 0.0429620838241943 -0.0129984806287736 -0.0276695442050791 -0.0629193645336555
RB12 0.131979089254598 0.0528895429159003 0.0490034797233994 0.0919507579645761 0.00335718608746696 0.0955986286731391 0.0704630644778431
RB13 0.036256237125931 0.0916110067441186 0.0726411706697069 0.099371711015207 0.0627817217776625 0.0541208882656774 -0.0836525479453549
RB14 0.0185198379614788 0.0286896057395472 -0.024003572167757 0.0137563935011559 0.00109860032867781 -0.0327670346451043 0.000792177256636543
RB15 -0.0138634920472558 -0.0396725384649091 -0.00393041228180394 0.138162451914151 0.081707569604914 0.00257601658943106 -0.0301684582995313
RB16 0.0222764702354679 0.0436107948937465 0.113007794151115 0.0359286870344325 -0.0721745203129138 -0.0775570140956867 -0.00769873278399156
RB17 -0.114560940050445 -0.0775019802722609 -0.0585826316535544 0.0604019681718004 0.067591522644341 0.00356134576181044 0.0026878836230254
RB20 -0.0137851953865003 -0.0444624069930109 0.0621809447540769 -0.0402259028414962 0.00388691316072356 -0.020815475877351 0.0991315572211557
RL02 0.00532293028854691 0.0305613085496765 0.0769279592048494 0.027636889723085 -0.010237166123688 -0.0232255088380932 0.142235189626668
RL03 -0.0254375958358018 0.0781441736672077 0.0633416275661271 0.0575140287184467 0.0194373811136959 -0.0867499421099721 0.0748645916874231
RL04 -0.0152652432383755 0.0951739445090392 0.0540892093344654 -0.116229612651456 -0.0250972717477851 0.0380312257442344 -0.026754254735994
RL06 0.0431819262201008 0.102660717772166 0.0683917160992317 -0.0909588410443211 -0.0546874395314061 0.0275259150591273 -0.020523792244803
RL07 -0.0778791531886418 0.0440016390060723 0.0500506350603759 -0.0251960511750028 0.00587190766876144 -0.0127726033310053 -0.0256775725761693
RL09 0.0290259232787884 0.0805528543817942 -0.0255478589831644 -0.0701829354428651 -0.00474909048023184 0.0400831023483137 0.019405512030253
RL10 0.0248675694148172 0.0441925841132484 0.174037277647363 -0.0968764986094446 0.0159935549962083 -0.0749174247583568 0.0215246931287482
RL11 -0.0390202374271554 0.127612423682559 0.121671091104679 0.0154070000092635 0.00994083274744463 0.151720431134862 0.0743068443976777
RL12 -0.0980477637939146 0.00291607644684701 0.0826580642595738 0.015218582450197 -0.0716919598609351 0.0408069693358674 -0.0535611759180808
RL13 -0.142315778087489 -0.0311583891659112 0.168244028697146 -0.110254383866734 -0.0131478766556052 -0.0164250885413211 0.0543090450898854
RL17 0.0461713325727866 -0.00498737142266297 0.0363051932918316 -0.0578777620607632 -0.0729197162739722 0.0965791254465837 0.0333301498062073
RL18 -0.0349365759515623 -0.236905063764007 0.0183113941001533 -0.0739772885806347 -0.0137414903509927 0.0103782873011412 -0.00799512796547902
RL21 0.0265166972842186 0.0764994334695441 -0.011196855419554 -0.0631911988776066 0.0246543214111093 -0.00820315422360177 0.00119228558306721
RL22 -0.12934560153314 -0.0773886162632004 0.134886870916459 0.0473393143708158 -0.0371593146223519 -0.0536725448997487 0.0142823484084818
RL23 -0.0113954845180936 0.0685624694718509 0.156054673724525 -0.0957553621312368 0.071661374726036 0.0448843672876998 0.0516731653024315
TR01 0.0753441925631238 0.0301577185242527 0.041225818173945 0.139726259605213 -0.0115536901938088 -0.0930203166980969 -0.0223386570817498
TR02 0.0185141666314392 0.0432417631953425 -0.0330869566227168 -0.00990839337087018 -0.00710360886919577 -0.0960080916557538 -0.0238006358169688
TR03 0.0112962498105542 0.106450385018585 -0.0564558888302238 -0.0763945238922199 0.0824831805372041 0.0180049470577363 -0.0679145191504889
TR04 0.0385547811471245 0.113108171760151 -0.00907183665911315 0.0442669071872317 0.13503765561729 -0.00467520962740647 0.0815601313366734
TR05 -0.00754898682585919 0.0278827124060204 -0.126918119858063 0.0587369582591523 -0.0105401267904908 0.0757898895608044 -0.155000231587166
TR06 0.063022662154422 0.047503379380585 -0.181436590057584 -0.0468739935791431 -0.0256973325119012 -0.0353743681356702 0.0985260730867049
TR07 0.00948116329838085 0.00222068444488589 0.0114889591549868 0.00991995396515822 -0.122032748984476 -0.0287448517061886 -0.102941334306148
TR08 0.0910096405771798 -0.00827776610799029 0.0386809114605782 -0.0301079184306148 0.00393877347263209 0.0164334686411286 -0.00389455485513239
TR09 -0.00475275426879726 0.130665069870712 0.00224629842306879 -0.00370310158123604 -0.00857135424865205 0.0608853844599813 -0.0630075264304074
TR10 0.0549919416437415 0.0888719052887001 -0.0481197961527736 -0.0457981945654589 -0.0995475127628401 0.0242783604006423 -0.117915277726727
TR11 0.0186014430395882 0.0756255751529978 -0.0368941364267658 0.0189810219906825 -0.0177384283914525 0.0113228033849787 -0.102993945588387
TR12 0.0135111435733814 0.0149441178066565 0.00663537500417295 -0.151385000294804 0.0384276366730364 0.0235549473146552 0.04291147082773
TR13 0.0258620147143449 -0.0430039492272944 -0.115551510786943 -0.0848635804193018 0.10889468414392 0.0180128414279007 0.181414459595722
TR14 -0.0321325627414514 -0.242815899269151 0.126700901191618 -0.0897675839103653 0.0795894533376059 -0.021815350799147 0.0949558864538487
TR15 0.0539649592267036 -0.070959754426249 0.0549997668762909 0.0173542346930417 -0.167675259055992 0.0347178317444692 0.0168720522598509
TR16 0.0800148348397831 -0.00260423338531619 0.164794641634534 0.0860197912340675 0.0635704459269475 0.0497844292596198 0.0112905381840619
TR17 -0.0281805215491341 -0.0105868751810512 0.0736557239506418 0.0294561031403291 0.0937344995447622 -0.107799067696119 -0.117532200471284
