sample MDS1 MDS2 MDS3 MDS4 MDS5 MDS6 MDS7
AN03 -0.0194121507268146 0.0581896229652228 0.0279064579820175 0.0151591013636549 -0.0317320027213148 0.0262048468797585 -0.03456104884722
AN04 0.0652674133007139 -0.00645185821530603 -0.0499125928335266 0.0142937051701728 -0.00596400150431611 0.0605994673002561 0.069650798325879
CS01 0.0669231363076515 0.015443907596579 -0.0714057513490723 0.0451189696584384 -0.0941783499500535 -0.00183513607916144 0.132072943173982
CS02 0.0802838792821136 0.0531951610340303 0.0863826356903589 0.0116902756557806 0.0818092937487421 0.0356224289296818 -0.0636645404089684
CS03 0.0434481077316919 0.0609378080904276 0.00368857940832273 -0.0161131421498077 0.0247594190547321 0.0291550575185726 -0.0267265348955665
CS04 0.0183504580242082 0.0385911086759839 0.0137786117182723 -0.00799579308266196 0.0546847490308591 0.0682635021829488 0.0911839883803409
CS07 -0.109587464401758 0.0373587535894208 0.0819199768548924 -0.142355832790898 -0.0614286783570819 0.061039206456039 0.0266714409855503
CS08 -0.0386558576948723 0.387144182903277 -0.08810681766319 0.0179240543703172 0.0881675858107651 -0.0998508905589587 -0.0952662868474341
CS09 0.0607520952895401 0.0185892078800698 -0.077741836142383 0.0787694012580333 -0.0974242253159081 -0.00438323399453767 0.0345450813366301
CS10 0.0019250462537811 -0.0517780590855899 0.075687133055629 -0.0376992415399535 0.00830367856030976 -0.0118556735852931 -0.0583692954516113
CS11 0.109176316369961 0.0154174339145734 0.025474413811044 -0.00709033200403458 -0.00124255486591358 0.0771795036669652 -0.0521442862016189
CS12 -0.0660715334705782 0.0214394701216108 -0.0150989342821963 -0.00387100839314046 0.0364913436741647 0.0565709803524863 -0.110245988301765
CS13 -0.00137556303481927 -0.0994460164571593 0.0389654202550251 -0.0364103160602767 0.12537592102401 0.0922931891057922 -0.00119419348095437
CS14 0.0186687046054842 -0.0171596367824659 0.051245948849416 0.0435824671377921 -0.0723257099810006 -0.00272596010006886 0.0209754429123447
CS15 0.0302360271391616 0.0702607416375164 0.0399970268052889 0.0200428336525052 0.0429938610516732 0.0974782728654872 0.100663738494689
CS16 0.0283740020454941 0.0326293552938598 0.126238501162516 0.065110643100309 -0.066425399829637 0.108542307925411 -0.10259881321811
CS17 0.114465752466601 0.0962236874579002 0.00487995162562285 0.0385707424435896 -0.0430083971961257 -0.0859763318374942 0.0225567855596103
CS18 -0.00431169536801724 0.0407270728216802 0.10707862452784 0.10620720841092 -0.0494375037552854 0.0555487505457864 0.0415205856524187
DK02 -0.0440151107047651 -0.0553520302568483 0.0309373736192477 -0.0245128372584635 0.0100143182784535 -0.0975347530374836 -0.0344483610886791
DK03 -0.10514435379625 -0.000457458585111324 0.0904303045069808 -0.042150128260253 -0.0197203449471497 -0.0152418341221246 0.131255255112959
DK04 0.00248852132241149 0.118553955604096 0.119631558633325 0.156527657774691 0.0566896073920954 -0.00579998981170435 0.0818643762740641
DK05 -0.142914025123752 0.519743417212459 -0.109544785344538 0.0985225184404658 0.0861217159447156 -0.1420173260235 -0.127222742616496
DK06 0.0117309549755377 0.0490196042434628 -0.0567582252096977 0.0997611189259122 0.0187450031985421 -0.121397178036721 -0.123705116723756
DK07 -0.0235907577358963 -0.0752404962330099 0.0160956332272559 0.0975486980311717 0.0509051432699962 -0.0583173178314614 -0.0880546265151371
DK08 -0.0960463703573062 -0.045161222621296 0.0184555669303777 -0.032867676039544 0.0863608722536848 0.00291716286363489 0.0100238199437558
DK09 0.0295233938989598 -0.0103050889863196 0.0321510737736373 -0.0138835631795174 0.0697600875604187 0.0288411195338709 -0.00196191737588408
DK10 -0.167640798357903 -0.1258935827065 -0.0422115529429395 0.00469922630141609 0.0930284028145774 -0.0749680621900769 0.0261313131664727
DK11 0.0588718298765265 0.0640543721686386 0.0427419352206555 0.11217231234896 -0.06109418559965 0.128140037156253 -0.0832702580718877
DK13 0.026622845028734 -0.0169513824964354 0.0165837193281612 -0.00643198646391189 -0.114057377341223 0.00562915536645547 0.00375200754803467
DK14 -0.0768527087603338 -0.0772106434560425 -0.0581187111382992 0.0188455015777059 -0.140875952409297 0.0550233904848024 -0.055572140516787
DK15 0.0897201366109007 0.0950225523474693 0.054377936129046 -0.00234551575634002 0.0619387968621382 0.0447927780515185 0.0349174480568072
DK16 -0.0132070656803518 0.0128293917313277 0.0540177128183356 0.0269247016233385 -0.112958015444439 -0.0155637595810256 0.0319340710096992
DK17 -0.0189124378784769 -0.102881600696894 0.0521435091344741 -0.00830443839152435 -0.0222477877698952 0.0633676204984292 0.02978358607426
DK19 0.0211743237638554 0.0186132036919895 0.0700858172506207 -0.00692593565397844 -0.0984645809012002 0.0487263348913497 0.0361271979886876
DK20 0.066305817322985 0.0251746769649193 -0.0438893138502052 0.112675046381256 -0.0662998028981291 -0.0161052372977932 -0.0824307034202278
DK21 -0.0104458760602904 -0.0501283025840322 0.154035191229652 -0.047067784407303 0.109966154968456 -0.0397028395577059 -0.0256172299680458
DK22 -0.0129989578160328 -0.0815482381802852 0.00860539960347845 0.0629023004212874 0.138566702340088 0.0373147622934999 -0.151942547837491
DK23 -0.0625566523401342 -0.0495199161377935 0.100102243959606 -0.00299707363551307 0.0479031490461387 0.0883951521453875 -0.0595955610888746
DK24 -0.0951116098466666 0.0834422679751232 -0.044782314739387 0.0108570867481393 -0.174711375539415 0.0774661320870134 0.10213283440398
DK25 0.0221266279410118 0.0591169221103134 -0.00397782386321458 0.0738304582002796 0.0596714642294541 0.0409910598745656 -0.0241767326331017
DK26 -0.13636865029501 0.0063056866124638 -0.0763880135571205 -0.0757299250632326 -0.0590350144088686 0.0848849436773813 -0.0282567028384476
DK27 -0.102360356691209 0.0298964354338939 0.12911124973541 0.03431348810181 0.0175340818318796 -0.0639865018201941 0.113652048899521
DK28 -0.111789545388808 -0.0909467808900494 -0.0972640860628197 0.0222409049107716 0.12081088119538 0.0473207171199984 -0.144013133234364
DK29 0.0611416956568309 0.0259643197362859 0.00648489934870258 0.0619468794578796 -0.0637815598261024 0.0544027496314662 0.102925802904037
DK30 -0.121627049559433 -0.115107618395722 -0.0122156964548103 0.194246735015047 -0.0904936118409165 -0.0993718652189845 -0.020973894489256
DK31 -0.00556711130223841 0.0834293508993247 0.125696086700541 -0.0559679700827692 -0.047384849175387 -0.0039388450163753 0.0280209207022262
DK32 0.0513245207926228 -0.0673184802145067 0.0326580521634351 0.0336671445922521 -0.0440415532050915 0.0589216989221176 0.0646509459592085
DK33 -0.113784429015429 0.0166680971453863 0.039607649767785 0.0804415855342506 -0.149311336350167 0.0402048248580764 0.116426814102947
DK34 -0.0637781163025009 -0.0318907572270624 0.127866655390695 -0.0797991874120961 0.0471359205411466 0.132795201526197 0.0216356191226523
DK37 0.0162470406971695 -0.0049325279631429 -0.0483166775118394 0.161089565834156 0.23003744126054 0.156864847215561 0.1714826828696
DK38 -0.0293947882947229 0.00960330320854557 0.0569633617022078 0.196380330023757 -0.0525281124639431 0.11952491264888 -0.112673770498239
DK39 -0.0411400705820353 0.0156958039194523 0.136676779100652 -0.0515905648156648 -0.0910937921612223 -0.0212864767395183 0.00307150529715546
FR01 0.0180993273738533 -0.196320539384743 -0.0552161287795757 0.116156347530064 -0.0157507553278709 -0.148961898927138 -0.0221774202406553
FR02 0.0689970152353937 -0.0449707321482991 -0.0357277597580894 0.0116174895737388 0.00347416441615794 0.0484150731160811 0.00916283422460705
FR03 0.0226507058250426 -0.0673338745084262 0.1073533212351 -0.0297889085634409 0.0158149768578466 -0.0810799847786308 0.0419698123058981
FR04 -0.0984435745827606 0.0114052018573257 -0.0924458615446299 -0.0781554134508542 -0.0910097331514492 0.0700134823915173 0.158897351767511
FR05 -0.106195020297351 0.0267202062357439 -0.0972462543913973 -0.210362921877406 0.0244244839137765 -0.0420940753630805 -0.123632514898911
FR06 0.0316584466608623 0.0254608000409634 -0.0340324500002102 -0.16923135228429 0.071053962413704 0.0124928343437626 0.0237136914258373
FR07 -0.172758768960746 0.0743308392892827 -0.0592837339267876 -0.144133802797911 0.0110102640994988 -0.0365819835909256 0.114080836564822
FR08 0.00926768031031964 0.00935487273581382 0.0195797732654187 0.0564102325021932 -0.14148873997341 0.121226747394675 -0.0178234908201981
FR10 -0.00129981294178901 -0.0508739969285656 -0.0124818412830479 0.0120198279942072 0.0656695288563232 -0.0913351542945708 -0.032093161174172
FR12 0.023013824208739 0.0152390571294599 -0.0986414219187711 0.00788993922984606 -0.0150516313661625 -0.0495889569033069 0.0875611017981325
FR13 -0.0811087752982994 0.100389190393634 0.0691134496448114 -0.132478754153028 -0.0672192859734501 -0.0437412894637291 0.0218910564600419
FR15 0.0589293633773139 0.0273825292019865 0.0864542987978048 -0.095060564933445 0.0193201902179906 -0.0143876074542056 0.0604624131411056
FR16 -0.168939918522321 -0.00530226462247566 -0.0121620525147046 0.0274472660877326 -0.0411439346265433 -0.0559796259547626 0.000543897374696293
FR17 0.0425064594827287 -0.0320973414941155 0.0550834592464571 -0.114934829470303 -0.0117467040572772 0.0272498017927725 0.0521516972879003
FR19 -0.0261233754717417 -0.0635800738228868 0.000517187061886734 0.129761646527391 0.0506566555265239 0.0277472125895984 -0.163981755056456
FR20 0.146254235976176 -0.0191345354170554 -0.0362256914645732 -0.0283077434511048 -0.0379092464238485 0.081725533112535 -0.0248622313357655
FY01 0.0363904251360632 -0.0439383200492013 0.0253339002808003 -0.0918582686517984 0.0153451297427892 -0.0172063372687035 0.0246546189999334
FY02 0.0702037928655424 -0.0244994036892541 0.088024164547228 -0.00716762731761585 -0.0479958176648101 0.0214270956238792 0.0461838735735081
FY03 -0.053317252267062 -0.0534108283198787 -0.0242588082782239 0.071328607389292 0.00540719112578065 0.0989213134570137 -0.0091686137386431
FY05 0.0309462360164369 -0.0239757809091409 -0.0519114531234661 0.0321024450369233 0.165902904058519 0.00575179464312744 -0.0741479064881443
FY06 0.00467786765114513 0.00197303645069998 -0.088030193974826 -0.0193097110289751 0.0212754531258 0.03524285601919 -0.0822227846022518
FY07 -0.0644848735310249 0.088634905624913 -0.0940125287268315 0.0404262905773899 -0.110618017114055 0.0649945257752365 -0.020385438104343
FY09 0.0565538055252207 -0.0451441743281022 -0.0383274455773953 0.139397902682914 -0.0811767748872523 -0.0011703555910069 0.069367456852204
FY10 0.0498459206421666 -0.0375648175136289 -0.0675687263156675 -0.0637516222343995 -0.0164234720774559 0.114701442858161 -0.0716524909750276
FY12 0.0391586103280794 0.0775804952555553 0.0703587718866193 0.0380284677697219 -0.024083625097873 0.00558383219731898 -0.00639753732688584
FY13 0.0144847668397284 -0.157702632320455 -0.0834797746934249 -0.110482517865419 0.0897725962219047 -0.103225832831283 0.0947362758748186
FY14 0.064862482384982 -0.022490793797032 -0.0195649092731146 0.0448909642295547 -0.0798981299707335 0.0483546312725465 -0.0204487356652672
FY15 0.0811367093247529 0.00170805968139043 0.0915448942887674 0.00811091111327575 0.0770861557612816 0.00838805070228208 0.0978211236926771
FY16 0.0426547712612854 -0.0608083142103979 -0.0337267855285377 -0.0139871190222689 -0.00878101802099312 0.0357300171783232 -0.033568849574753
FY18 -0.0326509213205005 0.0228809100412826 0.0380172570651594 -0.0194351951970642 0.139030488083092 0.0390739391535999 0.0387016885069762
HH01 0.114147402307818 0.0605435306700405 -0.0618036041825456 -0.0877282276392402 -0.0966513305978077 -0.168530466576756 0.0564351623595014
HH02 -0.144422643651083 -0.0846792034014188 -0.014175389625533 0.022866893714294 -0.0712184269622651 -0.150075071593463 0.01763919617915
HH04 -0.0786366090707342 -0.0430811058690551 0.0732357719960202 -0.115730225652615 0.0162902204537351 -0.0045762219744899 0.108837817428981
HH05 0.0169937254362848 0.0170924101603163 0.00564028952980095 -0.0363484212438 0.0770624917782622 0.0331260183805374 0.0237360609263049
HH07 -0.0529361969670078 0.0759788586830488 -0.0447493699498814 -0.0784485375629648 0.00754228188209975 -0.00582409909082848 -0.0964572043711918
HH08 -0.0676536094494583 0.00823702431136021 -0.0642932837857096 -0.000642625714002214 0.00614131012847348 0.0225280985836039 0.0506954007275521
HH09 0.0696022553011491 0.0496710366487427 0.0274526219136616 0.0135289082801477 0.0186804487106307 -0.0887699627977379 -0.0374518472488661
HH10 -0.0581316426064021 -0.0493709394332653 0.0785275830114201 0.188582499342259 0.0180076959987293 -0.10688004885085 -0.0197925198701064
HH11 -0.0165188955852762 -0.0711755179606268 -0.0192719070934473 -0.0763807579363892 -0.0196672211633417 -0.0305273729397228 0.0459032029897033
HH12 -0.00768851822555397 -0.00434089222965916 0.0316813089778043 0.0315830300180936 0.138152373475879 -0.0165307249159428 0.0320736773325705
HH13 -0.0135038658082716 -0.0303614760759501 -0.0644719732332717 -0.0148699750467635 -0.0491907984570934 0.00813410833737201 -0.135816127197134
HH18 -0.0748729074439109 0.0126880656228998 0.0728511339108551 -0.0836455961803047 -0.0733239900965531 0.0695410445492821 0.051719688434219
JB02 -0.0231107522981309 -0.0585350135114461 0.0889611299953651 0.0455542424936615 -0.0671603386619191 -0.181496630732602 0.103215030813847
JB03 -0.0255182623836248 0.0257712796383019 -0.151782075711925 -0.0425822621492363 -0.0320637192369647 0.0801995797974862 0.0801487793961181
JB05 0.00443315680512154 -0.0628124426063705 -0.0660670057277227 0.134291501661058 0.0860379649329404 -0.190278472313759 0.0535950999653596
JB07 0.0036155056879513 0.0343146048323321 0.043157920177631 -0.000236381877039651 0.0133875763454746 0.0565243181582827 0.0358474140524897
JB10 -0.102529222927403 -0.0231287193187392 -0.065193647483931 0.0054215727876873 -0.0144956590527519 0.0487877990408189 0.00886770159818515
JB13 0.0270471483016439 0.0597959400990645 0.0852748996600748 0.00778529175808577 0.102292333213181 0.0977463407712353 -0.0832088319315837
JB15 0.104591470359266 -0.00742504331116828 -0.150415271705545 -0.0701669272809941 0.0751054857753051 -0.0124523505034346 0.0354916279492356
JB16 0.0713211506870536 0.0612672736270813 0.00250225170280675 -0.0368558646431739 -0.0101061728714489 -0.0139151726175161 -0.00633336758672477
JB17 -0.037917951229213 -0.0529337255324509 -0.171871381390694 -0.0972730057682729 0.00256881270515724 -0.0372222637796885 0.00666169070696105
NB01 0.0403998569109469 -0.0362071914515098 -0.0186135510507594 -0.0118729833195438 0.0433432174478477 -0.00199257331256653 0.00976991193612346
NB02 0.0526714931464878 0.0135049954382452 0.02537163267938 0.0160380122250889 0.153065692898586 0.144281441637171 0.0734745168444826
NB03 -0.0596303771752032 -0.0328052149807353 0.0366988791949265 -0.100403041493719 -0.0185660140369344 0.12897454213015 -0.035460218476194
NB04 -0.0177178345895455 0.00798893182453737 -0.0173753857247412 -0.0397179254514133 -0.0121810205244244 -0.0403839597627541 -0.0193013165242443
NB05 0.0631613359791278 0.0221536292492174 0.0976056527746781 0.00407619728529503 0.0170216191814032 0.0718811343303462 -0.0570022408963691
NB07 -0.133925113683934 -0.0363676040038578 0.0342066486416852 -0.0459074289992707 0.0550592721551253 0.0045234002960238 0.0351031474118014
NB10 -0.170223749435973 -0.0961223389383731 -0.038509412171795 -0.0397800758001153 -0.100718749998888 -0.0406116138981774 -0.106059980831284
NB12 -0.0212120270530973 -0.0410368607128133 0.090738439777865 0.0143660318459523 -0.0638586892614041 -0.0429843816811292 0.00593788509262244
NB13 -0.0720879427461256 0.0131618434957079 0.0350959795783477 -0.0486941979703688 -0.0498194560092899 0.121719387950602 0.0835835273917845
NB14 0.00509367437154925 -0.024892283827432 0.177011286519457 0.115235467195091 0.0416558919488808 0.0271183184037747 0.0548733251482503
NB15 0.048792288392683 -0.00307066723022917 0.0124277899401538 0.0131597881658936 -0.0417505667186266 0.108350077644547 0.0267916362208007
NB17 -0.000512473874778069 -0.0120482347202552 -0.0365333805984637 0.00573474975916688 0.068116160736701 0.0466144544226279 -0.0856177900505433
PA01 0.0215047368093821 0.0766054058872755 -0.13243680757298 0.0237086239937255 0.0217365875415104 0.0225344135447159 0.0774764595946933
PA02 0.00440076720717278 -0.0306658118066964 -0.141879961469744 0.0462602595320553 -0.0398053932122166 -0.0655853357644647 0.107867949419615
PA03 0.0473523643037713 0.0350899037952817 -0.00936393228603512 0.0352493911681415 0.00816535041335795 -0.0643881495710059 0.0715986821583901
PA04 0.0734291303415557 -0.0105244205663145 -0.0158593242528227 -0.104547931506612 0.0973278028023832 -0.00113783663203729 0.040928046716556
PA05 0.103443931452136 0.00157487919451525 0.0525649168598256 -0.00451349065281689 -0.0300178287410189 -0.0906670175658356 0.0960273711650687
PA07 -0.0644876550223228 -0.167006472168846 0.0787541506754239 -0.0074829311416234 0.0276190201285501 0.0925764163541682 -0.0773877156294579
PA08 0.0936158421583147 0.0299353951139552 0.0486230934395912 -0.0156861973453766 0.0780539993229155 -0.0784067063727021 -0.0475964257584338
PA09 -0.0916686924792489 0.0589798207345851 -0.104398553641594 -0.0157827436676435 -0.159550148000623 0.00610915736048442 -0.0632926916529108
PA11 -0.158887331260074 -0.0604730681604457 -0.0252609198353015 -0.00244878131916823 0.0659649366802608 -0.0319287433410043 0.0469569498034159
PA12 -0.0218251769852212 0.024271621756879 0.0561064037896189 -0.0614978081180383 0.0845014082906685 0.0470232856470841 -0.0102423289896621
PA13 0.0354944715568944 0.0206955175890454 0.00564174543057954 -0.104294574037312 0.092251633092843 -0.0964805496902705 -0.0757405804982897
PA14 0.071895965027319 0.0719463105361218 0.050172246866891 -0.0947640902299463 -0.000774900215746192 -0.0412373311965953 -0.0906436168893968
PA15 0.00982124893522284 -0.0542221683420876 0.0489073542328604 0.178860083937733 -0.041907784367289 -0.15433314401924 0.0651662986563302
PA17 0.036070752300747 -0.0494152584240205 0.0694434954851942 -0.0573818696333936 -0.0395574587255508 -0.0366318108781114 -0.0582163922017901
PA18 -0.046259206638228 -0.0513347498423015 -0.0481643016062949 0.139519188563991 -0.0762388489302281 -0.0364576008954741 -0.126239159522876
PA19 -0.172397462830559 0.0777325555788374 0.0960210070348511 0.0657574526281637 0.126369375595006 -0.0196861942724893 0.0334597017149707
PA20 0.0121419730255557 0.0791604947055185 0.0241307057874389 -0.0441978085928007 0.00459326882114505 0.0902727687335431 0.0468362291791144
PA21 0.00597878553052755 0.00243576006008217 0.134851087106994 -0.0504793380398842 -0.036824336190357 0.00922369000084671 -0.0702982871011595
PA22 -0.0132304643008085 0.116141379076521 0.040114319103744 -0.0677827174394059 -0.077152974062694 -0.0122691245114333 -0.0391752409502142
PA23 0.0258693141645533 -0.0666828456462856 0.0175865046223712 0.0326533465063717 -0.018530887599945 -0.0448750315320703 -0.0111605879446099
PA24 -0.04366405594306 0.0629293890035103 0.125067465638968 0.1514305665859 0.150283823360557 -0.0525208454042295 0.0403774226994173
PA25 0.00133985406016916 -0.0180161293663097 0.013130314584803 -0.0840722301297328 0.0486661377762639 -0.0672539528568394 0.0139601641494136
PA26 -0.0179516142929072 0.0256340382678589 8.82812428569573e-05 -0.0539379649639063 -0.040209377895896 0.00685010873767368 -0.00202241573737664
PA27 -0.0833914586429776 -0.02118558272995 0.0554306162405847 -0.00291757718599327 0.0269027437323506 -0.145355333915331 -0.110124830684296
RB01 0.113616039401694 -0.0766566109747139 -0.0501530438588603 -0.0281275518351948 0.145381956178105 -0.0591760762476143 -0.0625236577948352
RB02 -0.0654266587277398 -0.0346078027596462 0.0365000958681671 -0.0348530679062926 0.0298907336247989 -0.156679951392753 -0.13198758483701
RB03 0.0838013149070859 0.0142430779480027 -0.023172072382328 -0.0438679614692447 0.021267917259203 -0.206789302500419 -0.00289373661659238
RB05 0.0355819557803039 0.0316870045253288 -0.0412626602914792 -0.0497289349482894 -0.0813069242478539 -0.0476467336655629 0.0492104657874043
RB06 0.0425745628625478 -0.00332583433685358 -0.146268902934246 0.0301781818099985 -0.00241300612678494 0.0637084303489517 -0.119449063084781
RB07 0.0145175828560712 -0.01741347428199 0.0725781587600099 0.0988075064900328 -0.0839483479548583 0.00953853660851897 0.0466568494945817
RB08 0.0631670715572305 0.037300707261436 -0.0553384690025749 0.0648568040919986 -0.163487309686839 -0.0213714779381904 0.0310434868835024
RB10 0.0505530734257774 -0.0412592396868147 -0.022184289381034 0.0374190831882223 -0.0190070967533622 0.0194405544249767 -0.205592119036534
RB12 0.101047299930428 -0.10611822368749 0.011591226276438 0.103957294760072 -0.0393320121490517 -0.0248277099538756 -0.0206257253963288
RB13 0.0786160497173294 -0.0139882222180474 -0.084153361803242 -0.0434595302600038 -0.0969679328283889 0.0492425833632832 -0.0693141953296043
RB14 0.0263102663934249 -0.0143861748665496 0.0301698785717664 -0.000668190492423647 0.0378317317868299 -0.00185546531010679 -0.0534225727487859
RB15 -0.0545671403287009 -0.00671443060561112 -0.0380711525901726 0.0351578089782952 -0.153712545139056 0.0501889791666219 -0.0775248491271996
RB16 0.10161041072066 -0.0384477859129411 -0.0493891389086617 0.00311352224576744 0.0731322991460191 0.0639757318399355 -0.0800399650190106
RB17 -0.114885849134206 0.112511863200532 -0.0202428109990631 0.0384182076609062 -0.11841503359175 0.0321425594459147 0.00633125655123499
RB19 0.0964403013187317 -0.0728975951851643 -0.176831653825365 -0.0126071641314554 -0.0277980773269998 0.150313419828778 0.0331303821446381
RB20 -0.0228617473299208 -0.0254668906962152 -0.0642912777227267 0.0239940050983916 0.0830689955872658 0.0474048894296337 0.0221227266988272
RL02 0.0564512392071003 -0.0273015965069676 -0.0232202644909465 0.100777827681826 0.00802294571173308 -0.0200065889908629 -0.0463194263338654
RL04 0.0944050904458887 0.0281184924630898 -0.031778139853591 -0.10089296506934 0.030339073312492 -0.0735265254636039 0.0473878794241237
RL06 0.116024563736012 -0.0283181743698465 -0.0116182265329645 -0.0450671342110655 0.0631124148363013 -0.0672369442372889 0.0698222777443457
RL07 0.0211153087923125 0.059182345289962 -0.0693124592242911 -0.0415305745265289 0.0133999356508731 -0.00528648366550583 0.0269875579287502
RL09 0.0641213336195717 0.0134434916073481 0.0518479369652287 -0.0389078409195877 -0.039700903884846 -0.0885697023567182 0.0583231505897278
RL10 0.0852509421564 -0.0618939819708244 -0.118151462400977 -0.108574236607686 0.0612663207164189 0.0127422356901041 0.0169103783705319
RL11 0.135123326963319 0.0245397643042587 -0.10144860887174 0.0623100130555564 -0.035442554986456 -0.145780668409775 0.0373338918129395
RL12 -0.0149574007534044 0.0898972070372369 -0.0932926313342782 -0.00978469134962814 0.0349076968006619 -0.0390892396861835 -0.012128689670525
RL15 0.148303254830714 0.0410760735118102 -0.0848062829226223 0.0998168449825777 -0.0146097558537611 -0.0118264846068394 0.0523717844713052
RL17 0.0352449419539511 -0.0299198606422704 0.0180949783594615 -0.0139167131746663 -0.00083416506950472 -0.100494522754209 -0.00948805089661704
RL18 -0.216485541097592 -0.0506131037283223 -0.00642552492294364 -0.00192657825451991 0.0615118621347703 -0.0254334957276251 0.0320824126011803
RL20 0.0382656256904058 0.00223652191302624 -0.0719869879462785 -0.0379225873032256 -0.0135879824067125 -0.0346935296179867 -0.0907457121267863
RL21 0.0682174068687421 -0.0028292464582661 0.0166473173825768 -0.0750564823241 -0.0142948462817609 -0.0478147744064244 0.0181539555981366
RL22 -0.0636707261415913 0.0764968958061428 -0.188176055981758 0.207094448646896 0.208010234604085 0.182936434806336 0.208475499803606
RL23 0.0850388966679155 -0.0426550490105224 -0.133586355477562 -0.0374375756886619 -0.0084739217179588 -0.0539019268911288 0.0995985041252943
TR01 0.0594921780989133 -0.0602298646377777 0.00195068422936588 0.0150454930008712 -0.053281935170348 0.0847580620149416 -0.155779704228392
TR02 0.067391233944811 -0.00220136421049982 0.0302582157226209 -0.0268678654188016 -0.021589107422544 0.0495089929913898 -0.0420128000365306
TR03 0.0722610455285004 0.0296369792202864 0.0235388818537396 -0.113063883588251 -0.081695403474446 -0.0285196692901763 0.0857887007971226
TR05 -0.019735662919614 0.0699065178827405 0.0819284711180809 -0.0694085548378419 -0.117036370303926 -0.0110981806814881 -0.0835641828776232
TR06 0.0583759825132023 0.0290705580251626 0.214187247559961 0.0023218462383631 -0.00214311118175117 -0.0151798462077481 0.0390386496695859
TR07 0.010628601103724 0.023702293660709 0.00852373176258187 -0.0733068102583794 0.0442058840069439 0.0269885921778523 -0.172286755365255
TR08 0.0144091326729584 -0.0868338245939937 0.00190767702896448 -0.091293514684526 -0.0699101178115815 -0.01378025315321 -0.0519623277463733
TR10 0.0888007143255407 0.019928390379673 0.0794299068181503 -0.106303077713744 0.0180242472845539 -0.0485814800498148 -0.0739769156416629
TR12 0.0332437457520949 -0.0184540820647173 -0.0165278348781284 -0.0142415334841059 0.00520882329557549 -0.0737009759088906 0.154189274146298
TR14 -0.228453214295015 -0.102438763011313 -0.123475626025298 -0.00439460244084443 0.0934351121509464 -0.0348079943827828 0.0905975739835962
TR16 0.0244828031453669 -0.121267075624993 -0.104086006841551 0.0695267780832963 -0.0924041860438693 -0.00547829577865868 -0.00280352594039188
TR17 -0.022612935470995 0.000368317283210853 -0.12249410921829 -0.0832710227997322 0.00729283971985138 0.163040504750641 -0.0178095839271302
