sample MDS1 MDS2 MDS3 MDS4 MDS5 MDS6 MDS7
AN03 -0.00298107221184041 -0.0285368169299606 -0.00775570973858131 -0.00568788204413167 -0.041363158523898 -0.00148193838351291 -0.017383116758795
AN04 0.0521005356909919 0.0792941059346026 0.0074761208828409 -0.00860465629451716 -0.00393916563553443 0.06312507874655 0.0152789373401653
CS01 0.0785136494002955 0.00808648467792233 -0.166054533656894 0.0457939493520337 -0.0395707502657781 0.0998736588134907 -0.0143887789850156
CS02 0.0599343685521313 -0.0210569729031763 0.132614418767233 -0.0946282768914405 -0.0274238680618726 0.0336262510094593 0.0333046215982832
CS03 0.042637871897087 -0.0233330979179013 0.0517862498208499 -0.0701549538728249 0.0358190823046602 0.0634574714373836 0.0850387433222027
CS04 0.02171376835612 -0.0202576305930037 -0.0858520841212063 -0.0983556685979298 -0.0829694282644814 -0.00380792585203905 -0.00579030009167622
CS05 -0.0339111682042679 -0.107594945488956 -0.175970809645973 -0.00199858159990961 -0.0562074404290312 -0.00253938658075571 0.0279757360229355
CS07 -0.0570306395150657 -0.144768848642496 -0.0556328776480918 -0.00855378879428649 0.0033669802183533 -0.121519831278026 0.120440651705319
CS08 0.0684866900066029 0.00474345418046493 -0.0727892433521306 -0.0831852800469148 -0.0139026073116216 0.0231850500700196 0.102767669770083
CS09 0.0734569962121555 0.07033477512067 -0.0722438211715653 0.0875851802660569 -0.066278466569813 -0.0359351523982996 -0.14009866950119
CS10 -0.014229640289297 -0.0255613189159741 0.0875705302495992 -0.0367122770825128 0.0798241422905029 -0.0563548279826249 0.0218550294217123
CS11 0.097793724173908 -0.0209593726883473 0.133682419871802 -0.00326168459578241 -0.0345892809626726 -0.073887957587399 0.0346678929441567
CS13 -0.0431734319421033 0.0269329510508726 0.118551564840322 -0.117036943678959 -0.0169222648830819 -0.0465357308680812 -0.0088207012574785
CS14 0.0287164359729853 -0.0427889055659064 -0.0126725681038178 0.0577234675450369 0.0129632791038167 -0.0110374571931209 0.0529172852863141
CS15 0.0332154764274627 -0.0452269155431095 0.0329433470161826 -0.0880303801994605 -0.0955618324201105 0.0690625725234724 0.0871695621697552
CS16 0.0467062963210507 -0.0753890176260663 0.105797978370701 0.0648465521288353 -0.109632163953333 0.0391102573489847 0.045614584030682
CS17 0.133979494530358 -0.0198307319137215 -0.0715295377894343 -0.00909274014326983 0.0329289764709601 0.0295084812622681 -0.0846515889630943
CS18 0.00109863043008213 -0.0840552201031911 0.0295114899920441 0.0650082548523574 -0.102863614986798 0.0942562357323385 -0.00200016156655602
DK01 0.0332186297125535 0.0105393244567813 0.033200819295067 0.00862144874399928 -0.0915275825831799 -0.0811516541069417 -0.0595657311254847
DK02 -0.0657118587326829 -0.0689682154111751 -0.0472958705391846 0.00498855085923666 0.0246263626596822 -0.0740199622478628 -0.0881380759297601
DK03 -0.0993457124054141 -0.129893228415265 -0.0290890857015603 -0.0226586718172858 0.0184389198386801 0.0221924109328298 0.0603753895940873
DK04 0.0255385090357384 -0.0953717957663058 -0.0143218169520926 -0.0599285017382592 -0.104610312179856 0.166025264977736 -0.0978728094599171
DK06 0.011613275206651 0.0515797114084566 0.0255189991366129 0.0553223265170082 0.0329059532395097 0.0587619774851683 -0.026902546274172
DK07 -0.0758455331097265 0.0332750631994415 0.138391152745907 0.0387301216348198 0.0594216629223305 0.0154333426408958 -0.0323172457591789
DK08 -0.12967170594379 -0.00870004720444238 -0.0272858999875447 -0.100941689528168 -0.0246955365647843 -0.0466350456478373 -0.0426883098829614
DK09 0.0110280040186922 -0.00293287941066117 0.071354398975695 -0.0221611223099801 -0.00181310903124976 -0.0114628742514169 0.0217363090027361
DK10 -0.215032270809321 0.0204800357959473 0.00904484727665027 -0.0496368058114429 0.0613968720602273 0.00034043837487352 -0.0656785455089692
DK11 0.0784678309223866 -0.0152815074711096 0.0706514459487504 0.0707076690557595 -0.168181879819011 0.0306260326154877 -0.0511211919426442
DK12 0.0694163581944941 0.0116266937655819 0.00286175487447972 0.0152072588731241 -0.0627430769428268 0.0386069464368092 0.0142560314790395
DK13 0.0242759579619331 -0.0270032602082845 0.00583158581439757 0.090724073822244 0.0226199886735908 -0.0283252634461724 -0.0221285068863438
DK14 -0.0625759510598678 0.0293166310212468 -0.0301473243581663 0.149111097361365 -0.023594925282141 -0.105402338238265 0.00737737596593097
DK15 0.107550408373844 -0.0706074211691225 0.0512086227769215 -0.0750251957801164 -0.089048586330942 0.0845827892151443 0.0340661107943978
DK16 -0.020498649618693 -0.0590143384622712 -0.0137034421330865 0.0912556484990166 -0.0228299714812187 -0.0274577083927137 -0.069728562203799
DK17 -0.0501137332122547 -0.036428737625486 0.0494766788443359 -0.00150889332201905 -0.0528319421605227 -0.114427950360024 -0.101317204853445
DK19 0.0455265700539271 -0.0811915601180374 -0.0347561696369147 0.0134242554992609 -0.0404144629227727 -0.0316441414121961 0.0341076081185478
DK20 0.0527262677244767 0.0449429943320897 0.0350300967913751 0.139760442666082 -0.0681064933694374 -0.00813186732108841 -0.0999916156265503
DK21 -0.0522213788670456 -0.105559435589364 0.131933080268458 -0.112915354797153 0.0492865493302779 -0.000706767512321425 -0.0215126326604789
DK22 -0.0758280469953546 0.0840393738084505 0.168325792730729 -0.0307622893848237 -0.0246011878279064 -0.0155291072454257 0.0307238975343162
DK23 -0.0827626720836504 -0.0752482463675502 0.0884950107283278 -0.0132287070929331 -0.0725424151457484 -0.00671340420037868 0.0278690189352408
DK24 -0.0396844297435965 -0.0335268192701768 -0.188507288309695 0.0877784262930034 -0.130047936456497 -0.0454238544273643 0.0750616683025078
DK25 0.0199046325968602 0.0256024193299927 0.0120351964159435 -0.0635948369949641 -0.0926502858763441 0.0217178839474824 -0.00457088609339663
DK28 -0.167729880191603 0.12943363797026 0.0663096183097702 -0.0568124226871865 -0.0327987745711701 -0.0778604580333965 -0.0111423498709865
DK29 0.0832609905494951 -0.00841030849222111 -0.113486678103232 0.00610919422279579 -0.0863281817787365 0.0133696495824817 -0.131120573417836
DK30 -0.14933095895806 0.0558192689142719 0.0319179830950983 0.158810858272605 0.0544297712504083 0.084720374916342 -0.0885105584657968
DK31 0.0360528185291039 -0.152538463948628 0.0158491849869865 -0.00043049688701943 0.0295924984517451 0.0400602140130468 0.142781327437845
DK32 0.0230826165618952 -0.0199745004956454 -0.0413397158804792 0.0305776187498109 -0.0756856652195407 -0.0445122209887563 -0.140333827136088
DK33 -0.091745737864559 -0.100328375400497 -0.125524890993795 0.104755347573117 -0.0858926503158606 0.0820785279138949 -0.0418565314961275
DK34 -0.066392216644937 -0.0989623351454793 0.0292141448095222 -0.0842633277114408 -0.0885297295147656 -0.0744736281795135 -0.00506598206614039
DK35 0.0252308412474051 -0.158712625276489 -0.00570108296123998 -0.0446115764309221 -0.105385231212945 0.0314536398420328 0.0375081980205851
DK36 0.0652383407442856 -0.100134041098361 -0.0444332130393093 0.0184541803887235 -0.0158121562522734 -0.0537536259114182 0.0189941698314454
DK37 -0.0329556456284819 0.0898250178656474 0.0892927560147342 -0.147254937808012 -0.135286745583292 0.307807147339417 0.0484085738346175
DK38 -0.0277361590221598 0.0107005455015941 0.0777321999890243 0.149385666846228 -0.153624413706072 0.111417688265692 0.0657099520262817
FR02 0.0443763740325785 0.0644243306227993 0.0490270026397427 0.0158622006831963 -0.00424141562293861 0.0173197811224508 0.0942935212991333
FR03 -0.0154543288443774 -0.0851663914424237 0.0410874220879055 -0.063223987585705 0.0808230622254944 -0.0307085443608456 -0.108099582778387
FR04 -0.0676398672522275 0.00101291182904752 -0.239589527098843 -0.00298683211493753 -0.0768117314608304 -0.0346943261209773 0.0779149214004703
FR06 0.0653162144480142 -0.0349264848053535 -0.0702994784622093 -0.164422740374365 0.0106025866747543 -0.092236526493596 0.0203539076514139
FR08 0.0478517135235455 -0.0305228384527138 0.0279307028411043 0.117546129137435 -0.114516118722077 -0.0386579801215455 0.0515900726034583
FR10 -0.0556349216921902 0.0479480553651261 0.0750904580205748 0.0219890183912173 0.123280773092759 0.0544021726798541 0.0454760681754188
FR13 -0.02373967544331 -0.115224115909682 -0.0369852163295178 0.053349697477831 0.0813133846910285 0.0224804194957765 0.24993671074176
FR16 -0.156504479912306 -0.0297580898643585 -0.0522109716347049 0.0514110382751957 0.0165298664377423 -0.00573816210179653 -0.00957144406021346
FR17 0.0364395845833423 -0.0564472953842544 0.012872069412898 -0.0664379393317746 0.0178282701437915 -0.112313851217608 0.0332631748949022
FR19 -0.0670196075938304 0.0589942037795328 0.132398776063672 0.0343413594908888 -0.0219632596196667 -0.0461590317160493 -0.0871635805618253
FR20 0.137185699023344 0.0529939989938652 0.00769479637847852 0.0138633281213719 -0.0538408507662183 -0.0623026532146175 -0.0874975087067728
FY01 0.00633719528206029 -0.0526212563704793 -0.0151683370079209 -0.0532840454203091 0.061071303183668 -0.0664994274029386 0.00759432091631368
FY02 0.0685835374954942 -0.0749693844488424 0.0160954713934828 0.0322390203033746 0.0035549206118196 0.00482790622204556 -0.0137915017182591
FY03 -0.0636172667209287 0.0125187307368552 0.0894339583093129 0.0478805746023038 -0.0752209328159923 0.0251185647524325 -0.00335348330658344
FY04 -0.0137998421008502 0.102240337477516 -0.162091933977258 -0.0105042167378261 0.0765958022480094 0.113402269823295 0.00537788114861864
FY05 -0.0228964950493674 0.130284678469335 0.051782316873665 -0.101429135559255 -0.00545356004479106 -0.00300875829129148 -0.0365123130210063
FY06 -0.00578713628204019 0.127103389846692 0.0227716957772164 0.0125932912867796 0.0196113017469534 -0.0578249784898348 0.0347818727135791
FY09 -0.00270540624310511 0.0503060408359113 0.000490745747941965 0.0753516710604439 -0.0120356161769518 0.0838533864925446 -0.0469730117677001
FY10 0.0315293355738782 0.0938812352973085 0.0378581128626131 0.0245736450997348 -0.043740913395213 -0.192952787494665 -0.0357508404993768
FY11 -0.0962273892189846 -0.0688349019675296 -0.0506852539839682 0.0761053578911179 0.0514810970618967 0.0630294781636056 -0.0165235557309329
FY12 0.070850811266848 -0.068591101725898 0.0612664869405126 0.092651842902482 0.0136269948380631 0.119840960667385 0.128259912059731
FY13 -0.0783569122726884 0.0838550786868942 -0.0390002558956568 -0.148152870636479 0.209074048475084 -0.00980390223064651 0.0233867480058047
FY14 0.069048653520614 0.047119584507916 0.0608939541856378 0.0642839117537369 -0.00376701610065968 0.0695302469835868 0.0852225039098391
FY15 0.058380161150177 -0.0512480565992745 0.0338973588743422 -0.0832694312132916 -0.023515825299561 0.0757460324604665 -0.0727572121979904
FY16 0.0160332653797971 0.04596328573357 0.0669199202217846 0.0740013269508742 0.0165346529094207 0.0178092746430463 0.0307597015594735
FY17 0.0192454247330014 0.0195199288587858 -0.0631988176358986 -0.103787513570063 -0.0699848489726925 0.0191702022496117 -0.00605127630753725
FY18 -0.0420580975656344 -0.000762332288369797 0.0876939348372954 -0.128477211158934 -0.0329854871734602 0.0434521803446022 -0.0321031951459184
HH01 0.138669285403609 0.00928690320682902 -0.106538111626849 0.0288656015907374 0.188690640459699 0.0577971004072983 0.0266932239887224
HH02 -0.174046745049895 -0.000564575496058442 -0.0402624371607889 0.103350864356888 0.116288878385432 0.0432408895779578 -0.0667112274910703
HH03 -0.00534105633423817 -0.0270531937788992 -0.020495363270144 0.0130999035668288 0.0996622624061761 0.0588099023339 -0.0155907407625643
HH04 -0.0588794713127437 -0.0863232652392619 -0.0492463310969119 -0.0526032353887001 0.0214171984516442 -0.0275670722063754 0.0635854377814583
HH05 0.0220580154142941 0.00697273291352377 -0.0154608000700246 -0.110220671078892 -0.018957351275843 -0.0947468885773678 -0.0307959857949227
HH08 -0.0493482216121086 0.0354707412798035 -0.0397591790395406 -0.0150192169742836 -0.0185845157285817 0.01272262818083 0.0668520545770873
HH10 -0.0861530137362183 -0.0472546566243556 0.0388735512939241 0.0642701689117232 0.00613226014969709 0.116077251688589 -0.183982125546653
HH11 -0.0457757678794608 -0.00156833152712748 -0.104002328120166 -0.0258029477840308 0.0589619687442978 -0.101479774467493 -0.0607813488409553
HH13 -0.00970806035241399 0.059180010475578 -0.0191339223139384 0.0025375495242897 0.0231777320055805 -0.127282028297156 -0.0651339593640956
HH16 -0.0107217263845949 0.0697879556486599 0.117391977767267 0.046168456662338 -0.0155539868565124 0.0194458284523036 -0.0121131068766476
HH18 -0.0466757632221537 -0.103579772803786 -0.0601121689045313 0.011505345030551 -0.0508878772259267 -0.0822812549043646 0.0574207119466622
JB02 -0.0511313357109915 -0.113894525505435 -0.0117713063031651 0.0659171178570932 0.153817462793741 0.166873663783174 -0.0466693707751722
JB03 0.00181639212759721 0.1023391820741 -0.122625506558927 -0.047550913234602 -0.031600840401828 -0.0626680623805377 0.156910769106702
JB04 -0.0517186406641141 0.100684679790978 0.0900898628653107 0.00814004228828279 0.00263907076548405 -0.034729102497168 0.0601964097669623
JB05 -0.0655212779143414 0.0679451954703494 -0.00577939806868202 -0.033001693107373 0.0732309444169 0.150412676758804 -0.173476789869195
JB10 -0.0964225678964687 0.0649414777814393 -0.044500065678798 0.0284026254371608 -0.00713686589103396 1.16849108649526e-05 0.0921887465028111
JB13 0.00978637327069836 -0.041061561252377 0.0891585961718178 -0.0793774122930329 -0.0995773860365105 -0.0277299661708929 0.0838167833341203
JB16 0.078809343164249 -0.0268235097647557 0.00171276455649926 -0.00575610525594687 0.0303723362929038 0.0358469977115819 0.111519678392947
NB02 0.0324302013740392 0.025241471490315 0.0544409180422594 -0.15096751823237 -0.153556759443877 -0.00393892406624888 -0.013180122925328
NB04 -0.0035719939583545 -0.01114671356263 -0.0390649934218317 0.0307922249766007 0.0702476754890981 -0.0606518837760287 -0.00935795935581737
NB05 0.050285459570702 -0.0339044829210757 0.168251978180683 -0.0156765182656243 -0.0605280017016562 -0.0813144917652676 -0.0307755647150399
NB06 -0.00573135048088776 -0.0600099220226504 0.011491602302454 -0.104619898610104 0.019369537976724 -0.103048705184911 0.0370652957783547
NB07 -0.127507636517174 -0.0169363586513774 -0.024269270293145 -0.0388120367081709 -0.00922164801156453 -0.0425252291014875 0.0124694989579856
NB10 -0.174177481791395 0.0252075978258476 0.00633609969207717 0.113899172800891 0.0780811957970416 -0.0876140028180666 0.119145541171307
NB12 -0.0295547601623988 -0.0976203131213472 -0.0398669856828255 -0.0219184056656229 0.0456050627540758 -0.0395369109895201 -0.15222093615542
NB13 -0.0229047802555375 -0.0742480243529887 -0.112427973392909 -0.0174364288680056 -0.0873656490578228 -0.0795839446193812 0.0646201712504859
NB14 -0.0230181636530605 -0.130370750369231 0.0840509367430285 -0.0130944469682027 -0.0797841949452752 0.0734770776081184 -0.0431372429080819
NB15 0.0439183793976319 0.0134411458482546 0.0235562499156625 0.0238555947426487 -0.082154968212695 -0.0690861481558471 -0.0366010108405095
NB16 0.128911659493288 -0.0134944060304141 -0.0188097645100882 0.0850934273457028 -0.0886762175074173 -0.0046458999305125 -0.037959907417051
NB17 -0.0126142943456217 0.0735832283100024 0.046190295703093 -0.0116813959287009 -0.056065038426213 -0.037399807747922 0.00374124526094548
PA01 0.051766544109315 0.105299830818237 -0.132953707328885 -0.0523677072668239 -0.0893151860143686 0.0109941495397348 0.0147283442401013
PA03 0.0585156583051113 -0.0317787323969657 -0.0901622525906212 -0.0310780728638819 0.00390482245815365 0.0182482725720515 -0.150334985178856
PA05 0.0848508801688171 -0.0663485225531005 -0.0622678746567829 0.0227653295718776 0.0855202099308984 0.0838663810466478 -0.0106072590246965
PA07 -0.121491869502345 -0.00862033584313693 0.110398356928041 0.0241779366235214 0.0183083689495035 -0.00025348502199414 0.0283712174092558
PA08 0.0833569969494755 -0.00364509249007573 0.0688769245375919 -0.0813890658320634 0.100420682412889 0.0329151742348258 -0.013122568905189
PA09 -0.0208722856093902 0.0497161587199441 -0.0271873836291884 0.197830272536416 0.0229080022156983 -0.0829006750780949 0.0633766663282136
PA10 0.028446206340953 -0.0220079646954509 -0.118836604946337 -0.124750611228826 -0.0365260593291429 -0.0221644180767447 -0.0311761333794296
PA11 -0.157916223820531 0.00168171093998577 -0.115139661964703 -0.0761717967143849 -0.00911431190922211 -0.0399014361343848 0.0177492671990391
PA12 -0.00492910419168213 -0.0351889969089647 -0.0299123349596558 -0.149946710351299 -0.0742570526058028 -0.107854007939345 0.00464401927988401
PA14 0.0924651233265284 -0.0481449734954603 0.0481118758041231 0.0257716325905735 0.0964929350650857 -0.0719756228378493 0.0540557675330012
PA15 -0.0291577288886785 -0.0342838684122097 -0.0174860152344298 0.0746485097198558 0.0431472829538929 0.133722995323842 -0.151301802362101
PA17 0.0221738592803678 -0.0754694834817827 0.0208369035454106 -0.0219170321091064 0.0249072566460924 -0.0859537416848628 -0.143555295661921
PA18 -0.0509988373323282 0.0841564477765255 -0.00261390931203737 0.135059371503612 -0.0104520331673865 0.0588054132069259 -0.0510182045896285
PA19 -0.14140980211721 -0.110598144106693 0.0296125068518594 -0.0730463924941493 -0.0637420239033145 0.0799661075409407 0.0365774441950741
PA21 0.0178217929785037 -0.116804951431713 0.111910700637337 0.027657461274221 0.0409437109744835 -0.0359497314373502 -0.0174109169225249
PA22 0.037168722729558 -0.0844541461354845 -0.0372585419068105 0.0796138206435586 0.0330308969568062 -0.00121479808151783 0.121508043907884
PA23 -0.00317015572556393 -0.0358122662942363 0.0176974066667614 0.0374514176046858 0.0144396183185998 0.0285968440936043 -0.130211072889757
PA24 -0.0636200525103276 -0.0796423411868716 0.0652178273371602 -0.118813606531942 -0.0507432780252859 0.110044368516421 -0.133264650083211
PA25 -0.00307630045019202 -0.0282809957996548 0.0196269731508412 -0.0900805941160214 0.113127337753963 -0.0910763495152537 -0.00976965643630382
PA26 0.00205834184827969 -0.00355901335665193 0.00722076294038228 0.0657881737417621 0.0776140331339568 0.00838661838390276 0.157186365674862
PA27 -0.104365139731522 -0.0514087684393037 0.0501696224058905 0.02471948563225 0.116029159024179 0.00335881917687333 0.0280083469491839
RB01 0.0480206749009112 0.0984869086874671 0.0252569213688558 -0.158629503611399 0.0825992681457855 -0.00510386350473838 -0.112122069081794
RB02 -0.0762160198968108 -0.0437276302439467 0.0681168109331677 0.0628302312251406 0.198798736293098 0.0136916115255734 -0.0163398986975357
RB03 0.0694141851124739 0.00863862932111205 -0.0535599363190967 -0.0649976144680716 0.182095723341715 0.0105961437695821 -0.0734870368859947
RB04 0.0547863391247954 0.0913689087584721 -0.00879849148325861 -0.0474397812809662 0.113138252131549 0.0937720919651747 0.00433584488428686
RB05 0.0525190807519996 0.0506172146937102 -0.0203527431264831 0.0788238485424989 0.0903035591327696 -0.0175941429750532 0.0322443681765476
RB06 0.0413174702943264 0.16507622148205 0.041491778232099 0.0513469373589067 -0.0198883533944391 -0.0415682193391716 0.0869057059197771
RB07 0.0104074181601339 -0.0457881487946177 0.037683674258813 0.0546556209177432 -0.0208906902173801 0.0858625022633427 -0.0333520293942774
RB08 0.0893803884397214 0.0436931450595376 -0.110210426247985 0.0861700773464318 -0.0423324762603465 -0.0180543725281793 -0.0749357800077572
RB09 0.085453917439249 -0.00973516406321203 -0.0492341545318116 0.0997541100680472 0.0153985416247618 0.00585528546476973 0.14506115237364
RB10 0.0108595944953099 0.10969410038993 0.147515050555414 0.0905603657521713 0.0220945573907528 -0.120908873463037 -0.0124731978109441
RB12 0.0315523118321022 0.0697943671053068 0.140812175910523 0.0946879058389837 0.0341469038729562 0.0346720684104837 -0.149717387546879
RB13 0.0865392472707773 0.0573767424763895 -0.00179325839417345 0.102893879937055 0.00176381707371142 -0.041476192916659 -0.00724906945528385
RB14 -0.00943130876451416 -0.0301715608199849 0.0325646505227118 -0.0269292678295859 -0.0244023665632898 0.0177624917904645 0.0112008284450092
RB15 -0.0217557993278467 0.0273956943433759 -0.0208586968008007 0.149931674793865 -0.0499691704711307 -0.062282493838408 -0.0223305449387418
RB16 0.0670561540197254 0.110331008096453 0.0937264396717149 -0.0830957719778612 0.0247371451011639 -0.0602451790649115 -0.0136835440566243
RB17 -0.0483359111152841 -0.0261836754346305 -0.0990455535436217 0.0918426904189693 -0.0849375986281459 0.00628314792457645 0.0921486782286219
RB19 0.0646493576856258 0.169082535688773 -0.0689913800108073 -0.00985040176616883 -0.132161636009136 -0.109317069075816 -0.0947956767280197
RB20 -0.0480536647088742 0.051844505156461 -0.00924903975473635 -0.0760570341707861 -0.0563953172024583 -0.046798654865303 -0.088811271195973
RL01 -0.159731384280072 0.0614056820683993 0.0224825688865208 0.126047677997283 -0.119363866818235 -0.0463240575974041 0.0291444712215657
RL02 -0.00708567037025465 0.0842727092216287 -0.0167976631659741 0.0284330389792643 -0.0455645269742117 0.0376857546046801 0.0213067791364303
RL03 0.0935707013986521 0.0945372020111545 0.00296565141837372 -0.0196980303488244 -0.09246351318372 -0.0217166663077836 -0.0822534162091303
RL04 0.0757056507673729 0.0265248228608159 -0.0233773150219146 -0.110612447562394 0.127470008569363 -0.0194141373371148 0.0393519708005204
RL06 0.0811278941300966 0.031521499163938 0.0109731888676117 -0.0745267320213982 0.130448235786587 0.0552257724174423 0.0325389768297415
RL07 0.0307952028864699 0.0506745893633025 -0.0743449895801773 -0.0149506245697359 -0.0174686173983056 0.018654937868551 0.0751135175334096
RL09 0.0651763658259934 -0.0563094809979364 -0.00496914857296024 0.0174236641681264 0.134375874335755 0.0775987416057123 0.0281028633230514
RL10 0.0448037383175514 0.108469425227942 -0.0397719837607351 -0.121487925040098 0.0412459013296138 -0.0754623426270181 0.00224486433485903
RL11 0.120626976265302 0.11611590297608 -0.0511476119663078 0.0533522357138289 0.135868406910101 0.12273713272532 -0.0861265656211811
RL12 0.0219010414091561 0.0681789679102659 -0.0358620601400369 0.00795855796297231 0.0612730724756867 0.0856735016078566 0.175636035119762
RL13 -0.0394543059169725 0.146550031950362 -0.131657764166467 -0.112520314338877 0.048767310680652 -0.00947606641436437 0.0287578083869537
RL15 0.137504402814963 0.0820501871806543 -0.0427224998831718 0.0279472480903232 -0.00319294849586414 0.118201942894396 0.0318541256832567
RL17 -0.00404934259881611 0.0102975453461323 0.0273600643016868 0.000520598839775111 0.128535824719331 0.0147389186500848 -0.0364408839377656
RL18 -0.236730979941795 0.020017934363751 -0.0394858366150956 -0.0350345698775823 0.0124181467134748 -0.00610114707799163 0.0411362646527827
RL20 0.0216887102126755 0.0937123828928242 0.0854511226373961 0.0316555948571291 0.107148767375929 -0.00444000190400329 0.0690735431954594
RL21 0.0638581182335052 -0.0658733719169075 -0.041716050312696 -0.0227455817617686 0.0696573482457996 -0.0028704233183997 0.00534735857923479
RL22 -0.0828233574798139 0.233056191964196 0.0184986349294068 -0.1210913919908 -0.150104696014802 0.345271928755848 0.193756928760232
RL23 0.0476724970723273 0.128006986148923 -0.142479658795195 -0.0400442616944362 0.0749449294487159 0.0141041961761801 -0.0267584078579522
TR01 0.0425206284785032 0.0512808211467464 0.101850116660866 0.0682069810420677 -0.0283921723304193 -0.0336585862621138 0.0433476523274456
TR02 0.0559092610979738 -0.00816461260641115 0.00371516283078509 -0.031510752150033 -0.0437494500940515 -0.120528453363935 0.0115942884275756
TR03 0.0872146695043487 -0.0571810768089891 -0.0702357395810607 0.0111559032428963 0.059946710103883 -0.00594462760101522 0.00936465711307942
TR04 0.110646096847802 -0.0116562991311437 -0.0751158538304618 0.117347308745793 -0.044265890888315 0.0420668340277775 -0.0808633986947065
TR05 0.00880772491910711 -0.119654454568009 0.0357690730003135 0.137056918899445 0.0318336775882486 -0.0443546602824923 0.0681672752457944
TR06 0.0443027220960197 -0.212056726415832 0.090272765642512 -0.0381365578881438 0.0142041073046453 0.0766446889999737 -0.0144866284927726
TR07 0.00362414156666636 0.0194566448722145 0.0841272495129195 -0.0217034611516979 0.0421847909982838 -0.0752604538529895 0.120094002161221
TR08 -0.00961590079016787 -0.00311634732908806 0.0166583348668961 0.0557321539209169 0.0730215994895053 -0.134268406439628 -0.0577734459649233
TR09 0.137819665330438 -0.00971667979407431 -0.0513161576400645 -0.0048674567037438 0.0466185080954557 -0.0564680854211037 0.0301939776462572
TR10 0.0839482572869204 -0.0747639319781833 0.121114851823405 -0.0593431890729677 0.09521539512693 -0.0759029656796586 0.0528430117600594
TR11 0.0662833940043714 -0.0189628752756005 0.0552990923822389 0.00991928218367795 -0.0196384795614293 -0.0384425916635767 0.00271878439646854
TR12 0.0184202853032928 -0.0183498899281131 -0.0770484295158864 -0.0649533629095069 0.08653150272553 0.0345611973804043 -0.0257353781274795
TR13 -0.0393829589173526 -0.13000309093261 -0.112430898907443 -0.0357976419872996 -0.0402835440236883 0.0926966308939446 -0.144688170215994
TR14 -0.249225663768137 0.088473184975162 -0.138775413077875 -0.0589248480397494 -0.0210931792068512 0.0247395166257827 -0.0399284535692023
TR16 -0.0151071121947212 0.145451233560868 -0.0121389166405372 0.0904709291821547 0.0518431777772803 -0.0354673938979732 -0.0472201840938038
TR17 -0.016376571536357 0.107409487318155 -0.0269894270827209 0.00423087972262501 -0.0874228367652886 -0.0969426435539691 0.0924434464780666
