sample MDS1 MDS2 MDS3 MDS4 MDS5 MDS6 MDS7
AN03 -0.0208375660472289 0.0378262052435118 -0.061200674313691 0.039880567619208 -0.0100772922259998 -0.0376537286146448 0.00252364095505924
CS01 -0.0690008999963355 -0.0322889223154287 0.0225610225281239 0.1021164764961 0.131267691811633 -0.0894932484731838 -0.00319520847545712
CS02 -0.030179706675098 -0.0430091145251503 -0.0349362165434077 -0.0286227960097302 -0.0728615552397055 0.10248726487746 -0.062430260785633
CS03 -0.062924251536145 0.000930334951630585 -0.0286121320454496 -0.0402259999070879 0.00189784302475161 0.0296296634049044 0.0156038926862814
CS04 -0.0567855062655955 -0.00717897135153195 -0.0396791670504691 0.0138140575338855 0.0236737458979271 -0.0652536474495023 -0.125043368003057
CS05 -0.0352471325897046 0.0979286160795829 -0.0851672902987635 0.0444952210379663 0.0925625014817257 -0.0834797328350222 0.00186640507452179
CS07 0.0493777979119157 0.0612154752112611 -0.145502823819688 -0.101504066997646 0.00339146302901469 -0.0797429850502124 0.0652468421471335
CS08 -0.302786536914429 0.239277500219509 -0.0558990007174204 0.00479820283539495 -0.0464437581323293 0.125631451839852 -0.0630288426504688
CS09 -0.0794030812736779 -0.0601380795739157 0.0734137984184193 0.0768821665421525 0.0254204366276827 -0.0792382104273972 0.0176004510648909
CS10 0.056048411264472 -0.0413647122532014 -0.0210182578549573 -0.0737419707090733 -0.0288309808761123 0.0618103085887092 -0.0150233854578738
CS11 -0.0357833695228545 -0.108131584683242 -0.0189207737055513 -0.0492148787825464 -0.111848412070901 0.00811926866619415 0.0539236317866201
CS12 0.0353699686121002 0.0788893007745184 -0.0177976734392634 -0.000164545238747787 -0.110302064705102 -0.010366874484305 0.0425703171115568
CS13 0.0896687499104764 -0.0513686393229598 0.0262825209373619 -0.0885659894445125 -0.0904636850240293 -0.00613184702186455 -0.103579476997601
CS14 -0.00917051336924462 -0.0439003787552229 -0.0308939978864092 0.045035848054299 0.00956461538614625 -0.000486972785222892 0.0642973866767183
CS15 -0.0372778542400384 0.00187822557289378 -0.0822906633747035 0.0220713193910225 -0.0408232298272072 -0.0521352951214693 -0.0562288777900649
CS16 -0.021600249651086 -0.0659090015845569 -0.105492462981527 0.0706999634257812 -0.0930726665038011 -0.00640871470056409 0.0923263354747217
CS17 -0.143020916693171 -0.0485937330770511 -0.0127522074970349 0.0457905387090392 0.0877901824942095 0.0535534463411657 -0.00836747414708988
CS18 -0.00730528146913965 -0.0247021895626931 -0.0834909862423213 0.119779075841022 -0.0288709934181297 0.00819365128465774 0.0087534064202725
DK01 -0.00277213000731112 -0.0926219307853772 0.00234398807754637 0.0334961381675235 -0.0670521363977304 -0.0476999543138387 -0.0341521977147502
DK02 0.0471805389009611 0.00919587801027087 -0.0492848935857493 0.0330724132316986 0.0889092189200833 0.000404570625152728 -0.0122569999837998
DK03 0.0800124061621132 0.0656235419560259 -0.121793184251052 -0.015790883137335 0.071235244965915 -0.0160001599183398 0.0002791178969484
DK04 -0.0874730101542948 0.0145128195667037 -0.119032933285324 0.156610222530165 -0.0310213246309468 0.0365815443439529 -0.127233621196343
DK05 -0.357806847771628 0.392117652773526 -0.0912146348176132 0.0740459916957945 -0.0939214758021122 0.192217292073306 -0.0311173839744869
DK06 -0.0588608982272677 0.0134882332386576 0.0657645663694271 0.0764581424416895 -0.0112326877557489 0.102820579387116 0.0651873657654744
DK07 0.0764873706342398 -0.0292456504210808 0.0338127145625613 0.0495965337080269 -0.0415606215062408 0.114084831763972 0.0191865831265244
DK08 0.0933221839938386 0.0675972807670593 0.00554415932976377 -0.0400430061848381 -0.00212223068483725 -0.0298472004636859 -0.109259271066027
DK09 0.00824535755965331 -0.0370626540213312 -0.0068485058182478 -0.0346151949432793 -0.0426291075313468 0.0291225028733264 -0.0227149271001273
DK10 0.194832801202824 0.118476116301323 0.049912200347583 -0.000432269541461482 0.0321223272234961 0.0458947199206575 -0.0892413766561918
DK11 -0.0678021996148111 -0.0548682165121419 -0.0399389540854706 0.11426623407349 -0.102911751885712 -0.0291086585036395 0.00715276422473216
DK12 -0.0728294533784974 -0.0157480959644707 0.00152146748526426 0.0460642840674337 -0.0327824871582232 -0.0480610067382164 0.00986280782037672
DK13 0.0176831972252334 -0.0469793082009867 -0.00354216873676591 0.0122303482608003 0.0118613234555074 -0.0268447427535219 0.0970472018510739
DK16 0.0322534535742195 0.00316430226623746 -0.0479535833746608 0.0563128810361 0.0213663363254823 -0.0175259932856844 0.0551417334978543
DK17 0.106543537572088 -0.0553148814041507 -0.0298494750027448 0.0034662803451131 -0.03607878526646 -0.0878801012680691 -0.0152828419861543
DK19 -0.0225938540998155 -0.0572287693526044 -0.0776969693330455 0.0089249592054358 0.0148966537718582 -0.0839709397296809 0.0280359602609826
DK20 -0.0592601967899726 -0.0482024918568283 0.0296371620254323 0.110961505019043 -0.051021659458539 0.00746488998622809 0.0715684052711873
DK21 0.0986104101224967 -0.0384565660853622 -0.0861882583384998 -0.0614429288877511 -0.0256522848870585 0.0992228404017916 -0.081857823990979
DK22 0.0796752434692267 -0.0312334399900306 0.0669405576062661 -0.00268916233104009 -0.164988599853005 0.083837306811154 -0.0383319631438249
DK23 0.085462339421258 -0.00931246257479327 -0.0804354360220491 -0.00974739901799884 -0.0801459986057569 -0.0110231979388114 -0.0225235057508003
DK24 -0.031784828463746 0.112922065778567 -0.0441758709850635 0.0784908602263367 0.051665937068671 -0.189530582044385 0.0699086673538736
DK25 -0.0575798724458349 0.00961225417894142 -0.00115981292193923 0.0539945542570446 -0.0601300974825628 0.0095386349349507 -0.0874920504932471
DK26 0.066894542537842 0.122662399728558 0.000426198906420559 -0.045930359435707 -0.0238898576606238 -0.109962879524993 0.0424495681190434
DK27 0.0812169875454741 0.0550758549139864 -0.133474782929192 0.0412223184068188 0.029265877326161 0.0952599827334185 -0.00602892224097257
DK29 -0.0800855012645791 -0.0552969346372373 -0.0293210942783968 0.095619009248697 0.0559220627962857 -0.111808524087003 -0.0535196731184828
DK30 0.139613328774854 0.0378221742644496 0.0821377518752721 0.173391253000152 0.0201248665960887 0.068194183464084 0.101414185041607
DK31 -0.0313232436672905 0.00247742274013416 -0.15083882040958 -0.0320007905162657 0.00303909691918554 0.0236756310767708 0.0713801809631547
DK32 0.0281056091384844 -0.0667839860810697 -0.0211927973590524 0.0778415389285247 0.0296108593320521 -0.101140064901875 -0.0191528224042826
DK33 0.0603019615284699 0.0914501163627092 -0.0884946072210804 0.144470133151965 0.075691068933919 -0.104503150362885 0.0296419683086903
DK34 0.0921711213994583 -0.00735548751290157 -0.109790861033136 -0.0733130316553796 -0.0788668296219866 -0.0680459758410007 -0.0911205551584738
DK35 -0.0321006985407852 -0.0199912285827218 -0.159525184253246 0.0449634398095054 -0.00422970797870529 -0.0752499390001345 -0.00405198139249309
DK36 -0.0245050956909869 -0.0680248926441532 -0.0840389693539679 -0.0170677718977212 0.0424889970663089 -0.0990745006065693 0.0513205297323137
DK37 0.00268144744921444 0.00592424730522432 0.050594907208858 0.118768606808618 -0.125288664104838 -0.0458777663338191 -0.188950964271564
DK38 0.0154037302253632 -0.0150593039913609 -0.0106640675260481 0.166331206938656 -0.165991388168928 -0.00569218497912485 0.107440374001842
DK39 0.0319726711082977 0.0071221049315302 -0.125303260954295 0.0015409066419177 0.0683561611100552 -0.0202340201780177 0.0542253283386255
FR01 0.135217878771096 -0.0663156851778447 0.14111396872542 0.108426227333849 0.119411014373758 0.0719363641272109 -0.00472008730650428
FR02 -0.00953342799234672 -0.0653218301898354 0.058972422423594 -0.0156663454590686 -0.0186384624339898 -0.022831819714598 0.0485667599085904
FR03 0.0713548830394821 -0.0627879657454446 -0.0690777006164394 -0.0192673235155096 0.0672727650793999 0.0480821357054103 -0.0498719432914693
FR04 0.0102054895754067 0.104982841943293 -0.000947310737662384 -0.00155359916601287 0.116476605011865 -0.221130564745217 -0.00911402356281971
FR05 0.035787177972405 0.157236292597951 0.0499749421503433 -0.201216199597328 0.00135312878591568 0.0220017980825975 0.0506677084229658
FR06 -0.0532017416866647 -0.00286223903389537 -0.0184068095165985 -0.151768414770366 0.0660336803220933 -0.089752995291148 -0.100623029870765
FR07 0.0274096984535237 0.212302658671738 -0.0138500481150356 -0.107993866631124 0.0818686574789839 -0.0371508796256169 -0.0378557598414621
FR08 -0.00512546575254105 -0.0463304431843387 -0.0255729458396786 0.0608958034836122 -0.0875948110394985 -0.114539287586621 0.137457355439459
FR10 0.059071229388438 8.5913478992398e-05 0.0552723191199962 -0.0268462318827961 -0.00214753390716959 0.13584371811584 0.0394049190093106
FR12 -0.0583475128876689 0.0130741281850962 0.0468840422075963 0.0307386813742957 0.0893572201421988 -0.0257816869210906 -0.00692523947229844
FR13 0.000862931398983007 0.0950190351414011 -0.119319179480285 -0.108118210514613 0.0243733241022383 0.0314094359306338 0.146807275596458
FR15 -0.0174526804245582 -0.0488665704830192 -0.0617554361703581 -0.0961164272797207 0.0338297001983686 0.0152593338050718 -0.0497793100239506
FR16 0.0991644606031091 0.152024555266769 -0.0185210290586223 0.0468011441145849 0.0257948582278496 -0.00147758403139552 0.0351478167887311
FR17 0.018405032116223 -0.0733669408731767 -0.0408196240813469 -0.125177898943609 -0.00614094700429371 -0.0798018714725745 0.0131802639474513
FR19 0.0557148978943939 -0.0026928849793398 0.0497790734002183 0.0748265112166783 -0.129079937395223 0.0688071755571401 0.0076814814882667
FY01 0.0176830636634436 -0.0515139579407184 -0.0408721325271777 -0.0810444240789349 0.0504750693030653 -0.0358512145801276 -0.0180526433523941
FY02 -0.00408431340835397 -0.10833393986352 -0.0489751034772448 0.00132402773486928 0.0128952886094404 -0.0304295758790179 0.0358291845903428
FY03 0.0729334433839367 0.00699390960916286 0.00794791675563199 0.0649093964792945 -0.079647354281552 -0.0476163302644052 0.0263180432657505
FY04 -0.0881128395254033 0.107371050668848 0.0970750653596847 0.0838901294801563 0.127096177962791 0.0297756946663338 -0.0237539430871922
FY05 -0.00704830943332967 -0.00119320544529754 0.0942426262923242 -0.0229117863961424 -0.108007742002243 0.0693053261052416 -0.114824158299244
FY06 -0.0229131969996181 0.0201874215016705 0.101588654817585 -0.0521803642935559 -0.0882024240473713 0.0183020241794144 0.0122172296951868
FY07 -0.0494171593875471 0.112439251124274 0.0355960437237386 0.043870377875183 -0.0573695939213239 -0.0726398741179694 0.0915220013418082
FY09 0.0234044999651155 -0.0361445861506781 0.0553232061959407 0.134380105015444 0.0292654617560972 0.00409948927176684 0.0352600557490229
FY10 0.0106262795063358 -0.0197747440259698 0.0814699568120216 -0.091004138745653 -0.125646594674241 -0.0850869286740892 0.024641919925434
FY11 0.0863799464699033 0.0519514912404775 -0.0341690366332482 0.054782435537887 0.0789260587335052 0.03824482866541 0.0675856438314248
FY12 -0.0639111731235101 -0.0146395980178361 -0.0673382012178697 0.033087392481139 -0.0263422815097063 0.0926733431160542 0.0972487243575798
FY13 0.11263589199998 -0.0164857635126422 0.125161472749995 -0.134437877347929 0.134768827643488 0.0203305021555449 -0.0933713821345199
FY14 -0.0164990301431884 -0.0513542036174544 0.0423523910983007 0.0264199247224393 -0.0292790218092412 -0.011676711888443 0.0875340691250323
FY15 -0.0136264349915849 -0.0790662614284455 -0.0642390605769461 -0.000307218539860414 0.0134391181067119 0.0327237366579259 -0.126611693161872
FY16 0.0389511695282542 -0.0584074998120822 0.0587916662911428 -0.0261168951499047 -0.0361820943522938 -0.00115603562652981 0.0784543811409491
FY17 -0.0234731486218361 -0.0483343173337719 0.025241009929941 0.0215821719148257 0.0292739315483994 -0.0887831688736288 -0.0952689883566237
FY18 0.0338769430382092 0.0341841755779504 -0.0209468863456832 -0.0327326054178403 -0.0766125951837338 0.0258474009081784 -0.145543796164858
HH01 -0.121316949497276 -0.0207700408782003 0.0496146148652416 -0.0607084133301834 0.187956802497459 0.0557970799436559 0.0821068159713515
HH02 0.1473355418789 0.104012866535572 0.0356398165751963 0.0435853004180591 0.130783602221608 0.0513623848145255 0.0785041575147277
HH03 0.0257785420728259 -0.0071965493198197 -0.00422530773416143 0.0105686880810567 0.0713643569935307 0.0568044303490926 -0.00148284810935755
HH04 0.0833020205789592 0.0226338879423181 -0.0663366134765612 -0.095338036822982 0.0739660744543439 -0.0254620491542269 -0.0316015182023791
HH05 -0.0369105845028324 -0.00696316464897873 -0.0188013068830204 -0.0533946482132448 -0.0343015955986266 -0.0286236833486779 -0.120535582101597
HH07 -0.0477460536957117 0.089907042938949 -0.0193827236216861 -0.0689959646366266 -0.0329611918067502 -0.0156618566816129 0.0333402616777231
HH08 0.00726476140811219 0.0736614621343675 0.0231961272860328 0.00445997371184902 0.0114608738834384 -0.0273690536208926 -0.00207236928071119
HH09 -0.04005284949482 -0.0325351395680129 -0.0153303393284608 -0.00979052996976159 -0.00391410785997093 0.100925590079735 0.00690465534697817
HH10 0.0781482455121512 -0.00685690689189718 -0.0270909478920017 0.188166883475177 0.00532262199881418 0.114989166421171 -0.0324468876451817
HH11 0.0468206376093675 0.00547495304411677 0.0254140497405924 -0.0472751904955114 0.0657840778211762 -0.0527197607604463 -0.0269251830871262
HH12 0.00578423821427657 -0.01318752747046 -0.0203690221053683 0.00623421775735523 -0.0189248080731906 0.0690345049750912 -0.136903669661047
HH13 -0.00334128706030192 0.0028051237045657 0.0782496024884131 -0.0298155697510711 -0.0245436628615371 -0.0213642837861088 0.0229087344597537
HH16 0.0567198534914703 -0.050272409418849 0.0606037260110772 0.0299716612106337 -0.089103244327639 0.0195450968864931 0.0277245838141539
HH18 0.0546302776869787 0.0486882176475415 -0.0944060947534998 -0.0240082023840533 0.027848838185506 -0.0965911154230662 0.0578567757872275
JB02 0.080738263532429 -0.013932777653056 -0.0409469755664489 0.0596266424929652 0.157676370460614 0.122037216832388 0.0466079195544911
JB03 -0.0437474250172761 0.0711491080209298 0.0845998977983949 -0.0483597763592623 -0.00667801906239048 -0.140055592656824 0.0178852136972475
JB04 0.0608245643014014 0.000210436709728317 0.0865954194563271 -0.016648652789608 -0.0927726012229369 -0.0319889059373199 0.0433993943829205
JB05 0.036374164222426 -0.00615254126631863 0.0948739217379282 0.132634118846828 0.106848163249041 0.109778726531417 -0.0989777091301144
JB07 0.00229035572096793 -0.000941805958626331 -0.0423783712009109 -0.0105884689817977 -0.0548745954982675 -0.0472741428180255 -0.0243475764049091
JB10 0.0504789927340137 0.0850447262996225 0.0563002253079967 -0.0171365612662063 -0.0321708046240082 -0.0292289187481407 0.0335228665451517
JB13 -0.0317837622811163 -0.0329363890651409 -0.0786611140088136 -0.00912722568567277 -0.134873904036045 0.0214740000949344 -0.0487804590356193
JB16 -0.092462068044644 -0.0364716074694549 -0.0261557681892812 -0.0287636369235082 0.0236965406604137 0.0398901541578405 0.0427403642795178
JB17 0.0242850376113559 0.0782443103021493 0.156696756230103 -0.104970065954457 0.0488541785485823 -0.0166398053671664 0.092629736587228
NB01 -0.0042220690982735 -0.0256206615727065 0.0182896597010064 0.0116004203838755 0.0436629393849826 -0.0358461157407574 -0.0864801309716824
NB02 -0.0226437498928126 -0.0596079670837202 -0.0152479798013746 -0.0143455116822421 -0.129649561035961 -0.0647811425184914 -0.164161875536943
NB03 0.0387001668446744 0.0145572442577116 -0.065307220720773 -0.0926281133798089 -0.0413397958533161 -0.088599972936701 0.0514034883952709
NB04 -0.0127537677826186 0.0212172062318937 0.00636979454461941 -0.0386056162102105 0.0157129890082799 0.0044049571969824 0.0386091952361169
NB05 0.00103418864253353 -0.0851956751439986 -0.0590522605394643 -0.0374321124100837 -0.151015540063655 0.0224508731212603 -0.0131963032031549
NB06 0.0426735631374707 -0.0553994298160862 -0.0621821852242996 -0.104324473163871 0.00775679190118058 -0.0545493761189056 -0.0524726070250509
NB07 0.0943682975353331 0.0830283594894787 -0.0272472085140638 -0.057793768997588 -0.0116222269673808 -0.0155179650949867 -0.0624079202899371
NB10 0.144606302907216 0.0974001666985537 0.0403261301062947 -0.0265527231643248 0.00827378652864517 0.0181255543356981 0.164353632636128
NB12 0.0451486203173327 -0.01996722255163 -0.0891330382916051 0.0456286665993344 0.0863346263344687 -0.0151332795229214 -0.0357092620729214
NB13 -0.00334539867272771 0.0232753060784883 -0.0886918865092101 -0.00986583847365744 0.00655441868018101 -0.161486170945193 -0.00421782122220624
NB14 0.0505845407087043 -0.0853873265657236 -0.134672216803527 0.115461262960851 -0.0170331128329489 0.0441208287324399 -0.0705066232515658
NB15 -0.0154793016367294 -0.0691259268703282 -0.0136890353890958 0.00383489436560372 -0.0552005880065946 -0.0715301133504279 0.00242254569612473
NB16 -0.104099206706736 -0.0824593121038051 -0.0122759639042095 0.0603696246677501 -0.0188697487028414 -0.038050751189688 0.0642237515596222
NB17 0.0112710082031498 -0.0036429388723521 0.0580604649287008 -0.0136908059812097 -0.105667549109718 0.00897952370407607 -0.0237008770739179
PA01 -0.117353116200009 0.0595606549577415 0.0922237497467018 0.0232084853837812 0.010640801329982 -0.0934661352627068 -0.0719651249472006
PA02 -0.0125224054489122 0.0309952197811947 0.145304705419891 0.0429368330994613 0.103674534720155 -0.0488435726687346 -0.0037263514184392
PA03 -0.0565575854374801 -0.0239903398903181 -0.00689762038513495 0.0489699905588292 0.0595019522199322 -0.0274384761743936 -0.0658771081132299
PA04 -0.00216510145186398 -0.0263549584442148 0.023732756257089 -0.127265855434905 0.0153475716697949 0.0102134824154863 -0.0623782932775167
PA05 -0.0408313927267701 -0.0905079608922737 -0.0405659222949039 0.0174395662645848 0.12683164637991 0.0514836917511694 0.0243309450112422
PA07 0.180268876574803 -0.0336689297708863 -0.018579191343888 -0.0122376010057444 -0.0500996590295688 0.00394765869892928 0.0201452338232626
PA08 -0.0523325536232971 -0.0585452157427928 -0.00509695555716326 -0.0539060167144664 0.000342668681723182 0.120317399588529 -0.0523277683259246
PA09 -0.0232941939980834 0.117941081053876 0.0461415837188162 -0.0110219415148907 -0.0413574897193973 -0.0520604459331531 0.19792751424993
PA10 -0.0811746523732128 0.0334043329257205 -0.0321535682478736 -0.013170843810559 0.0523328569517042 -0.0733326239867311 -0.141566340279147
PA12 -0.00309176374243779 0.00304689914917375 -0.0422615379696748 -0.0708788107534644 -0.055853327976296 -0.0595592767955869 -0.112998654969619
PA13 -0.0109123974353796 -0.00145023279419186 0.0124614796333138 -0.127699887727739 -0.0220487873214131 0.109234608934816 -0.0247873808208887
PA14 -0.0715983801636732 -0.0449322973363359 -0.0486504667248044 -0.111799825151316 -0.0391246886029051 0.0894852723833657 0.0766470150927805
PA15 0.0468506096555079 -0.0408644733473358 0.00852496697034223 0.165881680225787 0.0952215204304083 0.0940499284663594 0.00263586952103996
PA17 0.0278448144430553 -0.0569739756808639 -0.0419698050057562 -0.0381837950234015 0.0449713211825499 0.000144033234852963 -0.0227693386123703
PA18 0.0458478613514762 0.0416006262346172 0.0904004287921429 0.13320304670878 -0.0127029833934532 0.047174815439286 0.0603558183178257
PA19 0.0607146563223065 0.142985126498339 -0.130445804698365 0.0592461341343137 -0.0820753686168636 0.0733837147162263 -0.0894931784351787
PA20 -0.0478679399308495 0.0117349936601445 -0.0710477070389531 -0.0559133431806258 -0.0326539149887939 -0.0518094831989687 -0.0162465923939596
PA21 0.0369021646057958 -0.0592604616497362 -0.0954503030603653 -0.0541223082596792 -0.0338549168379588 0.0507298031683054 0.0323171521564547
PA22 -0.0719157645152745 0.0423411692672523 -0.0867387351840666 -0.0485820601746573 4.08996479123805e-05 0.0269257263733237 0.105500135375727
PA23 0.0332848012421821 -0.0505288705012935 -0.0119170691919472 0.0555758344290823 0.0697613658626008 -0.00246969329522217 -0.00859213770390278
PA24 0.0147498682816241 0.0335741325476933 -0.0884485130054762 0.106687710539126 -0.0673449336621169 0.129991275524936 -0.159547710067253
PA25 0.013217243542872 -0.0107816553586984 -0.0120621566009883 -0.105469958558151 0.0318281439199824 0.0573429554846803 -0.0399829440358832
PA26 -0.0258593478283222 0.0172443551902221 -0.00539627179186513 -0.0675281147362318 -0.0129709934516672 0.0237661944712378 0.0954968065452822
PA27 0.0690673226826999 0.0613384117194969 -0.0185835806277486 -0.00840197344959987 0.0193666592588629 0.148207875729695 0.031825264350577
RB01 -0.0232451005680328 -0.094175858617752 0.0990608567129023 -0.0550370575752277 0.0455513145987388 0.0709889352905438 -0.132963761169943
RB02 0.0704953083058862 0.0392743637206451 -0.00867718658271445 -0.0575350787266442 0.0298124296932335 0.192638521903605 0.0594444740063849
RB03 -0.0676612165286621 -0.0224837145265961 0.0650497283187018 -0.0668153708089197 0.120683882667201 0.126128013399555 -0.00920139732984118
RB04 -0.028868852115199 -0.025068283676594 0.107664077726834 -0.0467241988484177 0.0362807033420891 0.0528062056480592 -0.0394076595290136
RB05 -0.0299349724845663 0.00283146532925949 0.0432271822187672 -0.0580936700466124 0.0398326511338303 0.0415537520163625 0.0646427146318511
RB06 -0.0521978639979104 -0.0122335325872936 0.150024123029835 -0.0199149581793829 -0.104814343629578 -0.0192552924147192 0.0757553288510924
RB07 0.02828535394141 -0.0356724283821868 -0.0263738474294698 0.0926905319337708 0.0152001383920158 0.0218140709818406 0.0367258058116324
RB08 -0.0842175525100908 -0.0262764273858004 0.0390001596984601 0.0787005412267093 0.0552333973347726 -0.0753554154277541 0.0603404766604624
RB09 -0.114359399414481 0.0321449159225787 -0.004522657664908 -0.0312332073831446 -0.0201139862449935 -0.00216347179331267 0.146944206721549
RB10 0.0108376849526848 -0.0468819495388921 0.0797527451978893 -0.0250403995331925 -0.130192316954468 0.091540616514362 0.0887750775685017
RB12 0.0502532332904543 -0.13794208690656 0.0698116518099363 0.091466425468193 -0.0119244601940598 0.0606995347143001 0.0335176635161964
RB14 0.00575895083335569 -0.0139361283996895 -0.0328483566305361 0.023837496962294 -0.00210144325933513 0.000102597754211686 -0.0217045342090342
RB15 0.0117974289926746 0.0296660878303899 0.0186290389250865 0.0387050066175433 -0.0420766069584436 -0.0737811039744528 0.135413249609608
RB16 -0.0424180610983913 -0.06328229098708 0.0841277799805711 -0.0452169926389409 -0.0768480826209618 0.0195596186622565 -0.0444962825917933
RB19 -0.0247004514377457 -0.0821714794402901 0.155788571152555 0.001988687454253 -0.0406511605502741 -0.203722221786707 -0.0393139236387281
RB20 0.00977874682486215 0.0163862478626672 0.0459234253084293 0.0175495087413956 -0.0231309712111576 -0.0593823703567729 -0.124701535292757
RL01 0.132829303005289 0.0847070929385 0.0536171295853275 0.0911449272149088 -0.09631851935457 -0.0624008619672398 0.0942956163487658
RL02 -0.00615664159764539 -0.0303349946378985 0.0849062173457393 0.0998542483989202 -0.0181742030663223 0.0274994320904767 0.000736627992142115
RL03 -0.0860608614419181 -0.0465502332018321 0.0453113864913196 0.0435414053616457 -0.0735572310383923 -0.0612023570186854 -0.0550401167765167
RL04 -0.0742240838463966 -0.0275657806164 0.0410671113795071 -0.12369632127162 0.0759769711594065 0.0383661088470453 -0.0520938160574307
RL06 -0.0350747224871694 -0.0751756293671584 0.0472402639223095 -0.0733096793049183 0.0655214083231252 0.0597288050324652 -0.0359990203685472
RL07 -0.0668435261684642 0.050260297841962 0.041505231523917 -0.0323283340535361 0.0191087329777997 -0.022425860813863 -0.00766737370048915
RL09 -0.0387126978961425 -0.057317973951008 -0.0208953413811492 -0.0397027276259672 0.101236115131588 0.0826887267407254 0.0447231943981733
RL10 -0.0203152145002598 -0.0415576272865291 0.12642001458595 -0.110897685377357 0.0423094707035652 -0.055224022002411 -0.0795747349557482
RL11 -0.115582842200664 -0.0388870463973644 0.117706660049947 0.0486402395531984 0.121015243877853 0.117451583248382 0.00847292105403049
RL12 -0.0811603394714263 0.0835968583631541 0.0683623994830037 -0.0370021101350421 -0.0110742635757532 0.0729162817391512 0.0551099716586005
RL13 -0.0682997003396331 0.119896915049074 0.122450164570732 -0.0470496179727257 0.0547627743213205 -0.000352943405992082 -0.104670759187726
RL15 -0.129782432718942 -0.0804577544809185 0.0985459531041684 0.0763067100194766 0.0327218311199679 0.0203813721452701 0.0287706241673267
RL17 0.0295338389411428 -0.0201893084182345 0.0422972917657282 -0.0415295532253418 0.0420099448839175 0.110395257877908 0.00610780188274635
RL18 0.157531982570426 0.174822126953317 -0.00430971673864967 0.00995391070718905 0.0120133714260647 0.0216830319858425 -0.0447086066858775
RL20 -0.0191962777958153 0.00523894535152183 0.0864810506067879 -0.071318415469294 -0.036078212388937 0.0517542133832745 0.0755512588438173
RL21 -0.0315253030750237 -0.0508162202314892 -0.0298485677819551 -0.0426530289642552 0.107252952551056 -0.0130027049068001 0.0105468997915114
RL22 -0.030615440460276 0.142722641644559 0.170541522506777 0.124304803331808 -0.186505946811959 -0.0646117332200445 -0.145216394752856
RL23 -0.0442547343748657 -0.0230502284287134 0.153838933989224 -0.034200409920475 0.126377242285513 -0.0494495892713976 -0.0381909119186808
TR01 0.00520729885644507 -0.0864467970064249 0.0429349437359317 -0.0118761546045754 -0.0804080107977756 -0.00770464907443712 0.0944456875013103
TR02 -0.0350124512549741 -0.0743050455192729 -0.0297940380883382 -0.0368289150094453 -0.0161717103706897 -0.0436181133673464 0.0043137920454012
TR03 -0.0512921735323527 -0.0422714738474228 -0.0442214992311564 -0.065483787560097 0.113349929040407 -0.0528182653884234 0.0571123109135282
TR04 -0.0620396468913176 -0.107750089680013 0.0110983881003673 0.0929909882013218 0.0924099399627224 -0.0741191380922507 0.0776040600963389
TR05 -0.00386308508601747 0.0178616458457503 -0.106689079931008 -0.0353993004766188 -0.0181741220364226 0.027774411216236 0.180259869617474
TR06 0.00301141270714105 -0.0830243753113125 -0.190810886048851 0.00608208805325157 0.0339511006531341 0.0876568607619589 -0.0449187725057955
TR07 -0.00284342797294217 0.0205222376270724 -0.00167845460989475 -0.0906218436342523 -0.107671120713464 0.0596525266659255 0.064303270462411
TR08 0.052228321092738 -0.0484306661966635 0.0433469858559891 -0.0872580397721304 0.0237578394887665 -0.0182699423437026 0.0764517666342513
TR09 -0.122932125663367 -0.0851731226064872 0.00518818243687964 -0.033870016477402 0.0338643702551148 -0.0202487001721038 0.041435959269476
TR10 -0.0257076240393607 -0.0792862074851359 -0.068314294829847 -0.121363318873241 -0.0139615829190199 0.086029835315411 0.0461670610633177
TR11 -0.0382498111360609 -0.0582909179166442 -0.0213719668119013 -0.0436291009047708 -0.0541948609837382 -0.0413180437983326 0.0322130278810776
TR12 -0.00775644335899616 -0.034545143790887 0.0185539445101857 -0.0158655241053933 0.120575954968055 -0.00262694052663415 -0.0513975811887759
TR13 0.0431131241414637 -0.0173119504311983 -0.117892092098953 0.134335026069125 0.154634817723305 -0.0365124788593712 -0.10557882222758
TR14 0.172497890048841 0.197331483297108 0.0994876880219434 0.0220494860821221 0.0691486907964575 -0.0547183472208227 -0.125866467905487
TR15 0.0517449349114462 -0.0337262193370715 0.0488399753119361 -0.04313305758855 -0.108004369347981 0.116549392244573 -0.0208897912766301
TR16 0.0576518286821533 -0.0539356942976843 0.156115153996314 0.046839392122033 0.00301523823993631 -0.0278589364143896 0.0437153110910617
TR17 0.00404614677767268 0.0487880421860194 0.0511051290792681 -0.0691675963269649 -0.0676088768699956 -0.142088507503141 0.000588421579658379
