sample MDS1 MDS2 MDS3 MDS4 MDS5 MDS6 MDS7
AN03 -0.0242794273926061 0.0469391296252226 0.0561606681019841 -0.00323291173378243 0.026447102606383 -0.0214142427972113 -0.0132513884065208
AN04 -0.0460237325179711 -0.0298512215981079 -0.0438758785992216 -0.0278322621044247 0.0826696166756643 -0.00688288526519672 -0.0899772839435325
CS02 -0.0560260762236892 -0.00885659564415382 0.0409524831953433 0.132918733996188 0.11505538957507 -0.0252090837794944 -0.0426583109232851
CS03 -0.0711348215352944 0.0333795016705511 0.000383795703389644 0.0632809357172494 0.0459456619502906 -0.00600712566688769 -0.0787063920454918
CS04 -0.0213315020130935 0.00967188332249827 0.0168405523673287 0.0164987858232036 0.0561556073885964 0.0921700302934343 -0.0911724964123427
CS05 0.00284459406717486 0.10016337011503 0.056436682254104 -0.0752030601257268 -0.11831872953048 0.113172563566052 -0.0353799976061865
CS08 -0.200183993193177 0.34472671220217 -0.0588695467109725 0.0806812737045252 0.000827240379240646 0.0563702714117877 0.0730222905377139
CS09 -0.0684693337742024 -0.00973424030259851 -0.0419628668611209 -0.161621213585871 0.0323660767310172 0.017915470374657 0.0217038507553777
CS11 -0.109937582721567 -0.0807055697486617 0.012998434886998 0.0299738898423168 0.0316355686728739 -0.0797811711954971 -0.00805917674389808
CS12 0.0271446401156513 0.0598476947407528 0.0137132532550925 0.0533441922647302 -0.0108890991362188 -0.0993221227548975 0.0468969739293622
CS13 0.0540043299461631 -0.0737271432439424 -0.0145858293536351 0.12164677270028 0.132261730238212 0.0168290594127848 -0.126242716545484
CS14 -0.00118737529020158 -0.0409226559771719 0.0462919842538275 -0.0764688472369848 -0.0287273732050711 0.0145518959145291 0.0444841672964354
CS15 -0.0571529499895851 0.0381501288936924 0.0755019346063345 0.0436051454044479 0.0499932124958997 0.0251553179614017 -0.103679739914936
CS16 -0.0543767959673498 -0.00195200112376159 0.156537274647346 -0.0176447574260106 0.0420267359795805 -0.116539106084822 -0.00415443367539015
DK01 -0.0263458939904666 -0.0526354495806409 0.0363260017785191 -0.00269043315469792 0.0196594595823461 -0.0273545297512953 0.0398671231998046
DK02 0.0646486092099517 -0.0187398934268526 0.0476782508432749 -0.0104427779596786 -0.0981796789822461 0.0389100321056764 0.0475674187681872
DK03 0.0823606380885562 0.0577230439639816 0.109104388284381 0.0292399203717073 -0.052859960270083 0.0653433120109429 -0.0870609024847172
DK04 -0.0648711870353191 0.0949957582525653 0.128374579959191 -0.0191878841885799 0.129001740179468 0.0984425145248404 0.0850159054283995
DK05 -0.194751914165997 0.529761373419834 -0.0692595175446142 0.0617466215084608 0.00495382233680779 0.0232574105832284 0.145861105436465
DK06 -0.0568903305134591 0.0377823729973676 -0.0479976220901448 -0.0472973440678696 0.0141794598593112 0.0258347453391786 0.202782491825192
DK07 0.0695682314532205 -0.0257482387073664 0.00494599401113891 0.0425513843231428 0.0993130574311048 -0.0415139035959421 0.0655747645495667
DK08 0.0989046448947348 0.033949805371092 -0.0158155294775349 0.047627574014653 0.0518120590972712 0.0574968205416825 -0.0532262889041097
DK09 -0.0151277131695876 -0.0456781671224916 -0.00764635038115638 0.0437024502356412 0.0691418721228337 0.00948688306429782 -0.0426455989625164
DK10 0.214523491301668 0.0170225361139825 -0.0314430326495076 0.0449921515082932 0.0116234434047335 0.0480059225559086 0.0413507217405987
DK11 -0.0762802608844305 0.0218963609322539 0.0793467552759687 -0.0575869236859172 0.152768303070424 -0.0875416293907401 -0.0139257972557761
DK12 -0.0876251131792262 0.0220331170044496 0.0114691016527505 -0.0628617611715309 0.0666729590310742 -0.020521131404871 -0.0500094912763565
DK13 -0.0108274462195438 -0.0497118579359507 0.0200394913782829 -0.0835912386309491 -0.0210720689860927 -0.0667610876039391 -0.0370801949495282
DK14 0.086017611318349 -0.00803876288547584 -0.00900676436905949 -0.121819159036421 -0.0536916535339284 -0.155652565472256 -0.0270595993066645
DK15 -0.133892387686469 0.0142339043007087 0.066853491184395 0.0551647057036999 0.0720000904947569 0.0582289074610073 -0.0789442953564161
DK16 0.0103115043870716 0.0365357602777119 0.0748600473754176 -0.0701807125920098 -0.0296299462916394 -0.0156950793728038 0.0186972145996363
DK17 0.0699634979613715 -0.0741619776415144 0.0558727367999491 -0.0183621890746738 0.0209864674888385 -0.0182218109235287 -0.0538440481875177
DK19 -0.0524830195799614 -0.0253192159924943 0.0986348378927802 -0.0556549808212253 -0.0683432830786781 -0.00317199074092356 -0.00141692905515273
DK20 -0.06847955000325 0.0148867247322734 0.00733816670019422 -0.0642511713499887 0.0715070445577457 -0.0967216137794307 0.0765788394176538
DK21 0.0509283761690341 -0.0528562349161791 0.0971397219238519 0.157978263276199 0.0271630261202051 0.0378687036804719 0.0418257858542495
DK22 0.0635152496329747 -0.0421655076332549 -0.0252686733949248 0.116319589603023 0.152610085560027 -0.0875778112008331 0.0444885248539282
DK23 0.0682428260764891 -0.0063576414993085 0.0892866371812223 0.0572236428020796 0.0571256237575327 -0.0691907146153559 -0.0391278057671179
DK24 0.0057429087744969 0.122340334524339 0.0132864914460985 -0.176451683611044 -0.0591344566535478 -0.0179115718406073 -0.158600407422665
DK25 -0.0333278828052032 0.0594928718475016 0.000167081250537338 0.0246726591890129 0.0744249719894457 0.0191420873289754 0.0263359439671368
DK26 0.0860438802040736 0.0930754198735829 -0.0179645156266215 -0.0209612827270961 -0.0675991081982492 -0.071957793656985 -0.0947993141984818
DK27 0.0877636158941427 0.0557470772434451 0.132449908422738 0.0137149493059809 -0.0213978055891107 0.090492039661569 0.048405357622989
DK28 0.156420562156914 0.0556470464681015 -0.0683450177967694 0.11570240280767 0.0650897966763556 -0.0745103025633134 -0.0265577923860853
DK29 -0.0820031616535346 -0.0192137559475555 0.0335364721591296 -0.127481371453226 0.0303069315238436 0.0546598064521391 -0.0476815693791441
DK30 0.170221291679738 -0.00224392655239056 -0.0150474054057905 -0.174273780684625 0.0326141897603714 -0.0162362368403796 0.165246020833137
DK31 -0.0571681174002383 0.0295670850128432 0.116659995134797 0.0433148687745196 -0.0772659376324199 -0.0253285000555012 -0.00435928261158219
DK32 0.000486162170970089 -0.0805496932164634 0.0593270522317845 -0.0984963967043234 -0.00763698116874595 0.0350968232383491 0.00977268259525862
DK33 0.0846540524673469 0.101295063418962 0.0996704500533571 -0.160978041794359 0.0446852321463066 0.0197378438296457 -0.0932171616312
DK34 0.0693697164732478 -0.0139122645796852 0.112552240678654 0.0696698816762061 0.0101576859617257 0.0117443542541424 -0.0889840518857028
DK35 -0.0569673535781758 0.0280249184316122 0.163725068328869 0.00575052100523319 0.038801108616284 0.02876153864597 -0.0791478402352603
DK36 -0.0645557524984088 -0.0629436262550936 0.077001657874681 -0.0595617182399766 -0.0534906843663329 -0.0161909692071434 -0.0872248338052541
DK37 -0.0137933640460455 0.0288159426609175 -0.0372102395417231 0.0587504536314946 0.209486862518492 0.105445602317906 -0.0747715188196124
DK38 0.00801457921603662 0.0257557780555453 0.0724258228000313 -0.0956542200694395 0.191029251014109 -0.130529679933565 0.0475843213648346
DK39 0.024894623442917 0.00742264135109178 0.128748915138687 -0.0227469821290233 -0.063287773923004 -0.0209112812045826 -0.0561885405066464
FR01 0.116583103315834 -0.135288308795948 -0.0519048172806107 -0.073212915721899 0.096380697642601 0.0288370436575706 0.0806912273332435
FR03 0.0365129850667204 -0.0791739454635858 0.0873034526369351 0.0440632589819059 -0.0604011046613918 0.0520172875868395 0.0424455615545759
FR04 0.0568790009889226 0.0612194223627186 -0.0285049221461856 -0.106063708351027 -0.111193822114661 0.0731506502744312 -0.209516651606471
FR05 0.0618302050196598 0.0965904348014833 -0.123912443418951 0.128510040692483 -0.159921549215605 -0.124834604066833 -0.045611893548916
FR06 -0.0675399196465123 -0.030381069653135 -0.018676483851318 0.0736720999948182 -0.0858628748708224 0.0683926105421786 -0.116509672561523
FR08 -0.0439113755767306 -0.0141208631260399 0.0605128189665607 -0.0997159009618829 0.0311662032995675 -0.117568724053636 -0.0341240188863687
FR10 0.0554135786974306 -0.0357380047049268 -0.0395556818838874 0.0782883923504725 0.0111755590258513 -0.00750437759046011 0.0631915060258161
FR12 -0.0483359352571534 0.00235935235443845 -0.0599606622196195 -0.0521493675965378 -0.0276677573582385 0.0480245253237334 0.00403887199007949
FR13 0.0107447501922794 0.100941677987228 0.0793938245202254 0.0568639584165724 -0.195709636806097 -0.0500072869871332 -0.0119616264347969
FR15 -0.0553189791770712 -0.0385210046898127 0.0395409843912978 0.071460715957636 -0.039315517371274 0.0422826748012295 -0.0446150358890079
FR16 0.128906833241676 0.105854406280851 0.0262317540724088 -0.0347439809373116 -0.0446249539229929 0.0058974223278457 0.0519569743008913
FR17 -0.0340013906665638 -0.0894680116649904 0.0480735583698664 0.049786156190506 -0.109537282475538 0.0132698184525593 -0.0559711758110185
FR19 0.0635190957947579 0.00263810956339087 -0.0206583170424997 -0.00563773252366129 0.144970298181278 -0.0898501757102729 0.0988548927207009
FR20 -0.108699919393137 -0.0912380205887266 -0.0230615682114897 -0.0353172230529181 0.00966189174009225 -0.0364917556609211 -0.047982111781339
FY01 -0.0113899603770986 -0.0686702451660985 0.0107646758568038 0.0517850171751402 -0.109477423125505 0.0219372910583075 -0.0371646904337958
FY02 -0.0509308150918388 -0.0768981790019176 0.0779555522540787 -0.0323603410077539 -0.056269405675812 -0.000423823417390719 0.013509278554598
FY05 0.0160594532163406 -0.0197370244682504 -0.0832351014289488 0.10877126416517 0.0384798990976978 0.00688509818835281 0.0890321117694469
FY06 0.00481081382851587 0.0130334504558342 -0.111246096531503 0.0449465078255412 0.00840149188691684 -0.0985245476440713 0.0530148727274303
FY07 -0.0141043284894729 0.122092891487689 -0.0575692443854351 -0.0935798572466211 0.0338301901430049 -0.111428737491397 -0.073281982467032
FY09 0.0157603702596856 -0.0364392879312501 -0.0135951275837068 -0.108927551515319 0.116815276403249 0.0113475952243888 0.0179012006388908
FY10 -0.0344023164782955 -0.0444215777772662 -0.0935334825289288 -0.0147304648521535 -0.00303253901746074 -0.118915926333916 -0.0219276377366604
FY11 0.107944144088628 0.0207137376640156 0.0500303995540535 -0.0145961537131809 -0.0868310830687204 0.0175087184607286 0.0863202178631998
FY13 0.0981577179886292 -0.128304391913343 -0.153503306445224 0.0945115696855201 -0.0498878511897344 0.109260973559685 -0.0567022182753055
FY14 -0.0467836331262037 -0.0512873062594196 -0.0165299077915091 -0.0591646405462703 0.0846961804127716 -0.0981761128219452 -0.0745870861313095
FY17 -0.0215558559943776 -0.0452234267786493 -0.00776426110085169 0.00539267555256941 0.0437973404441123 0.105974307935945 -0.0883705133282111
FY18 0.0278905931614742 0.041467959504147 0.00935114133869318 0.133524867223559 0.0708009758447074 0.0291560808161357 -0.00518789967979221
HH01 -0.121392878255798 -0.0419811134193191 -0.0906417440405688 -0.0599598368102716 -0.143260980092698 0.0602998445986074 0.030852378277744
HH02 0.177053973465369 0.044103284916265 -0.0178321936487521 -0.0863182324659252 -0.0256316639203842 0.0162178761262833 0.0168164584336472
HH03 0.0252620229595891 -0.0435074197561618 -0.0101462644030704 -0.0246030504187292 -0.0161029965358546 0.0517926326401979 0.0765880112680005
HH04 0.0925278454926874 -0.018586276576885 0.0553963071757563 0.0473842040941996 -0.0824349911409508 0.0739248556801714 -0.10597219807405
HH05 -0.0325955383914625 -0.000813643268496223 -0.00406345320318546 0.0518119335612098 -0.0161051537658991 0.0401144992350651 -0.0122216925930967
HH07 -0.0202464196635918 0.101251826135792 -0.0255194802998227 0.0724554031329386 -0.0985529666496085 -0.0885322093503985 0.00923303858355381
HH08 0.0537553402412445 0.0474994240880272 -0.0352770141201432 -0.0370480103642821 0.010331457687895 0.00254724833108396 -0.048146382953918
HH09 -0.0699933375746203 -0.00147395862873883 0.0189098711526741 0.0563340469111764 -0.0364881318184477 0.0125766628239857 0.0818860183777592
HH10 0.0890858504411484 -0.00536303700787632 0.0838532445181624 -0.0783184591789175 0.0710085895914323 0.0547678197180825 0.229112117897621
HH11 0.05208090341055 -0.052840173080495 -0.0623692120637914 -0.0383958318502546 -0.132669487808978 0.045950427631874 0.0532082239422271
HH12 0.0294464709257553 -0.007642181558893 0.0181298984176457 0.0818985079289004 0.03569225021839 0.0899940014493576 0.0596088944565547
HH13 0.015727702499281 -0.0104664764596089 -0.0784584319561998 -0.0187627294875981 0.00669155214930957 -0.0746832124480018 0.0102944307742418
HH16 0.0343283831191623 -0.0390683442851187 -0.0121467518238528 0.0194148081125008 0.0647322289096882 -0.0937151409537143 0.075024319973852
HH18 0.0412313228096109 0.0200835454090052 0.0836663715739825 -0.022449660694176 -0.103293359167047 0.000106819242127335 -0.0985087908343698
JB02 0.0657036120520316 -0.0416148707951619 0.0710133191152114 -0.0573404847783273 -0.0189931148803827 0.0792994640469548 0.0692546612391776
JB03 0.00201982773674501 0.0394458356133646 -0.117778113403498 -0.065873872199742 -0.0396181925785137 0.0276270024718962 -0.110360110368358
JB04 0.0437305657051917 -0.0236881785836361 -0.0609544410927777 0.0293263215902527 0.0384612347153195 -0.0895308396139515 0.00404470077025578
JB07 -0.0309121742384321 0.0110520505556996 0.0429590696259848 0.020569027651648 0.0341308243033524 0.00113468621638305 -0.0540300102104765
JB10 0.0982710423635357 0.0446226394015 -0.0719514936759621 -0.0416660706697627 0.0119313407667949 -0.034334090345598 -0.0293148286826237
JB13 -0.0347811925215112 0.0330168063173961 0.0643714076185231 0.143636952432594 0.033392848415884 -0.0319730728687461 -0.00486660129051993
JB15 -0.0727314975748479 -0.0569320157152258 -0.1718333777644 0.0424283588808552 -0.0102955835469141 0.0741251503122989 -0.0603670262626374
JB16 -0.096125866043223 -0.00112582889798048 0.0110191977086279 0.0400133141676355 -0.0434987890623096 0.000108936674971305 -0.00240644480238759
JB17 0.0554171070162031 -0.014215380712285 -0.177543953063453 -0.0359838741468906 -0.104841011563397 -0.0107846152434839 -0.0242283530742875
NB01 -0.00949850747120676 -0.045526964521492 -0.0230397282675656 0.00531602027504413 -0.0188268651885164 0.0571637031391982 0.00420803581075569
NB03 0.0367575026798903 0.00666933836872947 0.0306990868285353 0.0496970009112586 -0.0452578555222592 -0.130504619802183 -0.14986851539507
NB04 -0.00937474280626257 -0.00437906261974515 -0.0249436840748866 -0.0377047206158714 -0.067313487682714 -0.00534209569800173 0.0363820866596098
NB05 -0.0582738156237111 -0.0219294244864521 0.0751087003886256 0.0999437511682291 0.0697246906159601 -0.10555223747166 0.00663110154630531
NB06 0.0136497536277017 -0.0603904510838926 0.0640004190111135 0.0793689653490217 -0.0518483744352195 0.039141222034486 -0.112808735056808
NB07 0.119571891363652 0.0461721906672397 -0.000662013455585377 0.0362395512431532 -0.0562895099084316 0.0271447970969636 -0.0376084637276099
NB10 0.175877596713794 0.0203502246245294 -0.0161542541218377 -0.0189399089017718 -0.12290349860461 -0.161188636697478 0.00999276162965195
NB11 -0.0411261346289661 0.0452888272310012 0.0074243205570225 0.127719362915491 0.123003596091638 -0.0825972966419927 -0.0384313578700583
NB12 0.0327430573701373 -0.0329963545163171 0.0975193102488511 -0.0407724187391166 -0.0494173468915075 0.0238685734188579 0.000181125209696183
NB13 0.0219327911628233 0.0235909280686319 0.0662741976390582 -0.0513923142569252 -0.0855413850718308 0.0113714254334852 -0.131921820189481
NB14 0.016637234943921 -0.02862124397125 0.188080740147506 0.0220765774644319 0.0824229923277371 0.08740956905193 0.0348807804847948
NB15 -0.0377311656054954 -0.0302809793388422 0.0282538525381177 -0.03259121315675 0.0676247004007636 -0.0421473428485301 -0.0706385764697671
NB16 -0.128199147005299 -0.0324476070548532 0.0347872764825803 -0.0836059106317111 -0.0292657924918889 -0.0361134404169673 0.0511909068504136
PA01 -0.0809823797303712 0.0682675408778002 -0.107241842368397 -0.0797623775847081 0.0402891622491774 0.0948273144283618 -0.0846740156574046
PA02 0.0188248418797204 -0.00700956656770086 -0.139689480748556 -0.118702267737056 0.0211696064100724 0.0894522227410949 -0.0360904203534839
PA03 -0.0694336955211624 -0.00754541403513511 0.0301475536285657 -0.0831874331716421 -0.0605069286354414 0.124223460788311 0.150178240533014
PA04 -0.0485089449214475 -0.0569720088341957 -0.0587240457514944 0.0748440394049167 0.0202312411867118 0.0597410067352642 -0.106040772848251
PA05 -0.0633128721739538 -0.0800334772115971 0.0517486412815769 -0.0398565026733317 -0.0949419927763093 0.088053962458596 0.073808201551896
PA07 0.154908753886549 -0.10256402904273 0.0420963374679447 0.0489688670248575 0.0579203525090985 -0.0962065916010138 -0.0543336229700666
PA08 -0.0794978232890452 -0.0417023002946629 0.00336268441294314 0.0784515415738228 -0.0156791079729145 0.0370065649551843 0.106199172185812
PA09 0.0126761791448803 0.103280056591229 -0.0764831849519971 -0.133560778764257 -0.0572269688677107 -0.147466390542228 -0.0227661929153844
PA11 0.154856939669015 0.0280316405048139 -0.0122147231876888 -0.00427828045070693 -0.0246719270028029 0.108338196364336 -0.00347126173896604
PA12 -0.0154920433945448 0.0084778508018181 0.0558113292261682 0.0942704047064832 -0.029977882277384 0.0654836409130782 -0.0255488011343539
PA13 -0.0265616746156104 -0.0183836929246402 -0.0507535425745142 0.136900560330087 -0.0932563379302556 0.0076397525345517 0.108527550555885
PA14 -0.0961404582993712 -0.019539586857806 -0.00220826068628117 0.0907428400854423 -0.127375841768193 -0.0712117339140946 0.104306611239033
PA15 0.0498959398042967 -0.0255508843739892 0.0608996727774983 -0.127561469164734 0.0842217193054402 0.102500251605658 0.114871317556354
PA17 -0.00344932697361469 -0.0671427249424499 0.0374859179047466 0.00959899210951863 -0.0393952521309218 -0.0744459363619031 -0.00268813610332538
PA18 0.0555958526104185 0.0126595662431172 -0.0479817345282265 -0.124851815337705 0.10213585087609 -0.0703067731554683 0.10959837428175
PA19 0.0877974048733169 0.149260396609432 0.100365281245864 0.0647503190748096 0.0521886101143017 0.107433947702936 0.0563286599752696
PA20 -0.0753622390587176 0.0603033444853982 0.0237608016810894 0.0325050424076564 0.0455463884684722 0.011742512129471 -0.153252767463916
PA21 -0.0192612331959215 -0.0363614253149603 0.101941115273552 0.088883708290592 -0.0628751589995989 -0.0833984148934306 0.0373106404945883
PA22 -0.0638696811280383 0.0722854514230314 0.0457477054365103 -0.0305743385159808 -0.111014288337714 -0.0380407389794131 0.0198974787804033
PA23 -0.00771278362773478 -0.0626270525527589 0.061514663442615 -0.0312925160638314 0.0139557689463153 0.0182543697747534 0.0648733201243904
PA24 0.0191563359797869 0.0826991759942837 0.113660872200885 0.0672256597076954 0.107774025957671 0.152273580967992 0.169668174465027
PA25 0.0153828668390346 -0.0419801824631957 -0.0331971738703805 0.083798483576732 -0.0919526321858163 0.0365242008301676 0.0489095713576444
PA27 0.0800182881390026 0.0375746577848598 0.0228827277026685 0.0576471111640422 -0.108774421124117 -0.0382569202963062 0.146498812348568
RB01 -0.0292010121412345 -0.116675337309261 -0.09634035112546 0.106163187548844 0.0674024666252059 0.0888784728835427 0.0411487905505979
RB02 0.0928927644833148 0.0118215698045035 -0.0117285088801118 0.0764084127656698 -0.106281147705071 -0.0526204761199266 0.172154410905297
RB03 -0.0625010201635481 -0.0409067044273999 -0.084590014864316 0.0119092962497575 -0.0629556532277418 0.0944058674746648 0.140926321611696
RB04 -0.032896685269185 -0.0580666790422436 -0.110725950189834 0.00161590909162338 0.0550345011527962 0.0818803400750621 0.0287123096174501
RB05 -0.038917671570993 -0.0031577866814169 -0.0772009003075771 -0.0324944011154144 -0.0475986091077154 -0.0171556515331753 0.00699516203452604
RB07 0.0125231890925532 -0.0318380564287599 0.0589707111830778 -0.0923152155661387 0.147964266483549 -0.00220326248537494 -0.045472066129061
RB08 -0.0787325660624938 -0.0130809616518154 -0.0054518688760466 -0.180180424484408 -0.0243693690251117 -0.0129422904730739 0.0416991897594525
RB09 -0.100972232488688 0.0544153346289841 -0.0371939336780301 -0.0516213451586299 -0.0295537798321796 -0.0522696957158536 0.0254005893570403
RB10 0.0123699290153351 -0.0295989855807058 -0.0854583832210991 0.0682803590057888 0.0876280997919798 -0.20821144842715 0.0550672431966559
RB13 -0.0703089415871321 -0.0567275272508932 -0.0757535293998465 -0.0495490270376044 -0.0480628642913759 -0.128207586341757 0.0399189436174537
RB14 -0.0101696573642945 -0.00903827889373186 0.0243640023760661 0.0370903515670567 0.0148908046897337 0.00410523386569304 -0.0158574218371513
RB15 0.0229776954519981 0.0378515602652289 -0.00140044398061385 -0.118442403684539 0.00862698580101074 -0.131224110985754 -0.00769778930828581
RB16 -0.0534552502373367 -0.076335197550308 -0.0822424496399156 0.0646938835803416 0.12435881736261 -0.0370330953673739 -0.0012459404203438
RB17 0.0212956642819664 0.165177508171483 0.0247869320258297 -0.0924543292660965 -0.024418126837225 -0.0413777786359434 -0.0363625110794013
RB20 0.0265158189322186 0.0212238076227755 -0.0471907223400326 0.00692421445389333 0.0442602979046348 0.0768857120456984 -0.0256001900110464
RL02 -0.0105316953277314 -0.0302261349098458 -0.0435047824472108 -0.0523359289532348 0.075098360643524 0.0521223320005392 0.0409900399324811
RL04 -0.0716112741359057 -0.032192457722448 -0.0758115674537498 0.0720014637714369 -0.101789336603496 0.0666072377957261 -0.01599683021799
RL06 -0.0624616028673525 -0.0916871614598668 -0.0522259757442027 0.0571346673590335 -0.0296984921313682 0.10943106507519 0.0119114520860632
RL07 -0.0511182965635073 0.0459471160375212 -0.0680684560965252 -3.10203760473622e-05 -0.0152821896789979 0.0164195234258663 -0.0143024073774168
RL10 -0.023472993399043 -0.0973961965683739 -0.15611673452451 0.0625045467715348 -0.0113354455009966 0.045293382165421 -0.103788778124704
RL11 -0.0964664139105477 -0.0364874708470142 -0.120453293656259 -0.0835928246709937 0.0264508807123841 0.0659187840499266 0.127058896245662
RL13 0.00840509889305026 0.0706373113213176 -0.183239055672066 0.0427065914711321 -0.0157454818199384 0.1177201332695 -0.0209571008769797
RL15 -0.117810401986763 -0.0456179307717549 -0.0864228414312713 -0.0881662157140786 0.0740381195848876 0.0555965019899514 0.0527197761754255
RL17 0.0266253978483688 -0.0544685605718138 -0.0432686665257755 0.0263854735848042 -0.0137977020674 0.011455341531652 0.107353219186782
RL18 0.216782475984618 0.11616451766545 -0.0196158205395144 0.0599907585001874 -0.0113079382773005 0.0444816760114848 -0.0209447981444475
RL20 -0.0166547677226285 -0.0026151040948136 -0.101025466640286 0.0501564580265595 -0.03811349621152 -0.108355447114127 -0.00198560458382562
RL21 -0.0634815184494346 -0.0758008603195376 0.0284266741208671 -0.00916486314861849 -0.0622526299194602 0.0607627502037824 -0.0174614759122582
RL22 0.0321150805909098 0.163619838604691 -0.157267354947651 0.0233784427552242 0.239561018170554 0.0955963079136574 -0.127411813124054
RL23 -0.0226906691819351 -0.0552942543851886 -0.158500558254865 -0.0511087220808006 -0.0254396803388605 0.108199582067587 -0.0172987491018118
TR01 -0.0232343533960842 -0.0839739879388158 -0.0114836746987613 -0.0289346603271164 0.0920904602338488 -0.142981622865911 -0.033273101565157
TR02 -0.055316432701624 -0.0520082114628679 0.0344763157021096 0.0167451814597148 -0.00010503048313016 -0.0252260412847398 -0.0440528725842987
TR04 -0.0768061134431724 -0.087006934001688 0.0316553014397395 -0.176990149076522 -0.00438026960873719 0.0336405390702521 -0.0410644840209013
TR05 -0.0345357048788792 0.0410226736097116 0.0994887828008727 0.00331573459593004 -0.119848329929712 -0.159047157560072 0.040507934839255
TR06 -0.0428076994081071 -0.0443596983177901 0.194863799737138 0.0730274124541565 0.0475044595097343 0.00551301995481902 -0.0357408490568566
TR07 -0.0175349582097783 0.00379770969789901 -0.0383574298524696 0.111099708903709 -0.0198491618067026 -0.12077554722662 0.0491143281385337
TR08 0.0296930740944299 -0.0903372971319748 -0.0349811298052595 -0.0252001847006432 -0.0811450637111481 -0.0570144576299415 0.022604383939221
TR09 -0.13027952451737 -0.0495101353246136 -0.012735104080942 -0.0318737172775627 -0.0825646046417313 0.0300617605385847 0.0562219698468304
TR10 -0.0825718585664055 -0.067838012378521 0.0340542088355719 0.125357164231201 -0.0870187980816731 -0.0517611054425457 0.0140538223125643
TR11 -0.0816818786626439 -0.0146271627084872 0.0278014215545896 0.0126801522570886 -0.0369395093239585 -0.0437823041233046 -0.00335834381149813
TR12 0.00467958175609546 -0.0555944009582473 -0.0313204739893452 -0.0355212663950031 -0.0301914387321387 0.143221183552935 -0.0199479345099041
TR13 0.0497834827977203 -0.00670202530419354 0.149137104520478 -0.0552896649020081 0.00705793636347246 0.187206388295784 -0.0323171664727985
TR14 0.239372650966829 0.0799118906044861 -0.114668652400421 -0.0312264633737621 0.018123943047481 0.119555479654232 -0.0547026611893317
TR15 0.0612868931381595 -0.0411250025396555 -0.0370620234619253 0.0822899056037873 0.0504934643392682 -0.0669271537047734 0.130660335480175
TR16 0.0485493073361995 -0.0879065557498926 -0.104365751456117 -0.104128401276247 0.0385078859501371 -0.0616459467188572 0.0216604193248671
TR17 0.00786364829762981 0.0270684715200723 -0.0996220547379332 0.0209813041449156 -0.0189475230484856 -0.0937263295792595 -0.161187732172009
