sample MDS1 MDS2 MDS3 MDS4 MDS5 MDS6 MDS7
AN03 -0.00243714396875894 -0.0445797734638949 0.0476213235089714 -0.0273851917833985 0.0240654808059691 -0.0152385895970165 -0.0405362173793165
AN04 0.0507693277369006 0.00742290653872547 -0.0429294666407378 -0.0150156968215549 0.0131422356574661 -0.0120625821425799 -0.0413568591316953
CS01 0.0732392411966911 -0.0226919988994347 -0.0385287229092221 -0.128990052541858 -0.11410284153241 -0.00324026279107627 -0.0664507024489317
CS02 0.056800632476873 -0.00339976607919829 0.0480774023748732 0.07092436106548 0.0851272452962637 0.0999668272032097 0.0223876873488563
CS03 0.0428353072588194 -0.0447557085499568 0.020843929500111 0.0496532886611678 0.0240844755185995 0.0100150850203414 0.0252897131659771
CS04 0.025359834880327 -0.0398393210505033 0.0235945668190543 0.00271456178423624 -0.031761409949643 0.0684177798564616 -0.12865475491811
CS05 -0.0370911875868507 -0.101520030968328 0.0688291511144925 -0.0626264027743293 -0.108538856326471 -0.0213728890848423 -0.059180431096105
CS07 -0.0738027734852032 -0.0259970239207176 0.126576317387467 0.0791531739131273 -0.0484135535581948 -0.128905142994565 -0.0319969060799943
CS08 0.0534825867585063 -0.378679003211234 0.00856154276579058 0.0370852021044229 0.0637875953684899 0.102565370350653 0.0553274231150902
CS09 0.0767872410798174 -0.00462989410971776 -0.0615592999394801 -0.116500541250211 -0.0185261149207647 -0.0276872995065215 -0.043327256534725
CS10 -0.00828579164118731 0.0642551635859906 0.0375050199088925 0.0836075910538592 0.0203410645613031 0.0149093237389388 0.0440647717820022
CS11 0.0968164336486509 0.0509029236215191 0.0254682897016072 0.0453538624967109 0.0858588449750869 -0.0567185689579376 0.0109951472241851
CS12 -0.0579372738504105 -0.033865968904801 0.00807780355231283 0.0231610838404958 0.0959216690469547 -0.0545867827033599 -0.00399591335612293
CS13 -0.025251534292721 0.0949141587225468 -0.00307230637107815 0.128436227114137 0.0695806411127517 0.0643680835717054 -0.0737445876074015
CS14 0.0260614382432476 0.0283082155847474 0.0341423573622593 -0.0662740766251763 -0.0203257143389236 -0.0359177846116716 0.0316613454292327
CS15 0.0362673974899513 -0.0304266340477865 0.0711746617358844 0.00391667314206795 0.0370585690948664 0.0241146055053569 -0.0901495756421208
CS16 0.0437884838077469 0.0200785232123694 0.110500831647556 -0.0699659840517453 0.112091236593947 -0.0671164816862764 0.0152341958841098
CS17 0.124272639649451 -0.0610434637693829 0.00703583785490956 -0.0611418562799714 -0.0797045205511761 0.0637026569648604 0.0452067247537088
CS18 0.0117570658140747 -0.00186181865414174 0.102082387498372 -0.109916031157149 0.0332583283987288 0.0309619774532981 -0.00312601638119372
DK01 0.0414176232701933 0.0650178830839963 0.00642455681873252 -0.0319913279074099 0.0507170834984474 -0.00891428080738746 -0.0574717205301657
DK02 -0.0522844453221117 0.0289602510516522 0.036764416632653 -0.0339634307698058 -0.085412297242513 0.0242812043430431 -0.00450070564889262
DK03 -0.0955247217015543 -0.0100419374434019 0.117229408446179 0.0196679172780422 -0.0665401346295168 -0.00259877138225617 -0.0144218099639042
DK04 0.0406963927700225 -0.0807280406050765 0.122680607025826 -0.0994952961293535 0.0439565611929084 0.152247607822343 -0.0445892992525777
DK05 -0.0119925043675212 -0.532834479817755 0.0348766859271895 -0.0134742712927569 0.123245702969123 0.122685024979161 0.118960176846424
DK06 0.0166476233048394 -0.038832866069931 -0.0502231855836342 -0.0778751475213016 0.0364194349217941 0.0380792364299548 0.119254013074657
DK07 -0.0522696807858546 0.0745769488773435 -0.0121301136431025 -0.0201020029052883 0.0858976758026647 0.0684169000996183 0.0877384776986167
DK08 -0.101497273708156 0.00145688545017403 0.00822833402237798 0.0731971765720434 -0.00730455159471335 0.0689743922804332 -0.0772192065740736
DK09 0.0233880595396047 0.026945810436528 0.013210318955004 0.0536947155575271 0.0331199411655825 0.0372854638231818 -0.00567351519546483
DK10 -0.211815648112122 0.0523434185767486 -0.0473306676462162 0.0236210671741926 -0.0289346493271984 0.0706333992063183 -0.00276555230775365
DK11 0.0728469665441711 -0.010850732060708 0.0506651867265394 -0.103496469390565 0.118420669228379 -0.00517142007020804 -0.0453253000878307
DK12 0.0693688910567429 -0.036638709697614 0.00107650698604496 -0.0491909112742118 0.0364038267426372 -0.0177969663147062 -0.035867908943228
DK13 0.0241948885323596 0.0420807994990761 0.0217057884997944 -0.0440750079749845 -0.0210012695216349 -0.0713094757011829 0.0365701161023893
DK14 -0.0771355268239557 0.0370569690889058 -0.0336423813807858 -0.0893239982747349 0.00508668273115201 -0.149804321230327 0.00680706129101752
DK15 0.102385032429278 -0.0426000572503879 0.0780296079469168 0.0376592705017177 0.0418410536183116 0.0549205264860197 -0.0423316776063144
DK16 -0.0147964621198439 0.00664160392158032 0.0592504030327026 -0.0726702111541101 -0.0179560976448252 -0.038827489631176 0.0167752499192928
DK17 -0.0395195623507084 0.110505409266335 0.0410626721621441 -0.00131026764987324 0.0100584385647397 -0.0322227719842139 -0.085638893313898
DK19 0.0426854402827544 0.015690644544563 0.0798392784732158 -0.0434499034143299 -0.0319493591397293 -0.0833211952853664 -0.0370266412359879
DK20 0.0678440520224715 0.00136479423800343 -0.0286583882495812 -0.111756634287208 0.0857667088926771 -0.029015496602891 0.0314016071699178
DK21 -0.0393171537789431 0.0800797737085529 0.10300993869987 0.109499164065765 0.0162628320483715 0.101967993180703 0.0295610343494177
DK22 -0.049557776809872 0.0776654833682048 -0.0458093935163591 0.0543616169382075 0.171225442547745 0.0644852413498485 0.0272022890151517
DK23 -0.0634137184009305 0.0514960020567373 0.0907857056165507 0.0304368874751595 0.0726443702345438 -0.00868240532070345 -0.0315900536089403
DK24 -0.0450948724580614 -0.110333359730971 0.0278444260729596 -0.117196974882191 -0.0644751222960459 -0.120164319137105 -0.116322307764656
DK25 0.0281343931312585 -0.04835232411269 0.000234885153831063 -0.0234379475538487 0.0733062106253794 0.0733026853192506 -0.0497440158168321
DK26 -0.116105302509565 -0.03876554666826 -0.0145763687800282 0.0227390853093748 0.00881678637503933 -0.127706347464171 -0.0707285744675584
DK27 -0.0932322927227942 -0.00549304395630537 0.140509441736804 -0.0219157196363144 -0.0346409238040301 0.0659666679769027 0.0589008483262912
DK28 -0.152881121338488 0.0237252703536062 -0.0987541237860484 0.0398240602638813 0.111626484273343 0.03545123849932 -0.0498145029519534
DK29 0.0885735937691702 -0.0119063994717849 0.022506546964928 -0.105861871090893 -0.0458680568935507 0.00426481931361803 -0.113338944031441
DK30 -0.136937721904931 0.0752928151856799 -0.0453632416119747 -0.182642626395859 0.0128033134146611 0.0178226454348322 0.111568884128795
DK31 0.0273913230268294 -0.0385021113231412 0.136547657834646 0.0299470935035929 -0.0158815605744005 -0.04938509714372 0.0507282019182997
DK32 0.0301546241560141 0.073984412688284 0.0221907439169207 -0.0871057142034541 -0.037547121731779 -0.0172104424407719 -0.0954432713681849
DK33 -0.0909836474790199 -0.0429193867823202 0.0851090759599579 -0.149649162430143 -0.0549502033107438 -0.0355510483271459 -0.0598433169966734
DK34 -0.0537773654246548 0.0497720898828908 0.115640062014996 0.0963679968804071 0.0307922510191701 -0.00865223501106174 -0.106680649018898
DK35 0.0331544952948152 -0.0254999030310573 0.147931049713851 -0.020384919003682 0.0118358005950041 -0.00261491460186267 -0.0856871213493648
DK36 0.0674398123858487 0.0299208123523517 0.0760500108710275 -0.00953977618059364 -0.0654726302226274 -0.0843421137990076 -0.0477625506493948
DK37 0.00453608411676727 0.00701048538086374 -0.0471813843946794 -0.0416729069874759 0.122781776978453 0.147470909236539 -0.141395569160563
DK38 -0.0113752824073245 0.00576145433989071 0.0448582432341974 -0.140677329639183 0.181327987337575 -0.0245350097491654 0.0222213441738555
DK39 -0.0272589618410726 0.00386725460042556 0.128509687200948 -0.0156845102071299 -0.0696590961373512 -0.0344172285723071 0.00980949812501627
FR01 -0.0650314212639594 0.149567793602457 -0.109435613251578 -0.107476262681277 -0.0650602444987688 0.101867957922218 0.0642860284910343
FR02 0.0460450015816984 0.0519029541775428 -0.0468214386243408 0.00196336855917353 0.0351036757861305 -0.0399002692121577 0.00642079209787124
FR03 -0.011233883870258 0.0882497141938798 0.0744444925106085 0.0285566826010402 -0.0680376673420668 0.0599797229600951 0.0179813660112732
FR04 -0.0715875329484632 -0.0667130764155939 -0.0251978071022102 -0.042119416987284 -0.146018894665161 -0.0951443946990059 -0.168228649162023
FR05 -0.104426223317197 -0.0818123845151646 -0.0729795181854505 0.181736226987925 -0.0171143980256858 -0.105115214204013 0.0680819532150648
FR06 0.0475555065914617 -0.0322216217699283 -0.00322157084673024 0.14619471581502 -0.0942649892883093 -0.00989791924154257 -0.107005068854213
FR07 -0.141575507553119 -0.137474757652408 -0.0140647176712974 0.0992660205113821 -0.115662686006162 -0.0168307368955915 -0.0436721909690918
FR08 0.0395834240840393 0.0219332518686462 0.0421235224495882 -0.0863847547826718 0.0774310147586018 -0.140711387228785 -0.0325922454585456
FR10 -0.0418742610109564 0.0465697116762899 -0.0411302140402084 0.0438520618815073 0.0234057378335009 0.0560179854544843 0.122979936176118
FR12 0.0364507559385899 -0.0347629614603545 -0.0669215287070883 -0.0492434603416948 -0.0672906505522979 -0.0114805760591493 -0.000854935643206791
FR13 -0.0544333179688169 -0.0817939878720675 0.108015806396047 0.0754694922185525 -0.0426044027473345 -0.1256475983275 0.107234163481684
FR15 0.0539517802271908 0.0142209309460962 0.069865102764772 0.0972753777643566 -0.0454095509205926 0.0253243793665143 -0.00567189611882538
FR16 -0.163849671232298 -0.0465330954183682 0.0155300898855819 -0.0436641064203655 -0.0153878691865831 -0.0240326912593241 0.0230811259672648
FR17 0.033441956103655 0.0595422815463644 0.0468770690149292 0.098713205674903 -0.0475848388182597 -0.0738966390881344 -0.0471297432354901
FR19 -0.0505516586618137 0.050810556877054 -0.030126509337092 -0.0387825861538506 0.15267170441703 0.0427529868296816 0.034996505640762
FR20 0.129724160409651 0.0482511465875693 -0.0385472025717844 -0.00758165590792297 0.0077075486534153 -0.0504160216476672 -0.0711993845276602
FY01 0.0216473003289449 0.0516677622231741 0.0258499706110956 0.0688084380655193 -0.0794716068612862 -0.0291976901133067 -0.020534044527088
FY02 0.069022801491819 0.0676534982585959 0.0685109779953905 -0.0234958507856451 -0.0262603209354804 -0.0428355339065428 0.0140084924576801
FY03 -0.0561979886628146 0.0437166340364257 -0.00221926877912618 -0.0544398527624116 0.0893791648512081 -0.0384037578599969 -0.0395772635901569
FY04 -0.0184607126483786 -0.120443101610947 -0.11631856459734 -0.0915643571629857 -0.0835119519464652 0.0700301802388439 0.0304894527771812
FY05 -0.00641603546208645 0.0126538767578828 -0.0901937333516984 0.0570706650012662 0.0906165006514165 0.0944543793783886 -0.00694752085895059
FY06 -0.0095532221686852 -0.016285775821657 -0.102525849795242 0.0435836511715567 0.0735987276042173 -0.0376321622271712 0.0296199656264932
FY07 -0.0336082216753702 -0.114596298772435 -0.0407152430232345 -0.0574769089893325 0.060936681923484 -0.0913246910878808 -0.0155310953188268
FY09 0.00963304518562996 0.0493404436558321 -0.0389060514228446 -0.13612092278642 0.0114555117900996 0.0258538445804148 0.0233388889533302
FY10 0.031266646565738 0.033923713556153 -0.0741481563099378 0.0731499480917387 0.08516334787689 -0.119148103756459 -0.0478284805884945
FY11 -0.0991382698480742 0.0206389344388077 0.0333340620086769 -0.0627571807374969 -0.0680308955165048 -0.00390105433000617 0.0696015542895771
FY12 0.0609645811484267 -0.0401207150579943 0.0729826616626646 -0.0285103945465806 0.0503241661095645 -0.00974055200929904 0.111061024069578
FY13 -0.0582487917727191 0.0972771066226003 -0.130294733508272 0.136943957728574 -0.14220659355042 0.073107382203797 0.00352045138757952
FY14 0.0585062050281451 0.0296587933231055 -0.0243978551784041 -0.0398464945920053 0.0554478988940675 -0.0536432856346747 0.0326965553851272
FY15 0.0746368638777614 0.0416255285957935 0.0675089840579819 0.0326358282147917 -0.0174114087625786 0.106419998139885 -0.0412319581917132
FY16 0.0173281626854696 0.0716831165148536 -0.0445072390081308 0.0052561728403265 0.0397694716535942 -0.0717925525833071 0.0430905174962968
FY17 0.0357666044132381 0.0175550626040862 -0.018934793913431 -0.0107101610638417 -0.0393011555261387 0.0614516355715803 -0.122413934167295
FY18 -0.0395455111838282 -0.00725159660715804 0.023514684490132 0.0804546049899235 0.0656784405960361 0.0888948943751401 -0.0569831350936511
HH01 0.112292919588837 -0.055331732765 -0.0569979878587459 0.00869327874500817 -0.173480890064648 -0.0190209541703723 0.125362382079528
HH02 -0.168143149799057 0.0204856585230281 -0.0148631179466161 -0.0659384651283242 -0.0930418611446546 0.00698929876422646 0.101002873602629
HH03 -0.00294367050181985 0.0250472667761232 0.0031352358191539 -0.0150035935725454 -0.0697576628818775 0.0294505481874937 0.0641360605421541
HH04 -0.0670430623961174 0.0275810822882468 0.0716236141212361 0.0853502297006132 -0.095261901516898 -0.00373447211135266 -0.0294071256991404
HH05 0.0263609817333337 -0.0118425486229764 0.00800891333108981 0.0673615830694714 0.00230746053478706 0.0361267822664656 -0.0774409962504179
HH07 -0.0223743130940123 -0.0955277151696701 -0.00710025294301054 0.062818503448791 0.0204073709870908 -0.0749488163716817 0.0145268401254676
HH08 -0.0604127093126066 -0.0404012549079179 -0.030970331462229 -0.013460599109762 -0.00862548096209011 -0.0115468254671837 -0.0319084919942128
HH09 0.0555564053696319 -0.00517701368812804 0.0222917685516239 0.0261256220461739 0.0208461910826296 0.048518320492083 0.0845717919018213
HH10 -0.0658662885335077 0.0543041707683426 0.0435292716425066 -0.154248315931342 0.0214138119659155 0.12467010377611 0.0699850139376839
HH11 -0.0383550965849727 0.0345811826509902 -0.0348742869191474 0.0209801944546682 -0.108795074459451 -0.0322871240045758 -0.0278070718317526
HH12 -0.00930949734693842 0.0143683190791639 0.0163992687786291 0.030629656866495 0.00501826628709569 0.126922142411136 -0.027168269534005
HH13 -0.0129469261836264 0.00317261674212162 -0.0734404043206692 0.0112743732791609 0.0215478908586915 -0.0437819543714404 0.00408687733224195
HH16 -0.00295149888860802 0.0819781114754927 -0.0370504364070761 -0.021645924011926 0.0994880176947374 -0.0125792100030764 0.0301767255594756
HH18 -0.0607511856306512 -0.00887044436613445 0.0877273258886403 0.00352613716848848 -0.0622987829214888 -0.0900336727184187 -0.0568884797519696
JB02 -0.039294757254845 0.0556034444518896 0.0665991878888242 -0.0696862963539431 -0.119357474359272 0.06620544090524 0.148724669467047
JB03 -0.0146077775154852 -0.0669889696514769 -0.100472758731179 0.0185367037895656 -0.0203449801898131 -0.0892125499284125 -0.100023749507464
JB04 -0.0483743471039301 0.0534914267039089 -0.0794119030191463 0.0212829902329515 0.0858482437016595 -0.0482446968515187 -0.00296186919533035
JB05 -0.0376807926473641 0.0382575726170723 -0.0843601773409282 -0.0989965000895133 -0.0459083615349395 0.188743780822448 0.0446952701713523
JB07 0.00797356565770162 -0.00952364004189709 0.045749314927429 0.0233476873443466 0.0322674729704587 -0.0117828610728868 -0.0536474609282913
JB10 -0.0990609877808351 -0.0270796213705962 -0.0511955276947215 0.00387330513732471 0.0168009582991389 -0.0423990842783755 -0.00184266877869159
JB13 0.0261221216688051 -0.0108497167949214 0.0745017775098342 0.0518048299074808 0.116326656478628 0.0402622933785851 -0.0399113488916099
JB15 0.0778601835431064 -0.0238941670005782 -0.154538390191402 0.0711245300384547 -0.0650523096064944 0.0427276700065772 -0.0549179115367367
JB16 0.0780924708101997 -0.0361626434699251 0.0172582922680199 0.0201380944072119 -0.0071757963594212 -0.0121218917223494 0.0532576144519737
JB17 -0.0586420345390496 -0.0180268352612167 -0.151984431058449 0.0499411065095407 -0.0736893550607554 -0.0954122004428709 0.0569440685201163
NB01 0.0253222397178375 0.0291162852153095 -0.0312926212365091 -0.00205392156496665 -0.0519300848547019 0.0410623550519261 -0.0597313765593306
NB02 0.0480102255327815 0.0264346042328482 0.0181880286398932 0.0593078391365909 0.0900379976474118 0.0823944014995464 -0.163428419207219
NB03 -0.0365733031403984 0.0148453136712738 0.0480328452072718 0.0772223291789198 0.016393945744151 -0.122603927605089 -0.0354956847143001
NB04 -0.000536953367408851 -0.0174930508829657 -0.0130384887566273 0.0197458145108465 -0.0409447267719252 -0.0396454735350064 0.0340861554194496
NB05 0.0606190930900128 0.0541341527901233 0.0719261154824893 0.0689521893666545 0.149152704309156 -0.00917487012520186 -0.00554459837862912
NB06 -0.000256820047387807 0.0641482280875902 0.0612391381707449 0.104962134789982 -0.0379749391760656 -0.00754099613083991 -0.0760691810822477
NB07 -0.120366339318112 -0.0036872478426672 0.0327491160504858 0.0633112780448305 -0.0231915733002918 0.0127131976804064 -0.0364966883717319
NB10 -0.183950120212201 0.0334202199643427 -0.0387860630965223 -0.0125474495031914 0.00292295316111324 -0.132572873243719 0.102852271329213
NB11 0.00395590369444938 -0.0312952533131249 0.0240915325659596 0.0790920187599141 0.153499007889533 0.024345898954834 -0.000898404990760986
NB12 -0.0237474154160801 0.0444495478645839 0.0788929381000178 -0.0516750743180887 -0.0763434452818767 0.0151309832606446 -0.0238701735224891
NB13 -0.0241616977860471 -0.0226807358391127 0.0709602048159375 -0.00607719131168328 -0.0470640938534935 -0.0844121176859259 -0.131608449269643
NB14 0.00312808342952438 0.0730481246409062 0.14748178346036 -0.0773671553969724 0.038092961775706 0.0999048452567406 -0.0258112477965193
NB15 0.0461159303470938 0.0377146396409045 0.0215069074961569 -0.0162812396028042 0.0486090923710612 -0.0453910111491688 -0.067018982010126
NB16 0.12481122417456 -0.00449521369201308 0.00945095076859079 -0.0851445788487673 0.0242327520267157 -0.0616421231856664 -0.00739566088643361
NB17 -0.00186399615143409 0.0172051703206003 -0.0476278992197694 0.0274818059417465 0.0848575379047144 0.00351860462722897 -0.0169580069951483
PA01 0.048637127530713 -0.115403780430402 -0.0938005961053506 -0.0245476845898683 -0.0117273860162319 0.0288833210940762 -0.108866434493963
PA02 -0.00723340849991126 -0.0212610487395617 -0.13132494644733 -0.0678935170303849 -0.0817955386977455 0.019946900668794 -0.0067905383884031
PA03 0.0553677180670709 -0.0177220731112402 0.0103871355240481 -0.0623938798924842 -0.0735677162521761 0.0341283148988614 -0.0306335739407743
PA04 0.0452406303042003 0.0202026404667556 -0.0196337631140652 0.139934756196613 -0.0316182961644509 0.0436569441388815 -0.0215797222071198
PA05 0.0860723738255201 0.0360393904645555 0.0470621682652407 -0.0393915037142258 -0.113963301042366 0.0329188886108786 0.0681141645261924
PA07 -0.104778102745255 0.1459401673864 0.0289064245710266 0.0288498344249877 0.0490264190434171 -0.0219646864184969 0.0011553270413579
PA08 0.0849133706557547 0.0114477422648634 0.0132391283891185 0.0688704064497613 0.00458992731294046 0.0773534962075005 0.0817002660985769
PA09 -0.0493392482451984 -0.0892395857713888 -0.0498676388204904 -0.0461366682355839 0.0136058106640457 -0.184197461242276 0.0773094493550828
PA10 0.0330152194222125 -0.0718206981988197 0.00307832436362589 0.0223868892204442 -0.0762812594208667 0.0494241342883574 -0.118670957427171
PA11 -0.155357973227288 -0.00250385684178431 -0.0157374107432619 -0.00181791940921759 -0.0766648520095879 0.058643128894997 -0.0756465305739727
PA12 -0.00954303934234304 -0.0186159289781939 0.0446077903068724 0.0895127171855393 0.0110316576474287 0.031593896668871 -0.113076339879728
PA13 0.0151397333157856 -0.00358918943339095 -0.0156918147508106 0.140287096426858 -0.0046181611078821 0.0308586146931532 0.0867008921251906
PA14 0.0859082216255522 -0.0161950821118197 0.0361787327362359 0.108735071052499 0.0182571531192923 -0.0452235462448986 0.111636686599212
PA15 -0.0116897883059664 0.0572024257171405 0.0292300056941367 -0.154932776444652 -0.0418212327218821 0.118666326176548 0.0851718813912946
PA17 0.01719657817956 0.0561530757906532 0.0428757915939501 0.0284394471300513 -0.0467782119995365 -0.00937154370236723 -0.00176003360455326
PA18 -0.0505854856296093 0.0073629614871636 -0.0680779362448713 -0.134215865918738 0.0523405472684299 0.00174475542347889 0.0733272422142561
PA19 -0.130414064559478 -0.0774191523219282 0.127416341229939 0.00903068315459463 0.0608731257817575 0.11246721959919 -0.0141488288267902
PA20 0.0424948876702891 -0.0528529392026346 0.0654706601928876 0.0662697351221999 0.0214886772155601 -0.0157708936748898 -0.0628966561659992
PA21 0.0135969145632536 0.0492449922079739 0.099068192590414 0.0535729083249805 0.0287852032218766 -0.0460962295094795 0.0675724825473092
PA22 0.0253335308604158 -0.0887277532912284 0.0838470526083982 0.0176629098259043 -0.0152165393271408 -0.091643868295077 0.0865477154722032
PA23 0.0053625943104586 0.062547723472398 0.0129255830418574 -0.0602087624557376 -0.0307354712558767 0.00648361076478849 0.00664950350404768
PA24 -0.0344695801758341 -0.0272959728888261 0.109202435015685 -0.0303305518728814 0.0761470897715103 0.204145332743186 0.00662816382273874
PA25 -0.00945394600215902 0.0268411462294883 0.00436738815362364 0.102399128366791 -0.0605167323605118 0.0255964962602327 0.0357963759475039
PA26 0.00384248765897896 -0.0330912175392835 0.0106312239453413 0.0437404822579138 -0.0045262635178085 -0.067563046375648 0.0825222176055378
PA27 -0.0991975738820995 0.00167030647361636 0.0253152608503032 0.0143332968100298 -0.00745853792129305 0.0297009649407465 0.15241199844912
RB01 0.0648775031665339 0.0692699496800208 -0.101426147032195 0.0833386403432867 -0.0267991650171898 0.140425771298851 -0.0131242170827483
RB02 -0.0748507000816238 0.0193522266185808 0.0149864003871081 0.0573785457431325 -0.0207938402351175 0.0178072794806036 0.210821711144017
RB03 0.0600465151936214 -0.0209441129018534 -0.0512916026122946 0.0507838349687667 -0.111078213444101 0.0760531315974295 0.132566203839075
RB04 0.0518876419354032 0.00467902160376805 -0.0890385925392732 0.0466012617653473 -0.0417936574742822 0.063027235994116 0.0516435714510069
RB05 0.0306822614424375 -0.019541313929835 -0.0413537322511957 0.0229748014747311 -0.043731599123018 -0.0513406910990947 0.0875520766772145
RB06 0.0325167156812939 -0.0122602642907126 -0.142459073463189 0.00486483519172774 0.109994919237069 -0.0657942032447292 0.0202108090255573
RB07 0.0108326354839653 0.0339795831459677 0.0533870359210235 -0.085586201951282 0.0127245296800001 0.0371172778451453 0.0234064975788679
RB08 0.078741549828141 -0.0292371114769412 -0.0365654535938907 -0.123507947021526 -0.0451338108922855 -0.0633668203303166 -0.0175110995371628
RB09 0.0650904103375273 -0.0982647019848251 0.00336539748485402 -0.000904615384021829 0.013170181949272 -0.10561451641307 0.0874706161303331
RB10 0.0116411553562019 0.0496077973991161 -0.0591310697522876 0.0320577901658113 0.155895669449977 -0.0316419863921282 0.107248187446976
RB12 0.050387578053643 0.145008364752144 -0.0480646922003048 -0.0892801669593015 0.0525309412933685 0.025597978923468 0.0654205834869261
RB13 0.0727643342261431 0.0241573211423429 -0.075100219416297 -0.0134787670404362 0.02128980160769 -0.129111528111023 0.0220789954631773
RB14 0.015932361057147 0.0166554214036038 0.0266727361998678 -0.0061393807639958 0.00492334663745897 0.0235783601321586 -0.0213811648375115
RB15 -0.0306497113919885 -0.0113366394354262 -0.0117999489649434 -0.0769858250269651 0.0409045712885222 -0.133136774919057 0.00703294543732775
RB16 0.0691681437797575 0.0386422304491894 -0.0858151678882091 0.0642661704455711 0.0852776066424349 0.0304142706821 -0.0215986271550743
RB17 -0.0640809772987796 -0.125991042730869 0.035191354216638 -0.0806443727571809 0.0109001456282185 -0.0747773730521352 -0.00156935674384896
RB19 0.0640735819062829 0.0673588940002088 -0.157904517445076 -0.0354822965982083 0.0188713254235188 -0.0877965109467076 -0.176273688390844
RB20 -0.0268286780929098 0.00200154946232277 -0.0532815242598668 -0.00111161395036006 0.00975064778376439 0.0478925749787039 -0.104599972593372
RL01 -0.145835762613781 0.0342706832416258 -0.0408624760304697 -0.0902586054700394 0.0926673966691554 -0.0832363979964442 -0.0171740948004043
RL02 0.0146946233744003 0.0212672865729935 -0.0686175555746828 -0.0924934561662369 0.0357616666297421 0.0490519212114972 0.0132468381656047
RL03 0.0997131133806178 -0.0129415978825508 -0.0516401753684425 -0.0321035660257308 0.0683547012140209 0.0112039793078161 -0.0902334037361304
RL04 0.0736150192581607 -0.0211812372628327 -0.0528672038098428 0.103599043897615 -0.0913529406229303 0.0248662603708695 0.0302355827269161
RL06 0.0860031131495275 0.043098936687685 -0.0439072717346305 0.07263547662506 -0.0685832483662471 0.0609765743760925 0.0480183210967536
RL07 0.0238602272930013 -0.078627581660396 -0.0505862161509356 0.0241676962973907 -0.0120487974343788 -0.0137917673246614 -0.0104944421478938
RL09 0.0591868023300122 0.00849805194377272 0.0302466018322083 0.0154890953576508 -0.090149961851352 0.0187906747549874 0.111383126201512
RL10 0.0464882829418394 0.0288052387553703 -0.138491467529374 0.11089623152096 -0.0649120710559292 0.0313242428164347 -0.0830476868318539
RL11 0.117829507876856 -0.0285630007568966 -0.118392550787873 -0.0656013491531543 -0.0674799397793769 0.0752448186358954 0.120140581002309
RL12 0.00435828369909928 -0.107787192515994 -0.0736923133075126 0.0326534071023929 0.00963539268882383 0.002043727134536 0.0920235337225915
RL13 -0.0339565521006943 -0.117465872861095 -0.149311066411121 0.0611238341999097 -0.0684925045421461 0.0948695680219847 -0.0513093278143802
RL15 0.138786008695741 -0.0253091577182536 -0.0872093597757547 -0.0850921628306722 -0.00261853039543096 0.047900567766694 0.0289146888380312
RL17 -0.000602352009431563 0.0378665233588935 -0.0244343661129841 0.0412148721872349 -0.0380836953445535 0.0473723434481731 0.112760909392717
RL18 -0.229494938791416 -0.0265043039718921 -0.00774284427226033 0.0217752029531965 -0.00683796766038725 0.048317996194185 -0.0182936054450655
RL20 0.0141152689388451 -0.000898793010160601 -0.0850113800275168 0.0544158363784465 0.0443897465978744 -0.0545936762785657 0.0994713469180451
RL21 0.0639986533394493 0.0134626098218268 0.0251410165376667 0.026326049055692 -0.0997403602540863 -0.00587043202741245 0.0085449837532052
RL22 -0.0632989931792325 -0.113632553599583 -0.152130131368928 -0.0594579799807934 0.17631241290233 0.119439876468954 -0.131345931615864
RL23 0.0480652146898761 0.00296642444057279 -0.149999456862685 -0.00141573262671807 -0.124223715810672 0.019010534554693 -0.0201925075487206
TR01 0.042432005289244 0.069658989136662 -0.0346417742034148 3.41976385883159e-05 0.0894268488640057 -0.0715903498284255 0.0248249328507643
TR02 0.058647676528163 0.0254578214211572 0.0278341298387366 0.0250062306825539 0.0113769524755348 -0.0302710559388673 -0.0496825249861448
TR03 0.0732094239491446 -0.00347542510208305 0.0392191293560235 0.0214273556689311 -0.117587008307961 -0.0665505199942395 0.00758408955861199
TR04 0.105967768575642 0.0387465454958565 -0.00450632036831568 -0.138173237186307 -0.0815733120954322 -0.0446018997795531 -0.020302510203971
TR05 -0.00266971740925214 -0.0299922091256924 0.104515646753761 0.00642753240787517 0.0170923487587531 -0.136233064854962 0.113135451452301
TR06 0.0566038039560599 0.0389229649399851 0.19653626401425 0.0240848714472621 -0.0119410716908391 0.0767675866651036 0.0442898063654915
TR07 0.000287015919149846 -0.0112295213401237 -0.00708371853824398 0.105451065120631 0.0862884304629245 -0.0511907924920434 0.0719831516892347
TR08 -0.007702703178971 0.0757771432965201 -0.0269020340559563 0.0466632551868954 -0.0486170992744477 -0.0829767083033723 0.0447290692216491
TR09 0.131774878375487 -0.0134155135741136 -0.0134141725835808 0.00117248346179446 -0.0471283057598563 -0.0470333786470966 0.0182873732094944
TR10 0.0774461947945786 0.0386615055759408 0.0595680725506929 0.125291555045986 0.00451751654634249 -0.0203084114427349 0.0847361992360732
TR11 0.0670740770275546 0.0137822985921808 0.0317483520167223 0.0302546627342981 0.0362819812841213 -0.0617563803170473 -0.00743379363705067
TR12 0.0214466008189089 0.0208246370176723 -0.0072662685826894 0.000712561149593828 -0.128646495468846 0.0632001639906795 -0.00571368952921547
TR13 -0.0221827402063677 0.0293778811416439 0.111166404775384 -0.113002911293689 -0.130379497553805 0.118610582253522 -0.0943018600395223
TR14 -0.236185055895391 -0.0212768361992544 -0.101316593884712 -0.00169962440777485 -0.0753555393766323 0.0717692392886205 -0.104962919959967
TR15 -0.0366232862126938 0.0665021373427724 -0.0359561010209358 0.064974372791643 0.0997063952515126 0.0397289856101166 0.0765342951383501
TR16 -0.00408507134221893 0.0915676663404997 -0.130585222576935 -0.0768884921314602 0.010568439341158 -0.0439642388352592 0.023957641151758
TR17 -0.0185772399189117 -0.0212686470314866 -0.0828461852032468 0.0523134155297893 0.0400120176935263 -0.117482523453307 -0.128089452322971
