sample MDS1 MDS2 MDS3 MDS4 MDS5 MDS6 MDS7
AN04 -0.049303008571852 -0.0137113238370757 0.0654438119321231 0.00059671169560612 0.0342844238432075 -0.0586870735414741 0.114941540995135
CS01 -0.0741879312901431 0.0174275627349396 0.0445369152554402 0.102410555757346 -0.138684102158703 -0.0389162448666355 0.0399058190625574
CS02 -0.0847266612921056 0.00659626671509682 -0.0565821069971556 -0.14005995225883 0.128127107935489 -0.03896075555779 0.0243327891348527
CS03 -0.0534579487505646 0.0570778915795609 -0.038366695985838 -0.0195163340491676 0.102646950996413 0.0140916307687876 0.0718707932805793
CS04 -0.0323959986931859 0.0275552639340286 -0.0173740992182309 0.0092286848298937 -0.0169581968994235 -0.144897276108498 0.00240464167603553
CS05 0.0169561227921645 0.110022424340921 -0.0565330145073266 0.0905594155594122 -0.112484059121908 -0.0244890902867126 0.02742608799546
CS07 0.0569718773667344 0.0173419626729415 -0.156389656720578 0.0883579582090741 0.0364689050710305 0.051356370960266 0.0921838665607149
CS08 -0.0974517823307618 0.401883553200295 -0.00297202878116629 -0.0960368662190439 0.0633795431391782 0.0039223963346576 -0.0842542905689287
CS09 -0.061698225236373 0.0110267072267639 0.117482433564766 0.0169275442312104 -0.109408113219449 -0.0906013346793634 0.00070698339471241
CS10 0.000735835666587545 -0.0705014930131182 -0.0781308098644674 -0.0239302021535052 0.0806728499236827 0.0305597258379204 -0.0196603332263199
CS11 -0.0896225273648287 -0.0672397524794538 0.00849179086798539 -0.042589250297494 0.0609505132285517 0.0731845498849497 0.0502185382841629
CS12 0.0649877058104814 0.0429797661772552 -0.0237210163101688 -0.034542022416696 0.0231367377510747 0.0735485947486781 -0.00483626552353998
CS13 0.0333884487802919 -0.0865197694500044 -0.0351112164756947 -0.103258784281962 0.177587685419411 -0.131631157254359 0.0433513631508722
CS14 -0.0347671540439058 -0.0524647407425878 -0.00734589261109458 0.0124896349783062 -0.0733034113293281 0.0628626221898386 0.0246720619927696
CS15 -0.0634614398902373 0.028330692169455 -0.0742735217881056 -0.0189574570900207 0.00298118470851141 -0.086679418719566 0.105407245355671
CS16 -0.0618792900156099 -0.0379602116101701 -0.0825032358510754 -0.0843223058983609 -0.0681311103297887 0.068509204815951 0.123701790633845
CS17 -0.124926576262387 0.0472976299364548 0.0243928882114546 0.0120467534745121 -0.0801819815995392 0.00326263503727259 -0.0785614420043153
CS18 -0.0274240578192806 -0.0158107845725643 -0.0722019754428262 -0.0803258772335019 -0.144371981809595 0.00507691560139473 0.022212422331873
DK01 -0.0439222130092625 -0.0804569519129978 0.0340117825064878 -0.0265351829414601 -0.0588442226414458 -0.0262142888834707 -0.0157297681835768
DK02 0.0546924645915426 -0.0228623198664747 -0.0517245515203427 0.0538544049734819 -0.0720301143150392 0.00642113251150708 -0.113027585127395
DK03 0.0683535924954786 0.0228270562716646 -0.151220074302706 0.0360663304900996 0.0102767307853291 -0.0192741955218119 0.0868922881127316
DK04 -0.0876021452646965 0.0788032187804346 -0.0817306938453498 -0.0942266398509991 -0.138245846123802 -0.0711011928480352 -0.0911274392171027
DK05 -0.0578252350808272 0.557487478540361 -0.00797999097326623 -0.170752648405527 0.0116293596301719 0.0638200066004629 -0.116473569895858
DK06 -0.0207035593131829 0.0691135375358059 0.0685409862333913 -0.00834681181082848 -0.065996133329992 0.107210774278495 -0.107570780845844
DK07 0.0453512247906728 -0.0621561480164605 0.00659952460427529 -0.123382005981177 0.037717303934387 0.0543179256108801 -0.0480769872943203
DK08 0.104437418223901 0.015123989516503 -0.0436049454367147 -0.013723316568471 0.0699037164663849 -0.138454564099265 -0.0557696683990356
DK09 -0.0139685795986285 -0.0305388006328845 -0.0249971617783975 -0.0573551406461285 0.0792559869566541 -0.0456389931295385 0.0212489556914504
DK10 0.219996665134909 -0.0180937274821783 -0.018340701531409 0.0108145202097353 0.00214267375112183 -0.0481184747333315 -0.0634836746789454
DK11 -0.0836585111927843 0.00434874372499049 0.00065765839704214 -0.145826768060843 -0.0792816086971375 -0.0088134391831802 0.105380666468979
DK12 -0.0830320472774684 0.0376663726221872 0.0303552749694296 -0.0234434162839644 -0.0147509969463388 -0.046180918323891 0.0671194482105367
DK13 -0.0293438234030918 -0.0579284402278184 -0.00731229917835768 0.00437240455957526 -0.0282152324817027 0.0645197486538616 0.0652929500738352
DK14 0.0848235059993926 -0.0437607362341871 0.0709476828890176 0.0146457244993661 -0.0540332368562731 0.0926442527382334 0.156009716473416
DK15 -0.120033273544519 0.0465021001538472 -0.064256249938425 -0.0579062651746058 0.0693022613550049 -0.0554765218985375 0.0743716289249188
DK16 0.00433352173051548 0.00344142161914396 -0.0396506242992208 -0.0089312004575459 -0.0725472658678806 0.0165975580116357 0.0303964548779877
DK17 0.0498408346377941 -0.100404879454785 -0.0525170732576222 -0.0059214918111499 -0.0288176360394669 -0.0850395214350783 0.0416355639290174
DK19 -0.0573692115466832 -0.0261647545693903 -0.0510636380947591 0.0872226390930017 -0.0966305829790696 0.0357061443237575 0.0472049805365395
DK20 -0.0652284940632255 0.00416249731217568 0.0865058551095965 -0.0862050768108142 -0.0878055080154406 0.0574154992161786 0.00288553314511703
DK21 0.0202864220024813 -0.0704940078962308 -0.142782168652219 -0.0288944745261986 0.09466527798829 -0.0202028277831841 -0.0838770322077562
DK22 0.0522815525157527 -0.077802925681486 0.0357675711475022 -0.173315071990651 0.0954669689454879 0.0245797485255895 -0.0306320493899925
DK23 0.0487109670069722 -0.0480610959356369 -0.0960825923212328 -0.0598783545938205 0.00106621655814744 0.00445302626820813 0.0419987525545264
DK25 -0.0255315029772109 0.0467331058678825 0.0179767476842596 -0.0827837754487757 -0.0164427081948431 -0.0715728149820754 -0.0470795882050008
DK26 0.114440151157536 0.0623113805882602 -0.0222888517859121 0.0446416616648814 0.0116108872135934 0.0139703960488988 0.123352463535523
DK28 0.179394783924801 -0.00400641812316879 0.0567974140688734 -0.0935642417520518 0.0811188515514233 -0.0522971514276897 -0.0340663099710191
DK29 -0.0822372518513785 -0.0014838300152385 0.0320947281685794 0.0256863915285415 -0.117858257188965 -0.100471052756924 0.0113522067011758
DK30 0.141356026399485 -0.0647899371041795 0.0737298252511361 -0.0598095356368049 -0.184155639344596 0.0948628936162534 -0.0639447461099377
DK31 -0.0603939786886467 0.0300937844619662 -0.150108014202046 0.0362771864470493 -0.0084325800437315 0.103152874868215 0.0308504501809782
DK32 -0.0199725776929488 -0.0788557440303729 -0.00223538613268291 0.032546853448681 -0.106698525878858 -0.0574418192278881 0.0144276099606089
DK33 0.0689812581751463 0.056833043052736 -0.0823772484727079 -0.0183783568420292 -0.165497011158451 -0.0539819680265376 0.132016420436982
DK34 0.0498449023360413 -0.0682775033868658 -0.130366941733629 -0.0290558738446769 0.0608582860825528 -0.0933897335033529 0.0251060259658205
DK35 -0.069129425547157 0.033603860661702 -0.154232664905566 -0.0126342296734004 -0.0407611439547682 -0.0518784402470318 0.0835797624081683
DK36 -0.0741723522928456 -0.0396717690519547 -0.0582672167158729 0.0942599508588518 -0.0309147907441444 0.000220960754232179 0.0683116276352399
DK38 -0.0123831989256248 -0.0278293290436894 -0.0054337267248139 -0.200257267621546 -0.122496689952078 0.0754049989164665 0.0831626432322475
DK39 0.00217802624821539 -0.00442943291524174 -0.16084984329538 0.0290444205163007 -0.0504769160671304 0.0302725404177633 0.0356794038352881
FR02 -0.0285123841696183 -0.0671841825310439 0.0724879165948881 0.0156822313786305 0.0424923242286529 0.0289112865515456 0.0845524395595619
FR03 -0.000717740843551484 -0.0937866958145864 -0.095017080484356 0.0391345883777445 -0.0210860904442724 -0.0246443655664764 -0.0922935175774988
FR04 0.0796102175697448 0.0530328867191218 -0.00224817199078177 0.168970596657677 -0.0646972178720881 -0.105175985038648 0.119397082428427
FR05 0.128717925323975 0.107353324576529 0.0116997444715751 0.0890454176499674 0.171487687006968 0.0936133487728788 0.00657001716665137
FR06 -0.0405049666573507 0.0309338950873968 -0.0272489184246576 0.14221408751578 0.134902703120365 -0.10778146107162 0.0105369508930438
FR07 0.151438183110902 0.159818339823872 -0.0624096119484551 0.104292146331465 0.0627157257034576 -0.0503555108471039 0.0400442049902094
FR10 0.0487893726265827 -0.0443286742420705 0.0130249494301561 -0.0431755115326903 0.0779751750976581 0.0638957331064115 -0.0701730099074575
FR12 -0.0246255240121527 0.0374442441526849 0.0741776265851125 0.0898964340605556 -0.052519672527983 0.0123583488504646 0.0159813570492587
FR13 0.0255893078518533 0.0738762614270261 -0.122024521989429 0.118627244549675 0.0393688888402735 0.158982985087389 0.0830264359487339
FR15 -0.063551750561933 -0.0117677962467283 -0.0841567880562269 0.0397909789387848 0.081188208727061 -0.0694071032408227 -0.00948008248712482
FR16 0.160310052670334 0.0663339010582012 -0.0456222853871103 0.00835233641594761 -0.065268747784316 0.0315949534081691 0.0100094267262469
FR17 -0.0263139210354449 -0.0643228031877238 -0.0555881127371712 0.120051818358584 0.0529638253150052 -0.0296349744283054 0.0310122906893338
FR19 0.0583898578628379 -0.0376626964459446 0.049640234194489 -0.172864285513784 -0.000160057092564264 0.0245472901696267 -0.065506030835712
FY01 -0.0209207716375019 -0.0546516174576712 -0.0397896502921934 0.126696969667226 0.0136425170217976 0.0308281224383138 -0.0381967417335882
FY02 -0.079094628096634 -0.0845425154972454 -0.0265345828979108 0.0507623059356911 -0.0687315098679828 0.0509698548902575 -0.00596942891849706
FY03 0.0612268563228643 -0.0350311735170277 0.0142188158752386 -0.0656446708549296 -0.0159526674260802 0.0320097636201079 0.0845145550001359
FY05 0.0207261997843106 -0.0299783225676887 0.106235793288644 -0.0535245205983898 0.0541448100668306 -0.0244008549329043 -0.155566040260417
FY06 0.0286436161732186 0.00643067081030213 0.12336062184706 -0.0201830113650242 0.0871089483622871 0.0383798641313345 -0.0334023071392027
FY07 0.0345756267655536 0.117109845097638 0.0485675045283498 -0.0585797044720898 -0.0341467831079571 0.025239212487305 0.140700772813644
FY09 -0.0120724594294508 -0.052211513765367 0.0872455759618962 -0.0635164032775208 -0.0890771916634178 -0.0044275008109935 0.0598861539302108
FY10 0.00608585442670671 -0.0416565010445363 0.122642690493881 -0.00479430618419025 0.0873262485150323 0.00360859777251498 0.0601884040338186
FY11 0.0922228897328999 -0.00495031103634837 -0.0502587112572913 0.0627062421129781 -0.0982706434235917 0.0909465982248308 -0.0458200631174692
FY12 -0.08106940079154 0.0158467136922823 -0.0458165172324052 -0.0843009016343055 0.00717009628286762 0.10186625635911 0.063700390208361
FY13 0.0850832788251872 -0.0892936146164685 0.0493909541893296 0.144226530484821 0.123105326284029 -0.0665107437568777 -0.0758652812053897
FY14 -0.0507136670573348 -0.0390522881559062 0.0471566068473275 -0.0645509890088254 0.0247270526036541 0.0326881994574181 0.148844606715083
FY15 -0.080230114378856 -0.045468895039069 -0.0537265766972348 -0.0189621793496353 0.00492777333839087 -0.104432439402039 -0.0585779549328388
FY16 0.00203220675899784 -0.0756765835415868 0.0560088676704149 0.0199122099526706 0.0215853421131749 0.0669752911283871 0.0536646526142183
FY17 -0.0235146728700285 -0.027537945554181 -0.00282872976287282 0.0265869661457113 -0.0359151634395128 -0.14435921680815 -0.0104331546770259
FY18 0.030143618302838 0.0220511186847256 -0.0370925256663609 -0.0452979740346069 0.0591567388452206 -0.0926580664860325 -0.0520240064709045
HH01 -0.109339757994803 0.0449790754050905 0.0458315509834862 0.159642326300746 -0.00835441997961456 0.101157611924632 -0.0340126804226577
HH02 0.162770001293584 0.00994745702805776 -0.00575412646464274 0.0203586033424257 -0.040212433662092 0.0209554660956368 -0.0021463044242083
HH03 0.00227082300524696 -0.0306299468175437 -0.0110757476152568 0.0529958146346134 -0.0514076788561992 0.0473597474209298 -0.0569614386698735
HH04 0.0620944562763798 -0.0313342843358345 -0.10313791055897 0.0746235931335545 0.0715475714511884 -0.0593487235265519 0.0449423205253637
HH05 -0.0353781415105588 0.0102362036603197 -0.00438468166661749 0.0192934794748916 0.0383349159757843 -0.0867244276091908 -0.0608011789858247
HH07 0.0167197509877222 0.098360373902412 0.00657542791575272 0.0491372583159168 0.0418658861983992 0.0768134834243408 -0.00771988576140275
HH08 0.0617862845187519 0.0414485016655752 0.0240550008405119 0.00324969656519353 -0.00282406457044482 -0.0322213647071178 0.0879894092498548
HH09 -0.0759146431859912 -0.000324283504298984 -0.00715114894147611 -0.0221495842890187 0.0239448947673421 0.0759401740395409 -0.0846944148302458
HH10 0.0546294823525552 -0.0405136329895752 -0.0379134136639567 -0.0872879787445408 -0.211471958625328 0.0441284473152604 -0.171849773161692
HH11 0.0598814061718964 -0.0425162443644303 0.0231453435208223 0.135001828905343 -0.0675348529019703 0.00929985553643274 -0.0919671789929814
HH12 -0.00402744315315106 -0.00860885190596231 -0.0341775373689218 -0.0304440905266147 -0.0134917070793206 -0.0749376784627715 -0.12726538270006
HH13 0.0348713332165794 0.00373448232928565 0.06603231159426 -0.0125011948288818 0.0429437186744669 -0.0112562082783043 -0.0319832842319138
HH16 0.0142137825506573 -0.0761443633150327 0.0679631316944278 -0.0585562800847054 0.00153590519383609 0.0466520536455123 -0.0262883271631197
HH18 0.0530492511089836 0.00161684516515857 -0.106634587276991 0.0725691080074215 -0.0299318424236715 0.0188001872027198 0.064401354395372
JB03 0.0411511299732692 0.0503067166041101 0.101483062462124 0.0890702442077575 0.0180933557136541 -0.0587036794493695 0.112531327525644
JB05 0.0359476204693506 -0.000325624150267689 0.0571893464945703 -0.0346325222695911 -0.0678134945095012 -0.0383906975982216 -0.152443770251615
JB10 0.102124726085276 0.0191793782534679 0.0568970919278655 -0.00355641088084033 0.0265190451193219 0.0117557963833052 0.0524088258332943
JB13 -0.0461429808801739 -0.00793147973255229 -0.0738502391053093 -0.0947410517378799 0.0329583169587817 0.00556357862848233 -0.0708138989886642
JB16 -0.0834464007206795 0.0174256346414856 -0.0161448362186952 0.023072095394307 0.0385809545853661 0.0644004918557914 0.0278357899294003
JB17 0.0955978793454474 0.0232820791560982 0.137245241757108 0.124563358639714 0.0997322471291677 0.0697604243540447 0.041195225702279
NB01 -0.0201768512926712 -0.0177362042303406 0.0143083889296942 0.0518813437234275 -0.048648461952655 -0.0397748749240621 -0.0664977154982323
NB02 -0.0477210277626235 -0.038044108859904 -0.0079402055208102 -0.0674458056262957 0.0462404973989737 -0.176938695833219 -0.0189437551590191
NB04 0.00131915251097099 0.0172441196165651 0.00663363371910588 0.0503529515710618 -0.00763344703756261 0.0454349212440904 -0.0291802799054712
NB05 -0.0732926629043996 -0.0525151457733117 -0.0421251390313928 -0.127649662517949 0.0866295255808927 -0.0175539518344758 0.0202191270312997
NB06 -0.013567650780951 -0.067931322067992 -0.0842082868550977 0.0640017759529057 0.0858150916669543 -0.07221905812393 0.0251665481625395
NB10 0.197424753835639 -0.0336317395410476 0.00417034397784714 0.0288912146233785 -0.00897207906703165 0.187005650985822 0.0547316844009316
NB11 -0.0063417590723858 0.0282197888681434 -0.0411608510818042 -0.148215397877503 0.125787444609233 0.0113330175498639 0.055561637148814
NB12 0.0191413678956571 -0.0332179054280284 -0.0870909292499052 0.045378224956273 -0.110451652093739 -0.0120860396655436 -0.0610165667455575
NB13 0.0166551812511784 0.00184313117888036 -0.0704939356784871 0.0725642988907437 -0.0679182180557846 -0.0486697248645511 0.0782724410125209
NB14 -0.0375659569978507 -0.0772853877023936 -0.12258358132938 -0.0974106510501337 -0.099705329410896 -0.0448586585634281 -0.024298822366011
NB15 -0.04559116653586 -0.0433801484363978 0.0207996207180802 -0.0457680469349165 0.0284378039101629 -0.0760347319559461 0.0958497911625633
NB16 -0.118184307803768 -0.00639727518746041 0.0651552344605615 0.0161536216744613 -0.0660975295758264 0.0567921278582145 -0.000762316353078555
NB17 0.0178855472325371 -0.0324540264089291 0.0529289137018216 -0.0596160508855146 0.0375769407083669 0.00365311848850371 -0.00799783497072967
PA01 -0.0455650300835559 0.111858142836474 0.11985468282047 0.00803976841909606 -0.00911212115263997 -0.131740306342173 0.0410947276541917
PA02 0.0354453245064425 0.0254167970947973 0.128191696449431 0.0638327847313816 -0.0544076212106068 -0.0627702755781584 0.0158437201933369
PA03 -0.0569351171956917 0.025773517123445 0.0283418457981823 0.112660679944267 -0.140084121825421 -0.0128792540599783 -0.113873487637324
PA04 -0.0346997169597593 -0.00776508486596806 0.00580839305252444 0.0204110930191972 0.1860559776821 -0.111796876851697 0.0249318161696565
PA05 -0.107141001295749 -0.0627659849667207 -0.0215901048344244 0.101403589212064 -0.0561944554957844 0.0747882534912112 -0.0559760027225867
PA07 0.108113743094017 -0.150080315423665 -0.0566305223130813 -0.0544924917350456 0.0418443376090877 0.0386180554547811 0.0378327531073999
PA08 -0.0906235992538347 -0.0106942059383095 -0.00203932854292386 0.0211267355482353 0.065785668357449 0.0163072749739278 -0.131923806037559
PA09 0.0418135833687963 0.107433956189735 0.0928053581939019 0.0101793279029189 -0.0152174864303842 0.122219319929786 0.150012008644016
PA10 -0.0435808671145876 0.0773727782455041 0.00672199763701283 0.0922611930142082 -0.0292391939108814 -0.108996028659497 -0.0536965455730959
PA11 0.162766964817302 0.022452016679469 -0.0422860170232648 0.043221777996638 -0.0460522414533565 -0.0752219617190246 -0.0666144356400479
PA12 -0.00065419769728271 0.013033155044393 -0.0592643452765937 0.0329430134239955 0.0472253902935717 -0.111849263044776 -0.0675000192858433
PA13 -0.0192148127443479 0.00128380246102645 -0.00792623318502969 0.0387051523010084 0.110684500850603 0.0889741818119669 -0.152548314345266
PA14 -0.0949600355845237 -0.00194231364767215 -0.0296151871088467 0.0182920856436713 0.0726737290356325 0.133030629583521 -0.0910784134443982
PA15 -0.00605912317794447 -0.0409959152653449 0.0115017923074479 -0.0682283962414741 -0.148898869106207 -0.0306772528029688 -0.0575419032689622
PA18 0.0567756559655306 -0.000861366111239381 0.0862886718778064 -0.101945589787336 -0.103004999252145 0.0619107277342578 0.0183811425174417
PA19 0.098407988798619 0.0933020628671411 -0.152903031519434 -0.0995379558987853 -0.0316323286127761 -0.0354941022220471 -0.0784742303466279
PA20 -0.0549025175923323 0.0698747567725272 -0.0590606326581914 -0.0248732916422516 0.0966261008164987 -0.0815086404248978 0.108487300487633
PA21 -0.0279720095102437 -0.0471981906057828 -0.0980925004759789 -0.0011369139703994 0.0320954540909515 0.094350779599269 -0.0211342008217936
PA22 -0.039909732249698 0.070288876298887 -0.0630166521832916 0.0388338737707438 -0.0128486347650111 0.133149277359306 0.0325918354722359
PA24 0.00468505213329271 0.0464671459328788 -0.0820130501981077 -0.128480600935636 -0.0732923307835872 -0.0768216352183788 -0.168854179033021
PA25 0.00977359708971189 -0.0234529544306291 -0.0252837342790998 0.0759017205004882 0.0525735271543268 0.0337052205990148 -0.104697008859126
PA26 -0.016564257018352 0.0120730258481461 0.00949851235006001 0.0169012122633796 0.0703237698878351 0.0760401989474726 0.0937247502870798
PA27 0.0793480341518135 0.00899403096010496 -0.0528394756851908 -0.00313045748788471 -0.00572031883028695 0.160174378081215 -0.112427754444069
RB01 -0.0501431659945986 -0.0586557766826288 0.0526907313052249 0.00995134426511937 0.0984363717184633 -0.0939609917684561 -0.149548992239981
RB02 0.0732926024011994 -0.0140026600568038 -0.0259051239070279 0.0150479458466711 0.0351710011898151 0.201702367696046 -0.162732642177681
RB03 -0.0611166197389137 0.0325552072827994 0.0641672012772057 0.0946231025416562 0.0572285352335922 0.0459430985134247 -0.166762744469437
RB06 0.00433054913399649 0.0107391253615548 0.157665417401248 -0.0497976064782544 0.0822851620505694 0.00689887175120112 0.0541487481807736
RB07 -0.0231093193774829 -0.0289239609621491 -0.0375829202212058 -0.112362070957213 -0.0373915214824401 -0.0634590406099964 0.109021401425042
RB08 -0.0699039131335484 0.022556495870952 0.11313675055673 0.0437821856993941 -0.114154442126881 -0.0180787985658476 0.0515847202161597
RB09 -0.077921857013678 0.0883962399914452 0.052411017510563 0.0279569784579316 0.0182136246668641 0.131054279713909 0.0899709037397658
RB10 -0.00818990737599612 -0.0557963476617918 0.0995289545683458 -0.164032625705064 0.105682704636076 0.0848247427828728 -0.0127839095782795
RB12 -0.0267701890489177 -0.156868874272595 0.0834469813220529 -0.0798144434793811 -0.0750280124165755 0.0394090979385279 -0.0378487506456842
RB13 -0.0426196306005555 -0.0403736640102118 0.106791614004834 0.059713760083666 -0.0183531751421475 0.109560848687322 0.036464751418923
RB14 -0.0221404599305073 -0.0178100352198023 -0.0325156155241037 -0.00246858237857556 -0.0266028948209976 0.00314052152988216 -8.20856318148824e-05
RB16 -0.0472524792557642 -0.0486646651806656 0.0821046954428098 -0.0641318189994496 0.120717611435723 -0.0422315523468039 0.00245556182247579
RB17 0.047924527829064 0.131856788278508 -0.0054243743064165 -0.0226405051471886 -0.0751336293927609 0.0128689213477996 0.0989694630478796
RB19 -0.00703563233000301 -0.0685268018256356 0.197757792826977 0.0651003227927027 -0.0186059756598259 -0.118393228148287 0.0517782711675782
RB20 0.0494081117500974 0.0157965809978111 0.0425192466823447 0.00167939358550602 -0.0188511151288717 -0.1090750782626 -0.030906452834756
RL01 0.166733301066339 -0.0198756856443027 0.0510724733824659 -0.0519615031036907 -0.0668901365290735 0.0609187180019093 0.0691838077613984
RL02 0.00522064693503417 -0.0419484204281423 0.0921794122660872 -0.0696409835202361 -0.0592806196186194 -0.000268333580657876 -0.0335039425694355
RL03 -0.0817176025312317 -0.0136169245817089 0.080013443255211 -0.074903617468667 -0.0385078624337763 -0.0962554634010674 0.0180707749195794
RL04 -0.0662569326507025 0.0151902012019842 0.0286215081085501 0.119794433311853 0.0842057641022734 -0.0250512394387295 -0.0590448298497767
RL06 -0.0779541071234792 -0.0477979010034658 0.030034918904332 0.0858386583497687 0.0652398961477934 -0.00513709993286769 -0.0539041858199766
RL07 -0.0175919836159038 0.0732514304279833 0.0655336786529748 0.0353891697377143 0.0384767777175036 -0.00769862121770669 0.027209312886715
RL09 -0.0655005280038838 -0.0203809033117873 -0.0300708830126314 0.0484990914429039 0.0221806549126984 0.0492381313920577 -0.00521959151411888
RL11 -0.102871873825287 0.0163940989874548 0.152655148373531 0.027159029404212 -0.0405451106543486 0.0307875381303234 -0.0879820960876019
RL13 0.0555102313613001 0.119907191095016 0.084681578411921 0.0514942613173099 0.043757745586536 -0.105957331767605 -0.114840962435167
RL15 -0.128252375581015 0.00593787149873417 0.117066167529728 -0.00996140360778115 -0.0499465401440635 -0.00162008019723636 0.00735889981590571
RL17 0.0081603750221641 -0.0378399969287734 0.00255443956339093 0.0201338537183287 0.0314613907050767 0.0623444686823233 -0.118155236176381
RL18 0.225551848059014 0.0415367685854073 -0.0470820966606245 -0.0258849653242995 0.00259691612975789 -0.040048471630104 -0.0212696600502611
RL21 -0.0562077921808395 -0.0236623190128123 -0.0452930424129907 0.10018845043753 0.00737381961022363 0.00652580218918557 -0.0161051645936098
RL22 0.0727819357163801 0.0979727423868206 0.158550582312058 -0.0912327822756656 -0.01540121985778 -0.0906129763263037 0.0780107448158981
RL23 -0.01831082910433 -0.00769192030840823 0.157517488358524 0.137131162802165 0.00182579495024734 -0.0815516598058665 -0.0382391888409798
TR01 -0.032888524649613 -0.0736239607527091 0.035688959055354 -0.0771890667335449 0.0629416240238046 0.0275627727090881 0.111890924122217
TR02 -0.0609595374851267 -0.0371813869008907 -0.00543702715148456 -0.00569889295638228 0.0409393829048732 -0.0532139797465101 0.0538160475954639
TR03 -0.0820855045704759 -0.00240049943026845 -0.0313407484368584 0.14620653742548 0.0159746108577539 -0.0102005609403562 0.0573346445632889
TR05 -0.0137842298465402 0.023498149618971 -0.0828744403941318 0.0177127802369813 0.0229893860724114 0.19816739015484 0.0709011856693579
TR06 -0.110667934526959 -0.0489739100154389 -0.192301582731575 -0.0609888452197733 0.0110731259898576 -0.0276298577870636 0.0151586129778499
TR07 0.014757920443808 -0.00121432879555763 0.00955899446152694 -0.0258840545160165 0.117006491153022 0.126905004974641 -0.0383373202735687
TR08 0.0345743219616265 -0.0735386947379237 0.0261485641121658 0.0567696052509717 0.0372160407466653 0.0471385774833459 -0.00224610211679507
TR09 -0.128797011573347 -0.00476618973722953 0.0447077675166432 0.0978358298095134 -0.0219749280658946 0.0421792069029933 -0.0346157794427694
TR10 -0.0826103665373716 -0.0456256767575778 -0.0746412919995897 0.0250057255142885 0.105386868235135 0.102849067719198 -0.0417323626472252
TR13 0.00423039639823375 -0.0254220192487322 -0.132956715199954 0.0252022666004056 -0.17369774569081 -0.121563986532113 -0.0275998551401676
TR14 0.26693321807702 0.040864408724706 0.0437232804861465 0.0287043431027577 -0.0190873817096718 -0.147662883977124 -0.0390117277753746
TR15 0.0533486540498592 -0.0653177818998626 0.0469375220242417 -0.109164470967553 0.0760525734404916 0.0255541570135432 -0.0823995437392287
TR16 0.0331998759991506 -0.103189679798484 0.161202039737436 -0.00870518091235259 -0.041774404451109 0.0241519406248004 0.0310477179724927
TR17 0.0532342979454598 0.0250265840539257 0.0728187919113639 0.0408905728632301 0.0615756955500254 -0.0558169717357274 0.127714119565267
