sample MDS1 MDS2 MDS3 MDS4 MDS5 MDS6 MDS7
AN03 -0.0386884986468594 0.0450280406049568 0.0578235512327553 -0.0249187430840306 0.0425578263477389 -0.0373486096546211 -0.013742949283988
AN04 0.0577799222541591 0.0193458197558507 -0.0525787700968609 -0.0300744436200847 0.0422829138169286 -0.00879564272492273 -0.00951441361143507
CS02 0.060806029853808 0.0593959919174278 0.0350743124219754 0.0421847253246987 -0.0904577213830896 -0.000790283152416825 0.0345367979922829
CS03 0.0214148218967907 0.0657859169972237 0.0111672790414055 0.0457447887001625 0.0192090676655595 0.0141079698921304 0.00380899276365438
CS04 0.0144404164312186 0.0536060293756632 0.0207458432877033 -0.0253673883663721 -0.0904256702142998 -0.0400100730067675 -0.153979013471308
CS07 -0.0863125153161848 -0.0209493860062628 0.127666750764366 0.0998007950192025 0.0815420735714874 0.0163523286926565 -0.13560009045371
CS08 -0.133012321568745 0.389009559519923 0.00132919265162644 0.0214612132363521 -0.0649945863030289 0.0449401872945891 0.0432872881638596
CS09 0.0608222954330786 0.0333638153774398 -0.0471977826967025 -0.143347686433603 0.0542999865942752 0.011829777351954 -0.0878620015779857
CS10 0.0274089883299772 -0.0496975288416363 0.0497768909811425 0.0926510670048564 -0.0223660969702701 0.000515698647715022 0.0004434586508281
CS11 0.110234590560443 0.0315205566576173 0.0351193010333778 0.0434811495372175 0.0574234480278476 -0.0621140829011508 0.00315419230756955
CS12 -0.0844149919140925 0.00355706319948537 0.011791873718114 0.0730480380144122 0.0357107918048331 -0.0871947884434891 0.0676545800139339
CS13 0.0362431139864622 -0.0761139480435841 -0.0306762033861975 0.0517610229093049 -0.0949646496605724 -0.0750438892084973 -0.0675110208034913
CS14 0.0479818457314542 -0.00987682171710573 0.0557293130900829 -0.0169607566951867 0.0149155279436904 0.0394994065267059 -0.00888499229259854
CS16 0.0380608610715391 0.012645954023919 0.141773139073146 -0.0348915941383292 0.0964839026626546 -0.0877730055417753 0.0643886196609277
CS17 0.0919921297465671 0.121618330473796 0.0243156759561145 -0.0560290316873054 -0.05182135492809 0.129936744932149 -0.0353173812963345
CS18 0.0115942532517903 0.0185549577743857 0.111095030012931 -0.102660937466017 -0.0402804652319239 -0.046745374519775 0.0329009736231957
DK01 0.0726871244716437 -0.0175628430940217 0.0280303174819365 -0.0248480413736166 0.0206754066176247 -0.088007642546561 -0.0213828905151523
DK02 -0.025528861056294 -0.0618799085821622 0.0511094948605557 0.0177538778824231 -0.0548118877548616 0.0637038613474274 -0.0361442181262239
DK03 -0.0940013139450198 -0.0501175122695578 0.0939241729449261 0.026048075028191 -0.0243573994345602 0.0577478671205256 -0.0675845620575034
DK04 0.000209327361197537 0.109378564884262 0.142346292018414 -0.113804730927215 -0.122393108966611 -0.0805336168479695 0.00369770863192506
DK05 -0.260090483080102 0.484153655580107 0.0211487946137068 -0.0267144757085073 -0.0668086045513409 0.0463216756023312 0.133495306710136
DK07 -0.00498674215590233 -0.0823488765818972 -0.00495155655733959 -0.0212456744283041 -0.0500263452204785 -0.0109130547386345 0.129813576777902
DK08 -0.0908920645867862 -0.0497846784684546 -0.0212820058802582 0.0132041318318779 -0.108706809090485 -0.0293377016236201 -0.108948614541709
DK09 0.0314451858157849 -0.000412005298252463 0.00217878507073406 0.0199547263854891 -0.0784178965961541 0.0163304247021855 -0.0186133095294505
DK10 -0.154630450314035 -0.153304797928551 -0.0808054380926066 0.0178375643368467 -0.0736774433630606 -0.00243140728054264 0.0498290347863907
DK11 0.0570010954322885 0.0743714110256225 0.0729855067225195 -0.125144366867972 0.0445805042403995 -0.0825916171750816 0.000724978139593907
DK12 0.0456419690704854 0.0694984443931134 0.00103330956938237 -0.0658033631884534 0.0358966237943186 -0.0335404348730364 -0.0070759867650637
DK13 0.0549275010903468 -0.0201216467010253 0.0460625370095497 -0.0477345381110147 0.0902132844382193 0.0642551836734698 -0.0118111187080758
DK14 -0.0514786743659679 -0.0796977717483618 -0.0158680031773212 -0.0508614156173641 0.157554365718043 0.0216395928846511 -0.0189931430567611
DK15 0.0695587948063822 0.0976609947377014 0.0647832765115501 0.00213870052798137 -0.0563202755853922 -0.02672441112885 -0.0329842259381122
DK16 -0.0255581287095824 -0.0212643610286916 0.0747989394847116 -0.0560005123893514 0.0452114128881039 0.0273620196920955 0.016396452281228
DK17 0.0215420028661558 -0.112293046064326 0.0483910069665864 -0.0143513704291426 0.0268807279810603 -0.0564999377002496 -0.0773610184378598
DK19 0.0349311319399407 0.00093228987620273 0.0885449592122274 -0.00355277670241473 0.0977855206288398 -0.0326478908050141 -0.0188650763767735
DK20 0.0489578527783166 0.0405353935751994 -0.00904586230316292 -0.0949261034924477 0.083297278338302 -0.00768597624134139 0.0737480883134443
DK21 0.00865382142487365 -0.0794412888795661 0.0950601332646917 0.115529819882578 -0.120183654142622 -0.0366390084102799 0.0125905805471989
DK23 -0.031848645692409 -0.0635159081640081 0.0762875617169599 0.024908795188836 -0.0110713718264503 -0.102068724481586 0.00612970949774299
DK24 -0.103478619616867 0.0654327374929159 0.0206277589553486 -0.133014134290832 0.103415271790656 0.0632050310221339 -0.143509202399522
DK25 -0.00224004964056212 0.0774587404377078 0.0103687316787173 -0.0403095721076527 -0.0741638034786677 -0.0824007798369189 0.0161918558915102
DK26 -0.136144279421973 -0.0226251750034566 -0.00727352038426362 0.0411829089242047 0.133859427133743 -0.0128108189358113 -0.0568549420378196
DK27 -0.0821929046782045 -0.0432579736756714 0.14009962756154 -0.0195477153828162 -0.107352919698344 0.0378979156447805 0.0459162656749159
DK28 -0.129423999119896 -0.0820665793386466 -0.11151979877108 0.0522471087631838 -0.0360141570574173 -0.0861664275889076 0.0208064126586895
DK29 0.0696788263055266 0.0517181739147266 0.0442713859783367 -0.136935537457414 0.0081258487169426 -0.0123329553720707 -0.100553273859447
DK30 -0.0849664707263073 -0.132476747575461 -0.0136652247407006 -0.162068845809618 0.000297685343823289 0.0487454820222934 0.152107850652363
DK31 -0.00508623077418214 0.0411968984437429 0.13721302694302 0.0907058896829794 0.0371081200445096 0.0217811789700254 0.0280169503931774
DK32 0.0719191472973393 -0.0564210647602994 0.0444971280181789 -0.0563442391630219 0.00789768368338121 -0.00796478458659295 -0.079142587829085
DK33 -0.110650019190547 -0.0207720361412914 0.0904708505788679 -0.17025073377168 0.0568304605584007 0.0405351186917886 -0.0694060229869217
DK34 -0.027151047943673 -0.0526894851053779 0.103924842268203 0.0611508945040923 -0.02944405602276 -0.110403175829163 -0.11062472665607
DK35 -0.000220985600309165 0.0291736528696892 0.142400548152813 -0.00567679032058376 -5.11981527026733e-05 -0.0568839622910381 -0.0800252590564809
DK36 0.0722182959092021 -0.00341363128966758 0.0783338847564785 -0.001051331142106 0.0824095965062646 0.0335824723693155 -0.0957856037226742
DK37 0.0320419620054647 0.0177506446351872 -0.0644271909150584 -0.0768694321008637 -0.113909803356397 -0.295939666186098 0.0881257253574795
DK38 -0.00361199941535326 0.00632075245923663 0.072219397494794 -0.143337846453693 0.0324579888849574 -0.125348233980917 0.0899578881340812
DK39 -0.0242158824094438 -0.016168293851474 0.147030415011467 0.00758213508225921 0.0380536656626394 0.0814421781872898 -0.0663636282294561
FR01 0.0275139666098398 -0.182269200031732 -0.0943066498055252 -0.10104144846637 -0.0676135004944556 0.101688541957337 0.0416003964075253
FR02 0.0777468920603339 -0.0225778514917769 -0.0512944608566362 8.78361746178951e-05 0.022358750852245 -0.0157602181365828 0.02429336850944
FR03 0.0456659350622251 -0.076361307848054 0.0801533908067445 0.0575702479832315 -0.0609224054476126 0.0699685353630979 -0.0101657567779137
FR04 -0.0994670359387499 -0.00634218892370246 -0.0367366288851915 -0.0364581405906304 0.0453604494465797 0.0387686264351151 -0.214704934550049
FR05 -0.135704042822173 0.0268041375291327 -0.0964425650049381 0.185498040696157 0.105183484387574 0.0385306870655254 0.0383788436697663
FR07 -0.205099516405183 0.0447662992801026 -0.0553596301990365 0.0676076759891055 -0.0520156441296476 0.101690396060648 -0.110562872341442
FR08 0.0287010977007064 0.000483632670736301 0.0747317723683765 -0.0668464807723911 0.144196538497428 -0.0778411535160193 -0.0232325188657753
FR10 -0.0135114178306495 -0.0562205695971904 -0.0644179741309089 0.0641884240834708 -0.0791396793247112 0.0603731760953969 0.116193171087785
FR12 0.018886376570606 0.0315750368221481 -0.0648605843947787 -0.0285180807136858 0.0290702813623192 0.0506821044250402 0.0328183048399384
FR13 -0.102064790586572 0.025224880587757 0.0859111635551787 0.142115639278704 0.0959756570109924 0.0780536836822683 0.0830506284562348
FR16 -0.175142161370158 -0.0563296542369147 0.0136219334373053 -0.0243237969174551 0.0258449033540265 0.0156741266771818 0.0427914796769946
FR17 0.0546761052285414 -0.0508188509385849 0.0326769814399256 0.112501791050864 0.0362430797865079 -0.0239997206462407 -0.0780295160281053
FY01 0.0476848780258987 -0.0425826374248761 0.0128597255606651 0.0954451842473067 0.0192921011508457 0.00127873240704537 -0.0471013979648529
FY02 0.10480855700444 -0.0236255349515941 0.0730563265772924 -0.00560641282192469 0.0450446157087588 -0.0156193069809395 0.0142627384083813
FY03 -0.0227297581620041 -0.0610346986306107 -0.0030753645010468 -0.049433975381416 0.0476747984879216 -0.106771486113137 0.0489929870350818
FY05 0.0272966098130922 0.0194982923860182 -0.0899033817270527 0.0594827723629094 -0.0861035509609278 -0.106853718602456 0.05785747487426
FY06 -0.0154878748934617 0.0281302695084453 -0.0997408224148431 0.0456337187899019 0.0532485576848104 -0.0804723812388767 0.0488229670250041
FY07 -0.0926191828386521 0.090535297565385 -0.0449621290117335 -0.0916775003826053 0.124174528631563 -0.00948478279153264 -0.00532024979850657
FY09 0.0464576658526485 -0.0370013418563034 -0.0254083273479742 -0.161839845428738 0.01776785459385 0.0271777170859722 0.065971751620772
FY10 0.0402523954101192 -0.00665279579791133 -0.0868682618180626 0.0412712780884715 0.122352716266214 -0.104885692669085 -0.042610940727302
FY11 -0.0757957358360631 -0.0795140964650531 0.0345445512447264 0.00532006425212822 -0.00543054160593838 0.0741574604090243 0.0798366382143279
FY12 0.0413480718699023 0.0781629491296329 0.0821682240488403 -0.0202908678029888 -0.0162184875954801 0.0463641824365532 0.0913478515328585
FY13 0.0235838600547256 -0.124021180139214 -0.167813825930058 0.111069119312321 -0.0775184896824718 0.0847049930519025 -0.0569964642382606
FY14 0.0697773262030562 0.0080457766643454 -0.0220231245356542 -0.0723831353544176 0.0795699521269877 0.0194881900403444 0.0636946656521831
FY15 0.0848399982230458 0.0171214686175248 0.0550915399782461 -0.00924763309208742 -0.129106302156365 -0.023129126002102 -0.0110943402245012
FY16 0.0473079480301967 -0.058982660755453 -0.0376989700808335 0.0320173449518885 0.0720376193058273 -0.0438526396822812 0.0709286824528261
FY17 0.0609336759615311 0.00119100041800388 -0.0210083411767473 -0.0393627512023753 -0.0796868417727058 -0.0483592335420314 -0.134667044953871
FY18 -0.03673732051813 0.00990077183094777 -0.00787058007997126 0.0560449045768105 -0.07051809546947 -0.132022633937878 0.0274755227754632
HH01 0.0852195505788982 0.0890791521034826 -0.0388729900090821 0.0292925563256454 0.0248757009367601 0.228925344421587 0.0185595375707088
HH02 -0.131433113921442 -0.111787185514074 -0.0209719647279439 -0.0737440360940045 -0.000630666892372453 0.151925043405916 0.0452154677328169
HH03 0.0175751417525139 -0.0340971134237995 0.00438868744826953 0.00868219981862716 -0.0336568869416255 0.0630950341564154 0.0614345791436425
HH04 -0.052110384015738 -0.0622494751918816 0.0533153234310656 0.0579486440752861 -0.0626855314403417 0.0650332645102617 -0.098347609691499
HH05 0.0234130059438895 0.0369583230269607 -0.00327308027036715 0.0656784419826458 -0.0364174746560294 -0.0633049966421736 -0.0794529461218089
HH07 -0.073604576842678 0.0697169511203878 -0.00998197716528693 0.102958379570466 0.0822884524324124 -0.0335339938234232 0.0382160453064539
HH08 -0.0739863297226582 0.016062359830427 -0.0427122459915249 -0.0296873899148959 -0.00235715833715881 0.0491450517340077 -0.0334807463738644
HH09 0.0510231230954897 0.0510472042559182 0.0194298055517707 0.0406330801166018 -0.0267086414125939 0.0449146447178924 0.0871941412505149
HH10 -0.0342098852268065 -0.076137592530691 0.0774410747962387 -0.104647148304557 -0.106633454578367 -0.00824587922821416 0.119266222104489
HH12 0.00133336414083688 0.00192438954964489 0.00968722118675953 0.0345227840127114 -0.149506533145853 -0.035184997291822 0.0203974571019904
HH13 -0.0161474645531689 -0.003628421122655 -0.0413120801058142 0.0129258970494286 0.0582631013269044 -0.0192353972702068 -0.0509930811236761
HH16 0.0355781275241048 -0.06360234449557 -0.0337690828116715 0.0122910903562121 0.0260576377861891 -0.0807818461903879 0.109370018450039
HH18 -0.0706974362866572 -0.0277527215169827 0.0930315085261 0.0323225574232313 0.0518058692391084 0.00929513299703809 -0.111031095949407
JB02 -0.000607701277405231 -0.0866211906593719 0.068626194918433 -0.0698350679668485 -0.0443769835186273 0.149698839153458 0.11604839875923
JB03 -0.0415189138901795 0.0462419856162721 -0.120314068171251 -0.00795254046523553 0.0616152416319748 0.0145862946877237 -0.0967382551314856
JB04 -0.010405393461248 -0.0585619268063566 -0.0877494536138749 0.0404242624345494 0.0735179903825109 -0.0734525747764682 0.0613864379778421
JB05 0.00986365467809335 -0.0551377921538823 -0.0818920834183078 -0.093319412170835 -0.136499521499923 0.0891001294080492 0.0832967785392516
JB10 -0.0942124939751853 -0.0177360481990696 -0.0567797606047156 -0.0135895817228667 0.0173108658857067 -0.0162867474112225 -0.0354557473738639
JB13 0.0234664553265615 0.0562593247921873 0.0716720413154844 0.0814113965144847 -0.0501854816357305 -0.143811495559381 0.00252051916463455
JB15 0.0748731369642164 0.0617565300940767 -0.162331036747623 0.0501560690812083 -0.0558442618413904 0.0480212881723619 -0.066862334924694
JB16 0.0543288942568884 0.0638799396868692 0.0240620752401728 0.045805266207418 0.010686467184118 0.0291066596103977 0.0350355710696365
JB17 -0.0531510478354848 -0.0368066180026801 -0.170510051296075 0.0542050343204269 0.0463216154294497 0.0779281512258129 -0.00457159474616482
NB01 0.0475479473808746 -0.00370779866420616 -0.0219961360033364 0.00429079807281545 -0.0184884166476784 -0.0195488361733314 -0.0165176501287055
NB02 0.0622644871236225 0.0341980789139989 -0.000692710934735168 0.0144798840522973 -0.0994204790923792 -0.168675426339061 -0.089273957664379
NB03 -0.0232096709546079 -0.0308748075825261 0.0282050113631671 0.0963041503602477 0.126891136981544 -0.0903966735034237 -0.0219085591554613
NB04 -0.00401099203324676 0.0159202427018966 -0.00629269297696335 0.0365384148996441 0.0366393950103929 0.0606099883381122 -0.0145049726104972
NB05 0.071493328648678 0.0146339447441287 0.0495297662342085 0.0493108204206695 0.0338215688083964 -0.100821454476796 0.0650872196579908
NB06 0.0386563471432248 -0.0519708627667768 0.0426010617115592 0.114033418556667 -0.0190823251279699 0.00368473582729317 -0.107608349981149
NB10 -0.146348790175683 -0.120875393737617 -0.0240107012769569 0.0434786030290847 0.131100311536003 0.0619502898430876 0.0911527307184627
NB12 -0.0129580138524184 -0.0558947238731038 0.0900219271348013 -0.00942021075570619 0.0130481803951144 0.0515811588608698 -0.0592320164615975
NB13 -0.0360163119155568 0.00723817561138859 0.0716373534782285 -0.00227460878009319 0.0489244122642208 -0.0388115347832266 -0.156803834715171
NB14 0.0357190681328961 -0.0592181924004023 0.154241167197316 -0.0618265201444943 -0.110996914983662 -0.0681792603525364 0.0282265394780858
NB15 0.0610539077475544 0.00375976073436258 0.0189736261608999 -0.0481439831715051 0.0586824545778037 -0.0662070750595647 -0.0775903213874102
NB17 0.011526885803959 0.00214276440230589 -0.0310666808944199 0.0186039260160399 -0.0187328242434065 -0.0783239373750862 0.0109038342679244
PA01 0.00274952866193222 0.123852980116522 -0.105077371447821 -0.0863204652212812 -0.0307666899792138 0.0170413437660167 -0.131437462959128
PA02 0.00141124709937523 0.00560964670589622 -0.139086587325385 -0.11590956628875 -0.00286812438554264 0.0734677346304281 -0.0347879706167074
PA04 0.0579475615805395 0.00755682520732493 -0.0672859692112166 0.0638593497013883 -0.0673110863038463 0.0276290471138016 -0.0776400702259858
PA05 0.111808119375762 -0.00156143731246533 0.074694828594687 0.00995100635712927 -0.0474795377072007 0.109868570405739 0.00799088302042832
PA07 -0.00770806266025938 -0.166829685256838 0.0292493615853346 0.0464179053263133 0.00282541380271873 -0.0689681431318154 0.0289132099975464
PA08 0.0807805237157072 0.0470727946673434 0.00697272468890739 0.0833692324138864 -0.0642502739481583 0.00898088465382246 0.107449041946538
PA09 -0.0846818591586784 0.0540258230208412 -0.0454486441060599 -0.0444939966294139 0.212842997205269 0.0396956872164784 0.000769121457959231
PA10 0.00193784553646791 0.0816039672969986 -0.00889091627776982 0.0165450629650193 -0.0498637136214019 -0.0238378069798784 -0.109048488096645
PA11 -0.14162159157737 -0.0778070382735273 -0.00703704286071262 -0.00284764163146735 -0.116860304629863 -0.00292698789926072 -0.132716783189285
PA12 -0.0226756191865708 0.0192081536603865 0.0448374192346913 0.0891656393985413 -0.0581234045119747 -0.103918923084428 -0.137632899940019
PA13 0.0248702333591571 0.0299790143508615 -0.00788728232099308 0.157447744295209 -0.0352131012057182 0.0231896253171918 0.0509214423746772
PA14 0.0690362162681089 0.0697572797325808 0.046031809933549 0.148231102969444 0.0282591706229379 0.0489427942291634 0.104835018556403
PA15 0.032592850628723 -0.0623046881132864 0.0443231584967658 -0.18961166598036 -0.0928240523703976 0.12136344836331 0.0867632780645664
PA17 0.043519882094651 -0.0320276809037724 0.0552382613231037 0.0296318188793981 0.0453268256372898 0.0179315058411244 -0.0519866391756343
PA18 -0.0433922824973255 -0.0452227979815233 -0.0373235168076267 -0.145347429228851 0.0284744171640838 0.014505529998924 0.0988903086617456
PA19 -0.163707088792753 0.0203281652503642 0.120895330068932 -0.00540828014443709 -0.156287080428081 -0.0929570116819588 0.0244508783898777
PA21 0.029866340718377 -0.0222951528796151 0.0995751437553349 0.0919340361079049 0.0731413713977803 -0.0376276539561274 0.0877626312135035
PA22 -0.0218016963012071 0.098293804717128 0.0977105892883165 0.0327635406441338 0.0660723565777201 0.0474505351914255 0.0129830532145924
PA23 0.0272482503693508 -0.0664112407127432 0.0138864446781926 -0.0370875939718115 0.0426745647803787 -0.0040568889513035 0.0366533992644592
PA24 -0.0436722335508776 0.0298811856826514 0.10518644866907 -0.0437752427295885 -0.183546659298616 -0.101220788410336 0.0956813344726719
PA25 0.0121941152130318 -0.0086748867919377 0.00279077915853157 0.123220880749175 -0.0461637659941722 0.0613209026877503 -0.0204612941385067
PA27 -0.0730993062500853 -0.0406644099775927 0.034920719090376 0.0726988272612432 -0.0238462939860786 0.0554882036822063 0.153157456976328
RB01 0.112403347591337 -0.0170543781466589 -0.0891955564867767 0.0734078526547963 -0.128250346038052 0.0152681159498924 -0.0431469726182847
RB02 -0.0545452191306322 -0.0443003113399044 0.026337217333709 0.111425001453182 -0.0254826463933423 0.0925351295965116 0.188061199511171
RB04 0.062599061640837 0.0176722657313919 -0.0801596023959585 0.00471188968953917 -0.0675594045737512 0.0439858101621737 0.0136191125111006
RB06 0.0207319046291869 0.0332151413258837 -0.141922988605796 -0.00964259064856945 0.0796468411605347 -0.069160757823661 0.0290496234150981
RB07 0.034524327835617 -0.0166683793155069 0.0553850732540154 -0.135723430689862 -0.0310704617289247 0.0699805202916533 -0.0174670113805092
RB08 0.0457140892510063 0.0565627557893927 -0.0119340396362508 -0.134223585288759 0.0991839645038301 0.076327263693171 -0.0277820357542992
RB10 0.0498851122252569 -0.00868424716435938 -0.0487222509969767 0.0259788248173044 0.0619054635056473 -0.0369392019823495 0.0929225121285961
RB12 0.122753838550885 -0.0907843778524881 -0.0274238057531305 -0.081797446701848 0.0253572139570564 -0.0143412660003677 0.144028773685679
RB13 0.0569065618358472 0.00963934337254112 -0.0547387177501197 0.0189345018619275 0.140894153779588 -0.0455980950814319 0.0702610685939563
RB14 0.0287803322025357 -0.00531033191057797 0.0213912493830487 0.0148755297244384 -0.0241218661379025 -0.0266403737841065 0.0242008144964464
RB15 -0.0494929368821307 -0.00424566195760076 0.00774801751031112 -0.0625528985304418 0.155886466677166 -0.0167157252203364 -0.0313529698056057
RB16 0.0934151781758658 0.0183054465517811 -0.087364273295108 0.0552965949396516 -0.0103740264010305 -0.0526899120711839 -0.0203461552566928
RB17 -0.125474643046155 0.0842080880072617 0.0370064296108875 -0.0889193249605562 0.0748669976582624 0.0129820370016209 -0.01571622246113
RB19 0.0893228858959986 -0.0295302602209729 -0.150525688435207 -0.0468812171250542 0.0966793341332081 -0.125721183863907 -0.105562090394673
RB20 -0.016103791604985 -0.0124542197178794 -0.0752461960553848 -0.0339273431100604 -0.0363227801074935 -0.0781725637944021 -0.051973999835138
RL01 -0.112787196628372 -0.102123676592606 -0.0298071154755198 -0.0724431729250877 0.0820344027368665 -0.117284962613819 0.0330771377017895
RL02 0.0251032327192996 -0.00888004795636223 -0.0457988065704633 -0.104199473315067 -0.0536430844625767 -0.0129914087194774 0.0137621748110127
RL04 0.071640415315211 0.0613839051136386 -0.0596270557169606 0.0987589957893775 -0.0120454787201053 0.0693997737238322 -0.00041908978074557
RL06 0.10891774613374 -0.000504158344472816 -0.0544645493424681 0.0703164838358592 -0.0745628820018264 0.0592252935354267 0.0242714757707164
RL07 -0.00987583393003888 0.0748236496607111 -0.0675237152658162 0.0113467375626072 0.012710116331129 0.0168741160367002 -0.00380445805247641
RL09 0.0677455330969558 0.0136385222621969 0.0305640856970808 0.00665903531479103 -0.0231817472613008 0.121262007057982 0.0318969753683998
RL10 0.0833251552302485 0.0147773515593552 -0.142755664443855 0.0756771611292384 -0.0344224552895146 0.0362070279195915 -0.140557666812161
RL11 0.10341674929241 0.0782611849438088 -0.108365382528734 -0.0719296039743034 -0.0404289665151501 0.153724245406479 0.103638566196425
RL12 -0.0402768491788525 0.108164364433919 -0.0743260618046642 0.0148735118580869 -0.0227032591566672 0.0495274744786524 0.0735360449035269
RL13 -0.0752681861187923 0.0892426376515137 -0.165285311852619 0.0325548686648953 -0.124044430007913 0.0553814803096115 -0.0837670039425719
RL15 0.119091865529135 0.08767845213571 -0.0758353980231827 -0.0918610964170093 -0.0389444031057971 0.0471940438480064 0.0294363531550384
RL17 0.0277965915747512 -0.0241107087129606 -0.0191677139459498 0.0474086082766091 -0.0427703836840339 0.0667361702931148 0.0599455556323237
RL18 -0.22004390682951 -0.0887731713507722 -0.0337393229509649 0.0223959205277489 -0.0834221168973819 0.00206806660942605 -0.00311158889153341
RL20 0.0244723174031099 0.0242625450996546 -0.100037158562645 0.0649071565070026 0.0964647161477668 0.0233400640208117 0.127217836468036
RL21 0.0700945973224701 0.00795885176662904 0.0213630124586893 0.0455364278571409 -0.0188343315504803 0.103986386631404 -0.0429100100760101
RL22 -0.0673913358847808 0.0875396386723275 -0.187841432503862 -0.139015239914346 -0.0837239426781594 -0.290188928031024 0.107128271454607
RL23 0.0676654723792256 -0.00335162384025683 -0.160874408586716 -0.030563407667272 -0.0136502342575478 0.0491969275516982 -0.0558394688659567
TR02 0.0589349003060666 0.00908561471942024 0.0234684658759986 0.0187626265508021 0.0230932110699882 0.0149614548202145 -0.0753784653926213
TR03 0.0614932463623939 0.0197404653761954 0.0430454738167903 0.0412844046710435 0.0723687143890154 0.0857432056975323 -0.0599437673835607
TR04 0.117291854416235 0.00300603887464039 0.0274221549575137 -0.137224092829745 0.0384913347761264 0.0918964334296082 -0.0697861556196481
TR05 -0.0336286361491405 0.0298211872813826 0.116434077119307 0.0611107068741755 0.146031421637551 0.0629314918343912 0.0821754098152758
TR07 -0.00874025204220245 0.0238564421186813 -0.00399191371683749 0.133604920893771 0.0325473696446268 -0.059842745746113 0.0677780739940608
TR08 0.0330782614072213 -0.0789973797910485 -0.0258376704198818 0.0485470290367024 0.0644657509745231 0.0444454296685842 -0.043290434079892
TR10 0.0813107530866505 0.0236657189432672 0.0612293581358934 0.15605786740041 0.0256610012577588 0.0446310740047029 0.0653377388830264
TR11 0.0651408822866059 0.0317958129327148 0.0242475115032502 0.0331779782090861 0.0764603422794663 -0.0677977971816957 0.0392443716642935
TR12 0.0576785186330519 -0.00938062594479932 -0.0109310529435116 -0.0313275533026711 -0.0809906056130149 0.116811757619927 -0.0790394187965766
TR13 -0.0144035093669633 -0.0575706054352794 0.117185961389938 -0.100707108419723 -0.142801338280414 0.0854785950855836 -0.110767416825312
TR14 -0.226436893729341 -0.108258558171978 -0.129935822962045 -0.0659416516069311 -0.117194472917461 0.0199793142006152 -0.0765590203331702
TR15 0.00569037583446811 -0.0441641075543346 -0.0441038524954034 0.0567710694070362 -0.0328555553091418 -0.0420231079640723 0.0907208344419112
TR16 0.0545798389504907 -0.0838903828552689 -0.10707129766331 -0.0857755348390997 0.0784386294963528 0.00664759984350974 0.0308131333791432
TR17 -0.0434362872524627 0.015355931338309 -0.11616846596876 0.0494253543600518 0.101296415910775 -0.0833740112485163 -0.0551629594166132
