sample MDS1 MDS2 MDS3 MDS4 MDS5 MDS6 MDS7
AN03 -0.00312043817414365 0.0462857597667086 0.0507833553986091 0.0301996217086383 -0.00363871316691775 0.0653607699272327 -0.109410327478306
CS01 0.0932372887228208 0.0117714004594323 -0.051630867229838 0.153067005936538 -0.0182780269814773 0.0053881034697487 0.0244181997262173
CS02 0.0404206842173776 0.0100270636554191 0.0528049222556682 -0.143543387305228 0.0243214362929075 -0.00244806405245834 0.0645380093692662
CS03 0.0435783096006731 0.0586053493301283 0.0589981008433332 -0.0220617033151314 -0.0101521184262375 -0.00679040425718337 0.0417875348104297
CS04 0.0265273530652716 0.0318613670612681 0.0361496108580839 0.0266394895245733 0.0713381871600762 -0.0472956873617651 -0.0438769787947488
CS05 -0.0459551930024344 0.118393905190686 0.0020671249030989 0.114018175995655 -0.0110244482989673 0.0102146122124338 -0.0153258429523141
CS07 -0.116773111234661 0.0577551920523259 0.0684467138293073 0.0707293717653924 0.0669962152384127 0.0238593883799073 0.055877457700583
CS08 0.0737454934904435 0.409166612362274 -0.0690474538445348 -0.137445965598869 0.00964710793843364 0.0180477384732489 -0.0655511419689865
CS09 0.0911022124305327 -0.0114135066720483 -0.0414994621694671 0.0954396283606819 -0.0201061368373989 0.0246878976086899 -0.0821783526620296
CS10 -0.0267004551733352 -0.0667853139313314 0.0551227542977467 -0.0766334191538924 0.00753060641339412 -0.0402619336271693 0.0324633275288008
CS11 0.0751996961164676 -0.0519321718786881 0.0503829666408332 -0.0293279367198439 0.0388196386137843 0.0406061187296032 0.0525572543800542
CS12 -0.0662852751597782 0.03125538376642 -0.00608997122019869 -0.0708323108516963 0.0271459362285982 0.128480568806904 -0.0366563823961338
CS13 -0.0538456464213787 -0.0935120626041896 0.032925446848206 -0.139551697452513 0.148608590961788 -0.080605879070239 0.068866005121445
CS14 0.0199853783160597 -0.0139823466136503 0.0297614906202768 0.0450394346160117 -0.0717234784314868 0.0570700796985557 0.0599065306623608
CS15 0.028942281297975 0.0487511539798976 0.101057001708829 0.0303244097559718 0.070251258562665 0.0285547258681568 -0.00421135632911457
CS16 0.0304231311909442 0.000584557720629925 0.13555528157627 0.0148272905235337 -0.044718324965928 0.16026957846744 -0.00459867346492848
CS17 0.128030410579217 0.0619054106952028 -0.0050448940776826 0.0376653107896089 -0.102422777161192 -0.0525418433223561 0.00780630834935761
CS18 0.00229449652370974 0.0171204449060625 0.103970144758881 0.0359171152353601 -0.0578558196474872 0.0689431765898975 0.0643129351380756
DK01 0.0357929461995355 -0.0746791509207294 0.031045495655399 0.0278220366428801 0.0237489633755879 0.0875884997645451 -0.0870121033418234
DK02 -0.053063916735457 -0.0101083812180447 0.0391446957729081 0.0497386083232145 -0.0584812955591182 0.00476752021614701 -0.0254739762431193
DK03 -0.118872851539678 0.0483799988220998 0.0878743580305075 0.0433269382209773 0.0197550370256225 -0.0600480688413793 0.116575880472234
DK04 0.0270220523381647 0.123296986188873 0.158119833589 0.00179463005046562 -0.0630195959615404 0.0202195469459198 -0.144565931505525
DK05 0.024893335921372 0.542945160315014 -0.0662851554119339 -0.169708142358762 -0.0616003992596782 0.0341522473481604 -0.0474027766008132
DK06 0.0473963196153526 0.0318351361831266 -0.0361491875625205 -0.0638044556480831 -0.144376845265976 0.0360412039448695 -0.104261431618916
DK07 -0.0448628280495142 -0.0673243305455973 0.002412497608313 -0.125994265366576 -0.0780931180040515 0.0157558877039338 0.042463951502398
DK08 -0.110137918870763 0.0141676672845634 0.0116915053128057 -0.0705258795929026 0.0980901366684947 -0.049290319466491 -0.0319126059466159
DK09 0.0133812149120267 -0.0285587924664907 0.0210506349659013 -0.108690337336377 0.0486537411955382 -0.0293085655715433 0.109101599013391
DK10 -0.213593254320563 -0.0440329760307788 -0.112990543555721 -0.0321710754388551 -0.0262335458728551 -0.0967044807158767 -0.121839681864469
DK11 0.0637644601604604 0.0103119321940322 0.0443618574479807 -0.0082884836490668 0.00401415630001725 0.140215882779089 -0.0197032831555683
DK12 0.0634623541487968 0.040612377845968 -0.011896394316689 -0.00185532977462478 0.0467379385338355 0.0286454523665699 -0.018745975487261
DK13 0.00696524154679296 -0.0510148820592176 0.00872213654769416 0.0421947190877109 -0.0223089873979724 0.00810731090251746 0.0894508127277594
DK14 -0.0707455983506493 -0.0543252526836061 -0.123577100050546 0.104533945676012 -0.0229890171596396 0.116294935372938 0.0701170064643311
DK15 0.0889402678766304 0.0656788665865446 0.109942133892785 -0.0511858074633313 0.068574908248459 -0.0233176521105613 0.0624694153655074
DK16 -0.0298436626569253 0.0175505731144921 0.0315169464573425 0.0877511077146528 -0.0573879358104828 0.0162582377836672 0.000400704508677583
DK17 -0.0634438901463233 -0.103201847792032 0.0775039217050776 0.0373742577351071 0.0676855149331499 0.00389608323992762 -0.0348001502596151
DK19 0.0227210034206394 -0.00939287547588401 0.0805463534785387 0.157279335446223 -0.0276865904736932 0.0368134579381993 -0.0562361360243563
DK21 -0.0680538968081922 -0.0477354185178301 0.148475122690059 -0.115242225973616 0.000906942446162109 -0.0686146939966848 -0.0347216293450159
DK22 -0.0513805277669238 -0.0900085144945184 -0.00893563903776204 -0.200173086950525 0.0151420426342323 0.10036362275843 -0.0231967390375879
DK23 -0.0912016984240728 -0.0376658339639335 0.105020495012162 -0.0436247041968831 0.0344300453471805 0.0330790263939511 0.00378227719100176
DK24 -0.0490126103011151 0.112427325396665 -0.0654533323382107 0.185680803876907 0.0807280617192431 0.11357464611428 0.0975720867684079
DK25 0.0445240893369132 0.0667261084541201 0.0114587246244217 -0.0584649544975923 0.0296293998021184 0.0595680328164821 -0.0594798725467945
DK26 -0.110714679935848 0.0334120279982206 -0.0590179167222465 0.080567537431723 0.0967198131718235 0.0582453526144929 -0.0513545590633845
DK27 -0.110518679504994 0.0480032779528359 0.077913620724349 -0.0133796666007025 -0.0805279736870035 -0.0917209588071257 0.0965700419569575
DK29 0.0839081994886537 0.0203669029525936 0.0511739104255041 0.130050928638055 0.00826589534777403 0.0338387047387735 -0.0640620213403773
DK31 -0.00165819737514752 0.0637141028448036 0.138992724451349 0.0488532548002489 -0.0339208561253523 0.0228279094578075 0.0665391462601308
DK33 -0.110503859392275 0.0721945901783896 0.00791768574885287 0.163163451722499 -0.0443304080659902 0.0500417102505208 -0.0231935740744174
DK34 -0.102683176748596 -0.0320475713976264 0.113617718254267 -0.0144171249323771 0.115821289086505 -0.0179807638235799 -0.00470938533927111
DK35 -0.00230911538143425 0.0595936356907931 0.17718449451251 0.0534941602061018 0.0465821296118082 0.0465056615321331 -0.0183272202408915
DK37 0.0207819906711191 -0.0276828233536742 0.124606448380416 -0.0119700892553409 0.0337340279434964 -0.00985956865573052 -0.101883896003241
DK38 -0.0193231063736528 -0.0142776729977773 0.0674947494820991 -0.0751472907095039 -0.0554755743006768 0.226002106618291 0.0522606880289993
DK39 -0.0580647834667806 0.0220803135412089 0.114630480026026 0.0917684284071251 -0.0440107313701656 0.0148027164733194 0.0341102749488709
FR01 -0.0411908456719331 -0.149137023402391 -0.110696027384463 -0.00487828795980482 -0.138135950025227 -0.0306051697406555 -0.0671542421482133
FR02 0.0613342098562863 -0.0681299456606195 -0.0347465100091849 -0.0307449706467335 0.0141289448898571 0.033629062460455 0.0967562360529515
FR03 -0.0370263010786919 -0.0534222469554445 0.0839705463514759 0.0252401540820396 -0.0466617060277052 -0.0684797793382254 -0.0468129438953387
FR04 -0.0645645914264375 0.0428674987517304 -0.0806442515401764 0.214421878060401 0.125673827437741 -0.0149983880590314 0.0537048609889525
FR05 -0.104538773053189 0.0427059528787715 -0.121465140790977 -0.0258489880955314 0.0594396407394462 -0.0766385605816176 0.0214516390732749
FR06 0.0347903880292011 0.0213917755717274 -0.0225828325462395 0.0245675123474319 0.149527023597973 -0.121689463823272 -0.0858666628975285
FR07 -0.137070274091418 0.129650191593703 -0.108814533566908 0.0196466076650418 0.109386689096609 -0.12616100630551 0.0784530551132944
FR08 0.0300171947519645 -0.0258282138082528 0.0537686122145131 0.0663255570271688 0.0268949569402433 0.174794610349727 0.0588388064861813
FR10 -0.0327100436261245 -0.0482767180929896 -0.051166258002684 -0.100589971818553 -0.0737144866558328 -0.0372945089213145 0.134852260845011
FR12 0.0476618383873339 0.0328850710065264 -0.0877251535111112 0.0800745298252196 -0.0360678698374754 -0.0410734296976552 -0.0405178314342828
FR15 0.0251252948006432 0.00796116666645613 0.0980847754120561 -0.00850217235635348 0.0584921250755503 -0.116312390144194 0.0399723035437757
FR16 -0.164137759457414 0.0552483790737395 -0.0757834937434863 0.0441341736631881 -0.0688582805354318 0.00682541732210872 -0.0518450953222612
FR17 0.00871757354378386 -0.0585212285903858 0.0970461441812073 0.0668895435369012 0.0782581800791329 -0.0506602768019776 0.0333596559761975
FR19 -0.0375057368891598 -0.043012162993787 0.0082008928965911 -0.158958828961883 -0.0408660648178404 0.134622393248035 -0.0750957648969055
FR20 0.132444305523435 -0.0630114873456828 -0.0305563141973068 0.0326114132300153 0.0759481297745003 0.0228717335549026 -0.0138561391177284
FY01 0.00519906648858661 -0.0576307409957239 0.0511075395203753 0.0678368164130738 0.0119338682780135 -0.0632721697805722 -0.0333780034777213
FY02 0.0537478458674769 -0.0526576830160515 0.103720430674225 0.0776099304898764 -0.0345449422461074 0.0144366448086095 0.00693348541547261
FY03 -0.0522657836613133 -0.0437372668952789 0.0154191710635042 0.00798327471178717 0.0256136450832361 0.102761484858328 0.0367723089575686
FY04 0.0269758862316244 0.0980635259526162 -0.155834121093749 0.0423528200200333 -0.103361799121459 -0.0165642332801729 -0.0631086585902873
FY05 0.00795396883536103 -0.0459898891999165 -0.0645985936470797 -0.126376443290148 -0.00471302875876879 -0.0075298828985195 -0.0995412575364521
FY06 0.0125426482712615 -0.0293356695977614 -0.0980086576312332 -0.0607809780326312 0.0059996508062812 0.0279304950041601 -0.021636056759764
FY07 -0.017574559474832 0.0927803322002214 -0.11130634314469 0.0350248080455314 0.0640713182225195 0.105582053120375 0.0623097181119718
FY09 0.0246417342193062 -0.0477705274672231 -0.039407250596946 0.0511254938842161 -0.10846683910182 0.0576013626662834 0.0333539854803836
FY10 0.0313326929266176 -0.0678277254356876 -0.0756965899367089 -0.0536552014641524 0.124596093967322 0.0746740099047343 -0.0397215165185414
FY11 -0.0953468127268965 -0.0133839875957586 -0.000111511751658266 0.0693243798178866 -0.140840878841896 -0.00344118736505531 0.0356519523307286
FY12 0.0537842406159799 0.0631092908411971 0.0588066368953431 -0.0811686529433575 -0.0527951306986777 0.0442122761238314 0.179328830845792
FY14 0.0584884697675198 -0.0515435371086742 -0.0133947678401645 -0.0127119608543903 0.00145365799840209 0.083395652123987 0.138061691952294
FY15 0.0627465131261063 -0.0177161064433039 0.127735854091828 -0.0236572377404859 0.0216731107340131 -0.0877657906044725 0.00891414713969896
FY17 0.0435983640888919 -0.0278635624163518 0.0559352915667276 0.0340453525257179 0.0661253831974549 -0.00199352829903369 -0.0346453080718172
FY18 -0.0470415522896304 0.0121775669171754 0.0717089235677938 -0.07981483510405 0.0526179635262407 -0.0707532280105434 -0.132636615126014
HH01 0.136224930704907 0.043659819368569 -0.0713949816606362 0.0847917260032216 -0.0822436204828276 -0.12801940261732 0.0955844272926468
HH02 -0.165415183468294 -0.00325081623236676 -0.0497177641633883 0.0394351990366392 -0.130669091829272 -0.0747556991409055 0.0707386083775809
HH03 -0.00528169059719974 -0.0117403497066307 -0.0115917734828579 0.0106662896698034 -0.0878133284495082 -0.078313692133794 -0.00768652257455791
HH04 -0.0904355319480744 -0.0264974624962676 0.0402432592320793 0.0304590552267695 0.0590295620421655 -0.149619539525094 0.139968768072304
HH05 0.0171357282818824 0.0128467353681996 0.0113325492642275 -0.0165911806134589 0.076461017722574 -0.0310545578461775 -0.0961943344034439
HH08 -0.0432337608630379 0.0518848705273919 -0.0832434361602765 0.00421594964558456 0.0664430016572381 0.0075543978464747 0.0477362781903151
HH09 0.0499282166743101 0.0127164960941608 0.0242045988905209 -0.0509387186966523 -0.0610690095545624 0.00197553093193533 0.0203427678205979
HH10 -0.0621661053437199 -0.02252128179777 0.0534949697325475 -0.0149951017060329 -0.196449996429471 0.032037349232508 -0.149349233913389
HH11 -0.0410305719600796 -0.0368923662738259 -0.0452196726944906 0.0900706511296161 -0.0046826767056365 -0.0460879657803866 -0.0997504350259535
HH12 -0.0117110204639122 -0.0212830360332727 0.035514088700418 -0.0643954062530838 -0.0096615372726886 -0.104920676273384 -0.0619181896671761
HH13 -0.00227865995676242 -0.0158771843545884 -0.0665575801031139 -0.0310788388714061 0.0148228282310855 0.0434820429009106 -0.079477138912781
HH16 0.00636061412270061 -0.10167661145277 0.0128377103611239 -0.0643651207628403 -0.0104449370590338 0.0758660225298066 -0.0435125707612683
HH18 -0.0819470106552653 0.0213577841080489 0.0495572043353383 0.109480639744217 0.0630529032661379 0.0139317197138898 0.0661781224826904
JB02 -0.0515582974447725 -0.0259498911475911 0.0563367574052164 0.0585812529448018 -0.19857834341764 -0.137370020416302 0.0514146222715228
JB03 0.0119070560124759 0.0296205201398279 -0.147228896780204 0.0596312349442723 0.121652288901034 0.0437361081949205 0.0229050254643381
JB04 -0.0366320719206346 -0.0836428618541588 -0.0500776030201147 -0.0317245478990743 0.0335456254230484 0.0639742774342515 -0.0292686977421401
JB07 -0.0169373173193152 0.00685216381623398 0.0413908074499338 -0.00706404883954937 0.0551677852891805 0.0139406182534879 -0.0288759423181535
JB10 -0.0828487273477684 0.0114312569192261 -0.0671181097535847 -0.0140215790835622 0.0324504656091621 0.0234498600266859 0.08372431610818
JB13 0.0133298883183711 0.016330725637587 0.122111252280594 -0.0784873745588879 0.0405734539368201 0.0997260818504928 -0.0258138318258033
JB15 0.104554947599423 -0.0101268672419278 -0.125453833270418 -0.0180725479927333 0.0792957934315402 -0.0712279677387444 -0.00664240397194744
JB16 0.0887003206926557 0.0449290918727514 0.0237978635643035 0.00662756426111331 -0.0230631136152453 0.0145382801702941 0.0932776976817201
JB17 -0.0279527596764536 -0.034247586641939 -0.202607851205653 -0.0188660791462059 0.0207520426747233 -0.0781956908853918 0.136450628530583
NB01 0.0309566943434505 -0.0372478226034621 -0.0154833318199075 0.041242123031016 0.0127990692892005 -0.0567803077418196 -0.146329907935495
NB02 0.0412753419302389 -0.0242050843066153 0.0933761651394372 -0.0774878861007862 0.168484498226227 -0.031582632100686 -0.0701201952197418
NB03 -0.0534411192518765 -0.0172767726764983 0.0893208139472284 0.0561784128413712 0.0872000367005458 0.00233642853855859 0.019954914294199
NB04 -0.00946533967414712 0.0194413601370113 -0.0299196284293247 0.0134842126144052 -0.000975583468705308 -0.0477890627207051 -0.037582205240674
NB06 -0.0228903117834783 -0.0483912431381304 0.0793575424172108 0.0197306645783102 0.113165007192184 -0.0480766218635704 0.0328609779711927
NB07 -0.132214448544518 0.00447075314625207 0.00883796126027513 0.0020328490632782 0.0516602744923496 -0.0740860063061818 0.0385145064887135
NB10 -0.169838482785502 -0.0466654771699889 -0.10331206753344 0.0477621090456318 -0.0639457414612311 0.0896204237162392 0.0925768418316984
NB11 -0.0120495169996026 0.0411804909998917 0.026051663222113 -0.150780402047284 0.057604676543956 0.0917763177905001 0.0424397526356542
NB12 -0.0395585826782241 -0.0128591768838718 0.0545408868702839 0.118567842003129 -0.0645603076929311 -0.010326289594407 -0.120218878546679
NB13 -0.0328080998021615 0.0395587784916938 0.0546518503629972 0.133993068857359 0.110317937448971 0.045682495102053 0.0117863696433821
NB15 0.0341843583038314 -0.0421112342566313 0.0474877582536708 0.0192352160694953 0.0581766570259758 0.0383902203128281 0.0312787661238817
NB16 0.12613757645429 -0.0048453461225179 0.0191532415743564 0.0695607206697845 -0.0367842975061419 0.0928072314527491 -0.0148815748374619
NB17 0.000865879660675236 -0.0396867351414432 -0.0476028918813182 -0.111108630132836 0.0464146252065302 0.0563344953550187 -0.00659871162137094
PA01 0.0745671026608314 0.0951078031521138 -0.109014030986577 0.000860479454887363 0.119103438398848 0.0156065322755109 -0.0201844934849919
PA03 0.0541809628288098 0.0261509645685611 0.0121760738795164 0.081749921348762 -0.0605080237748107 -0.068176781296915 -0.204151800088143
PA04 0.0348800188777494 -0.0277512564963434 0.0140362912342358 -0.0980829066462058 0.118610134793828 -0.168574061784591 0.102938192762548
PA05 0.0874195766696884 -0.02401439485363 0.0688605114385005 0.0614010945797975 -0.105684441524607 -0.085391672909763 0.107319638008293
PA07 -0.120332144199004 -0.151810472660175 0.0662137368275102 -0.0437702471954123 -0.0074367578695007 0.0184386340826204 0.0730175948934112
PA08 0.0802140297187046 0.00907519284989456 0.0385594905838095 -0.0984947804984551 -0.0402679965474346 -0.0873831061207219 -0.0668619166192751
PA10 0.0307645995164016 0.0727367965032141 0.00987808695198014 0.0593961690516313 0.0738346167302451 -0.0728963889916022 -0.161256944316318
PA11 -0.141181419086337 0.000842390166719757 -0.040911465611737 0.0309144538976432 0.0276046829393267 -0.0494490526684037 -0.0666566027044381
PA12 -0.0269388437308916 0.0184143555666127 0.0591806480336059 -0.0305048657917673 0.10691421477463 -0.0203453380624938 -0.123669807933837
PA14 0.0778475647952594 0.0180112428889094 0.0331815027512332 -0.0684432690090908 -0.0105040505742703 -0.0250472869007228 0.0850262316691617
PA15 -0.00893488103088978 -0.0342122699579864 0.0079606343464968 0.00715295894784059 -0.195017698368982 -0.0372710108553385 -0.0135441254543067
PA17 -0.00798849125855384 -0.0381261317309491 0.0509012812992987 0.0530376735648605 -0.00474161322945641 -0.0286857918284649 -0.0923946587967296
PA18 -0.035027699644088 -0.022993546894486 -0.135112602798121 -0.0531289135661662 -0.111925335567822 0.128096856024566 -0.0641046757620116
PA19 -0.151138177819378 0.11367119682352 0.107863581841632 -0.101117854860109 -0.0209764442121554 -0.00422266428449995 -0.0610119934124584
PA20 0.0256957118532359 0.0664238658055704 0.084000418148466 -0.0242042814774987 0.13199801318548 -0.0532051090370064 0.12710596103438
PA21 -0.0249055616659159 -0.0216602992859318 0.101703447790625 0.0153417778214902 -0.0427310636927204 0.00103056094563951 -0.0363089065036146
PA22 0.0120288812986738 0.0994819037706669 0.0482896938101163 0.0141699728046056 -0.0358130500058795 0.0331688713828649 0.111236826936909
PA23 -0.00847759243424782 -0.0519160552790683 0.00932922807344193 0.0486521255945659 -0.081904303960918 -0.0178474470839174 -0.149467050943982
PA24 -0.047095807542176 0.0812863552424853 0.118484081366101 -0.0990184882004201 -0.0960123608983915 -0.0425663354312285 -0.194851662827773
PA26 0.00561265781690983 0.0175068723374963 0.0145377506729234 -0.0415357603451975 -0.00685496447552819 -0.0111082535297772 0.172989311186964
PA27 -0.0977657687786652 0.00792680088590914 -0.004889040460963 -0.0536476638241278 -0.149832616342546 0.0175277415601169 -0.0207239628499647
RB01 0.0834594240324471 -0.0780148698524916 -0.0319853185141044 -0.112504992624314 0.0150303944210778 -0.117024459478244 -0.0894983288691165
RB02 -0.0697152228179594 -0.0126977844118309 -0.0124845472220811 -0.0930922699672294 -0.169020504815005 -0.0615695862895436 0.0362929272618205
RB03 0.0748080056547635 0.0177246585039388 -0.025888394782586 -0.0333709794018232 -0.12753855768964 -0.145961340040338 -0.0520021915794759
RB04 0.068644269615521 -0.0280520346087284 -0.0437024469104188 -0.0710533820783694 -0.0276794182296054 -0.125849818742387 0.0054269117766742
RB05 0.0360409360518655 0.00658411179874465 -0.0712380806406928 0.0142132133114525 -0.0288486376933345 -0.0605826489750599 0.128309718237625
RB06 0.0728460206858148 -0.0370510297139874 -0.124227593755087 -0.0800653708339887 0.0314587424777252 0.0856900040456352 0.00485280225680158
RB08 0.0995040048019807 0.0101527426536581 -0.0541302606656865 0.11657623883593 -0.0380878837972312 0.0587664756041625 -0.073966923884722
RB09 0.0689217698549903 0.0758016729899783 -0.0419025022487553 -0.0303957015620044 -0.0392368076377044 0.0499170073604666 0.144914679660105
RB10 0.0190751207324782 -0.0750806723197566 -0.0488202217830856 -0.155672683783364 -0.0375565943602052 0.123092872733029 0.0854140446995155
RB12 0.067371789603225 -0.159576442371183 -0.0045617678623422 0.00669778871585167 -0.0957582876926232 0.0156752915411589 -0.0164453533841649
RB13 0.0793264055090744 -0.0521748968249135 -0.0849971868182135 0.0418251520611392 0.00493938716046935 0.0850809137862873 -0.0554994851633578
RB14 0.00728123376454303 -0.0153015612227895 0.0319023434185016 -0.0178803993334523 0.0202293754569605 0.0247484061083961 -0.0554701811882899
RB15 -0.027183318933231 -0.00989364414234011 -0.0248413263774247 0.0703706844786428 -0.00775421317622438 0.104969785575073 0.0166140677726189
RB16 0.0827949969306761 -0.0474484814127719 -0.0505953746174743 -0.119905846414707 0.0691049182326297 0.0346053227380508 -0.0264987818436538
RB17 -0.0563405403831524 0.130073812974012 -0.0378389046841681 0.0802725601754983 -0.00790587736074396 0.0897464530135324 0.0585844689021486
RB19 0.0929856444306896 -0.127265225425589 -0.119229769417578 0.105082983080537 0.134539631360001 0.0418773339731945 -0.103888981936307
RB20 -0.0239218964299608 -0.00663190427973946 -0.0647989551888246 0.00595069162017369 0.0614255163947301 -0.0230508146014306 -0.144797416153738
RL01 -0.145378988415562 -0.0536987326350479 -0.0706271919251752 0.015680577139975 -0.0436480645434384 0.154047468217669 -0.041712230355553
RL02 0.0326297856482276 -0.0329123466551286 -0.0967821668710135 -0.0430678250043879 -0.0696532853243221 0.107649494546559 -0.0215230980464559
RL03 0.111802826565658 -0.00337804385465323 -0.01895943682302 -0.00840493819484526 0.0910372290869856 0.0672277332580044 -0.0465700441874879
RL04 0.0774643840577981 0.00668685350983052 -0.0236942957881128 0.00735045577003606 0.0101263324071529 -0.165039935069387 -0.0133018232490936
RL06 0.0975993440251111 -0.0508864369249957 0.016437836635309 -0.0268337916037181 -0.0202741297166491 -0.131210616113188 0.0520788347750523
RL07 0.0372306800293792 0.0534006734463421 -0.0844586489465989 -0.00124495729951002 0.023824825066418 -0.0160598525290837 0.00342566125601317
RL09 0.0505907724181166 0.0016778086937524 0.0267119775572462 0.0130005375869847 -0.0963950659940159 -0.110512180372355 0.118362324447837
RL10 0.065677399821273 -0.0733287013176205 -0.0843224679037097 -0.0241245312635109 0.139053422776882 -0.0883360728525453 0.000725908298985771
RL11 0.157257184008819 0.0138435430674555 -0.122869612497154 -0.0168341937979036 -0.12642821947472 -0.104559602857204 0.00356204091591132
RL12 0.0315292125789064 0.0728934293047424 -0.0954247083364561 -0.077798679655771 -0.042244933501687 -0.0346817508587911 0.089877210624155
RL15 0.173123659480709 0.000952881416277204 -0.0469584426858934 -0.00671495669156644 -0.0552329689128828 0.0128769443074393 0.0677307619617971
RL17 0.000664935208642853 -0.051909097349528 -0.00561411155089285 -0.0534838330549602 -0.0984832379736512 -0.0975554788281 0.0213033456365625
RL18 -0.218345952985768 0.037302690917326 -0.0655990010969642 -0.0267254158812713 0.0145408517522415 -0.0423611955615464 0.00878735108748051
RL23 0.0829082845421716 -0.0433758115936175 -0.127294284498659 0.0642628681233712 -0.0103652391719369 -0.119917295175898 -0.0417726437205598
TR01 0.0424326844304484 -0.0906306785741666 -0.0140749915214361 -0.0556061658953099 0.0191385704220052 0.0977908310975001 0.0330827899032892
TR02 0.0484189314255373 -0.014481243168314 0.0130057289267708 -0.00578529325315713 0.0702175954935946 0.0500485314546578 0.00966695583275431
TR03 0.0538013649407671 0.00608510558352777 0.0412055062370367 0.11049239573491 -0.00374741954990898 -0.10869431422013 0.0431796268678014
TR04 0.107701817511586 -0.042178797982651 -0.00225084029932654 0.126292570608024 -0.0379834773817322 0.0100334693042604 0.0675984291977782
TR05 -0.0240033188002306 0.0397524962533862 0.0759447977289403 0.0452732824705904 -0.0883805900175018 0.0913483829539151 0.107087562470775
TR07 0.00109687051873986 0.00113509570625808 -0.00220381843972849 -0.122539356169318 0.0104294606476657 0.0880310867837284 0.0190998174789582
TR08 -0.0179189722977556 -0.0878635833218492 -0.0344475750803702 0.0198784228375934 0.00303659126748374 -0.0537753904812448 0.0393048367090956
TR09 0.142102575769268 0.00541238732926702 0.0136711069570031 0.0481822563616766 -0.00288523287713317 -0.00239000320495926 -0.033718245245819
TR11 0.0536890137921485 -0.0268186691793827 0.0828103064216182 0.0361283318989073 0.0161807577442538 -0.0152444753173405 -0.012831608608925
TR12 0.0180076012036252 -0.000514435571328558 -0.0127810638299338 0.0522233249179955 -0.0203214986418274 -0.130425522403052 0.0681155248636306
TR14 -0.218647817928866 -0.0051797706566287 -0.18285081955519 -0.00131646179586904 0.0643957060295156 -0.106289285120978 -0.0630609317644439
TR15 -0.0345701486159614 -0.0694992581859049 -0.048556749822231 -0.142301125485749 -0.0264331610979144 -0.00751381881720728 -0.0059669702430397
TR16 0.0241811815199471 -0.120044379620262 -0.113896589243547 0.0286009139462896 -0.0493706242971682 0.106377662593191 -0.00524801110009006
TR17 -0.00473665677468381 -0.00817227077470886 -0.0948709864746656 0.0251236129164259 0.200218742241806 0.0339474902391427 0.000262590641794555
