sample MDS1 MDS2 MDS3 MDS4 MDS5 MDS6 MDS7
AN03 -0.0104312661709138 0.048622939962334 0.0443826543066773 -0.00289636421155511 0.0362840042554993 0.0497312342163577 0.00222342318774593
AN04 -0.0369461145000476 -0.0137326307727202 -0.0456329092568803 0.0149673987936519 0.0182042771220682 0.0715419058350187 -0.0616657667953742
CS01 -0.0708198349875886 -0.0038223165565078 -0.00419058284751067 0.153682063297951 -0.100154333725369 0.100435891879658 -0.0360891621816489
CS02 -0.0449121015350639 -0.0246251361342104 -0.0196418817804154 -0.0439616503161029 0.0863478875817501 -0.0635098065955398 0.0912975751538056
CS03 -0.046672389152576 0.0469687216187161 -0.0198362280831098 -0.0420636014205102 0.00451852288786185 -0.00605405242766315 -0.0199173740858863
CS04 -0.0177449112146626 0.0254113874048436 0.0296275932316403 0.0211219712106549 0.0211832578944673 0.10737739236604 0.0992236756352727
CS05 0.00642319289754279 0.123482952121757 0.0986709341492371 0.06247365702725 -0.0808646852705665 0.0719942288603682 -0.0253678510803461
CS07 0.0581052011790578 0.0427396734967538 0.161787418576665 -0.121474719371041 -0.0434112505391496 0.0369001699428799 -0.0210730603924037
CS08 -0.162003398292403 0.372062021166819 -0.023495136610076 -0.0156115272128633 0.0462879126452784 -0.0653087655339395 0.111518965326954
CS09 -0.0793756939052427 -0.0201372808742068 -0.0438571700556623 0.0990024308294036 0.012878635865031 0.0178801937142084 -0.00572714877940739
CS10 0.0355642634511165 -0.0685334205687321 0.0222065243095229 -0.0713501114088685 0.0127062394935929 -0.0631115593786322 0.0504326947222056
CS11 -0.0901642187302934 -0.0964926475532383 0.0298403334530258 -0.0799755572600968 0.0582887222760339 -0.0149020510124259 0.00670746864309772
CS12 0.046439751246746 0.0488736415553182 0.0127233278278154 -0.0771963639827465 0.0443554242291303 -0.0126815146153413 -0.069173888267975
CS13 0.0841381205119458 -0.0816744058469091 -0.0537621599105359 -0.0956784036135969 0.0779202409736444 0.00507144670242776 0.0594799968249015
CS14 -0.0309287443866632 -0.0411721254512364 0.0525187142386162 0.0478217208669326 -0.00868408837140866 -0.0102000747093333 -0.0481521656284029
CS15 -0.0320779454351368 0.0369615758770048 0.0485555905454274 -0.00851514858200264 0.0550863142405702 0.12039412753064 -0.007050143063697
CS16 -0.0450839167584235 -0.0361456409491097 0.109069744797134 -0.00869358331277581 0.11007410727429 0.00175527904267153 -0.0755850275196989
CS17 -0.13844604081113 0.016903786691395 0.00506449304143838 0.0989829663850258 -0.0285949321773819 -0.0531350749227831 0.0799814208928864
DK01 -0.0303085523089007 -0.0695270381772754 0.0235794454776024 -0.0153631424781976 0.0799061549436748 0.0389913330492248 0.029529070111086
DK02 0.0515430090413998 -0.0110998448864165 0.0502918408039616 0.0624537609945713 -0.0914570958524274 0.00843308958883157 0.0488676614684947
DK03 0.104179067309132 0.0419230403497719 0.11230036007665 0.000886914263095923 -0.0558311933855812 0.0259296535166817 -0.00711185485377031
DK04 -0.0386762420921905 0.0992970798130362 0.112931375595488 0.110100780364269 0.169490419817287 0.0261506928145637 0.10411936985297
DK05 -0.137826937466441 0.539720445781224 -0.0218308800843449 -0.000148030693060859 0.112983980756999 -0.159778572600905 0.0905565560703667
DK06 -0.0432287359916594 0.0515338066448677 -0.0541505582682081 0.0839569546763876 0.022038598100189 -0.098554175743586 0.0444126393883852
DK07 0.0807957819422057 -0.0516759831436689 -0.0392339084498754 0.0388993827131319 0.0734736512213832 -0.114352465829733 0.0207257624548239
DK08 0.132093950994367 0.0229621448952942 -0.0257509424632564 -0.0328670435094982 -0.0222077860877762 0.00216694985251546 0.0664250051444701
DK09 -0.0110861671447646 -0.0569313546058001 -0.0104480626428068 -0.0272594721154002 0.0513390698193932 -0.0262392080434176 0.0203126197704891
DK10 0.221104736436223 0.0157648768626999 -0.0667236383617674 0.0195946386136089 -0.0261452972066197 0.00479270072562618 0.0535534481530144
DK11 -0.0785625443358793 -0.0108899017902324 0.0247518924079607 0.0483161078757903 0.163129374285754 0.0197997617274509 -0.0667371838795478
DK12 -0.0638710875126061 0.0246854550830441 -0.00463722226507275 0.0361467335111565 0.0501374284819903 0.0416820769789589 -0.0663004359187503
DK13 -0.0238388802031359 -0.0498618982869901 0.0305373150373184 0.026288757223059 -0.0221297631403168 -0.0377198504961274 -0.072392211959165
DK14 0.0527919542130356 -0.0243847387559993 -0.00862277978715763 0.00714064979570495 -0.0222709387909032 0.0208106451175414 -0.154859947383373
DK15 -0.0946591099429478 0.00658075672738939 0.0652464297514311 -0.00358220953428935 0.0649957660859957 0.0335569022329954 0.0553793844350111
DK16 0.0125865516917997 0.00479452069636429 0.0916490662867679 0.0447829352018793 -0.0149378674531438 -0.0399621226182746 -0.0395860946932462
DK17 0.0814075810710231 -0.0932180741557495 0.0563841811046352 -0.017457644618141 0.0187647041706757 0.0469706648358065 -0.0219226564563145
DK19 -0.0506955235207689 -0.0387348652977104 0.118166069754149 -0.0141091829018102 -0.00968445973188779 0.0892777023264613 -0.0114508304364336
DK20 -0.0743331063665785 -0.00432295395376566 -0.0207673430578893 0.0635218847651086 0.0777170664727714 -0.0483310919301253 -0.0588038031984118
DK22 0.0744907645915484 -0.053367961618314 -0.0883876047561916 -0.0750768814550546 0.139134023549769 -0.080816890138115 0.0250951138897333
DK23 0.088534895263134 -0.0300019461458139 0.0855298530077897 -0.0700971398949901 0.107135999090646 0.00634217315336445 -0.00316977863738563
DK24 0.00536097934403677 0.106027183285198 0.0510469481398177 0.0629041665266281 -0.0736284699988157 0.106757498020768 -0.165175053451465
DK26 0.0916311168202963 0.0674983475300109 0.00657234541495051 -0.0855372616457579 -0.0468872442090937 0.0845949807041961 -0.0940369498939672
DK27 0.110615077641796 0.0392013891768501 0.168425404293529 0.0592248067427753 0.00990172116850784 -0.0737441818146092 0.0292926811082839
DK28 0.157631798212473 0.00809050729395369 -0.140034034044804 -0.042925507103545 0.0293758656535115 0.0339181703562541 0.0275908131797457
DK29 -0.0751557023989825 -0.0086418536074655 0.0458801793900497 0.0906533050416591 0.030442765169408 0.10491561441841 -0.021858475733145
DK30 0.149059989956232 -0.0332587881009346 -0.0387341491706417 0.165054662137405 0.0312795961285186 -0.11439260312046 -0.115881483119985
DK31 -0.0466957215759163 0.0371286372424195 0.146756216222699 -0.0545839026125826 -0.0194924723091156 -0.00521768490217994 -0.0130136036797632
DK32 -0.0106156351087535 -0.0791331116807539 0.0616032796580537 0.0829515876249874 0.00822024954538576 0.0878838996186304 -0.0244221520316823
DK33 0.0952340129329537 0.0938933609804822 0.101141701309948 0.105086705331671 0.00281323475120238 0.0296991182553443 -0.142700461605454
DK34 0.0862913134252784 -0.0378249195349294 0.116881036161707 -0.120346560477412 0.0529699158494122 0.0578549302140612 0.0467349488095073
DK35 -0.0166170092862069 0.0309208717959337 0.150405410799241 0.0111536635218292 0.0442711356471715 0.0955324240525225 0.00678606780378406
DK37 0.0277013015129181 0.0239974338388383 -0.0860485648605822 0.0383938017223041 0.190936902090583 0.206681679061572 0.00760846012145299
DK38 0.0209280207847111 -0.00896378708261284 0.0229138786449105 0.0468207716709467 0.202477488871711 -0.0645605528641254 -0.136875174197485
FR01 0.103497173224391 -0.120325372186656 -0.11742546856639 0.186074037741122 -0.0530976304705739 -0.0639036249486308 0.021230148057082
FR02 -0.0366899503682967 -0.0747398324036557 -0.0441858862850519 -0.014002319092254 0.0169591655322673 0.0271547859743339 -0.0734029738461651
FR03 0.0349659963160634 -0.0808784554516122 0.0605434706916732 0.0254232014284624 -0.0641748727030414 -0.0150931993787195 0.0975637221484271
FR04 0.0523430031409406 0.0777570787323648 0.013846938237948 0.0380657828826103 -0.170096549411743 0.194283488353913 -0.0814578566694424
FR05 0.0532521706622634 0.0956227908067388 -0.0938295221815486 -0.198271853691838 -0.147374503007837 -0.0585847015321986 -0.0271318642093695
FR06 -0.0384966473099425 0.0120620182976916 0.00109465166805899 -0.0991871183025862 -0.0902906277243717 0.121969591226189 0.0853146916568563
FR08 -0.0395207171522299 -0.0465995603673802 0.0640075908303187 0.00203893977012664 0.04834698601982 0.0207088111710544 -0.161365569288784
FR10 0.0536542977026832 -0.0385457710900614 -0.0534812976634989 -0.00405440028126391 -0.0191325144646095 -0.11598391079686 0.0409746442383865
FR12 -0.05324183331011 0.0291845476881068 -0.0464112118015215 0.0605006242144523 -0.0479992339053992 0.0614402256795485 -0.0314674892360346
FR13 0.0137034290000325 0.0886535399821636 0.141917222258856 -0.107916525358068 -0.109215265534054 -0.0463524224289635 -0.0726927253415118
FR15 -0.0329744244443285 -0.0391787487005446 0.067957296486814 -0.0590583622295595 -0.0261635014603526 -0.0084740364600619 0.0722134296299184
FR16 0.141200444604712 0.0980260287421321 0.0296193606175274 0.0195509141306857 -0.0209963790976263 -0.0152208222688581 -0.0351550208428177
FR17 -0.0219972502386176 -0.0968022564756078 0.0739014357666212 -0.0989872562091487 -0.0726197958870507 0.0515513902687834 0.0525180513608381
FR19 0.0769029852833738 -0.015735020183127 -0.0645017133757929 0.0073676554200677 0.148955303250218 -0.0961152504793278 -0.0137038486033643
FR20 -0.118706370969854 -0.100708350978765 -0.0274271617468568 0.00715842805205403 -0.00805770646328904 0.0600213266338238 -0.0167153475733777
FY01 -0.00635646313890575 -0.045825844330486 0.0284104367385808 -0.0494929062755963 -0.108524150442445 0.048192255447407 0.0550136319191818
FY02 -0.0464240744469483 -0.0774182876004879 0.0979451325778978 0.00408937478554715 -0.00447547937471582 0.00446636177380309 -0.0287146295175897
FY03 0.0616136908505772 -0.0224442666178744 -0.00569704073349316 0.012761294791458 0.0872176735104444 0.0683602083489209 -0.10068935670113
FY04 -0.0281172492018138 0.14600366069652 -0.124907413823317 0.132328790515787 -0.0787004704502478 0.0208821342942629 0.00575794303420219
FY05 0.001158970042572 -0.012420299404074 -0.120096974512978 -0.0432931527494224 0.0709348636584464 0.00319812153052121 0.128604300312438
FY06 -0.011329343089136 0.0133615679237604 -0.109842717513021 -0.0804013415203183 0.012686427966795 -0.039061697860199 -0.0269087807681154
FY07 -0.00188746650815042 0.112807903149599 -0.0458350034357864 -0.0141452588206477 0.0316773100959158 -0.012893423813088 -0.161514161180571
FY09 0.00423452872216514 -0.0406152892094178 -0.0178667431530269 0.12204451724911 0.0294147483768457 -0.0320631463405636 -0.0751754986924613
FY10 -0.031493180401158 -0.0419466760914341 -0.0469748128709551 -0.145834723403426 0.0432822643293196 -0.00913487639915447 -0.0767392600745888
FY11 0.0988875495234692 0.014739730129426 0.0626494077391972 0.079262004400459 -0.0783709601382508 -0.0543581066678483 -0.0101261901937322
FY12 -0.0671461585431873 0.0147691859044325 0.0688428340594234 0.0170468300636323 0.0685408721496258 -0.114786148189148 -0.0767699853381604
FY13 0.0910297184468871 -0.0545325207848739 -0.128135168068724 -0.0432046918088261 -0.163935455545818 0.0379391944582052 0.0940190613069059
FY14 -0.0593595116845111 -0.0614044697504855 -0.0464613207029962 -0.00548158803945523 0.0413826231977366 -0.0240644471619583 -0.140732983396125
FY15 -0.0304253393290641 -0.0555898255786145 0.0558916068777557 0.0174064058883194 0.0439006426257823 0.0190857778850856 0.0778770260814685
FY17 -0.0183823601718253 -0.0333043404995128 -0.0345427675634637 0.0466739457206578 -0.0129163733013589 0.119469301005427 0.0763677357764267
FY18 0.0533448028040592 0.0277974896696713 -0.00299754716937777 -0.0692570974761538 0.0879057828649328 0.0491124718935244 0.102169850316949
HH01 -0.145095156117072 0.0104627891656828 -0.019964160415307 0.0609958565258383 -0.184528923992219 -0.0616697542188691 0.00933707767835257
HH02 0.177220888213119 0.0340877352229343 -0.00690078008062921 0.108455154435841 -0.120812027113779 -0.11781678214493 -0.0608984465948288
HH04 0.0856290879969168 -0.0279613162639595 0.0873400777618806 -0.0485035576234382 -0.0820180540224387 0.0254068645155861 0.0365892713305518
HH05 -0.0161241026792472 0.0162823000152294 0.0103993985927485 -0.068099359704287 0.0225065407090384 0.0633646636937668 0.0875471388709223
HH07 -0.0210900843724829 0.101971899568309 0.00723469341997989 -0.104232633803588 -0.0498417387775538 0.00965663788895653 -0.00605680886040956
HH08 0.0480056649929416 0.0486180517047545 -0.0425112349287729 0.013516999399091 -0.00998645358325371 0.0581402241974215 -0.0616176159927579
HH09 -0.0569583427104966 -0.00615610320291042 0.0230243185498581 -0.0129110962863608 0.00504858054237724 -0.0800261857748335 0.0841306622493407
HH10 0.0855085403423105 -0.0140421047853151 0.0395768903201435 0.169015422791422 0.105217621289957 -0.0841599962321438 0.0612451451570656
HH12 0.0448111048184301 -0.0116686314426846 0.00748456572258697 0.0206684657508448 0.036788773199281 0.0160581785570026 0.155032942135861
HH13 0.0155658261668513 -0.00661807527522076 -0.0696118654232357 -0.028413584807347 -0.0464334933463741 -0.0408856836364948 -0.0023533053687299
HH16 0.026098335782998 -0.0745323666651855 -0.0477600992836689 -0.00477586668054935 0.064822727913254 -0.0355984957730361 -0.0831755472939863
HH18 0.0460980613775505 0.0145467322444621 0.116874545391968 -0.0218191269654729 -0.0802482799997276 0.0602990090825932 -0.052961540618824
JB02 0.0684986705653262 -0.0241269295172465 0.0774633819147438 0.135021041983936 -0.0819531776191369 -0.12066621976351 -0.00122449841599988
JB03 -0.0109949075454311 0.0478182827826386 -0.0809336682388654 -0.0548183592785679 -0.0416180658316348 0.124489433977217 -0.107002833897951
JB04 0.0494651719210393 -0.0357454779751846 -0.0849026905029269 -0.0629152315313693 0.0440620908081131 0.0160318583900484 -0.0659207361814738
JB05 0.0480524347956196 -0.00287942459911018 -0.125102729662606 0.202164491101311 0.00325498779099919 -0.0170494230901921 0.123025887419643
JB07 0.00393780038980362 0.00551803886053511 0.0459037016873053 -0.0386227116668574 0.0465290639905566 0.0298293332057878 0.013806025447997
JB10 0.0872967731862855 0.0392771858972008 -0.0536859461265567 -0.0164524468072062 -0.00907471940630162 0.000704074755488953 -0.0814788454870544
JB15 -0.0834702583216256 -0.0065597494440599 -0.152911421220904 -0.00739008649674251 -0.0811322437916051 0.0620664798378498 0.0686892295516535
JB16 -0.100301962353198 0.00588830011115356 0.0161982638190716 -0.0131901622039979 -0.0249359666848216 -0.00937567365877292 0.0200037349066782
JB17 0.0332126533481889 0.000611736323801848 -0.128203007238108 -0.0272418416425586 -0.150183830432896 -0.0379090682058926 -0.0822399735363277
NB02 -0.00818699674791341 -0.0453297216313291 0.00445497915551892 -0.0502519529059859 0.138982192727448 0.134023997809933 0.088247361692057
NB03 0.0567075838235256 0.0152906141570814 0.0377035470915471 -0.136515433813752 -0.0199540195019889 0.0515213080417815 -0.12741577730455
NB04 -0.00601023103635575 0.0350251604887734 0.0110963998210471 -0.0184107338413443 -0.0336500570625395 -0.0288326146574815 -0.00609349933152907
NB05 -0.0285824284292344 -0.0727445208208602 0.0427094674752977 -0.116692676972086 0.14342162249729 -0.0419511983530091 0.015960328198051
NB06 0.0415132780187448 -0.0556897217737253 0.0652756961448056 -0.0751364648774388 -0.0471863957021339 0.0760252681346697 0.0641139048395633
NB07 0.129763246496505 0.0369398516064616 0.0316292695568867 -0.060942771233496 -0.0170449188994597 -0.000425203912480078 0.0549339115833617
NB11 -0.0107679848822392 0.0326675757263995 -0.0177531726289105 -0.108547650845174 0.133208082542888 -0.0340315038976711 0.0223886257204514
NB12 0.0366348705271945 -0.0153120949377439 0.0779497281373728 0.0615360763171815 -0.0373964642018458 0.0423686962705273 0.0566177633951471
NB13 0.0289314464758237 0.0358784840182871 0.0927078103467329 -0.0380526187425455 -0.0306222810909162 0.136484529447419 -0.0554637552083621
NB14 0.0387018983686409 -0.0649352513682787 0.135762009544651 0.0818756193259278 0.11655377063101 0.019633740668598 0.0692028680131169
NB15 -0.0316673557367415 -0.0525024301809676 0.020842933626586 -0.022395321451209 0.0722620486861518 0.038729687184885 -0.040459293433449
NB16 -0.140083106703182 -0.0386034026201788 0.0459495842204512 0.0530971649867827 0.0198277512319848 0.0299961952460201 -0.0350312245264889
NB17 0.00246976305117259 -0.0267835711400429 -0.0416113519996521 -0.0481584434667174 0.0696353449109263 -0.00192774507588548 0.0187729037807398
PA01 -0.0682606824816501 0.0930594304115268 -0.0865794474359143 0.0391341144197445 0.01007644398155 0.0920325105357669 0.00515388991292842
PA02 -0.00592655920775814 0.0143769665341935 -0.122021006627748 0.100734564931837 -0.0732770162029472 0.040136238383289 -0.0525003447505981
PA03 -0.0545803671666436 0.0151995240263426 0.0585487632071759 0.0801095404462115 -0.00468213688589314 0.0507703807384982 0.0790280282661011
PA05 -0.0768237473581491 -0.0599166622270169 0.0972128807076517 0.101868548899533 -0.0841206949387757 -0.0200162438785103 0.0718119242813963
PA07 0.153684205047683 -0.106381348248665 0.0109971169346703 -0.0506439334353008 0.0285204640983687 -0.019601857793526 -0.0615370017752077
PA09 -0.00123646167093361 0.115310098800095 -0.0272415400162466 -0.0347516842810433 -0.0456783050792053 -0.0930737857610143 -0.202449309047321
PA10 -0.0380138050487055 0.0807401589890787 0.00285058339746598 0.00792824978234116 -0.0281194442104009 0.12729902610249 0.0673313879559961
PA11 0.151117339576646 0.0400566068747908 -0.0190676704733842 0.0468192826840978 -0.0551000858893464 0.0582767304306395 0.0925248094848942
PA12 0.0129789587126789 0.00694290936541285 0.0545636977644035 -0.0758156992499459 0.00457790564678493 0.0902670412275486 0.171144986266025
PA13 -0.0182832168596634 0.00629119736248382 -9.74718398284572e-05 -0.10379612161128 -0.0635983041201671 -0.106283863960454 0.127226218570862
PA14 -0.0926129418852058 -0.0217556246156443 0.0581505499720026 -0.115547938768116 -0.0279435401951499 -0.134275815125349 0.0434503392961673
PA15 0.0510468708438097 -0.0404280057823426 0.0396082358549061 0.200141911090106 0.0388833613308108 -0.122531174719542 0.0179536075097232
PA17 -0.00510257411556451 -0.0491368649991433 0.039778766367392 -0.0170083828716469 -0.0522053465151195 -0.0143966236863689 0.0500618688247499
PA18 0.0474788074663178 0.0112230457626578 -0.083332254483937 0.0850496009656472 0.0488636489672149 -0.0943439015904889 -0.112791892791049
PA19 0.13520686121993 0.1286630295704 0.101893588094488 0.00704507684017307 0.104846268480157 -0.0176648270951018 0.0820681918846395
PA21 -0.00410427782173095 -0.0486523852488508 0.0958461449845685 -0.0850517216211008 0.0135127904254639 -0.0686643905429889 0.020108921991221
PA22 -0.0676025055729033 0.0683951441147825 0.116407004913073 -0.0487329870683937 -0.0321193630955 -0.0645416075807343 -0.0480506983141605
PA23 0.0155960041248705 -0.0476576148809042 0.0220937514425207 0.070722342616759 -0.0112893105639452 0.0148529548345874 -0.000985065831012528
PA24 0.0608514163659539 0.0734178515201893 0.0892753806203299 0.0560156484064169 0.1780861558502 -0.0318954190910034 0.159486865221923
PA25 0.0130408560789316 -0.0226382570981337 0.00779022078146327 -0.0634870680241135 -0.0738130789161712 -0.0369603646590764 0.11491405735658
PA26 -0.0103232945618243 0.0265965591834591 0.0276647715351178 -0.0556046896536288 -0.0476553256501609 -0.0760699391107441 -0.0908303193748474
RB01 -0.0159931356461775 -0.0839844957229338 -0.134113840600284 0.0144564331041826 -0.0304933671436675 -0.0046870324040033 0.172054228068524
RB02 0.082747662047344 0.0185657015213926 0.0203857532522709 -0.0425378733633663 -0.0710098333038343 -0.214914032893767 0.019899992340401
RB03 -0.0706604149000166 0.0153843811506988 -0.0281151343868961 0.0340381748152055 -0.109160462513033 -0.131708144887634 0.140146475144192
RB04 -0.0356311093608245 -0.0322392234380541 -0.0911615132626451 0.0103644998512134 -0.0275598604191681 -0.0602691289347404 0.0308727495027088
RB05 -0.0453170457077878 -0.00508143814338322 -0.0168654089221955 -0.0236306146339929 -0.0717560523323149 -0.0940048658780483 -0.0449056058224345
RB06 -0.0488933872260068 -0.0126644139012422 -0.147624492905817 -0.0578284979253866 0.0371256172516888 -0.0249611302738287 -0.0825127764188647
RB07 0.0120501568326822 -0.0363121321533658 0.0355012310479632 0.10205166912239 0.0696338119874296 -0.0662285270840259 -0.068760902342981
RB08 -0.105079947086194 -0.00415662436123952 -0.00207457375989242 0.0931513447273586 -0.0241839967894934 0.0297107279730003 -0.0708468214343397
RB09 -0.101087025522708 0.0775508466680352 0.0272897223449937 -0.0401361887240019 -0.0188189414904612 -0.108800718939699 -0.134880945805091
RB10 -0.0111272798474325 -0.0516080658909962 -0.096338329126802 -0.0929011621465308 0.0690237613841303 -0.179202470336064 -0.0423706525881607
RB12 -0.0157444560199468 -0.153017457796121 -0.042295625435517 0.0766734488503311 0.0496200827766295 -0.0639199980592374 -0.0191449127978248
RB13 -0.0826599364572242 -0.0445895370792216 -0.0365339771357775 -0.0433337553350075 -0.0512661077413452 0.00344355375251325 -0.127462219859138
RB16 -0.0521537925370196 -0.0577290063359893 -0.114228724646313 -0.0633088092106569 0.0759583635859263 0.0141501244709549 0.0173087051864426
RB19 -0.0551277929461637 -0.102003403289307 -0.116853387432729 -0.0182099157756259 -0.00960293641707825 0.179486993881508 -0.0528385126131653
RB20 0.0290968764001857 0.016899959966567 -0.0760556675403566 -0.00710373455814764 0.052864733312889 0.102478951732288 0.038550185253807
RL02 -0.0331174527607949 -0.0274792687304808 -0.0715665739484175 0.0842049436064933 0.0219013854830321 -0.0264562381756792 0.0192945426212826
RL03 -0.0977823050740253 -0.0217687701935339 -0.0614672432521452 -0.00564242991316333 0.0851572159439395 0.0647503826319704 0.000708468743295872
RL04 -0.0717899949697539 -0.00785436893604233 -0.0469670719467154 -0.0466915171250219 -0.115485501316903 0.0162084768863685 0.0933600751431916
RL06 -0.0594776587020197 -0.0655762204419644 -0.0266109279711249 0.00198789854510023 -0.075166569340378 -0.00368264479769947 0.0878397245862224
RL07 -0.0587994060740796 0.0630496469077258 -0.043544281335376 -0.0223804697390006 -0.0237310334390894 0.0239728833147339 -0.00545747538609829
RL09 -0.0457537944971945 -0.0318497864498889 0.0275963819000764 0.0344784605453107 -0.0732685394270289 -0.0968884690298523 -0.00390177405738242
RL10 -0.035491808049776 -0.0634125611870843 -0.143363892876104 -0.0458193098266991 -0.0931921729806157 0.0757841703119307 0.0885868116456022
RL11 -0.125000007123193 -0.00877445621340615 -0.104173427304293 0.132718453046456 -0.0383641637310441 -0.0862536159510313 0.0305688640736864
RL13 0.00428872047254565 0.10202682582619 -0.173921703132096 0.0120515263342439 -0.0837877265983528 0.0347268909441703 0.118025093572423
RL15 -0.143753256600813 -0.03436304634672 -0.080441645680089 0.113164992083638 0.027219598034951 0.00167364780119548 -0.007620069036313
RL17 0.0135611482953892 -0.0364653132045929 -0.0266959298078184 0.00433515684141571 -0.0447173731698206 -0.126163211122516 0.05594957145026
RL18 0.223443678549352 0.0916631579948219 -0.0232121686107733 -0.0126305952919542 -0.0332334403107186 0.00272839155428058 0.0105307036773891
RL20 -0.0289779470414348 -0.00128983669266581 -0.109743907876293 -0.0832337364393699 -0.0373615370389996 -0.0724408221514539 -0.0755327753172697
RL21 -0.0536519258541147 -0.0438293203642303 0.0364154835616931 0.0338255065021812 -0.0911701064519312 0.0204659572340892 0.0215101821934739
RL22 0.0474724034720297 0.146238569549391 -0.196362159298176 0.00316268140835422 0.215917065102561 0.195889717814112 -0.0395362948099922
TR01 -0.0303654624535571 -0.089787216609602 -0.0638855672194502 -0.0313975899696727 0.0381680494332972 -0.0370983247314856 -0.0969853358276352
TR02 -0.0521140533052598 -0.0543245013510363 0.022623451530698 -0.0362932901045095 -1.46343796021478e-05 0.0312928709077123 0.0246937721483008
TR03 -0.0679915544131175 -0.00920814118315491 0.0700849323971856 0.00537407061562498 -0.137248397118942 0.0208959247346324 -0.0203721992489718
TR04 -0.0972284804359606 -0.0815568250562096 0.0313057966919278 0.143185489994099 -0.0297141767230527 0.0366071060890565 -0.0768528841794456
TR05 -0.0342754064176972 0.0218556641567334 0.123613828968647 -0.0548915623807701 -0.0490773329080546 -0.100824428820372 -0.0711203005006758
TR07 -0.0197327462485068 0.014228605170023 -0.02020427332144 -0.149660930449935 -0.0120989419043053 -0.0873877893267735 -0.0431212923737522
TR08 0.0131841732332791 -0.0871870508542403 -0.0126380156483256 -0.045605986141101 -0.0841820672392429 -0.0677349691940161 -0.0408982432186032
TR09 -0.13220528171763 -0.0263723397724893 0.0344747862587098 -0.00550340504993641 -0.0568224089506476 0.0243283796381583 0.0311604921490226
TR10 -0.0768454980783712 -0.0634541239694596 0.0558131192354697 -0.121999798179186 -0.0364469841762457 -0.0651236230902155 0.081915791280801
TR11 -0.0643035245178736 -0.0363828858377906 0.0618601429933213 -0.0674838136264625 0.0288953559864047 0.0110049913790955 -0.00675871641173975
TR13 0.0618288531136187 -0.00855715353009659 0.105256419294155 0.1851464260338 -0.0475948917553476 0.0928190584380608 0.0656686380925333
TR14 0.245705622347332 0.0742731992484203 -0.10156524736743 0.0397059718868494 -0.0708442307593902 0.0723560160552189 0.0167270130747931
TR15 0.0555670779147055 -0.0565371893394633 -0.0477484936493185 -0.0819635355189649 0.106785719039605 -0.124196968911545 0.0728454552367585
TR17 0.0161501248531461 0.0156377261726391 -0.0835824587696546 -0.111691760747091 -0.0379141207377637 0.127354374646414 -0.110624147582121
