sample MDS1 MDS2 MDS3 MDS4 MDS5 MDS6 MDS7
AN03 -0.00496213852750649 0.05924296122507 0.0265168195997584 0.0241943392948291 -0.0234338206218406 -0.0116874739582573 0.110222021497423
AN04 -0.0500623206136035 -0.0179513373868953 -0.0369198250780382 -0.00595540425067553 -0.00582796755695934 -0.00235798164021422 0.0701358386830361
CS01 -0.0678873294361481 0.00815965946291987 -0.0460130676180487 -0.0120522508584959 0.203829369209106 -0.00761436436141617 0.0536631823735951
CS02 -0.0685265490916635 0.0208263367962512 0.023168094961821 0.0250547302101839 -0.0754039003679416 0.120523545324139 -0.115289573579479
CS03 -0.0541561805549623 0.0492617382950908 -0.0115545823916168 -0.0178762147077242 -0.0570085670482002 0.0281725456270933 0.0287147343113258
CS04 -0.0311824279361412 0.0514785543679328 -0.00873381974019299 -0.0385888036672944 0.0602308948168325 0.0832714870875054 0.042213659891021
CS05 0.0395397471685235 0.124718826540849 0.0212037998065297 -0.0459011084136299 0.119285176401219 -0.0360090998427389 0.00199087915191196
CS07 0.0601878459770613 0.0716854302125804 0.116136800500989 -0.116958620059322 -0.0699817672043357 -0.111808769375321 0.0504182743651604
CS08 -0.0240782297342391 0.355493495301697 -0.168084696884239 0.0492910175004361 -0.0625810370866409 0.0950455144232062 -0.108467217631276
CS09 -0.0762485632370394 -0.0107000593955929 -0.0659870416768833 0.0577706011484503 0.100476845593674 -0.046778094769362 -0.0471246905741069
CS10 -0.00163408522570098 -0.0510946424058196 0.0613973537689455 -0.0338108093153553 -0.080014647089243 0.035297591754521 -0.0584079128573592
CS11 -0.110865737145145 -0.0361178278830466 0.0288778581585087 0.0232901544500309 -0.100669729290404 -0.038526631608552 0.0149453772039075
CS12 0.0603781908579372 0.0292716616173253 -0.022255783783571 0.04960210630566 -0.0960562673035413 -0.0448938311234828 0.0614347009520755
CS13 0.00791627285372569 -0.0827776878675537 0.0149668616482886 -0.0534690609867997 -0.110897814744384 0.115450360310896 -0.0528886926346202
CS14 -0.0348473709350593 -0.010217401709462 0.052139950256303 0.0275517719360879 0.0484037204088838 -0.0421298991340334 -0.0213396638016949
CS15 -0.0445878486657942 0.0652950108809579 0.0268065841212071 0.000715439206866675 -0.00941988477985012 0.0392782542344016 0.144220659577625
CS16 -0.0674116753793853 0.0296420613000496 0.0976114439607149 0.115772031035696 -0.045512332289532 -0.0835792159092436 0.0777382480572948
CS17 -0.113973053685761 0.062853916593978 -0.00936146581758191 0.0031137106948326 0.0971110947233323 0.04751717079369 -0.122810149850138
CS18 -0.028037222119089 0.0421170364340164 0.099927727564651 0.0955889548190429 0.0802427222399998 0.0178467775571657 0.00331036008604002
DK01 -0.0496822010217532 -0.0559068833592853 0.00833247873638066 0.0518985522776733 0.0104808577139262 -0.00848436184046454 0.0415043354780208
DK02 0.0506615874794672 -0.0133144730514775 0.0465119368970302 -0.0312981352751594 0.0811707159278328 0.0172797733984855 -0.0342765925999198
DK03 0.0783148733650881 0.059255719301209 0.112735891459468 -0.0731040724746167 0.017336615275173 0.0142307845498753 0.0192885854141598
DK04 -0.0373686602586268 0.130984855206838 0.0792094036931655 0.11400196620255 0.0422924887675014 0.127616084861385 0.0805179443549471
DK05 0.059042077369599 0.506372498187233 -0.18861312886441 0.143310595773432 -0.0874194414008696 0.0958715402580148 -0.148911479180204
DK06 -0.00326600125584548 0.00858124920621844 -0.0460079432200822 0.114479407713559 0.00407775740052055 -0.00494789507547844 -0.0309058953706266
DK07 0.0451311137884159 -0.0757944905266007 0.0322896055746489 0.0974964123571717 -0.0467705413651377 0.0604648253376917 -0.0637113069370244
DK08 0.0967558043864393 0.00356779184171667 -0.00247817397384285 -0.0511895363911626 -0.0151545184814457 0.0834794752945573 -0.0432225419198554
DK09 -0.0314742164590684 -0.018504100994979 0.0138826817475081 -0.0138866743853854 -0.0438023290415566 0.064000091051316 -0.0821846188483776
DK10 0.228801053596641 -0.0703031040615589 0.00242117650125649 -0.0273646364205457 -0.015949750001519 0.052448429717872 0.033676454579674
DK11 -0.0881497219607513 0.0343166430975996 0.0272501621968351 0.142464305197063 0.0135470132728464 -0.0127674939481609 0.00614270751393733
DK12 -0.073492519434664 0.0389025278099269 -0.0234388926559224 0.0395350230442683 0.0124362085020477 -0.0176472718639337 0.0287915957313209
DK13 -0.0366377806214746 -0.0268665976229589 0.0367074443304993 0.0101781385553924 0.0412660481899844 -0.078335885735655 -0.0729073127878309
DK14 0.0699126611134702 -0.0486743235839939 0.00659606847885472 0.0350449234201212 0.0241281066501938 -0.156971526887124 0.00113055901595747
DK15 -0.112030381288153 0.0743286933230902 0.0322780160841574 -0.00142509190676056 -0.0368932694597553 0.0731256983409529 0.00227492829652766
DK16 0.00410255556730053 0.0261792101398211 0.0505621116640809 0.0334357668709853 0.0442704365427778 -0.0594942867175085 -0.078631986981733
DK19 -0.0559004121188737 0.0162662184262087 0.0788911969627369 -0.0156695666292608 0.0190405844419017 -0.076516704468974 0.121021818180205
DK20 -0.0627965070151533 -0.00995290140552214 -0.0315409629332874 0.136883268813677 0.00910611065733694 -0.047264793614676 -0.017559471691438
DK22 0.0380260824944474 -0.0974170678705178 -0.0236415554833359 0.103484364202956 -0.127842656135249 0.0716590509290971 -0.0280481266333124
DK23 0.0402019459745696 -0.0192922523261279 0.110085994105129 0.0104290775921533 -0.0943443854560493 0.00802188336279345 0.0452857567137318
DK24 0.041603367862673 0.118592462104925 -0.0171539062509911 -0.00857544685681774 0.146313540400056 -0.128103317616663 0.018707379369335
DK25 -0.0282908766896531 0.0510075448315744 -0.0439236394491729 0.0776743438308825 -0.000684285563574126 0.069401544437841 0.00200113381376079
DK26 0.116829019933054 0.0298663135744076 -0.0315412745176776 -0.0424160485110477 -0.0568446773371786 -0.115766890379211 0.0878235683353416
DK27 0.0865622161904999 0.059066846704962 0.156459543336245 0.00496277904396516 0.0362011126150134 0.0459138497423392 -0.0580975997315233
DK28 0.15755676022971 -0.0667572988572929 -0.0785338454303439 0.0476505383402504 -0.0935507653701356 0.051832857325207 0.0586626829056723
DK29 -0.0893060795793355 0.0320818834288845 0.00630580665598484 0.0206032339310162 0.119231774752175 0.00391109649227918 0.0813524248541318
DK30 0.146603184490264 -0.0943576054051099 0.0412672775076474 0.160236886775826 0.116703717233544 -0.0435193343013095 -0.0393371988719195
DK31 -0.0355834470443255 0.086790921072026 0.10450231477983 -0.0359532688857708 -0.0372409917529278 -0.0447598442264997 0.0559710307951937
DK33 0.0804454344837948 0.0807123403184696 0.0728221872396776 0.0412479044308432 0.135111159044263 -0.0512984339593969 0.0282298900251094
DK34 0.0314424229071334 0.00194406040776758 0.114350749775897 -0.0687220515079737 -0.104091266368287 0.0269713269315324 0.0294326726048976
DK35 -0.054329894047222 0.0879996241645668 0.109071007934943 -0.000934759676122824 -0.000314072539692835 0.00849130164475697 0.121118647571255
DK36 -0.0798931453164096 0.000904008014396674 0.0718252987539728 -0.0625244345887152 0.0469811927273318 -0.0675697605307025 0.0645857779259212
DK37 -0.00777580154531206 -0.0226761917694111 -0.0577359670736026 0.101486965864987 -0.0112683211329843 0.16055870179422 0.348320423466507
DK38 -0.00299563384156907 0.00468597824404142 0.0573616561531083 0.219269453345168 -0.0140389433810999 -0.0472121728943731 -0.00156951065595612
DK39 0.0106469220285547 0.0514634310482974 0.126591513556862 -0.0479931947870553 0.0266655548007498 -0.035899955044201 -0.0165988660540289
FR01 0.0670976603956942 -0.178152426871936 -0.0218155151961733 0.05415360110542 0.126872004681856 0.0720370405043824 -0.104364773812836
FR02 -0.0484645198887474 -0.0711209684269141 -0.0203691804946544 0.0106201757121825 -0.0192664695874237 -0.0303427557482547 0.033937666934643
FR03 0.0166167469554547 -0.0396558907987947 0.0983719268824039 -0.0549003913479177 -0.00126525745306962 0.0575950438701243 -0.0169101604178792
FR04 0.067559563612955 0.0530675272897112 -0.0534697821025499 -0.120804555109819 0.159540501494138 -0.0786739453623276 0.0913283863822506
FR05 0.11630671880045 0.0372855214082539 -0.102093504883414 -0.127301075228968 -0.146591459761061 -0.0898376285725633 -0.0292476926047321
FR06 -0.0499978968227512 0.0273441202848366 -0.0358719674345953 -0.182279007039929 -0.0397379917709638 0.0267206576618878 0.0676445354770353
FR07 0.155212656622032 0.11627701097229 -0.0545400129294374 -0.161910273253493 0.0165005079270528 -0.00376614171449962 -0.0445932987938917
FR08 -0.0637820538513663 -0.00061854655142837 0.0306099044225821 0.0940499013706286 0.0184225159148097 -0.149629223001618 0.0665821336143356
FR10 0.0485284829451253 -0.0690930378723054 0.00303448947372083 0.00845362798850759 -0.0517184269306375 0.0691705593017953 -0.115035516992692
FR12 -0.0218636190965308 0.00277466014280895 -0.0635904338536812 -0.0251160831135368 0.0660477749553656 -0.0100400946516114 0.0977135801004224
FR13 0.0506873375061862 0.107645659855617 0.0842663611986972 -0.0886358430602951 -0.0693529334494002 -0.129954714626634 0.0130524273679755
FR15 -0.0584588774410459 0.0169686546395938 0.0570771430351953 -0.106251846822933 -0.0399404358944072 0.0461022559277484 -0.0627974910680845
FR16 0.172702955095144 0.0482984593110597 0.0164571598300083 0.0233089582685892 0.00446515110105275 -0.0497390499188124 0.00318469824021062
FR17 -0.0455723097680901 -0.0334569800847848 0.0437912818381706 -0.116058104851945 -0.0481081745060824 -0.0553226945385072 0.0190249780977992
FR19 0.0440906905848602 -0.0584883979007703 -0.00164835954653401 0.147137047757482 -0.0930354403590378 0.0362441985217798 -0.0628560061468577
FR20 -0.125752942374777 -0.0517096141232754 -0.0403788895819948 -0.0124773120238528 0.00534919078371323 -0.0399862882809305 0.0193301621503832
FY01 -0.0272984052002936 -0.0394680908676053 0.0384783046345088 -0.111273632703201 -0.014968240887584 -0.00984752535090201 0.0795037504735624
FY02 -0.0834058113968752 -0.0354376578432686 0.0872733822619031 -0.0112893549209694 0.016626061188943 -0.0402361671905581 0.040356897076121
FY03 0.0410554513864844 -0.0457799152268929 0.015246742986158 0.0782786782939349 -0.0230303844527971 -0.0281246094014804 0.121984629151401
FY04 0.0416611912155564 0.0639749984404087 -0.136510651175609 0.0219904931555513 0.135400979424652 0.0386571890654318 -0.00945214391071762
FY05 0.0229793271599351 -0.0481365485077114 -0.0844860034384014 0.0427623972776752 -0.100586670914244 0.10269022108449 0.0181858580194194
FY06 0.0141685978445396 -0.0277573507057534 -0.107497842580889 0.0282905504950036 -0.0917331336437356 -0.0401510009163307 -0.0184991032591513
FY07 0.0361654285349261 0.0867633991408576 -0.0874660512849935 0.0737757502059963 0.0185222737376623 -0.101793899464924 -0.0244304617595629
FY09 -0.0125293289257868 -0.0540458773463236 0.00556461868448731 0.10475936068799 0.0842239558739441 0.0117418694210389 -0.00178442564375265
FY10 -0.0343861595928487 -0.0558071224082686 -0.0860559584191125 -0.00156080261301381 -0.121348415802871 -0.106241701977345 -0.0349083786650274
FY11 0.103719320344691 -0.0111498074368131 0.0675219635906183 0.00268018921271545 0.0666740995847363 -0.0187455299786972 -0.0143543428764771
FY12 -0.0690863233454786 0.0586099986250532 0.0746491379842222 0.0547059843794755 -0.0215414965407156 -0.0108670150678584 -0.0892779646128795
FY13 0.0622523508911733 -0.14573129271611 -0.0777064921018984 -0.179640552991544 0.0226588220409247 0.0976976616305506 0.00405162789196022
FY14 -0.0616094001812612 -0.0388484911047594 -0.0112022958132672 0.0581577541560372 -0.00207607135034042 -0.0486014210253823 -0.00154134712321549
FY15 -0.0810275671288083 -0.00588840532525469 0.0660791877611828 -0.0331101605637605 0.0140634267675211 0.120800367231589 0.000337943189494602
FY16 -0.0201116181059993 -0.0863406001967998 -0.00554686990377297 0.0155053966812975 -0.0639328415404121 -0.0792568128168907 0.0165803901580286
FY17 -0.0440282567119577 -0.0181120079703905 -0.0308728583616137 -0.0300615604838348 0.0918163621097296 0.0659152681230514 0.0602154827342186
FY18 0.039153455250259 0.0187801484373409 0.00809030588566396 -0.0106938748161763 -0.112561188282366 0.0963952819423193 0.0905192854330677
HH01 -0.0926007643068274 0.0228599440746542 -0.0522974359370946 -0.11001906156963 0.102956836333478 -0.0262632268594177 -0.104561509601324
HH02 0.172842626855559 -0.0291651294938767 0.0385118257381163 -0.00560216134938793 0.0876872738648702 -0.0297537638901324 -0.142998707883747
HH03 0.00894254127170078 -0.0277497007606819 0.0364644234777283 -0.0272781289240103 0.0366427823601222 0.0288413096111137 -0.00836206598796252
HH04 0.0547182373221246 -0.00195160995140622 0.0913150884767991 -0.136749569857992 0.0101009109868795 0.022022860869174 -0.0443433515012104
HH05 -0.0248983469247168 0.0194799429815812 -0.0192922334913273 -0.0485311150724477 -0.0405075389366712 0.0680459280778716 0.0403235246189274
HH07 0.029542074152719 0.0812137936809498 -0.0578896937666623 -0.0292591945229254 -0.0800435923912028 -0.0722003089847632 0.0614869041487981
HH08 0.0578730448718276 0.0228309870099446 -0.0298868861061942 -0.0126466215305234 0.0285012194456415 -0.00836847088877436 0.0131951825168113
HH09 -0.0446662866057309 0.00747841624009246 0.024886124919542 0.0210819901875069 -0.0425438530694995 0.0608842644485621 -0.0342782195296191
HH10 0.0720468341974546 -0.0311544918622639 0.0857422697969775 0.156518916042038 0.0792917268131551 0.0744139371298516 -0.0103435813810026
HH11 0.0498624596011741 -0.0467617072636159 -0.00877517061637522 -0.0893496460224284 0.0367979850275933 -0.0269473238433368 0.0279979756797856
HH12 0.0172134773707984 -0.00725073874068567 0.0227300562112708 -0.00704711957347501 -0.0075184247667898 0.145583297851815 0.0259085616417645
HH13 0.012802740584567 -0.0258363529478867 -0.0789903374055738 0.0167039887076682 -0.0299865278381598 -0.0496310600638309 -0.082652986557552
HH16 -0.00783162399190052 -0.0961474954008282 -0.0127429249627024 0.0889982977078663 -0.0389357800195001 -0.0239312076673853 0.0156100289706823
HH18 0.0471622660837714 0.0440438504101148 0.0772477958103747 -0.0675354090391635 0.0410731230472863 -0.0911185966201911 0.0322111083125655
JB02 0.036024338955682 -0.0308473666290593 0.128572789962511 -0.0040325571188151 0.11207659694468 0.0304664010174075 -0.0630363721971946
JB03 0.0202973322134166 0.0221256496728235 -0.129796900535853 -0.0540572272046351 0.0294129523395638 -0.0746204827349596 0.0805368672398179
JB04 0.0544013238208804 -0.0852676157029301 -0.0597687353226941 0.0427013729214508 -0.0738266740644102 -0.0484175617355632 0.0868950515298316
JB05 0.0512138005303769 -0.0612078029151618 -0.0464636432065689 0.0648520485347539 0.115627057152039 0.161986596770046 -0.0405905891181684
JB07 -0.0111526670131634 0.0235630731669017 0.0267195368411084 -0.00599322237062493 -0.0333651337552412 -0.00568125783161757 0.0312107091547468
JB13 -0.0427344952595061 0.037994179758115 0.0416858128001791 0.0458081163305786 -0.0926581666850399 0.0663681291956985 0.0722451876137405
JB15 -0.0610814527421669 -0.0380437823531116 -0.169803375735014 -0.0936884316961252 0.0388641870849288 0.0724218313297573 0.00529571545289086
JB16 -0.0796731495360172 0.0382915213661901 0.005419005825753 -0.0181224669750109 -0.0132778829651439 -0.00174948651172702 0.0105163431779361
JB17 0.0703863092170383 -0.0561646473351323 -0.119254513986072 -0.0880625701823136 0.0147950810690355 -0.095880033768959 -0.0820886104782827
NB01 -0.0160714626969847 -0.0356128470248921 -0.0299205807291847 -0.0384451738298575 0.0392481878190813 0.0504931482181341 0.0937607140602899
NB03 0.0174025627597632 0.00253203258644163 0.0446665456653209 -0.0784055704938163 -0.096716873317648 -0.0863337820820047 0.132564356831934
NB04 0.00663799043694009 0.00581884449917539 -0.0176548452896751 -0.0394162689044745 -0.00501749663118995 -0.0394781656067477 -0.0521063978461929
NB05 -0.071439954593311 -0.0198102298334301 0.0614669652271988 0.0477055514258404 -0.16282673515941 0.014932691447152 -0.030203369850805
NB06 -0.0184633064236402 -0.0317516814424174 0.0603781582735506 -0.11955181181081 -0.0470944536535669 0.0365179262475473 0.0277563698925963
NB07 0.124894000169977 0.0128978421049579 0.0422065703693135 -0.0644238726157513 -0.0288087742706467 0.0326492769443511 -0.0083421387352582
NB10 0.179457865542654 -0.0622417981806466 0.0177503922079436 0.0112120377260503 -0.0256881159851353 -0.149444678648158 -0.00116716283803808
NB11 -0.0100721081709757 0.0380935863004718 -0.00684595119525256 0.0542323992007474 -0.157982429199106 0.0506338702980575 0.0249490341992315
NB12 0.0216702331626227 -0.00840142576768941 0.0976407702606192 -0.0201171711613533 0.0538898277252375 0.0035247849655279 0.0301529246410933
NB13 0.00700678295015324 0.0530130543959902 0.0451035897665724 -0.0678452696294769 0.0484654245726022 -0.0553476090904848 0.115943692894692
NB14 -0.0174510982948197 -0.0102664009779897 0.171758104293216 0.0777491143511582 0.0356411300821213 0.0961134591801192 0.0583791628608168
NB15 -0.0625907498230908 -0.0143754288433908 0.015505900394489 0.0262441339283493 -0.019722418743996 -0.0325671729768582 0.00577758194482001
NB16 -0.125304193872658 0.010072667258629 0.000331898837685855 0.0645065890943406 0.0265475927402146 -0.0774491773876035 0.0311475957924838
NB17 -4.75726018899078e-05 -0.0388438012456149 -0.0467259220561363 0.0421977537781062 -0.0640267822361469 0.0175709166185242 -0.0201266994508398
PA01 -0.0387102325755067 0.0726810422739098 -0.147612113321483 -0.00349795609837529 0.0675495563356802 0.0301745202738439 -0.0258279648560345
PA02 0.0180486227314699 -0.0346834326586853 -0.113124917531949 -0.00570550677597264 0.138879437116095 -0.00678697332239732 -0.0099281772651307
PA04 -0.0518809258020895 -0.0200547579134219 -0.0333978628119235 -0.115468777891534 -0.0453324350573455 0.0702402786147543 -0.111453977382148
PA05 -0.0791979846852727 -0.015620183357048 0.0779137010832249 -0.0417031000815595 0.0913415753729835 0.0248957233166184 -0.0340113158152671
PA07 0.0851736739296866 -0.127940403299025 0.0958499212036601 0.00317566728784741 -0.0584268966754689 -0.00427134376321323 0.0560104414181417
PA08 -0.0809336453821525 -0.0110590259976175 0.0125988915856321 -0.0176433597562764 -0.0607272853162483 0.0776024955382565 -0.0394870299000457
PA09 0.0549950761447977 0.0603582298599881 -0.0701033643335525 0.0273902304673891 -0.0116245099716365 -0.210994802795068 -0.0860719737786108
PA10 -0.0257444916092555 0.0758181850865775 -0.0457059004240427 -0.079377207208622 0.0446986021244021 0.0626789820053264 0.112668440522561
PA11 0.159094699880219 -0.00656767670459133 -0.000111212636324997 -0.049205607682299 0.081466372049538 0.0519710197476677 0.0298045492071217
PA12 0.00851062234668352 0.0359364587632868 0.00982782636017895 -0.0561515155141077 -0.0619732587660139 0.043086307860437 0.0595275335014736
PA13 -0.00373477080923827 -0.010905775843619 -0.0242623386342747 -0.0640817905949757 -0.103109761745175 0.039448582120518 -0.0641592132400184
PA15 0.0207807771966305 -0.0406767513252971 0.0847911725351949 0.109390482329237 0.141287593097402 0.0771752523209996 -0.104170539751935
PA17 -0.0224464220386347 -0.0278232083436311 0.052902659949139 -0.0492117925619502 -0.0209239370315423 -0.0145891275710552 -0.0266823290919141
PA18 0.0560129213860675 -0.0397692854381322 -0.0368016970862427 0.145606824430746 0.0597675005216534 -0.0358754300778471 -0.0808593675148247
PA19 0.124954798251719 0.117744540062763 0.098516104212536 0.0536954522430703 -0.0390297645089228 0.0984033992545456 0.0437389864830601
PA20 -0.0584146662957407 0.0842254487697534 0.00850419805216724 -0.0530134730945137 -0.0421767353571379 0.0198703866865435 -0.0315707803969815
PA21 -0.026923600168413 -0.0130439018160997 0.102728207758462 -0.0120922264787095 -0.0859616124689338 -0.0384895300787481 0.0256992235569825
PA22 -0.0311830776471698 0.102393654697704 0.0583626694724165 -0.0249436884615746 -0.0330025291610383 -0.0903912540630635 -0.0495196879768986
PA23 -0.00451815964408317 -0.0509722095815537 0.043167647056754 0.0186066982430438 0.0204714377426803 -0.00987220143709519 0.0901048389869899
PA24 0.0371879381194983 0.0733831834328435 0.0867038351871477 0.114825099975798 -0.0326675195005696 0.182228193020009 0.0150598286185107
PA25 0.0153069000114405 -0.0234267015848119 0.0176870174151433 -0.096108928295268 -0.0438306433941419 0.0519778572665741 -0.0131784609633703
PA26 -0.0166283127343024 0.0280092699429087 0.00373066184384199 -0.0361314201558255 -0.0261304329324949 -0.0579812731235218 -0.0842511003981979
PA27 0.1027241476223 -0.00227767067519352 0.0495475159111147 0.017984937205342 -0.0391784487719055 0.0137561476730809 -0.069100261010412
RB01 -0.052448548301857 -0.102482279534798 -0.0795442042297142 -0.0517995586662772 -0.0199903789302119 0.16543020134297 -0.0251708917473754
RB02 0.0808630300914406 -0.0259142860235599 0.0508494056127204 -0.0096801195243338 -0.0682291503028671 0.0108394624138261 -0.118999315729911
RB04 -0.0450772947792614 -0.0446796091134494 -0.0756485899920625 -0.0402858287989223 0.018805998390407 0.0652081947215286 -0.0639083134961457
RB05 -0.0226931085668019 -0.000519446750630472 -0.0318730845139483 -0.0448003215393624 0.00359748013783258 -0.0479909837857441 -0.116611695392007
RB06 -0.0322532426267773 -0.0536365158569088 -0.139344207663039 0.0715325009783414 -0.0657448540428211 -0.0670268585977473 -0.0271434091242027
RB07 -0.0224153577576147 -0.00232293594355684 0.0710116125994419 0.0680621371664523 0.0753909966138094 0.00984321845898906 -0.116757617880493
RB08 -0.0719385846017956 0.0164047577785031 -0.0424989934126803 0.0481663968836464 0.111077255180626 -0.0995177552992148 -0.0123789316662496
RB09 -0.0639290990101241 0.0854834938422 -0.0361918426706185 0.012710609246988 -0.0250164452288199 -0.108376462465956 -0.10499677412546
RB10 -0.016651918325217 -0.068333860203867 -0.045238602016752 0.105115442236844 -0.134339758681247 -0.0250088494184622 -0.166685217635948
RB12 -0.0499101541563704 -0.150960871541239 0.020355262356504 0.108470086626194 0.0371703220685777 0.00364487653523998 0.0028600310129959
RB13 -0.0681893567528324 -0.0558715341155701 -0.0655189172886006 0.0111564227219322 -0.0273207306845993 -0.13097867422074 0.0787180942511602
RB14 -0.0212881146655336 -0.00466616693362071 0.0206516452530956 0.00608767144168733 0.0165956867210495 0.0147362283083341 0.0658848996393503
RB15 0.0247922026310857 0.00316611594669765 -0.00163849427404151 0.0637070196523902 0.00747965194079191 -0.149249334553836 -0.0184547901563949
RB16 -0.0678196164067392 -0.0613835663832377 -0.0847537001827791 0.0148059435463701 -0.106211342485679 0.0644768403339931 -0.0113926027393763
RB17 0.0594423550523254 0.123851935429318 -0.00317991151133246 0.0512793732072641 0.0505725058585055 -0.0987674696298185 -0.0456059555531586
RB19 -0.0552714239785106 -0.116671720623486 -0.149804334560775 -0.000983079986849277 0.0364320787117971 -0.0799654473974919 0.124046125344564
RB20 0.0352199176510854 -0.0161406004631777 -0.0677587497765327 -0.00191968627316986 0.00910582730669641 0.0607250260983249 0.0709174679584667
RL01 0.142032602631599 -0.0496521753594651 -0.020232808125421 0.12034730833964 -0.0141121024431714 -0.112724756319026 0.0460722591670982
RL02 -0.0123733437868769 -0.0505271370128192 -0.0440352510066474 0.106123796346042 0.0677802255706587 0.0191660837260912 -0.0406751320811342
RL03 -0.0966623457205776 0.00509716971704697 -0.0839670850124226 0.0555609198271799 0.00443556228930468 0.0341516823631973 0.00852395669926682
RL04 -0.0636549043669698 -0.00223967190583761 -0.0628490438172047 -0.126255579854072 -0.0105536217137023 0.0363770997540406 -0.022499279560848
RL06 -0.0806236320212771 -0.0633742377406134 -0.0230107524803176 -0.0822881293306125 0.0120915262831565 0.0690080970242907 -0.0227135420314112
RL07 -0.0143435897112403 0.0486330189250752 -0.0742899847548212 -0.0297366670664165 -0.0118373889385863 -0.0151930084081051 0.00543267840530681
RL09 -0.0597509230138991 -0.000464021782420226 0.0528927682307385 -0.0564862512208578 0.0449454478746091 0.0119198415303002 -0.0870230637656456
RL10 -0.0424656944538184 -0.0822382354602015 -0.131116882472622 -0.124546650549939 0.0159302138537089 0.0665670030329735 -0.00547040354969627
RL13 0.060478680241541 0.0453816439616783 -0.183786930610729 -0.0768390229394509 0.0505645865282995 0.112004818571333 -0.0476802760543286
RL15 -0.128777304084655 -0.0103699553280879 -0.0837279808995677 0.0675217278208223 0.0966946574428049 0.0344460582615773 -0.0388386244586214
RL17 0.00738931092768937 -0.0468145419113135 0.00837091846427866 -0.0188819941414035 -0.0134416280258433 0.033187752362202 -0.107436919169376
RL18 0.23719044258987 0.0151392194269142 0.00491305657923142 -0.0144105729561514 -0.00101780769807826 0.0457033170765379 0.0136378279670522
RL20 -0.00764803874669408 -0.0359022210057496 -0.0821638666299856 0.00070871257619896 -0.0854523149329293 -0.0459841466791381 -0.0259368768955818
RL21 -0.0662768203664363 -0.0061058335424565 0.0324527552889015 -0.0951395283159919 0.0466430810938317 -0.000368746916159533 -0.0214216587316264
RL22 0.0661304697648669 0.0340378052574807 -0.174084642294671 0.150935747507176 -0.00055264417011726 0.120631085006624 0.326611259016013
RL23 -0.0314949606878148 -0.0624769548908466 -0.132110905116054 -0.0808862048028199 0.110100075460766 0.00717903300515203 -0.0317196121242329
TR01 -0.0613971246220976 -0.0817174185948384 -0.00875695144168882 0.055649970524864 -0.0623034751997574 -0.0731359371997816 -0.0372719323396013
TR02 -0.0648481587029802 -0.0085427336239407 0.0125519667450401 -0.0228502936395407 -0.0164178125052164 -0.0173872969249203 -0.0445403548490757
TR03 -0.0789468057347328 0.0256722487980049 0.0252231264936959 -0.10718403306005 0.0509834101706538 -0.0728574618313865 -0.00637730497039487
TR04 -0.107481505361375 -0.0308198643033535 0.0201811611604692 0.0169213559188658 0.158199900007435 -0.0571424618204941 -0.0389988445615321
TR05 -0.00533094236775822 0.0638740281387165 0.0925696088511204 0.00990305103305907 -0.0567852705327527 -0.151282107981877 -0.0333160024660348
TR06 -0.0831942570441634 0.0419394083927646 0.201814699306823 -0.0282077049763306 -0.0319671266519086 0.0936400260336316 -0.0411735468256245
TR07 -0.00516529957458993 0.00509403492905782 -0.03160926218654 0.00750030457596545 -0.144379452327778 -0.0404538319798811 -0.0193822839742833
TR08 -0.00211942853659673 -0.0807722494416983 0.00422479707936915 -0.0640605319188921 -0.0188627237838289 -0.0843759514618573 -0.127996946848929
TR09 -0.125144078795395 -0.00137538927506247 -0.0221079633305516 -0.0301189267422482 0.0376900366128097 -0.0433801681147324 0.0360354516041111
TR10 -0.087758238995202 -0.0185707334140457 0.0559962275184544 -0.0665249580284447 -0.104399060528636 0.00990527943777868 -0.00748547978202208
TR11 -0.0716149188139576 0.00205372361039012 0.0120804121878271 -0.00475410648620673 -0.0617636391647722 -0.0540254963951118 0.0482877449179415
TR12 -0.0147137394784113 -0.0190186289983996 0.0115373672701804 -0.087593126527119 0.103062459233659 0.0751006723601086 -0.0546634988711531
TR13 0.0186716217936761 0.0259893293014546 0.119341733890331 -0.0234234409569982 0.191592283786992 0.11263672349197 0.0309017843759506
TR14 0.255144953104691 -0.028411661642685 -0.0673567987950483 -0.0573063725898893 0.086221515906094 0.0667478107461466 0.0276882322118676
TR15 0.0454200311700514 -0.0828231524525376 0.00420964854915004 0.0499810781604065 -0.11832517909539 0.0449607083372436 -0.106511639971587
TR16 0.0030158394149897 -0.139294091960467 -0.0766847510858496 0.0611926254232248 0.0657264602190466 -0.0575342658563434 -0.014006069424599
TR17 0.0212769467637987 -0.014142379768056 -0.106984265942789 -0.0544642303151825 -0.047615345213932 -0.0843998060078806 0.118583334102634
