sample MDS1 MDS2 MDS3 MDS4 MDS5 MDS6 MDS7
AN03 -0.00789709764702606 0.0604681586698306 -0.0331636422204675 -0.0381096678509281 -0.0152281370213621 0.024182734939795 0.0584096153433698
AN04 -0.0403907136075292 -0.0177658864945803 0.0390458201925808 -0.0171066850579902 -0.0252783343459249 -0.00391290427077493 0.126468310552515
CS01 -0.0753548384604311 -0.00824334713618935 0.0685188330001101 -0.0556233257516561 0.0870952553874944 -0.0269434064467034 0.122823296471773
CS02 -0.0557655659446298 0.0265797715123067 -0.0528961402325084 0.0456525189896353 -0.102091879612891 -0.0449120969340053 -0.0930543962513195
CS03 -0.0488346096168826 0.0567987299611144 -0.00776870223782899 0.0409056372981732 -0.0218398576417019 0.0114722537543286 0.0534224830821842
CS04 -0.0358066915558434 0.0431472841076147 0.00290710420905999 0.0186818630979517 -0.0589897189198595 -0.0769102705689506 0.0919859649311509
CS05 0.0193055604521074 0.103519692286327 -0.047291108046793 -0.00289411153569531 0.081017316496401 -0.0240444837314182 0.0627593288495152
CS08 -0.0842350342098562 0.389943353903295 0.0894089439326095 0.0268356300766496 -0.0238272926372769 -0.0423128196795749 -0.0757745553883522
CS09 -0.0723342611228172 -0.0141188214653658 0.0796595795337014 -0.107653528275176 0.0679311798220793 -0.00776892938655392 0.0383154657880588
CS10 0.00968881532924991 -0.0455322856445898 -0.0542772710513358 0.0690638793090967 -0.0263187256230068 0.0185362989980196 -0.055687263290828
CS11 -0.0906906069127006 -0.0545155351870745 -0.0432310017705943 -0.0110044151440245 -0.0743788528372661 0.0605855907024722 -0.0518394061677907
CS12 0.0582700316952278 0.0426517763455054 -0.00940533783024784 -0.0303036278678103 -0.0664851582114733 0.100369811073992 -0.0534952378998085
CS13 0.030694199752691 -0.071218639357176 0.000145075198081324 0.0939822904541649 -0.142052524562105 -0.0345816642853739 0.0188293264773734
CS14 -0.0218044376225099 -0.0380465806282929 -0.0584630893577592 -0.0527604919148954 0.0450429277731771 -0.0167406890838858 -0.0525719159232774
CS15 -0.0399123243639157 0.0402698691243347 -0.0712873251804874 -0.00630331361846771 -0.0941695615256095 -0.0352653947602053 0.1079942462735
CS16 -0.0398595920920122 0.00721073385610022 -0.135816852607794 -0.121894395088609 -0.0372007269467127 0.072773738061456 0.0105178124022949
CS17 -0.131364087455416 0.0423623854220673 0.0154299625770927 -0.0150437943895896 0.0890393503485903 -0.0903973535455719 -0.0983474178247662
CS18 -0.0132301219836285 0.0158793994086991 -0.110512581031763 -0.108198767488667 -0.00636132173524107 -0.0348820732165325 -0.0121728384930058
DK01 -0.0309609335053062 -0.0637359650175159 -0.00602147429453487 -0.059666978739661 -0.0549541364126027 0.0234329558964169 -0.0370464243545695
DK02 0.0470877638522709 -0.0247338946126087 -0.0358906037376247 0.0171648153147508 0.0513000442425135 -0.0232051228895425 -0.0288202710449847
DK03 0.0814768706518587 0.035868977541377 -0.11761242609127 0.0576472791705544 0.0279767324002728 -0.0304532516521101 0.082123850744114
DK04 -0.0533397699338244 0.11117078245534 -0.0905266277270232 -0.10955747809295 -0.0461079022353203 -0.16545000222024 0.0143218145631573
DK05 -0.0330360803445894 0.562702365650897 0.0896910739657818 -0.0377303627252685 -0.00742847823752574 -0.0256606380911454 -0.136738929668007
DK06 -0.0121283191288531 0.0411102608813229 0.0571576495040532 -0.103811756482296 0.0526943949301983 -0.0146113469672292 -0.0952827452771017
DK09 -0.020489671107653 -0.0181125532248099 -0.0224217187636543 0.040193804604802 -0.0612869753380084 -0.0180337135127485 -0.0422544163345186
DK10 0.224173668684594 -0.0321078014227783 0.0258822252904727 0.0413991494639063 -0.000168997430425092 -0.0792700921922893 0.0190878176802279
DK11 -0.0650737980164466 0.0281915284030935 -0.0341992265487875 -0.139460186119812 -0.0693892904493484 0.0293119251297775 0.0102863515133325
DK12 -0.069860034798649 0.0321624675480861 0.00942316534453071 -0.0587305513524638 -0.0144509816409601 0.0165508021011936 0.0795059575151096
DK13 -0.020211159942534 -0.0481316855029615 -0.0284451940936907 -0.0212918952829614 0.0569691169145115 0.06157284510902 0.00428555202634606
DK14 0.0897048741526577 -0.0408318476708813 0.0260774329153714 -0.0804380864810504 0.0625022914312123 0.110335982209988 0.0271050590101997
DK15 -0.111839423857789 0.0536964632374985 -0.0680807924375984 0.0188263276061643 -0.0747780166226238 -0.0283423104065161 0.0396018959617579
DK16 0.013655213609194 0.00966320310018198 -0.0529472463999548 -0.0479782614692089 0.0807450212258672 0.0196183451420916 0.0205990102790119
DK17 0.0444393489722584 -0.100603141035025 -0.0606791169428843 -0.0151833023597364 -0.0435929580929925 0.0118124407176127 0.0451038798103915
DK19 -0.0443276046302157 -0.0160682197441773 -0.0778878321242574 -0.0392984838319519 0.0428225106488309 0.0397115226513309 0.0791145921335264
DK20 -0.0597367632434092 -0.000166531615156966 0.0336179222166935 -0.133652286604202 0.00342146218754318 0.0661452317171101 -0.0300265138836254
DK21 0.0386921678910598 -0.0358906993164053 -0.130236719593715 0.0983616958378633 -0.0681474261175353 -0.0586401766897211 -0.0640780232589249
DK22 0.0643995914164676 -0.0577984466203832 0.0121320930379432 -0.0243290548580051 -0.15898887216366 0.0218495747892835 -0.136853879540507
DK23 0.0666235608534616 -0.0176398075058712 -0.103484994108186 -0.0076122022857169 -0.087663905183438 0.040373465051989 0.0311912115033116
DK25 -0.0336650996600997 0.0536803720401316 0.0055570850269496 -0.0473353820806562 -0.0873956652970072 -0.0424715017080043 -0.0674708121576425
DK26 0.116436944544567 0.0426868899822373 0.0329109648977227 0.0176732295377958 -0.0180243865366084 0.115921707519825 0.10295532046957
DK27 0.0853625913211325 0.0391084909382082 -0.150626905005225 0.00369002940362228 0.0437825176165173 -0.0791861733070031 -0.0381782380868594
DK28 0.165696719026099 -0.00428840952027415 0.0882779295799385 0.00343966656929105 -0.130590789541981 0.0282548211335582 -0.0214876066319723
DK29 -0.0996286278137878 -0.00457855160067357 0.00413865246817174 -0.0854124328471527 0.0231337612420947 -0.0551105491243597 0.0830815902913197
DK30 0.151202720539188 -0.0690774674888971 0.0049689137835695 -0.170229144339063 0.118833206011059 -0.0501736178724473 -0.0875632536999879
DK31 -0.039960053694554 0.0563607391279419 -0.133240833581432 0.0339747165319384 0.0232176406990348 0.034298467973589 0.0120849619078173
DK32 -0.0292292391028837 -0.0834723029403362 -0.0312347974810408 -0.0664215894774692 0.00255475708149845 -0.027438066283569 0.0540219826201254
DK33 0.0772713776193587 0.0648276185688975 -0.0666083028454794 -0.102056033459689 0.102442662964385 -0.0287662949535931 0.140390254813622
DK34 0.0441430396311989 -0.0253631848138474 -0.114036822263185 0.0619861117279231 -0.105958248115507 0.00460243911743806 0.021997849268959
DK35 -0.0481757928600791 0.0536163240359132 -0.143678134804007 -0.0188450470374285 -0.0439455988635923 -0.00618667760445224 0.130330478421659
DK36 -0.0767066646740126 -0.0348096543813448 -0.0729658278171877 0.0109100095457 0.0485877208201985 0.0400689406708766 0.0899444434162855
DK37 0.00413069620375601 -0.00584603074757307 0.0412041622142347 -0.102454129379047 -0.209388665070898 -0.128284658781756 0.199273446141798
DK38 0.0135856279000551 0.0102333980395289 -0.0654023181210107 -0.213498687527898 -0.0714280163742007 0.0441654768167479 -0.0590814519388181
DK39 0.0191625323018236 0.0228507724932331 -0.12089098497924 0.0268903018623683 0.0722597571502927 -0.00308661349267449 0.0361859930826982
FR01 0.0877221110073549 -0.14917396851265 0.0782953635494006 -0.0487243466982277 0.0962525615354765 -0.125420757393267 -0.0228162711944002
FR02 -0.0352924034411084 -0.0693493745188899 0.0261081043298277 -0.0221223243420123 -0.0260842543652569 0.0423574375678809 0.00231511197270276
FR03 0.017214842647047 -0.0701716717719417 -0.0996006700578976 0.063850361947731 0.0271173096236034 -0.0822504093702296 -0.0502073158687386
FR04 0.0556333485213348 0.0377975248725361 0.0608182753528514 0.0379606897428957 0.0561467793728197 0.0266974036906058 0.198768971780108
FR05 0.110777715001305 0.0859770314278052 0.0795234022175084 0.174431140255877 0.0222089589943745 0.158150859060762 -0.00842473984232467
FR06 -0.0599664801302791 0.015761495181461 0.0244572556662346 0.167875684072945 -0.0299134510489827 -0.00176890116192648 0.0999821290105097
FR07 0.125479311733605 0.129750406486346 0.0397651288177594 0.149970174999926 0.040086620823396 -0.0176388707333595 0.0573152478309394
FR08 -0.0418334307627022 -0.0293777847649323 -0.0593619659320982 -0.125521403604137 -0.0127250218401215 0.130485338772337 0.0357189890625403
FR10 0.0536565561438355 -0.0394142333189798 0.0170884077169052 0.044367522532189 0.00641732630839107 -0.022529886797394 -0.118496678389755
FR12 -0.0355703190739373 0.00881784783897486 0.0780519491500502 -0.0193377946761668 0.0655015165009417 -0.0200038434077667 0.0989463596633506
FR13 0.0491182804931887 0.0996978749463191 -0.113698853983658 0.0896029666039321 0.0908921811838855 0.120630131811886 0.0194812667931545
FR15 -0.0553134867694057 -0.00387201054454499 -0.0664682126335495 0.112927970053264 -0.00162023996057212 -0.0206205004917598 0.032581902888839
FR16 0.164997031011519 0.0652875435515816 -0.0101434733365941 -0.0310818003325839 0.0667298630949345 -0.0045400502360134 0.0173730727901316
FR17 -0.0312676354267756 -0.0647875316783095 -0.0691802662463965 0.0965019597937578 -0.00715776159472162 0.0512025029643884 0.0451611407430867
FR19 0.060197183604916 -0.0289264947096608 0.0148553487172823 -0.107116444676415 -0.0881694394801461 0.00541978916361862 -0.12352488904821
FR20 -0.124012957619779 -0.0703440828875501 0.0394832466337002 -0.0139163080723093 -0.0338313265239922 0.0663358783128147 0.0180008351432847
FY01 -0.0254136696537097 -0.0521538734694036 -0.0275109679164977 0.0916550205950307 0.0200746270394036 0.0260996857801005 0.0426734361351698
FY02 -0.0635634336571488 -0.067043326538311 -0.0782259394850696 -0.0190655425251479 0.0376114763548472 0.0262470230475789 0.0124856986654102
FY03 0.0662137921245554 -0.0298098723626046 0.000255810601904858 -0.0842360046621427 -0.0727018414613742 0.0564256496858958 0.0799821399050185
FY04 0.0175668868265053 0.102500848865998 0.146280887522703 -0.0277686472628564 0.0927855853697909 -0.092650512075595 0.0312439780540814
FY05 0.0197963143401152 -0.0216047436812385 0.0728687995353216 0.000343043698956819 -0.131442179968771 -0.0431295398943835 -0.13377796398318
FY06 0.0207325823123406 0.0042078295377227 0.0984034495089071 0.00342951395452466 -0.0486090738117346 0.0703895366519798 -0.0626847180966244
FY07 0.0326844586767869 0.107071955557068 0.0638352795010155 -0.0727878682753798 0.0172117704586196 0.0923074854775378 0.0184164293964683
FY09 -0.00120525993861112 -0.05959343934938 0.0240541385366178 -0.119620536711897 0.0393732579285725 -0.060223347393252 -0.00331793317287911
FY10 -0.0235542768158171 -0.054695052751632 0.0593927589875295 0.00159176238046175 -0.0747015692795227 0.140783765376368 -0.0575878187122184
FY11 0.102264769596945 -0.0117186043816995 -0.0430591005740624 -0.0220809150522109 0.092707322919748 0.00623493004980404 -0.0199773503630441
FY12 -0.0650706059477408 0.0487344922511563 -0.0799945274278521 -0.045687457167977 0.0228302873281111 0.0109142982339553 -0.0565271576117158
FY13 0.0667169328431674 -0.122873428542189 0.111705035997228 0.182231600432435 0.0244924266650952 -0.0940509121004825 0.0319748998725604
FY14 -0.0487152131346208 -0.037592218223347 0.00475226087750012 -0.053762247737396 -0.00472093994075265 0.0531896970339743 -0.00108330727496632
FY15 -0.0754415361809966 -0.0330741007272776 -0.0728391729249267 0.0384383274533594 -0.0491597366067591 -0.106986868120134 0.00431385445859068
FY16 -0.00392635605940092 -0.0771756566724932 0.0232829866301771 -0.0267067727181412 0.00140450332500612 0.0807496261319486 0.0246381482024931
FY17 -0.0407630495074767 -0.033958526858632 0.0262601800512824 0.00464603465643171 -0.0574201704550387 -0.0845930025429994 0.0664239917217905
FY18 0.0448880930161211 0.03081526469314 -0.0207802613099826 0.040772211739911 -0.121725918659134 -0.0547723906330899 0.0681860179949736
HH01 -0.113315823824758 0.0133473685119459 0.0707241202704389 0.0922975794144268 0.183969526565288 -0.0153761053952722 -0.0184238683831083
HH02 0.166792987338262 -0.00056506057127358 0.000734304156536695 0.00320056764399643 0.16414234243443 -0.025037554353042 0.0412900917878398
HH03 0.00473826277964736 -0.0327432694113142 -0.0100761031154047 0.0150668104440768 0.0666488835261234 -0.0573568315615848 -0.0209426954719042
HH04 0.0630546469070749 -0.0176638574664955 -0.0879446896672175 0.12651904718182 0.0198786702334127 -0.0203507997682208 0.042265006082519
HH05 -0.0294689886857782 0.012967572189914 0.00903318223130841 0.0540472811330749 -0.0721382020911249 -0.0331337077431578 -0.00450501969440079
HH07 0.0184412845963498 0.0972854415152307 0.0213356572751307 0.0481834712168401 -0.0174079159607388 0.120641499521354 0.0189646478485462
HH08 0.0626242249519284 0.0329285419715407 0.0349370813431093 -0.00587034387368624 0.000818419713094647 -0.0248980707762842 0.0362812341590463
HH09 -0.0563674578208317 0.00683191497717557 -0.0210043013897416 0.0160910263462947 0.0070129422260255 -0.016365517986013 -0.135281960985631
HH10 0.0730683693240308 -0.0287665961969797 -0.0600668439100534 -0.153753221381644 0.0438014225014655 -0.136973030456508 -0.0978396066642112
HH11 0.0430443609964372 -0.0535490773651118 0.0309001874854883 0.0479152071095961 0.0556091471589752 -0.017732030616831 -0.00510575412207352
HH12 0.0154780339974651 -0.00110547012128723 -0.0172722096302657 0.0352780914687564 -0.0766853111639976 -0.102858902585961 -0.0312723776721283
HH13 0.0157000500169538 -0.0102316500719424 0.0795880380718929 -0.00361878508638603 0.00922339700410882 0.0445765909313679 -0.0418213186551597
HH16 0.017900208965641 -0.0708129074069113 0.00986202134133365 -0.0618337550772217 -0.0488900055111252 0.0781533924258498 -0.0289437221624598
HH18 0.0492601703377747 0.0126557573777819 -0.0854427785019315 0.0344040315736805 0.027363453407296 0.0538837246598018 0.0568436851444066
JB02 0.0441053810408194 -0.0343204689032446 -0.0934843468502204 0.00346175801396378 0.179244634849258 -0.107302835024065 0.0249041408782401
JB04 0.0621259285213577 -0.057874206180445 0.0531046570627104 -0.0219082466641478 -0.0638893323204077 0.0611918812258381 -0.00208688351441909
JB05 0.0473578649264194 -0.0339729063348063 0.0932741745726613 -0.0474801944440727 0.0427994197878895 -0.194354520633809 -0.0120219006648246
JB07 -0.0142956849818684 0.0127165760555342 -0.0440777182678509 -0.00457260773425086 -0.0451557928003728 0.0160700559504864 0.0353709702303357
JB10 0.0946933930626937 0.0240226798735628 0.0434786844969741 -0.00736601488468174 -0.00268920971373042 0.025805263079085 0.00742434519253793
JB13 -0.0296377392983747 0.0283279286294182 -0.0718529661040308 -0.000104722235712127 -0.157739583992428 0.0215379504805415 -0.0722098736904873
JB15 -0.072200731863782 -0.0219229428509706 0.172443342486829 0.0920482002380001 -0.0287980371369859 -0.042675694719997 0.0129560643565202
JB16 -0.0834312041796705 0.0308895420258455 -0.0103851904697043 0.0238143458899782 0.0107697262045418 0.0246642868729326 -0.0138664417552327
JB17 0.0636932985723488 -0.0275122740931631 0.131942988576351 0.070969124669908 0.072246460383115 0.0827378256691272 -0.00172470325871174
NB01 -0.0204959513845812 -0.0323274061451266 0.036523483594541 0.0268824415374157 -0.00200259104418572 -0.0319251619782807 0.0759985091982709
NB02 -0.0483658080062744 -0.0238980716873107 -0.0195996222242828 0.0060301355696595 -0.195172949859623 -0.0726434028552481 0.0479544278490028
NB03 0.0384049045036201 0.00267379934121226 -0.0500053771992389 0.061854678868333 -0.0314227371244112 0.128616624480844 0.169667846638433
NB04 0.00348193006991261 0.0110658130799041 0.0208346886278069 0.0310398666189193 0.0548490952951722 0.0187164478628531 -0.00484180344618592
NB06 0.00017830568821241 -0.0480621597037527 -0.0656590266529725 0.122201036437499 -0.0521052631166832 0.00507264505683541 0.0544590487511656
NB07 0.118199901673285 0.0209855867843704 -0.0328393356997709 0.074532095553891 -0.0235944278382134 -0.0225903615156633 0.00260201228429547
NB10 0.193983771498668 -0.0288382294597653 0.00258176466504673 -0.00460168105398168 0.0715491674110111 0.128426498230208 -0.0533508770741713
NB11 -0.00770392883317659 0.0536014571047668 -0.0145269636302591 0.000999455435230077 -0.140889262711512 0.0426713802022896 -0.0525190828350502
NB12 0.0218084794693731 -0.0226969560763929 -0.0657407544832585 -0.0112595532236087 0.0709809711624477 -0.0462121340547862 0.0331276357768428
NB14 -0.00265552807163653 -0.0341758965309471 -0.162534694484151 -0.0774162085907575 -0.0467804010077759 -0.0952791649550659 0.00761255778270878
NB15 -0.0429448487230292 -0.0345222999392131 -0.0263732097069519 -0.0381762552964433 -0.052773297620908 0.0269916000828637 0.0550823471724726
NB16 -0.122164137958261 -0.00922477510325099 -0.00440482079082178 -0.0943363461918189 0.0181106281021514 0.0612151607389252 -0.00165021317627509
NB17 0.0102252630715575 -0.0248148781055103 0.0408331127600515 -0.0216013026440353 -0.0969947116597161 0.0296849827095947 -0.0789312640771572
PA01 -0.0569175339267819 0.0806368930965189 0.122696007089823 -0.0168310830742992 -0.0285207442095369 -0.0456019607031468 0.0459730423776473
PA02 0.0115972353360391 -0.0176552384162852 0.12992383649823 -0.0309979016253618 0.0892396908841032 -0.0698064109290927 0.0676752679573834
PA03 -0.0559081846143105 0.0155256787048463 0.00879134215396726 -0.0420242124400886 0.0632592353283618 -0.0580453625423359 0.0332209967395271
PA04 -0.0459160848146231 -0.0189114275221286 0.023582465473982 0.147462974851078 -0.0405676951063906 -0.0160152710897765 0.0300844313074214
PA05 -0.0914772565135114 -0.0470566438287777 -0.0500379854977758 0.0185391329793473 0.0927667656532373 -0.0558275194072282 -0.031929819762767
PA07 0.118134740090409 -0.118950026537982 -0.0695734762271599 0.0113631309108536 -0.0652131610154081 0.0484118322853099 0.0130488197342397
PA08 -0.0787389663528821 -0.00196138858924018 -0.030756538147626 0.0620322752975003 -0.000445334155764607 -0.0333239714619384 -0.0677026039263163
PA09 0.0523399897872442 0.0803768344987158 0.0682138494091686 -0.0533546915594284 0.110696608900251 0.180340551461741 0.05917090773616
PA10 -0.0447958741768305 0.0664644856372044 0.0251773264506554 0.0506639536794215 -0.016191842629766 -0.0718545071318992 0.100179597453883
PA11 0.1507349752202 0.00647606435743145 0.0192392725289021 0.0329208860976494 -0.00509529270125997 -0.106313128482378 0.0129245770631637
PA12 0.00247858624569387 0.0258390262412692 -0.0338040450663344 0.0625447020577496 -0.101210724525831 -0.0252527553105307 -0.000710430225502325
PA13 -0.0151465218554741 0.00174872414778541 0.0106993887678169 0.120647970686302 -0.0223761681895016 0.02979849368512 -0.150293381000622
PA14 -0.088057178511729 0.0122462725489621 -0.0407841684478092 0.0825675202209686 0.00608783068028602 0.10555563759093 -0.158819572670302
PA15 0.0161601080290011 -0.046574373999178 -0.0537642358521338 -0.116253748514506 0.120223803902831 -0.155913971919041 -0.0666614039852603
PA17 -0.0150096805867343 -0.0394428615490583 -0.0361306543042969 0.0500434023460577 0.0392645188859813 0.00218184683880449 0.0133398398406843
PA18 0.0585607067491114 -0.00616272655218871 0.0621850420900659 -0.145567478682691 0.0625659215533229 0.00796734518899708 -0.0798243134001155
PA19 0.115846427381627 0.119989027961301 -0.124222461837961 -0.0180845625075966 -0.0758928316881583 -0.108191260675865 -0.0250223201518088
PA20 -0.0589976694180256 0.0672474710744989 -0.0399868114657677 0.0580112048623795 -0.0463531615690929 0.035966435605871 0.099258697445413
PA21 -0.00823693259777514 -0.0170881358682946 -0.110230428405677 0.031871077712314 0.0205828832911449 0.076875896753972 -0.00715952141718419
PA22 -0.0381636278457144 0.0892593196617581 -0.0709206192385712 0.00919344337037181 0.0652312485580597 0.100144276373478 -0.0373115076569868
PA23 0.00277515411851409 -0.0459430438610346 -0.0183163400616301 -0.0383039070509862 0.0502108768001693 -0.00454536658430359 0.101397678092863
PA24 0.0303837297777085 0.0763112015960778 -0.11135249131057 -0.0673619264061138 -0.0673580999204589 -0.190289051715749 -0.0836571511567774
PA25 0.00996046566935849 -0.029668452504979 -0.00953401527008206 0.11354422498208 -0.00131574741410502 -0.0340970918890411 -0.0864865165598668
PA26 -0.00679075666390326 0.0307088397808524 -0.0194283738152003 0.0420344205499382 0.0401117354306668 0.0842879818854108 0.00975539572707832
PA27 0.10716716688346 0.0226077259246723 -0.0365116042025238 0.0241774378483817 0.0678451838985552 -0.00612872243155796 -0.133041890380583
RB01 -0.0566770639591453 -0.0828867422421255 0.101749632914163 0.0838928761064257 -0.067970194629522 -0.10441543860841 -0.0560168004870982
RB02 0.0789415138764707 0.00460304858415557 -0.0318691106590088 0.0650506743601412 0.0907950693566318 0.0447559100348544 -0.167399314549207
RB03 -0.0619023098209739 0.00885554636786567 0.051179641669571 0.0897413544804481 0.114907767276921 -0.0866078183911296 -0.114050682564445
RB04 -0.0489295853668177 -0.0313177507309561 0.0787734771100314 0.0481390129875672 0.0249851816601683 -0.0695003431549094 -0.0322160144731176
RB05 -0.0303292684745924 -0.000946017319811561 0.0492694505917018 0.0305904937041621 0.0852037200309449 0.0435735211561393 -0.0386254597141514
RB06 -0.0160870312494398 -0.00854753925048304 0.132908220077742 -0.0535149771200484 -0.0472098814363265 0.107044408586255 -0.0432739263452038
RB07 -0.0102249747123352 -0.0170157150898703 -0.0718396699754675 -0.0690319327055525 0.0361306563494819 -0.0688627488625764 0.024648848519089
RB08 -0.078657550012712 0.00319897843490341 0.039824649295257 -0.100967339210151 0.106801745926777 0.00521383027269722 0.0109173617661421
RB09 -0.0776438453233382 0.0866195902900373 0.00974021204447649 -0.0222091178707408 0.0709034328217535 0.120969608220311 -0.0617691136431446
RB10 0.00230818465676425 -0.0414861744781564 0.0374004260601669 -0.0332406935945688 -0.068333538003472 0.117204896694518 -0.196170677157094
RB12 -0.0236433392246094 -0.146670110835804 0.0118029255535171 -0.0947534189324802 0.00449904630765987 -0.00497966249700412 -0.049945214221771
RB13 -0.0608583541990638 -0.0540943661938276 0.0733087432312453 -0.0378161714545963 0.0176360854770596 0.143043753911311 0.00590227672178768
RB14 -0.0183360259569645 -0.00729691826422172 -0.0299904881318815 -0.00238680149886717 -0.0276553093925158 -0.00542383120338208 0.0277529981422348
RB15 0.0333955271705833 0.0177023609849542 0.0233055591498842 -0.0953395990086456 0.0587349523399629 0.12673144529328 0.0644110310157882
RB16 -0.0584699426853349 -0.0507585866643727 0.0804179416346417 0.0117182576275198 -0.113318190553642 -0.0119271554279824 -0.0545448606431405
RB17 0.0485993429611124 0.13352806977751 -0.0170246749553627 -0.0741668850513087 0.0622142540009007 0.0610323692510432 0.0367307332687212
RB19 -0.0467510585533866 -0.112276243997308 0.164469566464801 -0.0569853567672231 -0.0763059342587033 0.0841369366958589 0.108011735143931
RB20 0.0316741717381377 -0.00280656478634034 0.0719092738599509 -0.0133881703907967 -0.0607341087355804 -0.0495149411645832 0.0472479856788132
RL01 0.157668496540241 -0.0241401871308986 0.016847805426256 -0.1290015153989 -0.0262350888528322 0.0904153977446022 0.00224398191458806
RL02 -0.0063425952488514 -0.0397792745135602 0.0540602381659868 -0.0964400403371089 -0.0118312223313677 -0.06470536785497 -0.113638534001007
RL03 -0.0936058496318986 -0.00471254865453897 0.0662898403358154 -0.0624810729634066 -0.0833211571354359 -0.00717178533298026 -0.0175128454641626
RL04 -0.0680997051180591 -0.00258978314404498 0.0510177328654955 0.136243753256201 0.0369379848094314 -0.0305549394235518 0.0139831728569518
RL06 -0.0782250284390138 -0.0606279653330263 0.0311506270549302 0.0930840224428706 0.0217077398843063 -0.0570338663679783 -0.00516195347190571
RL07 -0.0302675260864824 0.0615664553912394 0.055705957310901 0.0243217449239889 0.00510999375909972 0.01624458988856 0.013261055610417
RL09 -0.0621567247173757 -0.0137761202842485 -0.0368587823539371 0.0574448804735956 0.104795076898496 -0.0413100362169971 -0.0262682815809147
RL10 -0.0383053805800613 -0.06718598101949 0.141700748013785 0.137085185736505 -0.0607916992975633 -0.0237653451063079 0.0265276928270646
RL11 -0.109520527334079 -0.00841781949367317 0.130528037848736 -0.0297711096187094 0.114633515710628 -0.0881204115751403 -0.0668709450885731
RL13 0.0313669990063566 0.085306471668178 0.174899249604052 0.0973363470552703 -0.0124087339062384 -0.0902986489144675 -0.0252640854259508
RL15 -0.138167418541324 -0.0126555554659322 0.0855470672691453 -0.0828644194729528 0.0245847121843107 -0.0636501047497684 -0.0431160670211097
RL17 0.00591143704510144 -0.0410744987626424 0.00106500224229753 0.050134094571497 0.0573208466541351 -0.0349055313977755 -0.108986128684716
RL18 0.227585683849534 0.0466475227034609 -0.00697657426214201 0.0380140447697483 -0.022697590791034 -0.0500071658288872 -0.0136636635449866
RL20 0.00327379827036154 -0.00522875834970433 0.0728814685966294 0.0307404808832396 0.0159195544636037 0.0880102109053469 -0.0315882648745192
RL21 -0.0711724961212007 -0.0239520918540988 -0.0210841630974669 0.065718336307353 0.0677840067586587 -0.00540980218751461 0.0376870686584185
RL22 0.0730216944379446 0.0914394160192134 0.140654024629856 -0.142191114893008 -0.219609218618284 -0.110098382060471 0.16804311223664
RL23 -0.0452259094204027 -0.0520325326729037 0.152765475407763 0.0456197497682788 0.0802795371208779 -0.0468667356629281 0.0548613572427014
TR02 -0.0618310513038998 -0.026444868626328 -0.0371862192652599 0.0180741350632154 -0.0350450894095439 0.0190489928352695 -0.0169233789376147
TR03 -0.0754025114733428 -0.00354233647561371 -0.0359960345681944 0.0756233047755452 0.0998796428041983 0.0446687690261256 0.130631784546609
TR04 -0.102670637389832 -0.0627270801558671 0.0110813111816208 -0.0915425655333213 0.106381326733484 -0.0220851723664389 0.0686451792291822
TR05 -0.00249933870472941 0.0516871251249605 -0.108684493443779 0.00140798116455625 0.0854017420348446 0.160634501483972 -0.0347159655227691
TR06 -0.0635360732956283 0.0076694573104378 -0.19898757129888 0.044960772884848 0.0159858194690881 -0.0701574789229597 0.00889570565956022
TR07 -0.00297261531204531 0.0130329721290824 -0.00607415277439741 0.0466620935346267 -0.0732446306024449 0.112223911645881 -0.167854977040591
TR08 0.0148671650595784 -0.0839021351249534 0.0127110872454575 0.0550057906241028 0.0710334571621718 0.082873129789714 -0.0325334948619776
TR09 -0.133663662285028 -0.0130727564773644 0.0187859734620436 0.0100929402571758 0.0421343485580385 0.0402977978950093 -0.0103987369981604
TR10 -0.0737470237077118 -0.0325935462175978 -0.0812368234023037 0.111974100768012 -0.0147939899668065 0.0484348621898848 -0.092985563765025
TR11 -0.0609555970779824 -0.0125201194520301 -0.0408356738702109 0.00589804941980172 -0.0196528855912557 0.0779053552198283 0.0473855925692562
TR12 -0.0248320417670243 -0.0406094730835067 0.0138802830957709 0.0576719187624418 0.0658106691180561 -0.124713804597817 -0.00157675981174187
TR14 0.233715876078213 0.00772006811665144 0.102334878860857 0.0391048678662621 -0.0121607981664176 -0.0972496903905333 0.0631502959144675
TR15 0.0552023097246608 -0.053758835161505 0.0184388733214647 0.00463415354746409 -0.0670157510059727 -2.36929713225204e-05 -0.169967591908796
TR16 0.0261461739215979 -0.121446717053342 0.110490934716036 -0.0797188501682045 0.0286315871094582 0.0260984399910319 -0.0282327132774895
TR17 0.0266304893986194 0.00282012885102785 0.0881559825614439 0.033601403309712 -0.0935629119089925 0.144535609829794 0.133607977790502
