sample MDS1 MDS2 MDS3 MDS4 MDS5 MDS6 MDS7
AN03 -0.000601012717948102 -0.0467198467558432 -0.0396319645485173 -0.0472792237042345 0.0099872331084409 0.00820944704151516 -0.0403493838215092
AN04 0.0645929814835532 0.0387094184467615 -0.028826411114636 0.00222336209186635 -0.00425264499845925 0.0704564854399339 0.128704405473639
CS01 0.0747560719839518 0.00582546202422571 -0.137672814366638 -0.0687572118630922 0.0742110209000307 0.0484679415058187 0.082642728336788
CS02 0.045055768252771 -0.0516459932141143 0.134473326037998 0.010665461716336 -0.0381914909819056 0.19038527993698 0.0552173409385971
CS03 0.0329960882322304 -0.0277874370870803 0.0210356880008783 0.0220369266053253 -0.00145342117319983 0.0672656919459001 0.160746949207106
CS04 0.0343089309331051 -0.053905004659566 -0.0195528555231641 0.050325191932013 0.107444967766115 0.125814451717101 -0.0244363779557981
CS05 -0.0405904019111794 -0.0921980577724004 -0.141515569976541 -0.00230849879948578 0.096541531015968 -0.0241296876552272 -0.0377000536304964
CS07 -0.0870930059630969 -0.162391169719201 -0.0434331250512389 0.0995233155369398 -0.0154016986632422 -0.103518502282874 -0.000333430392486268
CS08 0.0752236670343828 -0.036210887406022 -0.0330442909502572 0.0625700449936245 0.0424246701520585 0.0383454969545162 -0.0243190064926442
CS09 0.0938832094006347 0.0611112836613762 -0.102446340199808 -0.104549289963321 0.0201674059131036 0.0121367039241611 -0.0547866452672348
CS10 -0.034073006507996 -0.0340311628191829 0.110467124190996 0.022914371589953 -0.0258357531604406 -0.0299077310123227 0.0420021080291779
CS11 0.0935014660317375 -0.0443113057845023 0.0710133108477492 0.0330283564381598 -0.11655271724477 -0.0494727160123886 -0.011869299884193
CS12 -0.0365614278723212 -0.0244262474744012 -0.00501878697817615 0.0387200222097893 -0.100124457391359 -0.030424651083999 -0.0820296878740736
CS13 -0.0179143231516494 -0.00250401779157584 0.147705984863095 0.081701446138129 -0.0406930512926679 0.16649881822038 0.101143916173055
CS14 -0.00912559641289519 -0.0234848639695492 -0.0317297287207184 -0.0290883430243365 -0.0290495764048416 -0.084392886765472 -0.0187610495067481
CS15 0.0366859285462077 -0.0747568513899373 0.0143040811315503 0.0142981720778106 0.0118620963836932 0.0804453668783193 0.0871998764430567
CS17 0.109025519325281 -0.0245059067319605 -0.0330740386857666 -0.0718596766506517 0.089022079508125 0.00937052554540774 -0.0655395714816177
DK02 -0.056470463281293 -0.0279405878691991 0.013439964053806 -0.0703051299362184 0.103469771239941 -0.07901494941869 0.00615810799531895
DK03 -0.139167298255111 -0.0886810570210147 -0.0203172979230978 0.0442247896281115 0.0441719304704555 0.029007534546942 0.153128422096604
DK04 0.00769145040423735 -0.126574562860502 0.0165091753057897 -0.143734752047853 0.0326388354349975 0.0694881744789336 -0.107265910806927
DK06 0.000773482498056725 0.0687039778622806 0.0231303556155397 -0.105646927211012 -0.036274648873533 -0.138199046121852 -0.0630999191004476
DK07 -0.0782150378873935 0.071612168102133 0.12170001955708 -0.0619708489184473 -0.0733510521612551 0.0216912892703583 0.101756062666131
DK08 -0.0993838957199171 -0.0272111494076921 0.0201579481550908 0.0569567690586538 0.0600377034654628 0.12115234955725 -0.0590303111666072
DK09 0.010129033559143 -0.0225338003652604 0.0760279699055363 0.0502025308953342 -0.0441614580877758 0.0784707197281463 0.0500453757689842
DK10 -0.196359755371268 0.11054462382609 0.0561734346473815 0.0133037165684906 0.0922973711106491 -0.017228558251019 -0.0357177762674178
DK11 0.0687938380301944 -0.0379911057706918 -0.0171518460528207 -0.0963432429754612 -0.107681014380929 0.145837486855847 -0.0462621740147898
DK14 -0.0640265985397703 0.0866210202016779 -0.0949604716074588 -0.00673591122617861 -0.049909496358673 -0.0432930495040261 0.0530023119151006
DK15 0.0924230511828279 -0.117832421566794 0.0570372132557763 0.00483551476971093 -0.0482281168097367 0.131463263761262 0.0575776028330696
DK16 -0.0186912876961941 -0.0405840448068363 -0.0528942487802001 -0.0943543704795314 -0.0313508901971947 0.0172526754755619 0.00910752578324045
DK19 0.0228525816946824 -0.0941874271006252 -0.0814428478499633 -0.0502121381052109 0.010983017338206 -0.101092740797511 -0.0617133414670032
DK20 0.0817888162649757 0.0511211415253668 -0.0292240224972946 -0.13573872597212 -0.102964689761211 -8.85018020833905e-06 -0.010613344120276
DK21 -0.0785464530110917 -0.0852760740955769 0.176048895887756 -0.00594684152112688 0.0304743296883623 -0.00263986811795473 0.0182433867437799
DK22 -0.047652033339531 0.072988021472552 0.13921464471053 0.0267625615387866 -0.110289237608613 0.0899947375373861 -0.0615008477769442
DK23 -0.085939263320619 -0.0627224330116523 0.0440122998753216 0.0129711051283517 -0.0510638216286699 0.0139908913856364 -0.0171480143990581
DK24 -0.0389046919519996 -0.0620531021700536 -0.241417047914817 0.0274516093821046 0.000193263977361768 0.0991835151758014 -0.0257929737336106
DK25 0.0372162569768016 -0.013994760594333 0.01757463002694 -0.0154343280163407 -0.00184798671709066 0.0975883603583516 -0.132594964523069
DK27 -0.148492003367832 -0.112365367988704 0.0217204963327204 -0.0129610561080493 0.00326948238651934 0.0213005176476432 0.0293233024121595
DK28 -0.108452604067424 0.142982772106048 0.0831229743877464 0.0601303490788046 0.00837488757611059 0.116326311665728 -0.0127655794665074
DK29 0.100659779791531 -0.0542910010997984 -0.103680545431825 -0.102488037215289 0.0659340458538111 0.0573203776077266 -0.0495628165595024
DK30 -0.17634313946066 0.131754211669855 -0.0340228211628622 -0.1381799227835 -0.0674591042610182 -0.0434965416582051 -0.0650612948095186
DK31 -0.0111066031469748 -0.14602757953765 -0.0133381884283201 0.0192125108325062 -0.0365044033595048 -0.10513677929748 0.0661754479966964
DK32 0.033392310301602 -0.0281923612376834 -0.0222579180024886 -0.0927325664136472 0.0400448171100829 -5.38145069759994e-05 -0.0324181679957137
DK33 -0.0986116875944309 -0.0757712430869466 -0.179723717867024 -0.130165077760571 0.0174646789301735 0.134014629591041 0.0102810328092021
DK34 -0.0511963357571251 -0.147997592840296 0.0485373989451293 0.0549906594176723 -0.0211414963223399 0.060541548288491 -0.0932788851725372
DK35 0.00283131448842896 -0.169604119409505 -0.0132999025711439 -0.0458547559613072 -0.0163220346111629 0.0351158177426246 0.0799429817222811
DK36 0.0546818279053018 -0.09791045733531 -0.0610411379388071 -0.0192054736091852 0.0141686687779105 -0.0648418328063421 0.0423679172485315
DK38 -0.047203754930582 -0.0281480032004116 -0.0476727625329787 -0.0695198996442648 -0.223408529770131 0.0757959516134097 -0.102822864155245
DK39 -0.0642852244580156 -0.113922810935017 -0.0325061007033222 -0.0594358198014361 0.0465098112069088 0.00295357583292153 0.0581428267757866
FR01 -0.0783020186766284 0.179477166693282 0.0578933342560579 -0.162922351102565 0.0830119482752413 0.0405343780670609 0.0991706482333882
FR02 0.0468912541173553 0.0386024616895276 0.0035264192055145 0.0360560071736625 -0.0791463067715996 0.00361977790363507 0.0529018718588597
FR03 -0.0255927863613001 -0.0603046339717551 0.108359081752744 -0.0748807176976703 0.0923118180295676 -0.0493756310610107 0.00474935139150419
FR04 -0.040889413088514 -0.0203771957695495 -0.211077010367255 0.0885238940052257 0.121236176623815 0.0697347733740474 0.0384829658116102
FR06 0.0912428023990014 -0.0603603214664911 0.0174462532106617 0.095114544605125 0.135504658421869 -0.0102247067654792 -0.00709159440253153
FR07 -0.117383349026441 -0.0102760686559173 -0.0874288782984075 0.1909151003549 0.0995311593796808 0.0269935684904692 8.87149784647313e-05
FR08 0.0346044993744098 -0.0626363187026008 -0.0879084092742466 -0.0256130841022197 -0.154428110499772 -0.00827122544602223 -0.0281985330021263
FR10 -0.0567517549830514 0.0865909261230775 0.0888386971249175 0.0397275678637927 -0.0612581163091034 -0.00883927792476763 0.0741435968921392
FR12 0.053637596447254 0.0604599955682792 -0.0749303876716118 -0.0250526675410445 0.0529583475060073 -0.0905946544164978 0.0983864266223667
FR13 -0.0717857850297079 -0.116066019461661 -0.0768632969415115 0.113005920149005 -0.0654392503235882 -0.147349369616453 0.0630510134082104
FR16 -0.157848218652573 0.0156163559389078 -0.0613556373659493 -0.0147068400059599 0.0130473052380282 -0.0467786151269659 -0.0644373422796172
FR17 0.0309701498986282 -0.0804721354446591 0.0323159453067801 0.0679917688461088 0.00768376824181313 -0.091742705480031 -0.0189199712482075
FR19 -0.043172739779964 0.0736087377406234 0.0986752844600599 -0.0669101902496969 -0.103917570452887 0.0371628743561442 -0.0645792123515446
FR20 0.181249353072428 -0.00555603136077301 0.00767893672216907 -0.0435400117305688 -0.0255201604691067 0.0381146921555252 0.00707903230410079
FY01 0.0262981132316541 -0.0409317313419233 0.0243615109162108 0.0150357052654526 0.0796308273991846 -0.128148901168722 0.0217889621002076
FY02 0.0412564054715497 -0.0624967959457957 -0.0107252049383416 -0.0349543904678667 -0.0173625296511755 -0.105990046667066 -0.026434535185172
FY03 -0.0528467256997312 0.0419388829455296 0.012220015108807 -0.00652116596359811 -0.101792288444302 0.00429066595041184 0.080669795988609
FY04 -0.00625191700415369 0.126298523790604 -0.102954525230584 -0.0227078110393103 0.14568328573536 0.0415318445749225 0.0203904734510607
FY05 0.0217293181475984 0.099704773343006 0.120086413535565 0.0555523160524756 0.0221063876583541 -0.00858529202527121 -0.212237295771026
FY06 0.0252840702113945 0.106733530275365 0.0165656264977065 0.0749070217821911 -0.0440645591117244 -0.0492532284937847 -0.0681943898368075
FY07 -0.00923814308542186 0.0317046202432722 -0.135908552968169 0.0593001315372767 -0.0940102410372417 0.0920225175955001 -0.0337134899308207
FY09 0.00537448250219002 0.070778984677519 -0.0367103967466724 -0.109126407707882 -0.0320467232798921 0.0752952352267244 0.0605543216247578
FY10 0.0797048139214671 0.0474160297007518 -0.0048058981347298 0.082900435595016 -0.0837109487915013 -0.0251561564353285 -0.149003287368394
FY12 0.00885008050878877 -0.0697905754660391 -0.012380707576583 0.0153989510211649 -0.139568105047108 -0.00789992709118332 0.0971667312690163
FY13 -0.0433942698803685 0.131054268436781 0.0644375202120944 0.100310694438672 0.174737840925717 -0.0367242941642278 0.119453209324652
FY14 0.0524656717350737 0.0274801495569521 -0.0247867931441272 -0.0141185666502966 -0.118986920615233 0.0627619558963508 0.106726208110324
FY15 0.0610264401547421 -0.0887084933262659 0.0812132289198285 -0.0436667956102714 0.0267117556521454 0.0612530083290971 0.015104942129517
FY16 0.0292492309872211 0.0557316791011072 0.0159524191601727 0.00754997803798109 -0.102775279655134 -0.0719376391169665 0.0636225492756409
FY18 -0.0243716199462629 -0.00935380722079482 0.0980081824141918 0.0344225994726351 0.0283239547872044 0.0399221126086723 -0.0313732601432319
HH02 -0.189185975587484 0.0713167778654202 -0.0523294108510077 -0.0725298396028776 0.0387694548530868 0.0264265353359279 0.140354463150977
HH03 -0.0143053698360537 0.00541900447377728 0.0147353899480852 -0.0537765527664016 0.0250745538334301 -0.0950285701559291 0.0170447508129007
HH04 -0.0895806440236507 -0.0855251930943273 3.15972550312984e-05 0.0882304378290299 0.0670561794888116 0.0593726095058693 0.0472634389985103
HH05 0.0358322713524805 -0.0285636038148332 0.0501968146227301 0.0450389017808213 0.0782942856058786 -0.00357930423918673 -0.0833370250456387
HH08 -0.0440956096403755 0.0390827787941167 -0.0376424970386765 0.0722595975694665 0.0111215992491624 0.0663366146300293 0.0343461164818129
HH10 -0.101644120740206 0.0238893341605062 0.0481429164960232 -0.202055266978066 -0.00177446399246049 -0.07117908843741 -0.125850067239235
HH11 -0.0185546103552465 0.0163137495628563 -0.0201247891049578 0.0098174203978072 0.118448170267276 -0.148425990141532 -0.133376273649158
HH12 -0.0113215769274988 -0.00912219894409948 0.107018167864019 0.000496203716138908 0.0702527678733781 0.0141891077109887 -0.0489491571099004
HH16 -0.00372214408438197 0.053553795726917 0.0580742076591954 -0.0450900418212605 -0.108642331645031 -0.0165687821142691 -0.012691460410288
HH18 -0.0684490985819545 -0.111232391025273 -0.0803656959910124 0.0462219338896778 0.0256660508777389 0.00397071465402516 -0.00332653362650836
JB02 -0.0897996467382843 -0.0135113048719376 -0.00387276418893992 -0.139248545220571 0.0381472591883302 -0.0746251598357497 0.177220933843855
JB03 0.0334755604999668 0.0496119473890863 -0.12358933611954 0.164344902684837 0.0251453247378553 0.0203425523858987 -0.0957631496013273
JB04 -0.033452269895251 0.103463576943507 0.0264436066571073 0.0491555082177875 -0.074840877808845 -0.0175721589756031 -0.0277744977197315
JB05 -0.0590075103766277 0.150312511491235 0.0645507834836009 -0.142149673861961 0.110530993846654 0.0470492804874238 0.0973005517975954
JB07 0.00303284335142319 -0.0693041601962943 -0.0255311650134431 0.0244791474731037 -0.0403148294943492 0.0311006055782936 -0.105460153768499
JB10 -0.0989612834974873 0.052183644408042 -0.0570760000068693 0.104009055805828 -0.0363527795776283 0.0278083848348046 -0.0390365589857216
JB13 0.0173772835348095 -0.0790764921571097 0.0732647814421822 0.048117758214122 -0.0458175811316883 0.0158718951113314 -0.103140090712102
JB15 0.12525736597546 0.0997640908089395 0.0140809406450088 0.0905917511369017 0.105050178175193 0.0323568975536878 0.0237289358620891
JB16 0.0699151760140053 -0.0228929791181218 -6.65553724985367e-05 0.0386591022359236 -0.00824252630728342 -0.0611857672248849 0.110140219688854
JB17 -0.0186622087462575 0.134698958574916 -0.0694104978639838 0.167359215348009 -0.00610127226327422 -0.100179184980579 0.0584980526868789
NB01 0.0594281384087704 0.0219723508329273 0.0204624351681044 -0.0625700212014923 0.0988201673064234 -0.0186697915926496 0.00914086457023686
NB02 0.0572771537043571 -0.049357139147687 0.0931382771410956 0.0639806566911357 0.000708370716463153 0.126280464552128 -0.105261210606917
NB03 -0.0280336241405063 -0.052024685808112 -0.0299008806986145 0.0642380813468725 -0.0258452204545436 -0.0560946259522167 0.140844463197691
NB04 0.0162056420962806 0.000273279565934685 0.00045720720363491 0.00340732141967934 0.0161342184050025 -0.110946227678542 -0.0144496566489681
NB05 0.0577197572826791 -0.0553812383454704 0.104540528736725 -0.00855542999700241 -0.135315810561349 0.0617741175793863 -0.0258545536337353
NB06 -0.00866472933500555 -0.0790647670979755 0.075235299634291 0.0708970244807205 0.0553979098208581 0.03287102279558 0.0574350572305344
NB07 -0.1189086310645 -0.0323595858359881 0.018983288158095 0.0722497671021102 0.0457279818892644 0.0284220178358326 -0.0276053119464051
NB10 -0.198117312961471 0.0965217923980465 -0.0567343605022449 0.0627600494782823 -0.0421854223966983 -0.108829133757591 0.00275002245577383
NB11 0.0069219006731428 -0.0343174511472357 0.0777061312774513 0.0568660967882268 -0.10436875558263 0.105231059703926 0.0227028850168796
NB12 -0.0429574752903347 -0.0551632496149896 -0.00718643946722859 -0.133985578225003 0.113537132675778 -0.00354419635626777 -0.0656636555511626
NB13 -0.0203319513950728 -0.0990435597006339 -0.109171269444893 0.073961525056508 0.0431399246042749 -0.0117062492046816 -0.0556117956337977
NB14 -0.0489768311080945 -0.104762957948 0.0646660472133414 -0.118177043546672 -0.0147986403742759 0.0689684488992149 -0.022914140139986
NB15 0.0474136447369638 -0.0151930576932852 -0.00752942717264758 -0.0110933117466076 -0.0423338109877377 0.0646523433029012 0.0705490483507554
NB16 0.133197094729006 -0.0355308531527836 -0.052556765922604 -0.0774904265373771 -0.0701836192561239 -0.065254266733581 -0.0548937581068032
NB17 0.0226223919989514 0.0317533814745271 0.064439492482408 0.0370994866753317 -0.0749368059118002 -0.00810108463356574 -0.0776078834983392
PA01 0.0802884896811299 0.0309160624838006 -0.0896140401406151 0.0614968174019117 0.0495631660852555 0.131339025697548 -0.0626459314451205
PA02 0.0103993910012252 0.12095700678094 -0.112156853265158 -0.00254033940888736 0.0682421656119302 0.0369318580186592 0.0278542636180515
PA03 0.0673081556349137 -0.0254520866122969 -0.0191310241945083 -0.108245760660451 0.0937887906962087 -0.119756231906982 -0.184769626466628
PA04 0.0563873410475641 -0.00679456183964763 0.0832478651159225 0.101522669567963 0.0251057657949785 0.0869887837228542 0.120679230832318
PA07 -0.121867419464905 0.0100311802018937 0.0687984702782721 0.00685862402886263 -0.0640189795115148 0.0305788514739204 0.0517890392661561
PA08 0.0635774301865203 -0.00903548313764014 0.109326910524936 -0.0233080816059298 0.00885659478610121 -0.0746876805689606 -0.0300180900181549
PA09 -0.0282106124820795 0.0638640233792166 -0.148421478877688 0.0276987473794624 -0.108552739873709 -0.102786297624919 0.115386387797826
PA10 0.065830602423638 -0.0385329358736439 -0.0387899450674229 0.0151742311009846 0.158742503217783 -0.0110128162606764 -0.0684022756865594
PA11 -0.152465532945985 0.0192754732649497 -0.0126412600492686 0.0569054356568122 0.131486919368778 0.00234746335197833 -0.0740304452134725
PA12 -0.00559464973728844 -0.0909433822471815 0.0433113023148106 0.0725842676891433 0.0740398246808218 0.0315504172641343 -0.186652972737921
PA13 0.0234154607347292 -0.0145503161586837 0.122957201867753 0.0578446525520073 0.0254248633151222 -0.10681712357788 -0.0632678276141165
PA14 0.0811417913769625 -0.0665089885138514 0.0796937855996154 0.0531893622309984 -0.0672205862694604 -0.115776839966191 -0.0155665724345953
PA15 -0.0466627065918869 0.0112136044815473 0.0078848282880008 -0.219572500654366 0.00319562906007424 0.0551091867567098 0.0153869734662874
PA17 0.0205110886180977 -0.0372758616725119 0.0360807727697358 -0.087447836922445 0.0787158609657299 -0.00441179496224173 0.00296947118210945
PA18 -0.0351235400434561 0.105298502530612 -0.0545942015692547 -0.123351759379169 -0.0850370051954702 0.0327788103579295 -0.0444389245379209
PA19 -0.161350340062914 -0.127826050610044 0.0591273404672946 0.00857400238309306 -0.0233919128939986 0.0138103903971185 -0.081722474927964
PA20 0.0450559663282963 -0.102052315982155 0.0139369956761523 0.0626024363221465 -0.0538261507146856 0.118554507907909 0.149991357568935
PA22 0.000674417217121535 -0.116889891178206 -0.0608776631212599 0.0358725832301134 -0.0655055483853011 -0.120963312598417 -0.0169172509277353
PA23 0.00191865241324027 0.0257239027665259 0.00153030833332286 -0.136047015431437 0.0477104794390089 -0.049016134359547 0.0594216155055281
PA24 -0.0521676610001335 -0.0853212407826377 0.12736238458944 -0.116600532330234 0.028955326180384 0.0484232007134531 -0.1619711542742
PA25 -0.00713513271332911 -0.0136084113814341 0.100182626884054 0.0514957490457875 0.0848881709723046 -0.122362030949063 0.00277703101477046
PA26 -0.0200594650238347 -0.0132981325885405 -0.0422253058391119 0.0974491275431991 -0.0994830437832375 -0.0529597795486038 0.131442543574507
PA27 -0.128703432490837 0.0194309815249949 0.0644053362713864 -0.0386688220475045 0.00611310631136828 -0.133070899288235 -0.0146237016392855
RB01 0.0884849603378359 0.0826776508420582 0.162726505491209 -0.0151406054082172 0.125000423125236 0.0459920397319372 0.0531202619567737
RB02 -0.0981566803182413 0.0202191437510196 0.0927212157644928 -0.0261663991409128 -0.0200163272843341 -0.164020931771835 0.0148142186726078
RB03 0.0521502933901855 0.0180273374470535 0.0573484475278694 -0.0426385441139398 0.113949823708152 -0.110904604259888 -0.00787490843622513
RB05 0.0234119778294873 0.0373240583912873 -0.0539290500732958 0.0428393075942926 -0.0303956784070216 -0.0517597764236685 0.064312302989322
RB06 0.0679125263256387 0.141260008416005 -0.0202437036274617 0.0667917000065201 -0.103823864461712 0.0200914090089113 -0.0412537771984855
RB07 -0.0251990388463334 -0.0378966337876396 -0.0125619623510801 -0.0919567210057264 -0.0572202213210961 0.144028971255599 0.144402501091556
RB08 0.092985874459275 0.0337789289520391 -0.126066180737269 -0.0901498774582876 0.00871950626660213 0.0148717988783042 -0.0777733521557246
RB09 0.0524222473361065 -0.0429987962859593 -0.101714892671837 0.0589498799193523 -0.11411800944406 -0.0671408093840628 -0.0358653324666932
RB12 0.0407537260992085 0.121804142026577 0.0642906767531203 -0.136878685961743 -0.0623248513497465 0.00334813670147042 0.0404051197320115
RB13 0.119230721994062 0.0597160462567966 -0.0646192413636803 -0.0225705318854432 -0.0765157825032871 -0.128146980147612 -0.0121894042888555
RB14 0.0154728322266241 -0.0274318724471489 0.0319689585808865 -0.030781316965798 0.00683264697748588 -0.0247642885132331 0.0490328126831648
RB15 -0.0209048141476489 0.0228099450059292 -0.104420206896524 -0.0415258545652127 -0.0882928087131181 0.000378991463580318 0.0342302685850558
RB16 0.0938376499671166 0.0755459591590466 0.111363939460539 0.0460370105318313 -0.0138175403044234 0.0485674950776741 0.0284054009927107
RB17 -0.072467365426333 -0.0361337041077847 -0.162665572194948 0.0196182135282411 -0.0427901649558035 0.0686330417029528 -0.0642106739482146
RB19 0.148806507994617 0.119064356839907 -0.0555429285940954 0.0118046823972189 0.0146442709224392 0.0360001251455387 -0.0674893496894696
RB20 0.0104837794868256 0.0576641421331675 0.00296111483795782 -0.0125602466583631 0.0687999837857526 0.032610351963409 -0.0777450154453866
RL01 -0.125358000736558 0.0853181683178893 -0.0773677474717078 -0.0159773231552271 -0.10951574958127 -0.00243358622863834 -0.12905023479523
RL02 0.0102757466477798 0.0770624923783725 -0.0241249091879046 -0.048934618453395 -0.0339189680156909 0.0577420596129388 -0.127270631498037
RL03 0.134596820716705 0.0247279154101857 -0.00800088395459369 -0.0200076208852738 -0.0209555317986522 0.114826680458112 -0.0736909975532624
RL04 0.0797271131148742 0.0323912570274076 0.0355630648079068 0.070600587230531 0.119888878024509 -0.0553055251104991 0.0412878033578919
RL06 0.0814140808271104 0.0198905089612122 0.0792914596017262 0.0281336775577067 0.0524150633949079 -0.0515990296546741 0.0876382293281467
RL07 0.0381480784317249 0.0155419384487947 -0.0636836403767373 0.0625732994045237 0.0161960135924871 0.030824525439753 -0.0569619524683452
RL10 0.0923828450455011 0.0866157183404841 0.0623138515160155 0.114071989714007 0.115676907903546 0.0688725127414652 0.0368274382999787
RL11 0.121107264911458 0.122974909111397 -0.00274360067231169 -0.0872306738447997 0.0324361079456777 -0.0413639236472096 0.0437234307393337
RL12 0.0131980040948815 0.0483895159306833 -0.0204258523261683 0.118169435223736 -0.0508731170846719 -0.070967464604309 -0.0250319827632495
RL13 0.011000441021512 0.11090593836224 -0.020427961155698 0.123518673679935 0.145025602893073 0.079658013146042 -0.0644981195219383
RL17 -0.0138874604438301 0.0297137556181023 0.0619288955807331 -0.0152812646433214 0.0180414270896809 -0.0667994055563075 -0.0185259469690834
RL18 -0.212504970135915 0.0503111842483953 -0.00961824044134153 0.0636558104500275 0.0596162048362438 0.0650200257561437 -0.0264318294292905
RL20 0.0222236883062125 0.11018671125066 0.00351843034547659 0.0369465259137038 -0.0524922633904472 -0.0801956115218977 0.0754189712986769
RL21 0.0604021474974398 -0.0508531122547948 0.00148480909252203 0.000236304124590841 0.0550592672607292 -0.0587707776644783 0.0554680457172265
RL22 -0.0329129099578292 0.1150081451977 -0.0761952210264409 0.119278330064401 -0.0736421577070195 0.134170391266949 -0.0986936759426875
RL23 0.0832872409004695 0.129435115563793 -0.0708667407941568 0.0379702025027071 0.125890293479299 -0.013870523870542 0.00402908393446219
TR01 0.0313584820020593 0.0466361119126353 0.0243254182566149 -0.0119912652803131 -0.114892257710781 0.053605950218251 0.0466497668420362
TR02 0.0511416846393931 -0.0465695672477391 0.019097726693915 0.0149240040189626 0.00635330737524321 0.0491384937419305 0.00622540813010409
TR03 0.0763527681779834 -0.070298410999403 -0.0451466102070194 -0.0183035767918654 0.0526551760741872 -0.0655349609977494 0.139248951843015
TR04 0.100181479501764 -0.0015437109800754 -0.0957147634845296 -0.118345338824215 -0.00220697434043125 0.013177544272919 0.0751577931320812
TR05 -0.0166263147119292 -0.0888835213675988 -0.0389445811437297 0.00492101391075042 -0.114656737854838 -0.097962087360785 0.064553604788319
TR07 0.00930224422342127 -0.0229376551175333 0.0552844859854523 0.0850977175295898 -0.082844261782232 -0.0966407155385445 -0.0951266361194622
TR08 0.00834603605080379 0.0213691639682876 0.0211187535731095 0.0138905325713738 -0.00943740520018166 -0.108878136025959 0.0279029017115115
TR09 0.131383894001533 -0.02646696499497 -0.0153778237851578 -0.00318520772397874 0.0291192095892363 -0.138733729750828 0.0125697748638716
TR10 0.0663842864887458 -0.0671762956507161 0.123920118601826 0.0231599053554565 -0.0132885276309939 -0.095003787463897 0.0553550718857318
TR11 0.0744173734412761 -0.0537960566733037 0.00338768947056022 -0.00430494116551146 -0.0632421976237609 -0.0727844695018506 0.00657012417039465
TR12 0.00351932105285678 -0.0104180877105662 -0.00828524786076658 -0.00281203384077504 0.112457456137885 -0.00497424079856293 0.0663397908355068
TR13 -0.0440515516590972 -0.0927071039318796 -0.0121019780839329 -0.138654072531459 0.148802459839472 0.118269515008668 0.0309493718507303
TR15 -0.0351543539987361 0.0856866093450992 0.135560208209708 0.0417274142903375 -0.0728811321500851 -0.0304128569744581 -0.0703764083411227
TR16 0.00772962308153928 0.16268678065124 -0.0364745326776552 -0.0367490106774584 -0.0354598097744248 -0.015175436502847 0.0138512167431574
TR17 0.0470157950251244 0.0668934069972065 -0.0776394146767928 0.125991887688016 -0.0273516158687553 0.05258947690095 0.0226631856601688
