sample MDS1 MDS2 MDS3 MDS4 MDS5 MDS6 MDS7
AN03 -0.041954981498205 0.0359816492218173 0.0456627623356778 -0.0310935180489799 0.0178942674549111 -0.0968620059755994 0.0299695461526348
CS01 -0.036951186226804 -0.0299988365761981 -0.0547294972909085 -0.141416982622329 0.0397409839770132 0.0203159966172836 0.0559306154621049
CS02 -0.0695693332424812 -0.0300649898645729 0.0437426917935287 0.0742592422771003 -0.105852664545025 0.122000250017834 -0.0694191259199489
CS03 -0.0708261941634374 0.0127798390115184 0.0216930392260349 0.0392808161527046 -0.0315505912323971 0.0265998688016573 -0.0349108257285324
CS04 -0.0442993144649357 0.0103936823502981 0.0324814310383291 -0.0154583234229679 -0.0120942659827338 0.0410823389550205 0.107721110314207
CS05 -0.0294789023075718 0.0940742161953403 0.0672244501807285 -0.0477994162254555 0.138678364047703 -0.00699704340928124 0.0599312650485396
CS07 0.0289550567624983 0.058162045643164 0.135861987235764 0.127078107174476 0.113795555270444 -0.12566745789066 0.0570942531063564
CS08 -0.271784590625741 0.298758989342359 -0.0511972060438861 -0.00158407853808804 0.0120320860662314 0.0572937365634367 -0.0412858314648278
CS09 -0.0739033827605918 -0.0562407943487603 -0.0636135683944502 -0.15485642892253 0.0667506349275226 -0.0547819064919157 0.0163280944102349
CS10 0.0346717226962172 -0.0500667197610791 0.0369662076473064 0.0815881134829432 -0.0228506546750791 0.0344262496052222 -0.0402943709898643
CS11 -0.0705927585156758 -0.10092700963496 0.00614611936749078 0.0756119709476849 -0.0375362570027347 -0.0299178846989054 -0.0152712725106101
CS12 0.00776351709547174 0.0657218261138549 -0.00750613651649659 0.0516703626889089 -0.037024052323766 -0.0886047406727288 0.00708832978678425
CS13 0.0501699149424444 -0.0755603188294658 0.0098864258221654 0.119990045295397 -0.128026808793917 0.114706897782499 0.0115811105230316
CS14 -0.00247974646042864 -0.0350698258638234 0.0364966502225796 -0.0384803221618234 0.0513155527742401 -0.0418419824137643 -0.0535561509198388
CS15 -0.0615823502571727 0.0082558909854869 0.0578092705026627 0.00838682407514124 -0.101185193313297 -0.00349526045191661 0.0742057011690899
CS16 -0.057697209372142 -0.0264826324015452 0.110581564682543 -0.0245966652019182 -0.0675350665689934 -0.16840701898079 -0.049549358160709
CS17 -0.119020652017481 -0.0115486863663725 -0.000743084305205853 -0.104711548795394 0.0957984034648912 0.0716096493131937 -0.0337099154448767
CS18 -0.0299219716984751 -7.69584058426503e-05 0.104954289382686 -0.0767834192981768 -0.0632911327453815 0.00975082470661148 -0.0212139053301387
DK01 -0.0151708448765887 -0.0943475569929309 -0.0289634019208817 -0.0322756250042759 -0.0444507723311216 -0.0592116691902321 0.0788466950368039
DK02 0.0542206732979221 0.000170088865399746 0.0480043168507595 -0.0401655782149394 0.102672244514842 0.00987617351321991 0.0215813063078919
DK03 0.0681882555679427 0.0759927838416676 0.128757724601443 0.0374561567692212 0.0225158268257981 0.0262470473019089 0.00248325095033522
DK04 -0.109541539195994 0.0571943226115064 0.1237448585642 -0.139909093362019 -0.0826391582599754 0.0241940992354387 0.0813670891189403
DK05 -0.306481885250082 0.464448545245487 -0.0420686592152674 -0.0742762172878644 -0.0268590843865941 0.0348638207047666 -0.092981240806765
DK06 -0.039962512314403 0.0512382718576259 -0.0428722376269305 -0.104928848929368 0.0462660511525378 -0.0420701772318166 -0.0523285598638636
DK07 0.0809556418853705 -0.0197536027015778 0.000736537374689828 -0.0224021632281785 -0.0976158887686028 0.0534460157551587 -0.112424280467663
DK09 -0.0122952652521416 -0.0377048157357307 0.0206682705388269 0.0713352000122434 -0.0447490001881665 0.0867844076895876 -0.0265064335292117
DK10 0.224060854617281 0.0964361330636999 -0.00781835969861373 -0.0108734398066771 -0.00439288171571511 0.0168007044980167 0.0551695319111228
DK11 -0.092165034395116 -0.0400925668573403 0.0429966877650625 -0.0682278508409295 -0.112807760355169 -0.0607941375960799 -0.0110014581209655
DK12 -0.0859019473494812 -0.013362948831407 -0.00439617917573056 -0.0393360775430929 -0.0432269947088872 -0.0401584850979409 -0.0227138100554966
DK13 0.00789226367002055 -0.0730648908812549 0.015601214830248 -0.0297930892785774 -0.00234371093133596 -0.00911131784027289 -0.0572323519437214
DK14 0.0986282131487475 -0.00429456356686185 -0.0395707341935629 -0.045746772496681 0.0523844044604564 -0.1909068102422 -0.0606672581310294
DK15 -0.128840163267243 -0.0101049607483661 0.0656758521733426 0.0515184179773344 -0.0709936995256606 0.0789750506516466 0.0309223512829945
DK16 -0.00158293511000609 -0.0116188862285894 0.0591401722467185 -0.0711010501829509 0.024289895111138 0.00631673249823255 -0.0149676562513946
DK17 0.081476427505156 -0.0776420720989631 0.0683687489123427 -0.00505257957514974 -0.0377915119526055 -0.0672048445153979 0.0799663276964896
DK19 -0.0345687295730374 -0.052229041938783 0.0638202384498014 -0.0337330166457023 0.0625660336126384 -0.134963501933676 0.0683125944028124
DK20 -0.0621800533377499 -0.0470544464614069 -0.0480120008102987 -0.111390296740885 -0.0422931065882702 -0.0874066072917684 -0.0761348566680225
DK21 0.0514427372912293 -0.029642902329785 0.118531761381427 0.0874983490281033 -0.0417218183301962 0.113306198504583 0.00059876837493454
DK22 0.0633849111939487 -0.0368485729925571 -0.0475265923715456 0.0677994806874076 -0.177985964193614 0.011966975096563 -0.0519477456209609
DK23 0.0547573519757254 -0.0125311670013635 0.115920952794716 0.0541799431722329 -0.0502216325895286 -0.0619637812264052 -0.00127378248515666
DK25 -0.0670368710638463 0.0298588307190674 -0.00481834584074834 -0.0293568751792871 -0.073778273610581 0.00675080363348811 0.0230088549520632
DK26 0.0788983579167588 0.0986373933627775 -0.0142500365880811 0.0380318464771154 0.00791093208769713 -0.187984011965233 0.0986875307424103
DK27 0.0623829283075742 0.075884813604053 0.149170889941746 -0.0100826938536988 -0.00701477237713486 0.115447503676225 -0.0314487222610778
DK28 0.148485914447262 0.0891523182831117 -0.0848800133489399 0.0318860985708512 -0.106514444866338 -0.0967088197986026 0.00278098156796635
DK29 -0.0841075867414717 -0.0609988627448909 0.00771293752545502 -0.13672803484154 0.00867675282747112 -0.0400664379791016 0.0922363908677152
DK30 0.176465581816195 0.0258549766619481 0.0036702477716577 -0.168057117398853 -0.0534875693890443 -0.0435848958339649 -0.103069886491607
DK31 -0.0604854378210166 0.0241085174842709 0.13065555584711 0.0696874630538494 0.0287961014634186 -0.0402571205860964 -0.0479497468052713
DK32 0.00957090425222721 -0.0769100785102553 0.0240746487961195 -0.0959264464557908 0.047567330591957 -0.0473322033996633 0.111505129719591
DK33 0.0357394306492259 0.0554343688362379 0.11770497885413 -0.12908578335981 -0.000802773365358244 -0.0644265007315631 0.0252240220724164
DK34 0.0327953761083911 -0.0217801474152042 0.114984744829495 0.112607057652646 -0.0236797870376813 -0.0320261714807424 0.111289382117436
DK35 -0.0717477106078623 0.000417763553052225 0.154678239213494 -0.000422680502748718 -0.0224476767792371 -0.0656472588659485 0.0700823699401684
DK36 -0.0437473265540772 -0.0843374044771655 0.0646799725865845 0.00367262108470657 0.0846737590722525 -0.0460015445144554 0.0288839634398767
DK37 -0.00807044726309073 0.00715813980910616 -0.0282187775464602 -0.0704919378077343 -0.304378562979097 0.0414774055751494 0.177262259707038
DK38 -0.0244213232011494 -0.010174901433731 0.0593240977739903 -0.0673818221317849 -0.188619275890314 -0.114268201514533 -0.11396026510375
DK39 0.00792852297451965 0.0120738277035893 0.153183664779526 -0.00373633826571816 0.0751222286026558 -0.0594160230773028 -0.0277591559539434
FR01 0.165879005435151 -0.0862931651002813 -0.0527868706955414 -0.153500247964726 0.0118263509600289 0.0897624103596349 -0.0547351717061627
FR02 -0.00532509001456323 -0.0693186289129549 -0.0510350830505736 0.0482882390236229 -0.0279258322454694 -0.00698740055982098 -0.0374623754299888
FR05 0.058638741256744 0.120115285756762 -0.0853915887783378 0.174811948476107 0.0702563010705827 -0.0603691289593363 -0.0398783643064004
FR06 -0.0505211242948625 -0.0151829812649303 -0.0199039139864992 0.113747741764893 0.112836230768283 0.0166647999546404 0.168710513480296
FR07 0.0728077688002618 0.192579668192706 -0.0186633622611382 0.100274371414188 0.0898336628884275 0.0655261326134098 0.0713868046114594
FR10 0.0731558027723717 -0.00204761670505017 -0.0319498174870242 0.0390854924715968 -0.0603832683177815 0.103189605700175 -0.116718480868938
FR12 -0.0337849180042087 0.00546159863662068 -0.0729136116684735 -0.0695302513236735 0.0682134520004925 -0.00316423193861838 0.0252069234698184
FR13 0.00373800825046423 0.108697375040782 0.0799772451850246 0.126768765778384 0.0754163168296754 -0.0530936028979829 -0.0589779675583627
FR15 -0.0486029631080823 -0.0511001971644654 0.0650405253122057 0.0777852686956743 0.0457995924580774 0.0939750905687617 0.0199851765520191
FR16 0.11431052469864 0.137731359638871 0.0320857685846325 -0.0282502665237736 0.0341010670110882 -0.0705470411710876 0.029710092754245
FR17 -0.00668689946916092 -0.081476889248935 0.0363934018771117 0.109814534657249 0.0845183668793158 -0.0143237614417393 0.0850091738977698
FY01 0.0066215693660292 -0.071222829848988 0.0191731444624742 0.0430257104340644 0.0937156193618287 -0.00833201070461517 0.0474385799910315
FY04 -0.00845584648410127 0.119543989550928 -0.111766136394087 -0.137757725383315 0.0345060449326572 0.0355225996945284 -0.0235770573122295
FY06 0.00612465424826307 0.0111289300024529 -0.126410226128809 0.0314227270319429 -0.00577999408688486 -0.0404673942663365 -0.0410225827569471
FY07 -0.0274999907939236 0.0910877320945416 -0.0629011607518307 -0.0181800843252501 -0.0630920971139052 -0.0885372417875708 -0.0439874983618938
FY09 0.0229465110539382 -0.0547418765712759 -0.0185859914461219 -0.139081737614856 -0.0550655738781679 0.0429258812637105 -0.048322502478621
FY10 -0.0211165248086989 -0.0749211700133351 -0.112020176002432 0.0943842406446307 0.0179543546383278 -0.0673247591542933 0.061856986480213
FY11 0.111544669111257 0.0609967013961181 0.0491199857206944 -0.0650627719634179 0.04312360890879 -0.00209459754041811 -0.0160019217412257
FY12 -0.0789622520973468 0.0144627773485618 0.0803088625222078 0.0275603601919998 -0.0379787594013845 0.0288130518596272 -0.166688819271137
FY13 0.145457089562573 -0.0540152836245809 -0.10416187033245 0.0792364724614037 0.0677959671443508 0.166753755336919 0.0524188315506489
FY14 -0.0235015370183081 -0.0649365635244344 -0.0220118276269218 0.0115122177348293 -0.0842824100761638 -0.0378100040846956 -0.135802856200275
FY15 -0.0481260708774343 -0.0732270352568444 0.0763250359828552 0.00655938503433236 -0.0378490524330536 0.134634596282727 0.0599090450914912
FY18 0.00751374612208302 0.0383904720038531 0.0312134811121991 0.0434346677006955 -0.0962419609965808 0.0285338503742057 0.104252066193668
HH02 0.165300694894457 0.0742216907095132 0.0372201326593223 -0.0880428554936184 0.0623818581021631 0.0612613457963417 -0.11054185979369
HH03 0.0394657498986609 -0.0146296441954814 0.0220203666826212 -0.0350466741176248 0.0425972833546497 0.044716351094308 -0.0105654422009275
HH04 0.076794026909873 0.00750778157719347 0.0850581203825183 0.0901764459511678 0.0513962430616874 0.0738716155257622 0.0159845941573131
HH05 -0.0346554900154993 -0.015035796916337 -0.0193066329902073 0.0376948583429314 -0.0040230596064736 -0.0111382780286787 0.121729671066668
HH07 -0.0364126462554584 0.084533305907208 -0.0246477795869912 0.0660034998936034 0.0393087879003425 -0.118453265728366 -0.00654354898743452
HH08 0.0509266936885481 0.0749277799158074 -0.0117512504663463 0.00210945481882675 -0.0356219314928566 -0.0321973341699004 0.0256745985091377
HH09 -0.0515143204952847 -0.0210603856666394 0.0123361956315345 0.00660903724677116 -0.0365332381059298 0.0254721026904246 -0.0578679946374628
HH10 0.0769436648395284 0.014979575364178 0.0906607310588093 -0.19374865299056 -0.0314875761194114 0.00268660320015449 0.00249623944853701
HH11 0.0670276546937238 -0.014789128325781 -0.0292208026761719 -0.00636455857543611 0.148944904947655 -0.0300346196646012 0.11080857453193
HH12 0.0266459354874432 0.0199882117931525 0.0189029529568704 -0.00624312692281387 -0.0534500501652976 0.0734835177033137 0.0801582499247436
HH13 0.0123704798485031 -0.00949993565029358 -0.0605106997030282 -0.00602916111473649 0.0395288879881797 -0.06887326493343 -0.00288870773607471
HH16 0.0440452850129238 -0.0671973200116926 -0.0357580679022673 -0.0100307533967912 -0.101087918141792 -0.048555796199148 -0.0681989749951634
JB02 0.0768848329251479 -0.0154450264170528 0.105762709685232 -0.104886276292771 0.061313177757042 0.130374401929452 -0.122612401795273
JB03 0.00706355698611312 0.0533312660560472 -0.116643623687921 0.0530494812277196 0.0257673430252544 -0.0744607572281246 0.0934658817662093
JB04 0.0713240719571337 -0.0249318882014492 -0.0850127076263057 0.0381934871311575 -0.0970196352381813 -0.0798385488964147 0.0106119780560036
JB05 0.0725184017204548 0.00597021068139345 -0.0399487166139466 -0.176000428555366 -0.0585875228970738 0.130316684306011 -0.0231361886581405
JB07 -0.0335411256556599 -0.0129360023941085 0.0251991421702548 0.0358292958311359 -0.0226146472676368 0.0188535831791361 0.0510125415924881
JB10 0.0827139160548335 0.0694216808315085 -0.0478847348161945 0.0261422734043951 -0.0147229006424711 -0.0184977103212025 -0.0198473232578877
JB13 -0.0609014435536039 0.00357732817671641 0.0439918856217509 0.0633614071614003 -0.112909074600884 -0.0230918750157661 0.00708985823215831
JB15 -0.0374024853479217 -0.03358198030916 -0.174182423189272 0.0281124544492955 0.026460060993249 0.107712858673195 0.0789714619087719
JB16 -0.079994367501386 -0.0119075677950368 -0.00302712036490708 0.0170920002798214 0.0219601548894494 0.0217614417191848 -0.0683503322256553
JB17 0.0812509486803577 0.0451814356934659 -0.150841680007013 0.0600683711795817 0.115205246011599 0.0555737999251402 -0.0650515905657391
NB01 0.00230892789168559 -0.0406471915727385 -0.0316754605113569 -0.0441761772682808 0.0229139137751196 -0.000123810827175481 0.0988059328370524
NB02 -0.0428607053107379 -0.0507258963541839 0.00830960994380364 0.0485702568169943 -0.140855192314421 0.0283628460575685 0.165174899716341
NB03 0.0248821790281421 -0.010270143155617 0.0470325348879398 0.0964187364121624 -0.00850185250691259 -0.144977185967774 -0.00898723529528322
NB05 -0.0641422700489655 -0.090264765414558 0.0495186089964461 0.0841056037545835 -0.116845067551483 -0.032701555619586 -0.00761086260792034
NB06 0.0302270558942831 -0.060218654405226 0.0602240709781527 0.115609006033989 0.00371209508797249 0.0131844090434011 0.0780719579924239
NB07 0.0968530455270828 0.0707663266879471 0.039255966095623 0.0602876896634852 -0.00614647588020339 -0.0055976849073138 0.0486509414489305
NB10 0.200406854264913 0.0753468393045244 -0.0197319764913087 0.0310947517012488 0.0231300180048831 -0.156873446792909 -0.131133972524468
NB11 -0.045066056286491 0.0332749356766746 0.0139251605946419 0.107083640966305 -0.132191668512966 -0.0145507760717575 -0.0317638076130217
NB12 0.0393416590160519 -0.025738351091764 0.104466984613229 -0.0857126933031679 0.0855862192150574 -0.0546319181401696 0.0630621387546578
NB13 -0.000572113436597461 0.00616300058235803 0.051917278668814 0.016079512493433 0.0310312445051449 -0.0901026484239554 0.122534301663901
NB15 -0.0378993218419431 -0.0771157530770261 0.0181690396351239 -0.0113745628716219 -0.0195317938169831 -0.0433994954303758 0.0157640663669291
NB16 -0.106092505755905 -0.0672470994728505 -0.0257814117609447 -0.0728904448703621 0.0392829097380573 -0.0695080614347906 0.00350058213441372
NB17 -0.000236667576576327 -0.0114789926124715 -0.0579832507103838 0.0348980620110729 -0.0603297822740564 -0.0207357185416432 0.0203381641631068
PA01 -0.0849924861088827 0.0617647973914932 -0.111929523807799 -0.0299452715105913 -0.0165362105970848 0.0416354712086943 0.0855148944006776
PA03 -0.0570886606684568 -0.00342300072499398 0.0108977428198613 -0.121081560406892 0.102116610138042 -0.0407655811986552 0.142200550719261
PA04 -0.0273022184202355 -0.0533075352466702 -0.00225670858682735 0.111915893975458 0.00607824840324998 0.179198860409611 -0.00216911078452216
PA07 0.165582692897476 -0.0657620741304715 0.0683091461692652 0.0639557856287567 -0.0877446959594157 -0.0439767698990595 -0.0610641803710524
PA08 -0.0602587565532664 -0.0424103115627032 0.00657856515026799 0.0315524258967538 0.0212175998627408 0.0976749538359365 -0.0260326071460468
PA09 -0.00801143170381789 0.075182656462414 -0.0671095193593992 -0.0205876535426828 0.0636293478665284 -0.133068175569533 -0.131159292637076
PA11 0.141744257068352 0.0899819768724435 0.00828557361119313 -0.0317924729703977 0.0341788144190473 0.0132164749369216 0.10798174867078
PA12 -0.024989445688281 0.0190890672281766 0.0289601135562045 0.0715354285114404 0.0242483584114656 -0.00943665668722649 0.150532242635291
PA13 -0.00918172851493598 0.00663762423051331 -0.0414525933000628 0.101457755509032 0.0332355951537048 0.0616111704495164 0.00711797798676313
PA14 -0.0794766879669207 -0.0307905709388225 -0.0178113565164138 0.111391063368626 0.0356463076041778 -0.0047773531794989 -0.0748608555929706
PA15 0.0361913350155445 -0.0347077403651291 0.0755709070521229 -0.183089690912409 0.00252499177068768 0.100528198852192 -0.0921297059403192
PA17 0.0131666352889837 -0.0707996349057567 0.0421941539567198 -0.00575557732017656 0.0658024161216622 -0.0409895680563464 0.0167354734283225
PA19 0.0349761388160737 0.162617830978874 0.150309029455394 0.0149250460235935 -0.0816152384122467 0.0469528608035222 0.0652052103960029
PA20 -0.0851323775095201 0.0104026914354765 0.0531442870007478 0.0787758300044867 -0.0337313827571665 0.0689464960937902 0.0152040230220125
PA21 -0.00839475614435066 -0.0521658250520261 0.0892517632762063 0.0574526332052828 0.0229600789280784 -0.0609544014907621 -0.0389721564377375
PA22 -0.0802908544229145 0.0601824938319364 0.0751492736380604 0.0462341265266678 0.0868668666789075 -0.0611466846441044 -0.0833242373326854
PA23 0.0294584820478231 -0.0522465788050955 0.0333035455006292 -0.0742551653829797 0.0825252054761514 -0.0551769746283058 0.0403322406633959
PA24 -0.0249363906617915 0.0718755856740054 0.124534798849695 -0.0818850948882092 -0.0949642397730585 0.104990674658881 0.0844531007640144
PA25 0.039236020157643 -0.00338288286151265 -0.00718885565164332 0.0568341033989577 0.0603792453520566 0.0378389652862332 0.0371873301306902
PA26 -0.0211787538706798 0.010841853813237 -0.00781937263432912 0.0792116220921287 0.00797961865301814 0.0230135300717958 -0.115804346639331
PA27 0.0787465841891091 0.0603449649402426 0.03504870664009 0.0191442701072795 0.0393693760748355 -0.00252076314190949 -0.079647446455516
RB02 0.0852134873606508 0.0391641282310584 0.025417172665781 0.0363701894132604 0.0659707286425527 0.0503670004631266 -0.125131776843858
RB03 -0.0364130065732547 -0.00761308464798364 -0.0485145707793452 -0.0179167906766318 0.148242553971665 0.137726452169829 -0.0327391752606972
RB04 -0.020944159381126 -0.0362153210090861 -0.0825292065235707 -0.000642624957570784 0.0130908234673704 0.126828750024851 -0.0227632813803305
RB05 -0.025019569676108 -0.00655763115485862 -0.0619091942342007 0.0215256085747933 0.0667090084586929 0.0518465333279509 -0.093246904448756
RB06 -0.0299105195798206 -0.0191254357590252 -0.167778118406745 0.0192734403580691 -0.034549680379271 -0.0606096457410422 -0.0768940330484791
RB07 -0.00606845836781703 -0.0478267282686483 0.0853255060677516 -0.0719710303158087 -0.0448734480296395 0.0877194576966765 -0.108148436994944
RB08 -0.0662767018241448 -0.034519368439427 -0.0489262131896269 -0.128184807411504 0.0760460883564026 -0.081379412159307 0.0249399839825852
RB09 -0.123427662170851 0.0331002880513826 -0.0303335163278017 0.0554696696901294 0.0818841364317429 -0.0227812906201422 -0.129493600996338
RB10 0.00985714203870093 -0.0547839653437055 -0.077688812740878 0.0501415029376436 -0.0901338228345275 -0.0435107943350593 -0.197574858418908
RB12 0.0501068276765469 -0.137587044925388 -0.0540969319610083 -0.102839795957665 -0.0985805991473648 -0.00475058936458911 -0.0861843366407637
RB13 -0.0411978402125682 -0.0793072222426965 -0.101257495979127 -0.000138744903757607 0.0356981048816428 -0.122360549184275 -0.0265003502852366
RB14 -0.0108772295823204 -0.0237249886064211 0.0389318698496529 -0.00267893990700924 -0.0203026677179218 -0.0090873442313225 0.000840836256782454
RB15 0.0139656839801601 0.0158743605065094 -0.0155653577745064 -0.0525399020698305 0.0329446805352072 -0.165972604162996 -0.0592309511109323
RB16 -0.0275706138946774 -0.0662162432309896 -0.0920748774947971 0.0476205914764986 -0.0630516330704053 -0.01823128486707 0.00263816442954283
RB17 -0.022197439563889 0.133766515375642 0.0152283580060079 -0.041527043495743 0.0298994732628882 -0.0875110473906797 -0.0412563235159549
RB19 -0.00527467791340194 -0.115217900087653 -0.190403140904088 -0.0572575765978039 0.00236611669327514 -0.111372498376504 0.161345687641319
RB20 0.0150128483686831 0.00279474021229367 -0.0526149001842015 -0.0328004174366383 -0.010891767733413 -0.00821277842870682 0.142056103161905
RL02 -0.014512580540487 -0.037833364111906 -0.0535003649036145 -0.0654098585791432 -0.0362617171789413 0.0614661578268862 -0.073336608261512
RL03 -0.0868615723134653 -0.055099398883552 -0.0607970962465719 -0.0415300174440043 -0.0741389153183773 -0.0508972070682053 0.0583918420590105
RL04 -0.0408944652395231 -0.0175555584814675 -0.0785124827749379 0.0581517911132447 0.0770519375976014 0.0816470542513496 0.0196295068192101
RL06 -0.025053426606024 -0.0690529360293175 -0.0521380731356238 0.0314622657011528 0.0332416032863085 0.15149861410483 0.00175328941352017
RL07 -0.0519051983331018 0.0465618244886584 -0.0714327115892559 0.0362896486427898 0.0380945562955868 0.0163428260614568 0.0229629589437581
RL09 -0.0285011346574996 -0.0418523692756433 0.0316568603425137 -6.77020999561254e-05 0.0964859476655489 0.120398230078976 -0.0993431626398716
RL10 0.0180790484274315 -0.0563340476109393 -0.146548441398242 0.0818345404005484 0.0152516233228515 0.0939327721402708 0.0947331794495578
RL11 -0.0607206380326611 -0.0159110132230067 -0.120039089814644 -0.12425963827405 0.0514362382297437 0.0952385854493185 -0.0865812545684764
RL12 -0.0330196550605052 0.101831957829016 -0.0802091346100918 0.0397359791305888 -0.000559585082569876 0.040978130060164 -0.0572085102930178
RL13 0.00495307439298901 0.117784575940459 -0.160584581137434 0.0147379829699286 0.040491530019842 0.106261851529372 0.0714307074488441
RL17 0.0445326809648399 -0.0234068224960817 -0.0132648395481936 0.0023614042346535 0.0365872318861447 0.103346654485329 -0.0662370145318008
RL18 0.172793057947897 0.151709855878436 0.00589980685890617 0.0125903991895694 -0.0291783431753693 0.0327520863503557 -0.00951661452057926
RL20 -0.00294814048878768 -0.00791062813510432 -0.0754125278239418 0.0589616911784336 -0.0258133309739744 -0.0472510297424379 -0.1369492249602
RL21 -0.0369234480635614 -0.047591076535625 0.0298522733480523 0.0214881333001448 0.112982128494779 0.0511894501317305 0.0109498759939468
RL22 0.00375364751494229 0.133014762041736 -0.148344387649917 -0.0581130057651831 -0.343781134137433 0.0619756051495662 0.139977224480961
RL23 0.003391178153471 -0.0427581732768466 -0.146826102783948 -0.0476871625894596 0.1026041898508 0.106203812644605 0.0441860576719004
TR01 -0.00304432810454461 -0.0957012848291897 -0.0270943456116185 0.0266222065330356 -0.0571770843585273 -0.0886500306050393 -0.0924548763567436
TR02 -0.0460070042824967 -0.0614786433450667 0.0125281769985028 0.0469681678920566 0.0402253524466579 -0.037268670759731 0.00864221370407813
TR03 -0.0498217125345401 -0.0440188529562235 0.0298088309339917 0.00375829968379433 0.118129691639594 0.0162950471032116 -0.00555490029239455
TR04 -0.0603163646888032 -0.103904385810078 0.000703786606669227 -0.135503025636797 0.0751304720703672 -0.0073284928039074 -0.013161567042475
TR06 -0.0556615737046385 -0.0668046563711577 0.211178803007288 0.0251471951429765 -0.0177096179899896 0.0783783211385979 -0.0614795017866762
TR07 -0.024967946006795 -0.000283352206062184 -0.0281160860963942 0.136422926752243 -0.0146016236744942 -0.0353357154545574 -0.0999996306650528
TR08 0.0460593158410799 -0.0816730737307384 -0.0262450135398383 0.0369764033803642 0.128313097934356 0.00532692611722799 -0.0255945828935787
TR09 -0.0981193926777653 -0.0608337011213414 -0.0490773179078819 -0.00658951593027791 0.09942655197737 -0.0427638619366552 0.0218119664669208
TR10 -0.0485650364372633 -0.0725227601958008 0.0435317520232979 0.124064151332381 0.020777029709527 0.00823006560699301 -0.0636748517781476
TR11 -0.0593318872584573 -0.0539690411402001 0.00374897435806574 0.0289455106173764 -0.00618193261980951 -0.0395444485132933 0.0420719692988704
TR12 0.0197496265782354 -0.0328814266440138 0.0121528452153615 -0.0327617243275221 0.0642786366718773 0.110788609549037 0.0324785936960281
TR13 0.0312932514267733 4.59684808334497e-05 0.143623276972352 -0.142207533005303 0.0340074972364106 0.0649182904826227 0.106566728865613
TR14 0.214067229327039 0.147001869761774 -0.0578337736594413 -0.0199347865347031 -0.0118014861139933 0.0853159445888615 0.123123096159605
TR15 0.0612133549788249 -0.0273678285338657 -0.0360237178418613 0.043378015300094 -0.0438118107318588 0.0240658207980094 -0.045600866286757
TR16 0.0824578619777674 -0.0926375460159385 -0.137475828074452 -0.0716223938678191 -0.0293754553868912 -0.0238834037158209 -0.0376868132389309
TR17 0.0173631083863684 0.0116610689016242 -0.11171805668604 0.0772248217016031 -0.0598018373246903 -0.103822413781877 0.0577173230267028
