sample MDS1 MDS2 MDS3 MDS4 MDS5 MDS6 MDS7
AN03 -0.00614500275992835 0.0442277930837969 0.0412639760463681 -0.049180608980324 0.011509909263939 -0.00253529541161204 0.0241077389529131
AN04 0.0511829863032977 -0.00163834969591383 -0.0509800691591301 -0.0201032633307589 0.0226750959699535 0.00217828852221964 0.0630997282825962
CS01 0.0693639016755014 0.0529236671625219 -0.0158111168910158 0.00194289665783082 0.178748887164561 0.0474728745548875 0.00586280460369325
CS02 0.0566882974896032 0.02506876481407 0.040215115605601 -0.00106866900464597 -0.159976514852299 0.0433176688126655 0.0544893682800534
CS03 0.0369804251821558 0.0571032613349306 0.0190485373999154 0.0195564979208943 -0.0821432122052186 -0.0277330345751317 0.0492294626972168
CS04 0.0195209864187722 0.0457461531464884 0.0197845900919748 0.0259401933732984 0.0458753258932395 0.113433579804217 0.0777249867139965
CS05 -0.0553634439370391 0.105611789536698 0.0691125840874359 0.0402789075899355 0.121088222929064 0.0186030918583035 0.0190899205129993
CS07 -0.0772403801155889 -0.00251627803362012 0.115212671511022 0.0624039135176909 0.0303274926091703 -0.105823899250498 0.0836289302049419
CS08 0.00416834004954981 0.396944936240619 0.018759502418666 -0.0069733965637841 -0.152779962037723 0.0128276445866321 -0.0374181500847739
CS09 0.0772116603955845 0.032921346779816 -0.0630517362164995 -0.0670653996533803 0.102155279101306 -0.0144577330163158 -0.0329830670349817
CS10 0.003760197813602 -0.0661303045591837 0.0375834047750292 0.0370264046994247 -0.0906796186445931 -0.0124658007168596 -0.00102748008181124
CS11 0.0972264769938946 -0.0593677191007326 0.0299714465628766 -0.0465470671186017 -0.0652980558463453 -0.0480692013835802 0.0367853953843758
CS12 -0.0627732018468106 0.0213469750867495 0.00898421657154072 -0.0708710689163425 -0.0609159105531435 -0.0549631655306407 0.0383062918961362
CS13 -0.0130840406085902 -0.0887321022265484 -0.0302355272433425 0.0427445908187716 -0.125708227937526 0.0520054863204267 0.142353508537383
CS14 0.0218484846295067 -0.0316765672839164 0.0383345590112998 -0.0292627302820762 0.0683836267592706 -0.00516487826707362 -0.0415304283666804
CS15 0.0328205231904675 0.0390856478157331 0.0821664644446987 -0.0295982799170905 -0.0167574549978221 0.0431104116614218 0.142860007733296
CS16 0.0441340363420262 -0.027843202672571 0.116195959724604 -0.147954623676138 -0.0117871318354494 -0.0450160702476053 0.0138280441303723
CS17 0.118592303752903 0.095455883615995 0.00366735921990532 0.0283699761626198 0.0448950436539971 0.0403409825776943 -0.109713187455771
CS18 0.00585114419650766 -0.00542838940398577 0.111311592679559 -0.0923008260274592 0.0599229947080609 0.0676237475868574 -0.0306819715257206
DK01 0.049250999946311 -0.0587997667430208 0.012986186966583 -0.0719178073813408 0.0122880784363002 0.0296901618785064 0.00198188012970163
DK02 -0.048697561988159 -0.0312740342003273 0.0519949849968336 0.0423402630742566 0.0633952032219543 0.0437841051513814 -0.0361101253909162
DK03 -0.100718738780952 -0.0056690520056696 0.11587128944504 0.0675064425694721 0.0330353256480225 0.0126164007628911 0.062342490332901
DK04 0.0329360312057464 0.105899152727506 0.122451987084267 -0.0846922216291718 0.00127562926185823 0.158339955232562 -0.0600811706815238
DK05 -0.0858226298575465 0.536678642976856 0.0476337989000911 -0.0742137236672142 -0.189437650824311 -0.00428419436885451 -0.106651691233669
DK06 0.0157440002931064 0.0509353118791182 -0.0196731914474856 -0.0739220307621557 -0.0247875881833987 -0.00384699371684142 -0.164438587784255
DK07 -0.0447728653482754 -0.0768647548464577 -0.000345465921810727 -0.0582492536808907 -0.0916417470750291 0.038305862974011 -0.0559646981542531
DK08 -0.0971687897858396 -0.00299204511418566 -0.00558100113941426 0.0613750845506443 -0.050097519786035 0.0584568005805374 0.0665302450296397
DK10 -0.20097685708671 -0.0742881833472662 -0.037891346599044 0.048673530638928 -0.0137569130408629 0.068421442523239 -0.02751354647569
DK11 0.0701733792580974 0.0276214016051601 0.0512276213564108 -0.161811114723969 -0.00296199165791805 0.014677058675409 0.0285975686856695
DK12 0.0646252154324181 0.0549616859439804 0.0020026936541928 -0.0601057998013969 0.0197611912793369 -0.0188243991237674 0.0509221066773621
DK13 0.0287597969532295 -0.0374713755555966 0.0278147826521117 -0.0185667005010368 0.0514152667183409 -0.0737744224204348 -0.0267605960382185
DK14 -0.0772274351715125 -0.0516173289277008 -0.0339354697293171 -0.0776646710576581 0.0988151936228555 -0.107758183910417 0.00522527719431078
DK15 0.0969418225482282 0.0635031121362817 0.0815224240703951 -0.00221403306280254 -0.0643924369145919 0.035997736970152 0.102763935190541
DK16 -0.0101755743466873 0.0108649794276376 0.0611492167719335 -0.0365998832023693 0.0596249236492519 -0.0582515829617562 -0.0496483275118159
DK17 -0.0219620560078329 -0.109386155536624 0.0389830260144541 -0.0219384202936622 0.027819745555054 -0.00114578556332103 0.0861116288941567
DK19 0.0487323831475261 -0.0122440177299685 0.0894023490794178 -0.0326473051256645 0.0872568169839162 -0.0474565258744159 0.00201424097397648
DK20 0.0635350256147525 0.0147058131233372 -0.0166832576878646 -0.136931834132489 0.00468905023942761 -0.0297170937291282 -0.0588247488613168
DK21 -0.0262094388556641 -0.0830275388017247 0.112395008668188 0.0710556817578627 -0.123146239822329 0.0631131432298325 -0.00693641634388835
DK22 -0.0423986155159988 -0.0901477427602443 -0.0475876575737888 -0.0834641160085707 -0.173214152550567 0.0472797965233512 0.0100485906915961
DK23 -0.056943801422966 -0.0679458116866434 0.0857108825687182 -0.0431559500739359 -0.0367921681121129 0.00362199520975921 0.0464629337888417
DK24 -0.0611276647804427 0.116125955404455 0.0177534464971048 -0.043949436691022 0.171745141693139 -0.0559358905344561 0.10271425506207
DK25 0.0225523739473466 0.0633352154370875 -0.00297413641706547 -0.0682360448967597 -0.0470395272659513 0.0788984187417753 0.0122896481016321
DK26 -0.11471591778766 0.0222114245215406 -0.0131448305864065 -0.021579730252972 0.0274807093544586 -0.106085872930899 0.112771623026716
DK27 -0.0995369295189095 -0.0107683102886918 0.158881845297963 0.0372913047242039 0.00858392822211618 0.0451222262820371 -0.0429353096017786
DK28 -0.14888610600898 -0.050774408754194 -0.088930859431779 -0.0628745530005333 -0.102524992458497 0.059280696521681 0.0778162925106938
DK29 0.0850632170201601 0.0336239051270056 0.0148318614472396 -0.0406363257081345 0.12511955365642 0.0632793589860261 0.030533137459817
DK30 -0.131315440248803 -0.0920866335358633 -0.0297159341260625 -0.107560112794261 0.081198319310884 0.0265787943738259 -0.175838272740059
DK31 0.0206118367370874 0.0310769623129785 0.14544134824318 0.0230592990443581 -0.0132843736543501 -0.0594878548167136 0.00123455730230346
DK32 0.0404446532541127 -0.0570228430400957 0.0237441742374531 -0.0423124743262257 0.12614811997048 0.0429307073554836 0.0191707752581899
DK33 -0.0945531909060163 0.0613763367886449 0.0730389459293017 -0.0513041095297704 0.138521005868675 -0.0197831674523699 0.0194391836204384
DK35 0.0305953716156647 0.0347946518266853 0.160231785196924 -0.0329780706623768 0.0169784774346903 0.0291080661767085 0.119312834138879
DK36 0.0669190078121041 -0.0234166969172649 0.0736208220401368 0.0318408460067553 0.0745702279835541 -0.0530964482239862 0.0716897798813679
DK37 0.00723587448994189 -0.0163674459951684 -0.041531400693162 -0.120975097409402 -0.00393972994707314 0.231730095606467 0.0557689166002036
DK38 -0.0175930961915398 -0.0138236024134056 0.040125505187182 -0.227625875982419 -0.0126231388905687 0.00267519793907594 -0.0197531708949456
FR02 0.0460973603937737 -0.0632710389181234 -0.0498372276803807 -0.027965961622317 0.00241618289315364 -0.0119041009562676 0.039128234337146
FR03 0.00409682557765103 -0.0789550258618294 0.0721471401746689 0.0738163273639539 -0.00880810732887807 0.0469465909789274 -0.0398643161402482
FR04 -0.0811716731070047 0.0591688352528361 -0.0327692369214293 0.0601722294150501 0.194835148255913 0.000648832640103346 0.138993486282165
FR05 -0.110843910724305 0.04651424007335 -0.0877081176939023 0.11633140605835 -0.11555761276665 -0.159261712075883 0.0122850912627151
FR06 0.0523024516221934 0.0396889696721818 -0.00808722815058906 0.144066449422526 -0.00615693111738037 -0.00593679472391959 0.122304203362876
FR07 -0.159303900559667 0.112156629949818 -0.0272729639438951 0.152559463705506 0.0327049985076678 -0.0151973384241912 0.0702857818332167
FR08 0.0357474183452568 -0.0242405322287045 0.0455962569055932 -0.133708400654096 0.0584034201681946 -0.0964664699620434 0.0543526522430507
FR10 -0.0401585355387182 -0.0623693634909873 -0.0341776751556572 0.0312578231295687 -0.082333123569584 0.0156474434468819 -0.0823463680747155
FR12 0.0316066616873572 0.0410133863218407 -0.0575305627446797 0.0168581053329988 0.0889645788555733 0.00593589455535476 -0.0355442275316223
FR13 -0.0723023017633278 0.0444352312139823 0.112792580055806 0.0760020027725261 -0.0114340737264413 -0.157284870843194 -0.00245180002124598
FR15 0.057306136194428 -0.00672514391451818 0.0629790592031446 0.100976671156024 -0.0414360857407837 -0.00663688257593611 0.0451038837085725
FR16 -0.16972032944577 0.0222486695223494 0.022320252228222 -0.0180036866802227 0.033707733639391 -0.0187243025678543 -0.0462786249748297
FR17 0.0424234089897322 -0.0666270417693645 0.0462943088367163 0.0808161762670181 0.00263634870569415 -0.0598886647939434 0.0847563551859476
FR19 -0.0480470023569274 -0.0587193512256558 -0.0401145939628526 -0.129774693542183 -0.0945709204495532 0.0323105546499722 -0.0485413887191245
FR20 0.132277638834807 -0.0336825209129097 -0.0451151542234924 -0.0250344285307681 0.0300542130890908 -0.0142475619455164 0.072980205749024
FY01 0.0317959543247713 -0.0529228130994303 0.0340680895210726 0.0904447034392564 0.0140711948717431 -0.0147244513834822 0.0187784964581665
FY02 0.0764469992408041 -0.0679714507062211 0.0757870915310171 -0.00511429990013313 0.0558760027671888 -0.0235934905948382 -0.0396983294252852
FY03 -0.0538184846822721 -0.0579267061337122 0.00810266379437352 -0.11227133848101 0.0168198996656378 0.00509388584150917 0.0562673654604291
FY04 -0.0317720262974433 0.133580817177282 -0.10737485949508 0.0177920167216367 0.0640223864694874 0.0707718169207366 -0.0957691477888959
FY05 -0.00357107744947511 -0.0277504380345158 -0.0933175400850929 -0.0311168469075387 -0.110111206605489 0.104909827632273 -0.0474174725818998
FY06 -0.0105787851932718 0.00362433153808242 -0.10497608049026 -0.0351235015358827 -0.0689055780744678 -0.0490672079345285 -0.0287729659683125
FY07 -0.0534624107979077 0.106775981559335 -0.0524284111363071 -0.0849786065596276 0.010311054017656 -0.0833886176689801 0.0430870850402312
FY09 0.018941119608745 -0.025185728531974 -0.0333033548607374 -0.082994448359816 0.0617772515765463 0.0231089954962785 -0.0455441013444893
FY10 0.0364565542810851 -0.0410767720665389 -0.0898145146573447 -0.0380298256160977 -0.0502593811465221 -0.114424719141961 0.0549392174717528
FY11 -0.0958603700458273 -0.0317663752742445 0.0519775243706751 0.0163259743693104 0.0688685953832921 -0.00588799934158957 -0.0895320042975263
FY13 -0.0404673104972309 -0.100587271960866 -0.131246527950255 0.211597227325664 -0.0214268324293536 0.0585305284410526 0.00494908398089128
FY14 0.0565112191845367 -0.0207158666545228 -0.0395091022701827 -0.0643192044812728 -0.0156760097654141 -0.0561973354123779 0.0496104795521305
FY15 0.0817699152424163 -0.0233411513513142 0.0579027827178811 0.0474383795476813 -0.0175072856634527 0.0983657496298694 0.0215952033420642
FY16 0.0248700568838479 -0.0852812854139828 -0.0446435705018272 -0.0328955552719263 0.00648581175816123 -0.0696018838965874 -0.0234444469224535
FY17 0.0422324818714073 -0.00585520612951902 -0.0243401410332585 0.0191505570544827 0.0467147219773885 0.114786231961526 0.0849100914228393
HH01 0.103487778313153 0.0677044709833627 -0.0389767730088731 0.146227678808446 0.063908637694135 -0.0630104903972255 -0.108085600222948
HH02 -0.163642727204064 -0.0260092516315077 -0.00789487482395115 0.0489395254163185 0.0591029702311643 -0.0388077700553214 -0.10001817651138
HH03 0.000685639754152802 -0.0258993143323115 0.0110459439535287 0.0504075684521414 0.0457352729020116 0.0146292218269325 -0.100425599436635
HH04 -0.0648844100362961 -0.0429459363075145 0.0614899947594673 0.129660052916478 0.0222847882723643 0.00310092238157722 0.0768767420373936
HH05 0.0286566679160514 0.0186969869681494 0.0102141079072769 0.0325910359200167 -0.0403949800643187 0.0512742809537686 0.0491502048308125
HH07 -0.0337632334493178 0.0785080078009238 -0.00211773861142599 0.00992813694083696 -0.0455309154318853 -0.0933525925297465 0.0216837235752133
HH08 -0.067244878340101 0.021676603577491 -0.029681470274534 -0.00255404721573908 0.0327591701364551 0.0155831493071446 0.0573785301386728
HH09 0.0581292533268839 0.0156571209845483 0.03427055926348 0.00473737529858822 -0.0792229595244922 0.00758500329394039 -0.0786517618432436
HH10 -0.0566612053318129 -0.0486896314232675 0.0644284277755625 -0.0990655905291247 0.0454070076247154 0.120704882948392 -0.196141350904967
HH11 -0.0316797021549672 -0.0457308071887422 -0.0396446390991301 0.0809188922703166 0.0847118210293243 0.00191599639137241 -0.0597979911134585
HH12 -0.00819135291961439 -0.0185343767332784 0.0368207522029915 0.0257644993926604 -0.0360648133484191 0.138262853456085 -0.00996817555457635
HH13 -0.00802839484080154 0.00573379580844317 -0.0795158362012811 -0.0156652911818773 -0.0219937846897411 -0.0682399285071161 -0.0171931653817617
HH16 0.00554257689882373 -0.0888028020054082 -0.0334070331673836 -0.0878373412838523 -0.0470899501698944 -0.00933898128041216 -0.0259755653660744
HH18 -0.0630852467739492 -0.00628374638293311 0.0860560013820631 0.0315767837881499 0.0778943799578649 -0.0453555541149351 0.0686376535816642
JB02 -0.0326807270194473 -0.0493053089384595 0.0851751600323938 0.0786844399555481 0.0598910545859586 0.00715772888887705 -0.15139997391618
JB03 -0.0264574769059456 0.0502187907071377 -0.109215280145126 0.0130167649371515 0.0493825073893561 -0.0318038038327994 0.135723046313829
JB04 -0.0419837525201218 -0.0701784912085343 -0.078386980429839 -0.0621196183062089 -0.0486102747773405 -0.0345687117424629 0.0325691391561374
JB05 -0.0296185361325082 -0.0069721935079889 -0.0673608358565396 0.00466952107791275 0.0143986335264298 0.168435130836432 -0.119852174941654
JB10 -0.105702499907623 9.99029345832715e-05 -0.0582840113832048 -0.0120899222268374 0.0141465178442945 -0.0207840091064014 0.0112713080705652
JB13 0.0237427777072549 -8.90145116500526e-05 0.0799012926538033 -0.064240577726157 -0.103339510790023 0.0599801955326743 0.0534944261344225
JB15 0.0760140312977385 0.0373008954361297 -0.151423342779613 0.0954242457064729 -0.00101311787493175 0.0545882751310677 0.0400189614791962
JB16 0.0704411551009469 0.0341957008048526 0.0277679703627068 0.0140608657553731 -0.0166984561737161 -0.0162878652261936 -0.0145626924941776
JB17 -0.0658122490185572 -0.0100641022635693 -0.14684747541516 0.0889444419528184 0.042128896911423 -0.0939436062587602 -0.000288523408107466
NB01 0.0354648027100817 -0.0153396775094197 -0.0269800181729399 0.0293889666804274 0.0374934419564699 0.065359935748205 0.000677602819741936
NB02 0.0514342291898001 -0.0283632951914788 0.00571358448930505 -0.0353036084408597 -0.0527816686870904 0.136330305440795 0.13887595533213
NB03 -0.034624250891252 -0.0361992986614805 0.0356485247915224 0.0173253450049281 -0.00788340104154028 -0.108495303795857 0.10915942691836
NB04 -0.00651131388202902 0.00922993059144626 -0.00771273753333792 0.0423429888716384 0.0154964282569366 -0.0499269816351527 -0.040969885582132
NB05 0.0689389193135832 -0.0477843756678121 0.0617445187373227 -0.0728661195462408 -0.137948525859512 -0.047660421422522 0.0598630715967755
NB06 0.00866741876710784 -0.0631656414253712 0.0654708744452572 0.0863145762510996 -0.0316906045262296 0.0123722693443565 0.125494990187963
NB07 -0.120715587501353 -0.0217257063328989 0.0191850413796391 0.0573865333821414 -0.0163334810290124 0.0278474614228349 0.0436489751101455
NB10 -0.18162004973858 -0.0786329202692463 -0.0319923124838737 -0.0233672080786051 0.0127948240495211 -0.120880753263967 -0.0559369177842666
NB11 -0.00362178676016898 0.0214125765452099 0.0114932249740498 -0.0593767687913989 -0.16276187055554 -0.00163046030852533 0.0822241502679186
NB12 -0.0149691491726907 -0.031602773721237 0.0800343912285027 0.0179889707512003 0.0654877079403133 0.0313112862160371 -0.0546157782491876
NB13 -0.0304406437414812 0.00888640684951281 0.0640832998299471 0.00658696205348856 0.0994937874109928 0.00146257466878711 0.117112535377809
NB14 0.0101366487058627 -0.0647810444225466 0.159879055357982 -0.0676741841304338 0.0154268539007622 0.12561271602687 -0.0148298984606416
NB15 0.051011260258729 -0.0276245411684753 0.0086534588878152 -0.0577814273666017 0.0159105749148955 -0.0299057267696664 0.0814668798782659
NB16 0.118484121378804 0.0179209030397881 0.0212750334398803 -0.0885302276824327 0.0714021194653752 -0.0308377178313271 -0.0319773534213696
NB17 0.0010532666311711 -0.0288168336860274 -0.0459450483055683 -0.0556071929180824 -0.053355750282438 0.0141772491710987 0.0151567665489023
PA01 0.03266677836093 0.131367947674076 -0.109644008187956 -0.00406987893328054 0.0373851937720387 0.0582247414175577 0.0831970090051412
PA02 -0.0103001088939938 0.0256001307025564 -0.133393868397747 0.0327790777469595 0.0973963397542246 0.0281897340808909 -0.0343598849356715
PA03 0.0587533969297176 0.0356252223708973 0.0251631223409467 0.00436031106597493 0.0972343662905134 0.048834336961527 -0.104583886373978
PA04 0.0464330130895415 -0.0112637203283179 -0.0281291602378862 0.129766742639899 -0.0829487968677989 -0.00138175456988018 0.100593752841943
PA05 0.0874891295556604 -0.0267605696018864 0.0661258299442651 0.0639013545071481 0.0889338805399904 0.0416472251242572 -0.109166512849527
PA07 -0.0899791549333039 -0.172485287043752 0.0200684169297098 -0.0156375141668507 -0.0321523973226168 0.00342879888361612 0.0527063003688529
PA08 0.0864710170517405 -0.00676150388484646 0.0283956308056268 0.0523896128685909 -0.0947283931718118 0.0333454849291286 -0.0827747467762171
PA09 -0.0633789509951187 0.0775282664453651 -0.0622771215540943 -0.0466369282838581 0.0442614773096183 -0.215732631947534 -0.022384204323118
PA10 0.0259209927631696 0.0862678735229245 0.00413343318311525 0.066277172191427 0.0474135039124057 0.0820022300301539 0.0546848047311299
PA11 -0.15149444178369 -0.0108527970796849 -0.00728570937736439 0.0572515918039102 0.0530408075013955 0.103552768388422 0.0284376060872239
PA12 -0.00596449676529178 0.0141542736835484 0.0471188654560353 0.0334683467002098 -0.0423690299544065 0.053706027551446 0.0854680010582918
PA13 0.0159236994368563 -0.00884090084098278 -0.00476674899734873 0.0951171823071065 -0.126579646883514 -0.0156255380429226 -0.0725666578587602
PA14 0.0753034718056525 0.000392530608507776 0.0509239361088363 0.0566466462377741 -0.107880443941845 -0.0884255390721552 -0.0454306793300892
PA17 0.0322820856638892 -0.0360068632035192 0.0447540222699427 0.046100140688134 -0.00442255148595074 -0.0358912804329626 -0.0209845918408457
PA18 -0.048696794512191 0.00411641353481001 -0.0674887872907252 -0.114766806026099 0.0170053342357009 -0.0193120940794966 -0.104686548031676
PA19 -0.142410325434773 0.0497822998992598 0.131070082164675 -0.0227501353114858 -0.0661425671243759 0.111197193413895 0.00646223842237374
PA20 0.033678678836715 0.0654052741477663 0.0614446037988146 0.0284647217827411 -0.0439518406957458 -0.036649771879723 0.140085815469469
PA21 0.0174192939929037 -0.0589750731136731 0.10602984040479 0.00805495074800529 -0.0524468480688853 -0.0775508675137468 -0.0505410295417469
PA22 0.00911466876582955 0.0690890992721709 0.0786506549894588 0.0179900455408465 0.00274416662916268 -0.115321586181379 -0.039869787720308
PA23 0.014752813671018 -0.0507691442781461 0.029168218007453 -0.0150395408158833 0.0501761904178188 0.00409062922587357 -0.0451008715894626
PA24 -0.0356603140202758 0.0333348334082994 0.118775650840224 -0.0535521299318415 -0.0931092956494306 0.175281919562141 -0.0974883893867849
PA25 -0.00384583096875602 -0.0357020051941988 0.0141933608512256 0.11202249883112 -0.050282200561289 0.0102035941713506 -0.0244493566960925
PA26 -0.00798552675161404 0.0137911460650807 0.010132180392106 0.0412809206671603 -0.0117526880359139 -0.0989901920070835 -0.00568003195056083
PA27 -0.0985847592234896 -0.0157392359850499 0.0490730116988101 0.0238255480895447 -0.0644632188190205 -0.0232550130118631 -0.152887482014004
RB01 0.0832371454252076 -0.0459808641359607 -0.0959372256948979 0.0810422040379467 -0.0865972637439255 0.11824428040578 0.000597729350381062
RB02 -0.077327853328105 -0.045741502082739 0.026527057021934 0.0723425147286421 -0.0792609442982074 -0.0590634289006058 -0.206938202268467
RB03 0.0615587598969491 0.0371991292319304 -0.0429620198026759 0.134600649649117 -0.0392975817337802 -0.0026882158348842 -0.163020545646615
RB04 0.0543253540735876 0.00420735302461213 -0.0947111738528231 0.0818984987936782 -0.0317389053420204 0.0220550866520391 -0.0592519428116523
RB05 0.0258856714942209 0.0201769505514993 -0.044403985676366 0.0550225598811015 0.00611771404593999 -0.0892828676066322 -0.0562567123226111
RB06 0.0304424614038048 0.0105713443950311 -0.149930310922281 -0.0843305686284933 -0.0683226272010676 -0.0718443200028709 0.0208132446607936
RB08 0.0761410520990301 0.0523893226156606 -0.0397306585074701 -0.0539042914474109 0.115519037271921 -0.0508332415349565 -0.0349184105709686
RB09 0.0412223254710267 0.0962891519640068 -0.00438486401957766 -0.00494507585103401 -0.0129496196995081 -0.137435726383838 -0.0148274819167897
RB10 0.014679347469806 -0.0504270844010897 -0.0680806516338085 -0.0871316748598956 -0.158902975451635 -0.0910935343334246 -0.0298793767861106
RB12 0.0678498802806388 -0.139058078385123 -0.0402027314135 -0.0873600293520665 0.0139183739754182 0.0229754321184992 -0.103794106100058
RB13 0.0739096035443146 -0.0306934916324798 -0.0679743217813796 -0.0420767331354413 0.0411660570286878 -0.115429826703614 -0.0285481993667433
RB14 0.0143612699548607 -0.0204531314546542 0.0376282326301404 -0.00807477484437713 0.00422953914707374 0.0411181262773063 0.0191084357998104
RB15 -0.0338268400428517 0.00345604460057841 -0.0207485004139363 -0.0952614709739256 0.0500369780219697 -0.122483152869396 0.0064556829305571
RB16 0.0738133810985455 -0.0320163413922337 -0.0931486738643078 -0.0256027488170357 -0.104708716115069 0.0318300298092936 0.0524844365202564
RB17 -0.0827281105046292 0.12068368926501 0.0345368337372346 -0.0647528768189594 0.062799332225619 -0.0758251404940159 -0.00235468092607018
RB19 0.0779633219746545 -0.0587460061202418 -0.163266019413078 -0.0695819399943807 0.0964021974248341 -0.00119512661976197 0.115516659501182
RB20 -0.0247303868761866 0.00618089739907734 -0.0570301346624835 -0.0138314130427998 0.00982185093606877 0.0834815854790785 0.0291158851399772
RL01 -0.143267157378671 -0.0556587254377235 -0.0427613345758524 -0.137917530301735 0.0367223467634611 -0.0501696846124439 -0.00313985621508184
RL02 0.0153191156611786 -0.0117944203153213 -0.0724746750310109 -0.076162614686086 0.0237552779692323 0.062924185729599 -0.0634593095432724
RL03 0.0988284970701385 0.028913397092669 -0.0757724703274021 -0.0843705544316214 0.0013586832451301 0.0455736495163149 0.0410395355574358
RL04 0.0729801815260242 0.0223509729396534 -0.0449479538196511 0.139003158101676 -0.0295258222510705 -0.00389929278298602 -0.017211449263374
RL06 0.0905990277956042 -0.0412889592248485 -0.0275986341654969 0.112965553203072 -0.0297033828136475 0.0416964656124664 -0.0244665986335687
RL07 0.0144646763508115 0.0780410737821176 -0.0594425152165603 0.0239642724268958 -0.000564047100432224 -0.0196342908269823 0.0112781922501616
RL09 0.0590367739436808 -0.00102292478135415 0.0332569471257268 0.0954744920298208 0.00813639617723044 -0.0297281019266186 -0.083351001612186
RL10 0.0548775056532936 -0.0291471969262055 -0.139630646413034 0.112478739225185 -0.0203687122561813 0.0594064136556378 0.0911210368499849
RL11 0.112349182431066 0.0478338578806691 -0.110520890918423 0.0352968382956153 0.0333646753363432 0.0306185136589922 -0.164911909940585
RL13 -0.0439894679865496 0.118342604158708 -0.153640019244754 0.097858675627442 -0.0226446686411465 0.0989789226448369 0.0114274793770024
RL15 0.130108683133938 0.0463583712395291 -0.0749410017797227 -0.0416365753838849 0.0437834078286892 0.0597920711677178 -0.0536507290152948
RL17 0.00565622716006268 -0.0396657557711329 -0.0192486222983654 0.0715255071730743 -0.0503116964098701 -0.00205472155944442 -0.119409848700286
RL18 -0.23182290131201 -0.00409279199337341 -0.00635523610292033 0.0311971277676455 -0.0243262518609548 0.0562539992163189 0.0264129914748351
RL20 0.0104321893050277 -0.0120403458271105 -0.0921183673501346 0.00606907846229931 -0.0783685054004292 -0.0981214551598507 -0.041552519693215
RL21 0.0631253687932631 -0.00991240799300926 0.0331069282300317 0.0912735553162027 0.0492119373170745 0.00296788349216786 -0.0106228697638446
RL22 -0.0767481545824699 0.0817538099929813 -0.165440948674853 -0.166843071947172 -0.0239542538075634 0.198185051561021 0.0735249758222676
RL23 0.0521595210295963 0.0103549603774481 -0.14196419336337 0.0999112526168503 0.081712781821704 0.0212799761701796 -0.0267474389549915
TR01 0.0488036643855796 -0.063687051019846 -0.0410531815699292 -0.074337114100689 -0.0506420987360713 -0.0820291486321345 0.0393714791113158
TR02 0.0612083117783063 -0.0119498682380559 0.0231538060510631 -0.000530103176621144 -0.0165964318825176 -0.0234972235656519 0.0859024967653522
TR03 0.0740194410115558 0.0107915027964072 0.0444777242420706 0.0934036818044127 0.0731446590667374 -0.0750364224847564 0.018551830129674
TR04 0.107978377099022 -0.0137884146186174 -0.0134710227149007 -0.0317144622084556 0.168574851433148 -0.00298619818775648 -0.0246266632668009
TR05 -0.010537586846808 0.0101786325772593 0.118288486833609 -0.0209581548584726 -0.0123064161372533 -0.173122565887854 -0.0476950468295527
TR06 0.061785238295197 -0.0221364020867852 0.20021679563485 0.0404909949888513 -0.0475958658238053 0.0314129434923399 -0.0117198330630978
TR07 -0.00425694347780018 -0.00643683103180982 -0.015188664858384 -0.00445749281958272 -0.138944084777067 -0.0795081812035822 -0.023795278533095
TR08 0.00498241736358981 -0.0788621578781075 -0.0279148325399007 0.0553699572259362 0.0194297797091467 -0.104661528396817 -0.0478636230979448
TR09 0.12783672802916 0.0177386542904826 0.0104245113710202 0.0226764869565561 0.0378191622276481 -0.030818858307018 -0.0305724116698063
TR10 0.0818682388070547 -0.0455815541798878 0.0696666181303417 0.0719024825980723 -0.120106982091439 -0.0610316780152717 -0.000234314804296028
TR11 0.0696903628187116 -0.0129422987926298 0.0373477302744041 -0.0217775084032642 -0.0125516490701599 -0.0734020130832979 0.0171270879205632
TR12 0.0229860071928692 -0.00794912181706679 -0.0104165226951409 0.111533315912509 0.0653527177451291 0.0706633566811328 -0.0192660404611726
TR13 -0.0154834949790924 -0.00290242720770856 0.123365152905444 0.0319994044948425 0.140768802996863 0.16770751269931 0.00424050458599871
TR14 -0.233183141591141 -0.00406621880530177 -0.106328712968593 0.0644850509906191 0.0701037610926971 0.11263983956916 0.0424809419555499
TR15 -0.0296375679360501 -0.0840916336634206 -0.0459927981336899 -0.0206191404226598 -0.125012528921705 0.00259550125691552 -0.0743858922564494
TR16 0.0104230106158559 -0.0876591266791897 -0.129083473365572 -0.0585627774165235 0.0570770656051474 -0.027796211701913 -0.0643706489425419
TR17 -0.0250944819178748 0.000916077114839226 -0.0891349526816329 -0.0197242497092311 0.0259660509113177 -0.0599240970628469 0.166379080623221
