sample MDS1 MDS2 MDS3 MDS4 MDS5 MDS6 MDS7
AN03 -0.00136793145988556 0.053855360369819 0.0407293278257638 -0.0328255845734099 -0.00783134011971376 0.042914344627896 -0.0197731704540758
AN04 -0.0592072584632203 -0.00601816967378324 -0.0528168482936557 -0.0249057614132784 -0.0114923798495365 0.0141007062015357 -0.0743698496745313
CS01 -0.0757210554157733 0.00585980876387888 -0.0368773292850315 -0.162167172054992 0.0329803382837778 -0.0584007712830363 -0.0292894837014593
CS02 -0.0746829115533084 0.0156920515879957 0.0426305715532133 0.126447311483979 0.059620945303581 0.0499825252428505 -0.00594211071918571
CS03 -0.0387593320989286 0.0534867237274486 0.00438110299498085 0.0637295967229739 -0.0279322668137589 0.00481224193759618 -0.0198878343336538
CS04 -0.0429984979625747 0.0389064264111285 0.0223271500052832 -0.0164967499054847 0.0843704731408178 -0.0799385946196527 -0.0834446881867289
CS05 0.0359437732061818 0.103421686131793 0.0715416406289154 -0.111842466822653 0.0208076593101026 -0.121736620266977 0.00388107448804201
CS07 0.0732657535216009 0.0242957202500386 0.122162818754223 0.0106724198318811 -0.130575258875114 -0.0890416785381347 -0.0521380915884794
CS08 -0.0496117071666301 0.387312039230079 -0.0327139591065031 0.0922173739762422 0.057362446035117 -0.0106378396671641 0.0684660650021962
CS09 -0.0745459594830658 -0.00444819897551391 -0.0533862253027766 -0.137967411070356 0.0200926298417852 0.0179918866555951 0.0251582914313867
CS10 0.00439384091666906 -0.062761790255138 0.0411867904099183 0.0996388661379434 -0.0208517403840576 -0.00101506655779482 0.0163266453801222
CS11 -0.10349480089218 -0.0522825415900945 0.0307137228504653 0.0681051122021507 -0.081983696888925 0.0574635429370005 -0.036862851272749
CS12 0.0529726775259313 0.0430526383865414 -0.000745575718401476 0.0376112334727228 -0.063225316775977 0.0740195921692887 -0.0246997769659964
CS13 0.0175551806657604 -0.0951389114642747 0.00513401503815128 0.14255082369841 0.0211627266111682 0.00849108830797437 -0.122899189902218
CS14 -0.0384008295519872 -0.0268710285391977 0.0418609843815551 -0.0518952178458591 -0.0304968148664064 -0.0163022676380299 0.0283380906896138
CS15 -0.0334302475407643 0.034635545866264 0.0581515576278642 0.0157601042596297 0.0224549714247546 0.0155885675074806 -0.1466093935686
CS16 -0.0484099683247825 0.00263249548655185 0.104983038305893 -0.0278809868545878 -0.0678039407779135 0.143115496257346 -0.0126028461456094
CS17 -0.132730478390008 0.0483587160620695 0.0149152606719609 -0.0534673935669769 0.0818295821942523 -0.0640188044098222 0.111451292748473
CS18 -0.0220339739602768 0.0149540803944582 0.101446989875088 -0.0671318394533259 0.0550449702397912 0.0820170965892379 -0.00478900247747233
DK01 -0.0379335046698686 -0.0677361658570653 0.0196591663175042 -0.0168280089241507 0.00482074820804127 0.0473880659794707 -0.0419546217114696
DK02 0.0511893193265595 -0.0206054555410802 0.0450919840813475 -0.0532522070797557 0.042930655945831 -0.0807806686322263 0.0606627901813003
DK03 0.092223421627725 0.00294648819564724 0.120901883413353 0.00171422432225558 -0.00900699467753655 -0.0708660587231107 -0.0425863998964168
DK04 -0.0441526660800117 0.101745984773452 0.118744822508938 -0.0226505929748335 0.171797023622054 0.0594251702941335 -0.014705850703815
DK05 0.0158905368306129 0.547023471964029 -0.0107465515939615 0.0926480725872868 0.0836234349869251 0.0577155333329444 0.121665667489646
DK06 -0.00137150634745746 0.0404072525309402 -0.0577278878480321 -0.0136998245394543 0.029434421311997 0.0827185721696549 0.124144017936274
DK07 0.0501790917022362 -0.0630595900071842 -0.0114956180396148 0.0596787264860967 0.0370959788859102 0.116491060566557 0.0573306073067318
DK08 0.0995200866716691 -0.00106975586029752 0.0167686309052977 0.0569703603645524 0.0665914327033915 -0.0577861567928526 -0.0398422024441159
DK09 -0.037460966074634 -0.0313736620397046 0.0162355946624234 0.0681311771521291 0.0111609090769678 0.0167556563491881 -0.0235120011136765
DK10 0.212897085608504 -0.0726212805791184 -0.0408705105824607 0.0325645399810075 0.0611224337262261 0.000643134623324937 -0.00894507699808498
DK11 -0.0860393850276877 0.0309230555690455 0.0635438630521289 -0.048848512738325 0.00614977950776407 0.152613557715475 -0.047155609489084
DK12 -0.0676855188033524 0.0436707142638973 -0.00267974536268438 -0.041239235441269 -0.0102667360439271 0.0499401035566469 -0.0438462013211292
DK13 -0.0151363634353593 -0.0415218283351405 0.0380730717059449 -0.0492148507068209 -0.0611573827962101 0.00782208678495272 0.0163549095556372
DK14 0.0710329653454415 -0.0364788284792697 -0.0214843730106564 -0.110946306675809 -0.13600332809166 0.0456135714936522 -0.00267492848622117
DK15 -0.107294601230891 0.0491173944910024 0.0744707795668159 0.0511216726062357 0.0458567627685957 0.0271219078427526 -0.0531189936541527
DK16 0.0279805333838391 -0.00683801136201905 0.064233610816005 -0.0712034338309845 -0.0199796022159879 0.0175921680466319 0.0332926690887979
DK17 0.0442225242571611 -0.107954943988195 0.0575845743332775 -0.0178140112107421 -0.00951205405505992 -0.00111479744624816 -0.090243171703928
DK19 -0.0337979963264594 -0.0108485517811371 0.081444286765092 -0.0724532140430945 -0.0651285213194272 -0.013477147619716 -0.0306018785470191
DK20 -0.0667546304812021 0.0108378002212239 -0.0286341175941279 -0.0652225003464036 -0.0240125085041928 0.122923099722143 0.0400600253855623
DK21 0.0360567251719949 -0.0752694317662517 0.104669072067839 0.14338465443675 0.0658209064386137 -0.0202879662220351 0.0207229494348401
DK22 0.0421587699195971 -0.0618702162248352 -0.0428869268502228 0.141345719568219 0.0176115010505729 0.136196536787438 -0.019708726534994
DK23 0.056658079174401 -0.0281873267588008 0.0840776845968661 0.0436443098712201 -0.0228631320061721 0.0534504378357067 -0.0542928964614687
DK24 0.0459404574912534 0.106859683272684 0.0267407475443337 -0.188066992400443 -0.0525708519276908 -0.0368543913143981 -0.0904255075094681
DK25 -0.0326348116764945 0.052038428717947 -0.00526966661220914 0.0190997509624145 0.0791015955116197 0.054577776987891 -0.0383066527202862
DK26 0.127451722878686 0.0341485351334619 -0.011961867237735 -0.0203107725502316 -0.130806564708808 0.0017130476117956 -0.115803817669911
DK27 0.0901911955167523 0.0122474371675107 0.147706211729818 0.0128169941863765 0.0673684323330667 -0.0169500305016646 0.0536014488195988
DK28 0.147422507469329 -0.0185966460635303 -0.105251379482382 0.0765405997767554 0.00755226050435275 0.0719263853981081 -0.083861029993423
DK29 -0.0934099427094607 0.0211308553788154 0.0352272847454237 -0.135863569267233 0.0596110119762831 -0.0258576642268824 -0.0494412962804637
DK30 0.144627391622136 -0.0742899432606758 -0.0252230767675974 -0.113521022018925 0.0534796297551476 0.141371278260453 0.106408678231643
DK32 -0.0362095921781668 -0.0723969624014456 0.0412840217568482 -0.108787223773702 0.0265575803818509 -0.015458122024956 -0.0550176798910745
DK33 0.0969513665773496 0.0591868177597011 0.0939764820781152 -0.169379499645903 0.0232794121509208 0.00785618680493328 -0.0291175704521717
DK34 0.0475421551251195 -0.0409749965309463 0.125498819743928 0.0690818333267796 -0.0131939174095592 -0.0217238761490523 -0.104757767442862
DK35 -0.0358874700790973 0.0452474361399961 0.143197410881306 -0.0235079200121752 0.00524413363267191 0.00695124543574802 -0.0938566586682795
DK36 -0.066324906600885 -0.0259459795851759 0.0849828093030793 -0.0657973365395681 -0.0694615426663107 -0.0596413560976529 -0.020672351077798
DK37 -0.00676399559459096 0.0123954885072361 -0.0686372110288251 0.0287230614310685 0.162306423644899 0.110766714998965 -0.227695769947499
DK38 -0.00425618982280944 0.0313897344370598 0.0404674530104352 -0.0517162820840545 -0.0134277242796105 0.228737105050577 -0.0189170641685481
DK39 0.0283370070858458 -0.00107813977488407 0.129080346572621 -0.0387587856186867 -0.0376694064705118 -0.037290372315728 0.0208038169683055
FR01 0.072293358291541 -0.166458650725944 -0.0921222557593886 -0.0744687081747347 0.114038174641056 0.0489895498004462 0.102200337465249
FR02 -0.0564165636108204 -0.0583300057769855 -0.0445287004166258 0.00748460103246922 -0.0521778121028447 0.0373394362043404 -0.0300818705489441
FR03 0.0129895812213038 -0.100961198548822 0.0900896898699631 0.0368655747792543 0.0513923362354748 -0.062426663420807 0.0284369823302523
FR04 0.0689340210601895 0.050467328218959 -0.0254462779449858 -0.152078410745324 -0.0484155681372182 -0.172632429462072 -0.134201752868685
FR05 0.123387826648475 0.0687762534532728 -0.0821112306224733 0.125514927370676 -0.157953213760359 -0.0801186189792684 0.0369759870888583
FR08 -0.0423235397631231 -0.0113832328389936 0.0443103943695419 -0.0872630970276356 -0.107298852179295 0.0888710150379954 -0.0539634842754865
FR10 0.0422884764583624 -0.0578993524565092 -0.05023039710032 0.0918145436731681 0.0149024464975577 0.0346507264068488 0.0729145803835667
FR12 -0.0382458977648932 0.0174502275716173 -0.0740579456567394 -0.0696632536684296 -0.00805946716887808 -0.0303539233665101 0.00714042535110196
FR13 0.0723437772330147 0.0727089808043409 0.0912590253147822 0.0406787608725224 -0.154218137879175 -0.0437724759868298 0.0518426046851524
FR16 0.172871091082425 0.0373931320732361 0.0238500577585187 -0.0422882360446237 -0.00965288894514374 0.0288478881018837 0.0288501920071097
FR17 -0.0298846668817811 -0.0765080951906269 0.043219416378049 0.0312736763905922 -0.0676633095203165 -0.100411381062599 -0.0501158604143168
FR19 0.0471273477775702 -0.0271749062848523 -0.0215049841623417 0.0455762466354597 0.0315977175102856 0.146968834611708 0.0318324193430855
FR20 -0.141988819394952 -0.0551209364912408 -0.02811036992767 -0.0377077563549385 -0.0358500258328109 0.00354673642127406 -0.0503241798298977
FY01 -0.013184722847123 -0.0526019965850681 0.0260832000064199 0.0186849061077184 -0.0330952671448557 -0.124529809547375 -0.00575968459110715
FY02 -0.0648741968124924 -0.0616230507398754 0.0766376489623588 -0.0318209211375215 -0.0346707034321006 -0.0108516023269659 0.0207023718806511
FY03 0.0490082313426126 -0.0390546336166495 -0.00404622351857515 -0.024994824870538 -0.0376413144026048 0.109850134986116 -0.085209373635941
FY04 0.02111706135695 0.11579638212171 -0.123827679644173 -0.0854474181500576 0.0831498275711847 -0.0533724620752027 0.0720919679809095
FY05 -0.00352268661496268 -0.00870668333389625 -0.0958890823626259 0.113442250935447 0.0677676280262002 0.0173494114962789 -0.0233297918120105
FY06 0.00769934788676855 0.0176048839636401 -0.11402751220861 0.0517507349498809 -0.0574085256196583 0.0222469846813123 0.0195778302677838
FY07 0.031117292971375 0.113313189907757 -0.042997796673322 -0.0634727424021414 -0.0647991433340656 0.0697599896675936 -0.0220533525132224
FY09 -0.00686716843395987 -0.0468077366558698 -0.0286294215897319 -0.0943395076734665 0.0548133136611946 0.0837647953798479 0.0140913268160854
FY11 0.10862843005322 -0.0231020981822334 0.0384098473450594 -0.0554842434571966 0.00699380236221693 -0.0221353270314581 0.0786970766070219
FY12 -0.0841236378951156 0.0547538437807499 0.0629593998637568 0.018340480298998 -0.0441713145600172 0.0868941027898039 0.0670942013298878
FY13 0.0670718999008394 -0.129330346705799 -0.128235959475633 0.0794889752964297 0.0490512301117173 -0.176580206504484 0.00289749968559631
FY14 -0.0742346585472992 -0.0221243808717231 -0.0304855208177915 -0.0264223526482271 -0.0547719480944802 0.0921120928213645 -0.0120726400237607
FY15 -0.078513572115735 -0.0351647783154383 0.0702640866976539 0.0380824514793998 0.109787129436985 -0.0274780700686221 -0.0199169380353376
FY16 -0.0141594359662024 -0.0722875760059451 -0.0431467310496285 0.00599495718131242 -0.0863261670684712 0.0588680029618869 0.0100170249363187
FY17 -0.0436019246766459 -0.0231847724323093 -0.0227813192656978 -0.0354852784791549 0.0842281965182934 -0.0664355613452899 -0.0863623561723673
FY18 0.0375913611175091 0.0122789866727677 0.0123742630103694 0.104524750579966 0.0711975719648029 0.0307607455732086 -0.0827493873405397
HH02 0.188071787073542 -0.0308639939175947 -0.00198768985029882 -0.0693674408493624 0.019086799406865 -0.0161936682634256 0.120161315175998
HH04 0.0602252864097968 -0.0356782379576363 0.0751464464281347 0.029565955798867 -0.00878909157603599 -0.121288414707338 -0.0264226693872109
HH05 -0.0282654101171346 0.0147755617560482 0.0130102650519341 0.057585632283545 0.034376578909291 -0.0663280122439173 -0.0736884822202244
HH07 0.0297582676339078 0.10810630358603 -0.0233935089726953 0.0363752379990652 -0.0858783950980871 -0.0350777301158104 0.0123812548299735
HH08 0.058400238517099 0.0232193958114224 -0.0327672319820871 -0.0182451015692256 -0.00876864301325776 0.00891922953437948 -0.0641444976979328
HH09 -0.0504772233137657 0.00509380378559214 0.025598814611499 0.0765316703032036 0.0162726608992311 0.0162480369504667 0.063618626663698
HH10 0.0622057181469404 -0.0463023255062458 0.0532197824390128 -0.0613759403552885 0.155379521060384 0.11254670952636 0.102143823607273
HH11 0.0583808275471417 -0.0443929241793464 -0.01716268301598 -0.0353484452831178 -0.0102428820471583 -0.127999399123994 0.0144503883567131
HH12 -0.0027084677415289 -0.0147699102616827 0.0141072166816423 0.0686602105072852 0.10750330682096 -0.022436129594862 -0.0217224890047867
HH13 0.0265438521458495 -0.00629789714081018 -0.067525696944869 0.005021805136666 -0.0487014872302335 0.0021335149096249 0.0220143982575331
HH16 0.000946953420355874 -0.071847884210142 -0.0332784250321883 0.0256092353762395 -0.026846426684411 0.115401792196477 -0.00135802340665751
HH18 0.0575149436823331 0.00775308577589312 0.0883145367641587 -0.0551053357537702 -0.0648042943488486 -0.0781570130007183 -0.0461222016384363
JB02 0.0521977670233208 -0.0586123108449011 0.0694242574811087 -0.0519585809414799 0.0700629015285283 -0.0251646887650372 0.167143686785211
JB03 0.0106609805246315 0.0475375543689667 -0.102003958015151 -0.0480668713556995 -0.0540880282281862 -0.0656714488678346 -0.103078632822689
JB04 0.050485227250156 -0.0556732326464743 -0.085244041885354 0.0372388496986985 -0.0589059932219048 0.0855701949477288 -0.0613280752367781
JB05 0.0444104332626253 -0.0525459374812554 -0.085197828132215 -0.0346643650799679 0.19485504592636 0.0292519029664089 0.0613184789131905
JB07 -0.0103392366661889 0.0203525137888178 0.0444056379572339 0.00949652259425134 0.00215509090408072 -0.00252148399385628 -0.0470038424638302
JB10 0.0914527135470836 0.0262652880835168 -0.0466029713048113 -0.0053868222563016 -0.0396859283845616 -0.00372814099680049 -0.020557263509933
JB13 -0.0308525777592046 0.0344137375023732 0.0682661511379707 0.108745566543523 0.00308963112812623 0.0406996477860688 -0.0820733437437513
JB15 -0.0853761905824584 -0.00167453506115971 -0.155973162211506 0.03096121856167 0.0342032700313592 -0.108053094045411 -0.0367759350512764
JB16 -0.0788859595315859 0.0295719713615771 0.00599575905302051 0.0299880461654467 -0.0408533141403491 -0.0115838030641868 0.0203785831430711
JB17 0.0520547642567975 -0.0161904959428379 -0.149338538481688 -0.0100779759572917 -0.103306254431098 -0.0809679557497687 0.0531769788347733
NB02 -0.0610392865236924 -0.019051037425657 0.0180902071540119 0.073716814988433 0.084273378942031 0.0123275401589883 -0.176065177212961
NB03 0.0384482293684518 0.00825086064012169 0.032070049769074 0.031720165702844 -0.147784876416185 -0.0284769735592329 -0.0950466005998598
NB04 0.0106141478459667 0.0162512731146556 -0.0142580151569767 -0.00118312995777926 -0.0444049448010146 -0.0566192891222167 0.0436051126103314
NB05 -0.0612111028273972 -0.0357733843902956 0.0728436458469743 0.114191433367574 -0.043096317422575 0.112329304149572 -0.049926751423336
NB06 0.0025652187252883 -0.0696308478636908 0.0675510212187183 0.0682380494648945 -0.0258806921015577 -0.101599682053732 -0.0930588450817327
NB07 0.118998080503905 0.00760630721078156 0.0395498341299528 0.0486958207766626 0.00354932532237088 -0.0682321485749905 -0.0428374311407208
NB10 0.191888274142994 -0.0421776556902822 -0.0401337976834116 -0.0188986659804513 -0.136913308385631 0.0342844606946541 0.0514610668606482
NB11 -0.0149204711299448 0.0463450513556286 0.0107180489400268 0.131168009436611 -0.0188270245801323 0.105260578995317 -0.0584806240601296
NB12 0.0356427213090276 -0.0393636496942453 0.0943376070459082 -0.0635753671254778 0.0475904202304624 -0.0515403805154969 0.0201681937085706
NB13 0.0226039881836484 0.0214764880447987 0.0767618555611688 -0.0675825211309392 -0.0553656423943009 -0.0782943250729254 -0.119528026153547
NB14 -0.012973804403068 -0.052298478959254 0.152284509555738 -0.0139436890932593 0.10536149142109 0.0755678140471099 -0.0245067160040341
NB15 -0.0533397409714522 -0.0283104607467841 0.0241310328040215 -0.0228694145261507 -0.0383843107385183 0.0215750829347329 -0.0766584990220789
NB16 -0.12858426243257 0.00791902556090674 0.0121063358821293 -0.0802079363099185 -0.0407164357548864 0.0371635240250625 0.0175076140105119
NB17 0.0021907039360077 -0.0140640704705169 -0.0474558319722119 0.050673262597277 -0.00335406150420305 0.0499696947219727 -0.0330728264318982
PA01 -0.049556399171319 0.101026611886697 -0.0865593943199409 -0.048435308892469 0.0561471146097396 -0.0382675283673349 -0.0716875642107654
PA02 0.0118921660066553 -0.000429131142381616 -0.13371576140037 -0.0992403631667896 0.0590457214035878 -0.0435352357407389 0.0281239130399883
PA03 -0.0436099632840053 0.0116521093423323 0.0167650450772109 -0.079321479962119 0.0787678739403884 -0.0542666832198143 0.0447107450065343
PA04 -0.0491251504488377 -0.0292276669543744 -0.0178202148688826 0.100898663893592 0.0174262000404489 -0.0882714287510592 -0.0130228897022726
PA05 -0.0857287145574951 -0.048455557490753 0.0542525611724236 -0.0367558428659759 0.0346385106163115 -0.080204883055379 0.078226997115173
PA08 -0.0780692219530177 -0.00830794015946495 0.0132049295314355 0.0997004842773167 0.0407231208407139 -0.0010165870372004 0.0812473924812084
PA09 0.0509282402174281 0.0991733087753026 -0.0551622688530458 -0.0802552254315936 -0.177680792698586 0.015953661581444 0.0648730718268595
PA10 -0.0424333243622861 0.0707021152303986 0.000328529922403277 -0.0219763866084599 0.0584433385028619 -0.119002644055116 -0.0572423757747062
PA11 0.153142467633885 -0.014226457277808 -0.0126037702424409 -0.0240125069404398 0.0726585330172433 -0.0860790829977096 -0.0405010006198171
PA12 -0.000473184192073062 0.0183366532682785 0.0480410506803877 0.0680484019455197 0.0353536958803418 -0.0764872562708061 -0.0819009688976591
PA13 0.000515317479024102 -0.00150714999128023 -0.0131645710869585 0.151018269177813 -0.0195457795349789 -0.0659778863069037 0.0823164279164692
PA14 -0.0857803196382608 0.018622457324109 0.030799214790352 0.119785187705859 -0.09524645197122 -0.0337661589887993 0.0817065800820654
PA15 0.0158605010450299 -0.0479859910644186 0.0420400579141252 -0.0956901162596514 0.150637765619809 0.0529742401072023 0.137953485805631
PA17 -0.0100746889844982 -0.0545155603803568 0.0597945921371644 0.00365923985528965 -0.0117510973016942 -0.0395463278136104 0.042429452142616
PA18 0.0509670674834405 1.30829038631054e-05 -0.0636876026051501 -0.0882411189760072 0.0216010424465224 0.147873489390366 0.0990785928328678
PA19 0.126053723727947 0.0978245865708591 0.125690295762178 0.0703337557165048 0.1101735068127 0.0360651311222932 -0.0277158854306976
PA20 -0.0476258863064509 0.0637032940334003 0.0547630845437835 0.0436091854520836 -0.02378356890314 -0.045291915838793 -0.083776790515433
PA21 -0.0155044324924485 -0.0313719797184748 0.102761477449341 0.0638708246877168 -0.0735534161156191 0.0279961371081217 0.0526372634503561
PA22 -0.0215187669316057 0.100329238014145 0.0733944308838765 0.00309242483497023 -0.106289123505743 -0.0279394711172765 0.0748639874478511
PA23 -0.000718708948862673 -0.058059093459253 0.0183059258051037 -0.0636392154918897 0.0124257623267931 0.0353714163260656 0.0510384832428465
PA24 0.0408615092163436 0.0483490490973295 0.111818135472327 0.0766920246371465 0.207002693445204 0.0573752656363677 0.0224825183376759
PA25 0.0115867057487433 -0.0431837753512478 0.0106196373228202 0.0932194995576742 0.000407393277159588 -0.107300904369872 0.0240617935255594
PA26 -0.00132320285611012 0.0369806262956887 -0.000753110675343034 0.030837855706686 -0.089069682099383 -0.0235596931273323 0.0408539911107476
PA27 0.120990501969935 -0.00243802365286713 0.0212718512022686 0.0615705911188316 -0.00426179275088061 0.0213075914560083 0.138944377598452
RB01 -0.0645182823593323 -0.0816343065426987 -0.104715895592926 0.102409948660479 0.0977703984691573 -0.0610831938327489 0.00757482981310973
RB02 0.0874834852413195 -0.00952638878310309 0.0170150240773296 0.0972911592102443 -0.0313787246084925 -0.0105047988829992 0.205811253924319
RB03 -0.0454800889813545 0.00157036885100615 -0.0414418005073143 0.0494978273917744 0.0611181929427306 -0.115380124674216 0.19359585286997
RB04 -0.0546942482346253 -0.020698358596496 -0.0946270016179509 0.0375958691146609 0.0582666942103214 -0.0308936669947904 0.0615698377913512
RB05 -0.0288547838664371 -0.00500734959853327 -0.0431745344813669 0.00207638357538204 -0.0643976025904747 -0.0202971218241302 0.0649489572309082
RB06 -0.0392502566164381 0.0118641387242456 -0.150903269255684 0.0156732736095807 -0.0771860947327398 0.0849800432963858 0.00453883839272864
RB07 -0.0224729857193542 -0.031816999377447 0.0625936433654104 -0.05156669033708 0.0475832815156503 0.0697240906556081 0.026895029188117
RB08 -0.0760824721255668 0.0191842926110522 -0.0240526352884016 -0.154900376851918 -0.00767199892998618 0.0173699999247284 0.0487216766871479
RB09 -0.0657465292240921 0.104547273076227 -0.000659254970241084 -0.0156068719352308 -0.10851831690712 -0.0132213285990925 0.0903325294944822
RB10 -0.0163765664564594 -0.0305780552550303 -0.0550273359570909 0.097449124563148 -0.0694684695297379 0.118919131341858 0.0679996292223194
RB12 -0.0453157461243185 -0.149396655374892 -0.0287323761839492 -0.0261939401106118 0.0249491993644865 0.130160535822679 0.0407154142520805
RB13 -0.0710349689299116 -0.0211368377270378 -0.0718813890257357 -0.0448698466937096 -0.124096070581531 0.0399298841928466 0.0237944407691566
RB14 -0.0167748551507459 -0.00551923784802772 0.0283723956650278 0.00297577361948277 0.0186579404831585 0.00805921203014676 -0.0179226095221384
RB15 0.0320179669194496 0.0203547068441681 -0.0142177976267218 -0.0909953940931 -0.117983002835554 0.0478776724318826 0.0139126034690108
RB16 -0.0825776482290653 -0.0383928705955789 -0.0800693580499473 0.0955988030897564 -0.00495265968585271 0.0431849858763015 -0.0574434070701172
RB17 0.0658691845081647 0.127225596951922 0.0261925871911195 -0.0917097002676418 -0.0477968062964954 0.0229713396315559 0.0116225856264881
RB19 -0.0637154642086259 -0.0820543182724411 -0.149619954405115 -0.0935858343620823 -0.0492347402991296 -0.0139832025802357 -0.150400466840664
RB20 0.0287844488163929 -0.00105775837312492 -0.0495146782336025 -0.0113027143501308 0.0659957442815362 -0.0138944192774888 -0.0849600603912757
RL01 0.14996614759763 -0.0266273557234614 -0.0333005033881542 -0.071230948978788 -0.0508664193597255 0.114230456782551 -0.0336356692011472
RL02 -0.0207402980023852 -0.0192753931983505 -0.0626378416364872 -0.0472782809029951 0.060889325629624 0.0654980079217843 0.0322956369467798
RL03 -0.111460979304689 0.0144414710139302 -0.0508434877986667 -0.01964385021718 0.0274210043994342 0.0477419008726825 -0.089810764506708
RL04 -0.0626478821715725 0.00172117702531585 -0.0588623213639488 0.0642178047490672 -0.000738614069672799 -0.128144100012338 0.0376228083062013
RL06 -0.0852129131881364 -0.0565572024488088 -0.0504196972212972 0.0629423600760353 0.0406251197478272 -0.0919143731538011 0.0426460087261629
RL07 -0.020341937328081 0.0724866287283405 -0.0570851589843941 -0.00317585182100443 -0.00647851279522133 -0.0306122063055317 0.00835273132195314
RL09 -0.0628132119854164 -0.0140079793851342 0.0258507994807208 0.00366904622479271 0.00474324976324892 -0.0672278633786637 0.125357889087924
RL10 -0.0495889747788642 -0.0557865479045182 -0.12846992003576 0.0615232701107852 0.0122153400322246 -0.124350419394378 -0.0712938981962542
RL11 -0.117943480745279 0.0100614135817687 -0.119562196496209 -0.0399811377666644 0.0696407108930476 0.000459745324111693 0.143610743017368
RL12 -0.00208870085016444 0.0967188216411167 -0.0864816386559035 0.0475431997696376 -0.0252639080066608 0.0089579585647207 0.058450457048611
RL13 0.028296155212447 0.0886019022509899 -0.15582766273135 0.0318407532743088 0.0914472954285326 -0.112843204939884 -0.0116102179423036
RL15 -0.152512680917542 0.0157030232726832 -0.0885273636453992 -0.056443316835355 0.0595003227185949 0.0210733580975712 0.0479518394124954
RL17 0.000833021528572937 -0.0420225075067326 -0.0203905233258507 0.0573001075629866 0.0285698227896125 -0.0400746806979959 0.12435258838443
RL18 0.219137887006781 0.0282587746751895 -0.0178702195454502 0.0240583343878709 0.0495536959163369 -0.0327723384389473 -0.0300477231234259
RL20 -0.0079240685188741 -0.000626133824953671 -0.103658902848673 0.0631596225813947 -0.0968104380534998 0.0323960066634537 0.0453504064813074
RL21 -0.0659627029016593 -0.0280291925257721 0.032250218976796 -0.0125097122587169 -0.0169963366496385 -0.0865378335882942 0.038743859965247
RL22 0.0544766998852791 0.134226672523047 -0.186822854548681 0.0161720532394143 0.154792358367985 0.123100781606484 -0.23809384465548
RL23 -0.0379373837366996 -0.0271986858808918 -0.148987936860505 -0.0665610358400381 0.0485798097942186 -0.124918367714107 0.0383921023170199
TR01 -0.0509884635914135 -0.0612639366442681 -0.0332584784701728 0.0128782195361783 -0.095326109721877 0.106397737618107 0.00125933399875962
TR02 -0.0596859565819471 -0.0284239183450243 0.0278632993022334 0.00483191273398532 -0.0384863933680139 -0.0115457435803952 -0.0385934070731706
TR03 -0.060953592887454 -0.00480748255503688 0.0372270695843187 -0.0423441640215945 -0.0688048231922936 -0.122781015286413 0.0158569561075426
TR04 -0.116956306334891 -0.0440486300558947 0.00762837514095633 -0.169039303996055 -0.00648198701041549 -0.00605552078759276 0.0310146308337943
TR05 0.0114524347579352 0.0389162511259812 0.107336772694707 0.00383888167888413 -0.151025310271438 0.0294400550890158 0.0905711277462422
TR06 -0.0618022829970684 -0.0259062667655169 0.201051562191542 0.0542042143416122 0.0510945729486904 0.0190960820094434 0.0461617675840688
TR07 -0.00460928365618453 0.0228961683502556 -0.0233146239872934 0.120383536602835 -0.0887480668531379 0.0167927336020521 0.0416596411823273
TR08 0.0139445539653053 -0.0930891171379213 -0.011221004523394 0.0044065180239897 -0.0919025850873002 -0.0530888499404639 0.0718227313123413
TR09 -0.128625192890716 0.00690761206894908 -0.0148984368468446 -0.0213496648508966 -0.0531872435749243 -0.0641938010511632 0.0402314156234335
TR10 -0.0727203656808157 -0.0388610991877201 0.0524526923361065 0.128929768146365 -0.0698832868213811 -0.0319896225529707 0.0440285363936073
TR12 -0.023194381126104 -0.0430509196990699 -0.00325677189318408 -0.0274292137283702 0.0749238408593045 -0.11276800530993 0.0137611856019626
TR13 0.0132300037890448 -0.025791675828334 0.12802231419875 -0.119105805473784 0.156314992663721 -0.0717062311924362 -0.0249663673469512
TR14 0.235393817187036 0.00193850937547495 -0.096497373786151 -0.0451933770462673 0.105663508994108 -0.0607180087257375 -0.0624156851889076
TR15 0.0258420876519256 -0.0667897712480677 -0.0342845790141011 0.122275724915516 0.00257964259073692 0.0630131255659289 0.0511515495915501
TR16 0.00968466057285655 -0.100134164124549 -0.119963871675423 -0.0740390695622513 -0.0132681262957077 0.0455290899855391 0.0189864780060727
TR17 0.00802697260651457 0.0308082648805041 -0.0884641989580188 -0.0108990758484872 -0.114110957942308 -0.0164715417744152 -0.169767131282154
