sample MDS1 MDS2 MDS3 MDS4 MDS5 MDS6 MDS7
AN03 -0.0340626867498979 -0.0434467669417842 -0.0566724519421833 -0.0200852786961335 -0.00415452679775525 0.00757128905335008 0.0632395703109526
AN04 -0.0168645048606981 0.0354875395815878 0.04007141519361 -0.0278080483063898 0.0127197648163115 0.0453030951809888 0.108573088108056
CS01 -0.0468553535912437 0.0483832547067797 0.051819217600561 -0.059322102345165 -0.0604797923095943 -0.159180248485964 0.0964685869625604
CS02 -0.0823351464659159 0.0425010376315786 -0.0185595950316141 -0.0101155993661353 0.134895392855571 0.0786263027325704 -0.0999090725305304
CS03 -0.0680477866451323 -0.0157563317218061 -0.0165458347829354 0.0321683541347009 0.0328429757746438 0.0473763687706333 0.0100270462406051
CS04 -0.0517253354043187 -0.01025749855835 0.00867095927195329 0.00171921864961176 0.0914775109459291 -0.0605877121899977 0.0896501550941281
CS05 -0.0403642122949874 -0.0905305952832207 -0.0586187942547047 0.00891300956987962 -0.0511588028078586 -0.146711750528644 0.0591888983314025
CS07 0.0173587135531991 -0.0723410307876052 -0.123743673724086 0.129562224652132 -0.0586819041053341 0.0612306411462722 0.091557553988123
CS08 -0.269919399347216 -0.281981991714871 0.050876833441839 -0.02597766070154 0.0645773574215972 -0.0194007911445878 -0.0847458892058802
CS09 -0.0295359032401562 0.0345769279349438 0.058535059682945 -0.102262278938754 -0.0536913595807033 -0.081639038987229 0.0142988004634765
CS10 0.0175336903995842 0.0470674450878888 -0.0520757638993268 0.0764272688344817 0.0430523730062466 0.0626907360624809 -0.0518268769774142
CS11 -0.0526625000863395 0.0825947091968821 0.0159968257230449 -0.00887820223890592 -0.0211879971174333 0.109663410227373 -0.000743386610346841
CS12 0.0221795573739415 -0.0687697939401388 -0.017286142820343 -0.0204446560078654 -0.0124702845657654 0.0776803907636646 -0.00599609357772016
CS13 0.0584519356096578 0.0530586005221001 0.0083087741827229 0.0600113580965732 0.173354199887753 0.112822076643246 0.0100913888781605
CS14 -0.013170035414783 0.0513144701650205 -0.0369024125380183 -0.0435471647702808 -0.0743732560465528 -0.0325504540339996 -0.0120560311752561
CS15 -0.0679171944347406 0.0086463983368224 -0.0444473368456876 -0.0237973707091914 0.0719270932345351 0.0280499357310939 0.126135877668662
CS16 -0.0525466361140254 0.0443373390222669 -0.133898257536661 -0.0942372477359343 -0.0473346817235357 0.0910048853488294 0.0359867442904706
CS17 -0.132170239766921 0.0371412858079466 0.0278983739413344 -0.02925362398319 -0.0255871964710799 -0.126219956687007 -0.0919868496560066
CS18 -0.0361352988323754 0.0139378056527297 -0.100837667330787 -0.115839854086642 -0.00356613574116305 -0.0493361446821923 -0.00526297040490817
DK01 0.0109218422503719 0.0756638605442335 0.00581653611022122 -0.0550218458552686 0.0129273693835255 0.0219076154317956 0.00902643732780987
DK02 0.0573202347722939 -0.00467412125590711 -0.0428883549085974 0.0326305649775856 -0.0158304263581304 -0.107619247607892 -0.0339983836558544
DK03 0.022674715009482 -0.0513196809694702 -0.115076683095399 0.0606497164474882 0.00713668180482258 -0.0262811357008896 0.0604237835050364
DK04 -0.100906250217343 -0.0440412881142275 -0.123973739223476 -0.110162048143937 0.133397949242126 -0.0810144972881609 -0.00891494943164441
DK05 -0.312379167058281 -0.452590334652774 0.0215005846315077 -0.0950297615718541 0.0460258489041928 -0.0108325402238445 -0.1368079248258
DK06 -0.0160653755746938 -0.0394105865802191 0.022743728882331 -0.0927005383401588 -0.0604847317932874 -0.0800366262192374 -0.0955723637883512
DK08 0.0776404045439897 -0.0659829966659125 -0.00865237623996003 0.0619987082513556 0.134760192528937 -0.0106737248601677 -0.0428927097427049
DK09 -0.0199869433504789 0.0302098142029412 0.0192094390228639 -0.00361043399884902 0.0620010031294745 0.040551468716757 -0.0372290096585833
DK10 0.210321932187238 -0.0927494421904399 -0.0227236542194176 0.0416789758546499 0.0705464886450206 -0.0391009052749901 0.0125147649182344
DK11 -0.0676782127620311 0.033306248149331 -0.0486508656810463 -0.160672020812626 0.0219789313464834 0.0550210280984506 0.0241566678389036
DK12 -0.0689768462647405 0.0116700357242015 0.00131320793375423 -0.06515206288012 0.00875061057659654 0.0232333338058737 0.0591391679796516
DK13 0.00601533402625729 0.0539241331626487 -0.0272754281468489 -0.0137768975867027 -0.0718831346220812 0.0204492752840112 -0.0184906812048177
DK14 0.106026214980296 -0.0188435384903856 -0.0171040178506547 -0.0504890264510508 -0.140834753974341 0.0558863215273506 0.0726494625916147
DK15 -0.137037176085907 0.0270412363120425 -0.0257008371255698 -0.0116732861879472 0.0913864584445583 0.0232488482588947 0.0230898056650567
DK16 0.000749558352517274 0.00770115842599353 -0.068188533932297 -0.033811951005152 -0.0480406299112147 -0.0215208007717344 -0.016548445628615
DK17 0.0879833126277835 0.0574008291385516 -0.0447399181490436 0.00502073667571628 0.0227190125184121 0.0272330332283805 0.0684180220359591
DK19 -0.0404184320225918 0.0422419592578047 -0.0784056709190596 -0.0034126395009992 -0.0777659737020119 -0.026999290410848 0.0890973200254105
DK20 -0.0462929182382742 0.0401293162811272 0.0163732721533396 -0.138872655847255 -0.0629573520637439 0.020787068003135 -0.0196803491612237
DK21 0.0295098308196663 0.043618711576162 -0.100320339548114 0.0933643307677505 0.125301882049438 0.0288642575915976 -0.0765434066685077
DK22 0.0861165271297895 0.0216455417914652 0.0292864190875511 -0.0529029253576291 0.10826277344674 0.134966555443759 -0.112713575663111
DK23 0.0520257945072887 -0.00612569915694898 -0.108177554473011 -0.0105645921223309 0.0508417542602872 0.0777293218695738 0.0273931595948198
DK25 -0.0567594490743032 -0.0156126670786909 0.0249509009663548 -0.0802405862811818 0.0838388057605697 -0.00591826471777205 -0.0417360582569489
DK26 0.0834200645289405 -0.111598853122096 -0.0140774136947034 0.0363188839818529 -0.0536992741421411 0.0710812032360607 0.140968548169304
DK28 0.146294860372184 -0.0763541370518328 0.0536333130993735 -0.02216861602281 0.0785032797883848 0.0818226021910541 0.0300288413580463
DK30 0.172444943066156 -0.0180959674553225 -0.0388563144886051 -0.145972419070704 -0.0760493077048099 -0.0704052169181049 -0.0985375256529621
DK31 -0.0891840192415535 -0.00674759684723713 -0.125800964604505 0.0550544438627801 -0.0485841038330855 0.0213920902056772 0.0202096922013907
DK32 0.0220110837157769 0.0880325037976282 -0.0271630053397756 -0.0479638543377689 -0.00761567703068982 -0.0533983132357549 0.0914058683087225
DK33 0.0441334411311508 -0.0750130729986584 -0.133769378271043 -0.0662988178872129 -0.0229127690889839 -0.0679914718528355 0.0717430837698787
DK34 0.0358898393667974 0.00221746088626772 -0.114535672727843 0.0800569737131082 0.110724603087278 0.078503723694358 0.0514431516648808
DK35 -0.0806227805872546 -0.000792835764090209 -0.140102181620973 -0.0020842638071354 0.0422341273944574 -0.0192795312460412 0.123350791542722
DK36 -0.0511844174332893 0.0708177797672095 -0.0595806425721036 0.0506081643785888 -0.0599551888472662 -0.0228817681160128 0.0795705752233484
DK37 0.0226833446173811 -0.00970613566949954 0.0496082761881378 -0.135636601962071 0.178239179991 0.00343579165561329 0.160539561860173
DK38 0.013554555284257 -0.0101605173770132 -0.0803792178074639 -0.20695637604373 -0.0150106968953852 0.0826685179214959 -0.0441794448600684
DK39 -0.00465883227456988 -0.00570344703664034 -0.151195072519979 0.054217506905932 -0.0311198269116762 -0.0319494683227049 0.00697720936035603
FR01 0.167500909101529 0.0918302259098089 0.0384150096586988 -0.0518845761297862 0.0188260781072527 -0.135230118396462 -0.0983167617851412
FR02 -0.00264759852462533 0.0662888660442768 0.0581486482452708 -0.0412122504840621 -0.0356898715482428 0.0446449950144822 0.0353593851844701
FR03 0.0423529181205523 0.0700836279426098 -0.0929270965796943 0.079875744652103 0.0488401814302513 -0.0439905371908324 -0.037056858642622
FR04 0.0311873297788616 -0.068740587974221 0.0381308740492913 0.043735646506237 -0.0630409283524796 -0.108485650273052 0.194232051053224
FR05 0.0470302037653926 -0.149918136051035 0.0626170647282452 0.169367777874853 -0.0638827784708591 0.110889302524122 -0.0324111064179339
FR06 -0.0539037296478084 -0.00689514432393371 0.0472556125413865 0.172914985444061 0.0594853180707402 -0.0199293927073703 0.0897542264418453
FR07 0.0289395294177787 -0.195307362435879 0.0309641546682153 0.130109768397886 0.010815464617332 -0.0472026959653349 0.0493639397867238
FR08 -0.0247801849675732 0.0444815857836074 -0.0404668877707708 -0.0974161047196101 -0.103267004158286 0.0608845279168351 0.0674988075693644
FR10 0.055782882983097 0.0073995154683621 0.0268849641547573 0.019412079659292 0.0138262740847274 0.0197634578557963 -0.130302772085633
FR12 -0.0188103679318966 -0.00818282331499792 0.0570901225397211 -0.0093804530227988 -0.0540054650251078 -0.0764946771171061 0.07969750702565
FR13 -0.0412838367342759 -0.0992707669650079 -0.103012587790483 0.114179235885235 -0.139881818112168 0.0450309771526599 0.024908354608554
FR15 -0.0648455657904854 0.0440051395095292 -0.0398361017246594 0.101412027638595 0.0553987964106794 0.0070749248591026 -0.0106354291051397
FR16 0.106421341449833 -0.143222047849623 -0.0650780482820284 -0.00659409922734379 -0.0370000030846811 -0.0331949700196138 0.00683321825260226
FR17 -0.0130457800763457 0.0624496858024074 -0.0230839411603839 0.114118847201331 -0.0166308792628285 0.00507750049627237 0.0576108150892016
FR19 0.0825016410929145 -0.0128900687070584 -0.013900455846401 -0.107598304716226 0.0578974231257408 0.0819842773278283 -0.0879777628935279
FR20 -0.0640987188684182 0.119337429774151 0.064970192416237 -0.0253073495366812 -0.0217884964338104 0.0336901934628524 0.065507128639169
FY01 0.00371293218771549 0.0540586546084773 -0.0207698301949689 0.11854458965522 -0.0215224878774454 -0.0384850743638113 0.0498512398086231
FY02 -0.0204835048838915 0.0930865354424239 -0.0562321072579718 0.0111702342288115 -0.0599012351559575 -0.0170470676835675 0.0155399779977912
FY03 0.0678399588701219 -0.0027272824215055 -0.0214296812549256 -0.0835484435773359 -0.00968783529672552 0.0567070240792708 0.106999505645902
FY05 0.0355665206189776 -0.00667084731933699 0.0914234652302312 -0.0314789309606163 0.0987060967838491 0.0423062872522711 -0.0607748609262322
FY06 0.023164111224342 -0.0260015798829337 0.0945739852390606 -0.00504614110759677 -0.0222194700642631 0.0858757922108786 -0.0279196573090071
FY07 -0.0202096020214997 -0.114617673691734 0.0349496026760079 -0.0836087541867061 -0.0547945294750261 0.0670707581731698 0.0143619898338884
FY09 0.0388457913332362 0.0524272061456338 0.0183438918289141 -0.12471077564324 -0.0170445899062193 -0.0336741630146827 -0.0184090488831903
FY10 0.0126733188158835 0.032920548512676 0.0960116204165751 0.00848536826112938 -0.0311364146799097 0.144585719322786 -0.000577525480458883
FY11 0.0900887441554015 -0.0421176710265267 -0.0750349176114307 0.00556273310677901 -0.0709671021775373 -0.0900920213920188 -0.0223391801697623
FY12 -0.0915818921358843 -0.00170343616564656 -0.062459233726075 -0.0538709121000533 -0.0459764523485476 0.0547442459779967 -0.0667991194032291
FY13 0.130504722333617 0.0455122580684498 0.116808167664061 0.185179030901851 0.0650439206027822 -0.0665025275851402 -0.0244905403692781
FY14 -0.0284564057492118 0.063831463658562 0.0210052722641904 -0.0721977520734878 -0.0451712475325287 0.0824661554136132 -0.00504191706763248
FY15 -0.055348595494902 0.0790552263381336 -0.0279414198636298 0.0148137519058924 0.12243077025269 -0.0238012723411895 -0.0239053438443945
FY16 0.0389222177935958 0.0561550518113742 0.0246856701964063 -0.0153161557045921 -0.0674008850191384 0.0584115730972107 0.0296345009702024
FY17 -0.0128266174708598 0.0453680910817076 0.0363731722026087 -0.00615125337080477 0.0751020933769582 -0.0953704661546404 0.0650897093383502
FY18 0.0190509522897804 -0.045210136490615 -0.0154184363696724 0.0166233459145502 0.142676827502162 0.0511020703139975 0.0377145283177418
HH01 -0.0926498975089374 0.0240823369508394 0.0819215134945191 0.0911131649106131 -0.120087372477694 -0.107956171938764 -0.0738278570726073
HH02 0.145230727817169 -0.0780352526269363 -0.0424575456754967 0.0138515278430169 -0.0641579956736419 -0.0889410449654406 -0.0725211421793955
HH03 0.0158793318335869 0.022171899636336 -0.0066243785948995 0.0225205690015084 -0.0326094765529426 -0.0673448305841951 -0.0460780535527629
HH05 -0.0304088028083374 0.00233973691517661 0.0164320099081461 0.0531028723007162 0.0803660092642835 0.0123916634766877 0.0347096854092761
HH07 -0.0407144616441092 -0.0940032711517906 0.0249233417359563 0.044458882819672 -0.0592619258187733 0.0567460182512082 0.024356614671768
HH08 0.0368994451410578 -0.0703811233958028 0.0315337050960541 -0.0253389933980344 -0.00377010462139816 0.00646430256435879 0.054540823650133
HH09 -0.0572870217295876 0.0256961814092979 0.00300318017525666 3.21311469091648e-05 0.0111805507648308 0.0050848386251766 -0.11707894924948
HH10 0.0866150813203479 -0.00405005462147458 -0.104082059706736 -0.12981308309466 0.0320237673995528 -0.118868316696163 -0.113101631502302
HH11 0.0784989154565781 -0.00375263651090032 0.027034554976754 0.0809702708443703 -0.0449014283615953 -0.0696889031545093 0.0112979858645622
HH12 0.00729723784099712 -0.00196080902868151 -0.000190572762206045 0.00239112058933447 0.111567447325313 -0.0441097522725593 -0.00430020447318169
HH13 0.0409469494717985 -0.0160371422496001 0.0546390151766966 0.00958556978329212 -0.0202630275577884 0.027917407815942 -0.048877970378397
HH16 0.0521328289336241 0.0565023104198993 0.017639903143351 -0.073112382597404 -0.0117653291897602 0.0468119412747745 -0.0274857667685274
HH18 0.0182944802223703 -0.0255285383616566 -0.0801085760311506 0.0602226436481105 -0.0548889884234439 0.00097424362025696 0.0769431253429102
JB02 0.0493023793397441 0.0256473725264115 -0.110051286639251 0.0248470319913661 -0.0434618304848078 -0.119240806110301 -0.0984309869947375
JB03 -0.00441684215995274 -0.0541175793335657 0.122512011556077 0.00318750834278959 -0.0451704427291671 0.0104669270974683 0.116319706745834
JB04 0.0910368767730709 0.00143254768490217 0.0588915272424961 -0.0209538631789673 -0.0118435886307488 0.0873907495612421 0.0292991874452854
JB05 0.0833502631375532 0.00643461487785774 0.047524125231406 -0.0710588781532448 0.0892565348992548 -0.155163189760318 -0.0842851939633952
JB07 -0.0179633620387473 -0.00791701293376581 -0.0305809358471037 0.00780112059800628 0.0427025615566936 0.0328048355693087 0.0277122671052377
JB10 0.0785141455754143 -0.0883677133415385 0.0365978727940447 -0.00402935658844404 -0.0301432650497054 0.029921929188246 0.0160072001629761
JB15 -0.0411353075893755 0.0344170221682327 0.192607474336906 0.0574299258613041 0.0396566295841034 -0.0476382667044085 0.0203663750959099
JB16 -0.094384838677727 0.0217158897433927 3.0278628100203e-05 0.0226816148390683 -0.0508130138093098 -0.000331066256750771 0.00091011036025609
JB17 0.0759864295737111 -0.0565369209875088 0.158084981012944 0.0542982802926897 -0.124512542873129 -0.0150032544730149 -0.00908459722460491
NB01 0.0179877868255715 0.0312725406168041 0.0242685267442809 0.0299070507402702 0.0391711737139648 -0.0678010414496531 0.0568062322526637
NB02 -0.0328834222053655 0.0444664580098306 0.0297143100122467 -0.0266476824917798 0.173343308784824 0.0457724906182288 0.0917036586406914
NB03 0.0302288625583983 -0.020469634755537 -0.0694242045003034 0.0941827397405098 -0.0386956718521652 0.122597792706209 0.134671467538711
NB04 0.000928353427793859 -0.0230848522906611 0.00382793683815829 0.0481412457177957 -0.0490597062532294 -0.0107847079634805 -0.0142327357354862
NB05 -0.0399993675075671 0.0637445016887606 -0.0542146061237949 -0.0185714708336564 0.0794763297181068 0.161559693796955 -0.0352868251463974
NB06 0.0112534636293772 0.0519217129397723 -0.0417679498066562 0.123249134965452 0.0638963066701704 0.0208452580714524 0.0841833071940807
NB07 0.0813662370491276 -0.0791277981313207 -0.0270092777134094 0.0565733782320219 0.0464598210650875 0.0234908478393803 0.0143534193864901
NB10 0.172288329073859 -0.0820145569368056 -0.0301874639711744 0.0203890324067296 -0.154652701326182 0.0640437282291574 -0.022382812602074
NB11 -0.0396055274035279 -0.0353998824934098 -0.0204932767693914 -0.0155312169224239 0.0946518803197085 0.167857304139493 -0.0213782612261775
NB12 0.0321455054662292 0.0270734079560081 -0.122137548289358 0.0305453480281065 0.00383913317219966 -0.0832814396453247 0.0216677005039103
NB13 9.16917876043322e-05 -0.0236040176209612 -0.0605604286918265 0.0436622455764773 -0.0217879141862302 -0.00786604709075054 0.139703194753912
NB14 -0.00857176821683969 0.0749661435547927 -0.16101209626895 -0.0765401218323559 0.0899921731262232 -0.0431743084437038 0.0169347393731046
NB15 -0.0248439972714854 0.0596762199858755 -0.00163630035177271 -0.0439920926419703 0.00284577882536088 0.0621980744604731 0.066832512735907
NB16 -0.0928879779734582 0.0686019510090536 0.00546681185378255 -0.0808824183967943 -0.0888362784118494 -0.0244587130680487 0.0342921314814198
NB17 0.0202520670875067 0.00570585816532783 0.0632988788920415 -0.0436251105189364 0.0294190545674318 0.0721570789367078 -0.0295925792863507
PA01 -0.0784715774623575 -0.0589068821521881 0.130558971506322 -0.0562817369080495 0.0502053617773001 -0.0521414107882951 0.0529490137820874
PA02 0.0418857181017002 -0.0218818278969974 0.115525580093971 -0.0377073044652253 -0.0264727551147647 -0.111348301594438 0.00135798545593765
PA03 -0.0425639572657039 0.00736887989417901 -0.0138577532592162 -0.0147573553793975 -0.0159590276835339 -0.140847600247242 0.0422168381971063
PA04 -0.0392367213855433 0.0423166258437764 0.0718108258831166 0.106214704709455 0.088053586923181 0.0289877643304298 -0.0135134110028315
PA05 -0.0541050320718326 0.0907503619868091 -0.0206582538884531 0.0247773751987914 -0.0589697790111186 -0.108151951206688 -0.0332203220552206
PA07 0.149335304804487 0.0613665829479123 -0.0767397840558708 0.0206018597981704 0.0252567046584366 0.106511297106919 0.0121752588638745
PA08 -0.0811798078997693 0.0553000185788742 0.0119435386982787 0.0434273965797971 0.0374302252533801 -0.00555339740195222 -0.0924595176103571
PA09 0.0161019437489992 -0.120285280704775 0.0277558427459932 -0.0334303450289701 -0.18645136094841 0.0687188654481418 0.0266054661038874
PA10 -0.0542055518468751 -0.0410534004184211 0.0193798427932982 0.0543261891874082 0.0658430152527557 -0.0852991254222509 0.0970556507600625
PA11 0.132304723353561 -0.0925480201668243 -0.0059556254693819 0.0466930079138554 0.0512928577241853 -0.11454033189551 0.0338993047448764
PA12 -0.0237172486667849 -0.0165329341261135 -0.014585620442517 0.0562710675935043 0.0954793161683705 -0.00544389052873922 0.0490928699834174
PA13 -0.0125558555897642 -0.0101559311755284 0.0434629211234812 0.113536165330404 0.0213669118518417 0.0403565636850126 -0.124106320154314
PA14 -0.10051489906606 0.0327538954463773 0.0114992901539298 0.0823957619433456 -0.0636193157809703 0.0807675240590341 -0.111215614480756
PA15 0.0392724291028407 0.0429200962715562 -0.0638085525987444 -0.110646275314413 0.0138761354219331 -0.141335477120582 -0.127222824385451
PA17 0.0192932140621089 0.049967910842908 -0.0539693135879321 0.0785738016984207 0.01081285875983 0.00967303798599451 -0.0317579524509446
PA18 0.0775797428877604 -0.0301825648098332 0.0109290366209078 -0.140279407716403 -0.0393844171705916 -0.00435030651537282 -0.101164938671244
PA19 0.0223003389264255 -0.150628063557365 -0.121858068198853 -0.024419944459767 0.125691205846873 -0.0176650389389839 -0.0288584088323519
PA20 -0.0944346972460068 -0.0222661827221985 -0.0194072733282158 0.0346423917924805 0.0638333884633184 0.0571867917022858 0.0696487760085445
PA21 -0.0124740813515496 0.0445172364628068 -0.107442480037442 0.065269695827274 -0.0315318230516271 0.0795432089301583 -0.0392768613368639
PA22 -0.0835349086350368 -0.0714377972932856 -0.066537881586536 0.0348461878944964 -0.111968792318239 0.0260972892264627 -0.0306243057101046
PA23 0.0354937807328699 0.0487675065775874 -0.0625579991893945 -0.00699791514293903 -0.0148713432141314 -0.0596264645803603 0.0520365043552938
PA24 -0.0240037556245434 -0.0542437251645682 -0.110496712465501 -0.0754407546481451 0.178416061657485 -0.0597319887750809 -0.0918578800407307
PA25 0.0227722565891559 0.0015792046283559 0.0158807057391115 0.119230733402117 0.0071717821224498 -0.0151890165066653 -0.0410293408002907
PA26 -0.0276067962383063 -0.0285451784618566 0.00485528890849233 0.0410762302546499 -0.0728938308947776 0.0574182550308088 -0.0258410401344935
PA27 0.0787586837072142 -0.0660969955332717 -0.0668481882932244 0.0398182059558862 -0.0300502735538059 -0.010365069545551 -0.154368259081208
RB01 0.0142904982609814 0.0870614937697871 0.109126701883223 0.0591542046554699 0.128900544597231 -0.0384819838537643 -0.0616911670087928
RB02 0.0668789134873819 -0.0507366757995145 -0.0465259182947224 0.0804294645748095 -0.0536626847714466 0.0119883204300372 -0.193584658463086
RB03 -0.0503070204721084 0.0133643961763469 0.0728345419363328 0.0876025336611192 -0.0233403133798165 -0.106590656217415 -0.172320476163646
RB04 -0.0168069105227789 0.0329508880149292 0.100309084572462 0.0317487673815652 0.037705845326369 -0.0259323389547986 -0.0897656415428289
RB05 -0.0220057760313136 -0.00132484949062594 0.0604262319577335 0.0319990653335179 -0.0822161867807608 0.0201372146866109 -0.05814407865447
RB07 -0.0111694922555929 0.0475092409543811 -0.0671330134899523 -0.084783611728985 0.0286111302824033 -0.00741455335883239 -0.0385384663094511
RB08 -0.0523828647101039 0.0294015639014412 0.0338634786894564 -0.0820087326495261 -0.0981890092794246 -0.0743511013242134 0.0223320088750436
RB09 -0.108178061850256 -0.0508250739020395 0.0253963531669974 -0.0164721537665699 -0.128989472440631 0.0330383574486435 -0.0560194070313369
RB10 0.0280461323499923 0.0382209652965695 0.0604288260483217 -0.0550282241569742 -0.0237775005289898 0.175874144584649 -0.16141983884451
RB12 0.0581925448885209 0.149435492720445 0.0220249033993273 -0.101705337227523 -0.0303295296316311 0.020394208808033 -0.0506872473877884
RB13 -0.00785371542895421 0.0545792213058586 0.0742360041260038 -0.00837625587552109 -0.125136224026642 0.0734383279551225 0.0290170755403016
RB14 -0.0138786080957775 0.0263323296912658 -0.0232919685621328 -0.00751614680790231 0.0176688414486498 -0.0260576681449032 0.0338999810487438
RB15 0.0344654153132437 -0.0409734263852112 -0.0269904526269909 -0.0645084709965819 -0.11665092649321 0.0507429705446255 0.0502546139741567
RB16 -0.0109325872830698 0.0563420323474376 0.0886906553093502 -0.00624952926987704 0.0770401683206772 0.105574670506322 -0.00999285014082858
RB17 -0.0277779725769265 -0.134657003533961 -0.0388849926388462 -0.0700309877631362 -0.0847508059743159 -0.0237144948741705 0.0173865300782815
RB19 0.0412393257145436 0.0883343126094052 0.169416420169173 -0.0650689731646606 -0.0297522295500935 0.00687166522291659 0.170579184442166
RB20 0.0449573716252903 -0.0256930949968628 0.0433149383174617 -0.0170258459330226 0.0846105970916219 -0.0299383923722455 0.0608351204309019
RL01 0.150192147026508 -0.0611940620678011 -0.00431611559282077 -0.113369563220508 -0.0703503389603955 0.03437446865701 0.018493127385361
RL02 0.0189452492687127 0.0453560680483371 0.0597348075836203 -0.117440716644417 0.00856853481905276 -0.0506664602999327 -0.0979115837580644
RL03 -0.0727817328353471 0.0541161413717398 0.0763625038910302 -0.0962986369825585 0.048723452289451 0.0493689265340755 0.0306075777852453
RL04 -0.0659115859881828 0.0321498735576138 0.0824550956973953 0.118574742034133 0.00483966079387518 -0.0352027163347428 -0.0214597333815333
RL06 -0.0532426149298494 0.0899136803351404 0.0746923252268396 0.0690656820807015 0.0176948964931435 -0.0452854285908068 -0.029412124487522
RL07 -0.0510988860882163 -0.0491205883261225 0.071575915158568 0.00954985076869323 -0.015154598015314 0.00109190213665921 0.0208929897398651
RL09 -0.0505974193227 0.0470482121320716 -0.0243011989008924 0.0633083622078005 -0.045478801625299 -0.0457792892869577 -0.0786004167774737
RL10 0.0109829544049882 0.0536251504962644 0.173681019499104 0.0995983108405683 0.0600643701902476 -0.0186400430488578 0.0411310198248893
RL12 -0.0490956432159199 -0.0950899422292092 0.0936961011336077 -0.0064864473607832 -0.0500396808865086 0.00566781831468472 -0.0560022642814741
RL13 -0.00376647923186362 -0.109679234143718 0.166769111672646 0.0502094040442139 0.0771147401062955 -0.0956295515600605 -0.0354467074424853
RL15 -0.0974222237586355 0.0641876753391108 0.107488097900457 -0.105313696481573 -0.0201115306495823 -0.0762673489878528 -0.0284409960769071
RL17 0.0280883178548301 0.025607466554885 0.016058027345965 0.0552387404818947 -0.00298626294311926 -0.0193924170968977 -0.140389962916437
RL20 0.00784408055442322 -0.00162771661508595 0.0698127096420674 0.0246887987916168 -0.0668474625075057 0.0852369637542418 -0.0543025538859968
RL21 -0.0490699664269002 0.0526745796926206 -0.0146855224531691 0.0807821386502837 -0.0307945909098477 -0.0684739657888531 0.0195832503530871
RL22 0.0339629922622436 -0.147586194555029 0.150964803559633 -0.205379182821195 0.154545391930817 0.0450398954795912 0.160475357664417
RL23 0.00148230331682219 0.0439459210404872 0.165427750497121 0.0370061467911804 -0.0336417558110859 -0.120172620521598 0.0121440085161555
TR01 0.0137096770253202 0.0763800429709998 0.00716626105349155 -0.0435771530367085 -0.0295107493026752 0.116677664514878 -0.0199130265881409
TR02 -0.0541328589174224 0.07022451352579 0.00369246167146362 0.0123801903226273 0.00646030094462772 0.0270406136609355 0.0205493125191356
TR03 -0.0788189583159038 0.0562308894768177 -0.0172859971408559 0.0870339807933222 -0.0915789177188715 -0.0543960204719148 0.0731397199624858
TR04 -0.0391677001495277 0.0985523505521325 -0.000578039339698501 -0.0761290992171407 -0.0924226952364798 -0.0982820421014898 0.0466830313143211
TR05 -0.0363219551021756 -0.032164645554441 -0.10940456581098 0.0363645489632973 -0.141321668144561 0.08496050533927 -0.0410162629843377
TR06 -0.0792510160257362 0.0734169760516223 -0.195713321869536 0.0511806900272507 0.0859942790781964 0.0110547655582111 -0.0441253857251019
TR07 -0.0131788109060092 -0.0125959019793808 0.0222612583432003 0.0537787446253478 -0.0158088658353366 0.133841092573395 -0.116174848889081
TR08 0.0582987552834625 0.044448789671886 0.0137286221521914 0.0767723173144869 -0.0725122924568812 0.00328597007187931 -0.0480812676321647
TR09 -0.113074481913857 0.0693521088915983 0.0473211512835009 0.0208528894538246 -0.0881839069132666 -0.0463030910692426 0.0219403788661226
TR10 -0.0765198153163301 0.0793937390052409 -0.0205083775344165 0.109914413293403 -0.0161175126514323 0.0764327836894449 -0.0699856573719757
TR11 -0.0541971103378197 0.0402318856320047 -0.00397268792126124 0.00861829957719212 -0.0319423313696838 0.051500045637136 0.0367620019852832
TR12 -0.00279248552175782 0.0393111175064866 0.0307131616554433 0.0506457511200078 0.0132748914956941 -0.123307111154698 -0.0199420346659601
TR13 0.0167277266457466 0.027993263336988 -0.124897967716024 -0.017854951912311 0.077972845079523 -0.202395946829922 0.0664620182809853
TR14 0.206656674782141 -0.15413480973236 0.0645906250126219 0.0251828927488095 0.0958902412421183 -0.083555106866031 0.0363380118401163
TR15 0.0670031774635276 0.010852606437087 0.0261180143736841 -0.00885003837749845 0.0486677228427721 0.102656939784558 -0.119800052740302
TR16 0.0997725845318644 0.075099822717882 0.0979264672560053 -0.0770743819456032 -0.0671174650458425 0.0116467762856576 -0.0262517167381813
TR17 0.0181675693691408 -0.0234410591270328 0.109145805201048 0.00423968974878331 -0.0343882806277084 0.106695408664683 0.169736929474943
