sample MDS1 MDS2 MDS3 MDS4 MDS5 MDS6 MDS7
AN03 -0.00283992410493705 -0.0615323054483832 0.0343203908187538 0.0438806257283701 0.00696330290767142 -0.0282830428139583 0.0644951960056205
AN04 -0.0503832000646978 0.0338205407249959 -0.0153075533244457 0.014702330493063 0.0145568466590436 -0.0389288588654279 -0.0623203770559028
CS01 -0.068289941852756 0.00124003049692761 -0.0614561429590568 0.0702848134566014 0.135738087120114 -0.0869517253816642 0.0370680569765877
CS02 -0.052156073365382 -0.0102175546069351 0.0824437572765141 -0.0590286349546032 -0.0303824660255015 0.14084829475634 -0.0523887628625455
CS03 -0.0589043380524004 -0.0396705496439208 0.0465420365160678 -0.0205173643484404 0.0103906790580665 -0.00905325193996749 -0.0953765327027915
CS04 -0.0329225795921556 -0.0375668939571024 0.0168919812653251 -0.0664764658701689 0.0706798123818147 -0.0129986683884693 0.107001788225015
CS07 0.0978270795535494 -0.0776947710889244 0.0772504030250355 -0.0735688241349487 -0.0541366054565011 -0.145580896983036 -0.00924662990306364
CS08 -0.133133921517985 -0.367101714913828 -0.0688750742183812 -0.0272022447275104 -0.0112937462745083 0.1369102543607 0.00144347603240803
CS09 -0.0814735071308477 0.0222465251632689 -0.0646350063482297 0.101612905457588 0.0404257420315915 -0.0223093072309208 0.09456533807653
CS10 0.0334580531344722 0.0387170637147217 0.0532380458041775 -0.0728025616630901 -0.0423757280739484 0.0375119180012622 -0.0332333170682024
CS11 -0.0794936268112996 0.0541856802749324 0.079959224952996 -0.0110623281278641 -0.0986423017986702 -0.0188609933342569 -0.0117795028071515
CS12 0.0422353512947025 -0.0416762079593859 -0.0176564083522688 -0.0058111893893423 -0.127945854144883 0.0270865895979681 0.0369096567932648
CS13 0.04323447170583 0.0872764499119287 0.0347630521612871 -0.153332347378632 -0.0589591788630932 0.0905454709360043 -0.000222117181934225
CS14 -0.00602349034664835 0.0250935043740506 0.0256523568643649 0.0446323519243072 -0.00394774930289706 -0.0280198032921467 -0.0376617931099015
CS15 -0.026618084380767 -0.0405057143312016 0.0890109476156268 -0.0168984799667862 0.0203637160467086 -0.0358712270820286 -0.0136287560700779
CS16 -0.0276749340120509 -0.00582156388592041 0.134282664232476 0.140178455338543 -0.0683297933334221 -0.00772817563173767 0.00565041460018118
CS17 -0.127071026614539 -0.0461315024807636 -0.00539005816213843 0.0270212176648092 0.111422442812785 0.0289112200290832 -0.00444181876272104
CS18 0.00993499917782102 -0.0274312601208714 0.100475707236761 0.0962654176183169 0.0303716466903625 0.0142728888852053 0.0224443621188039
DK01 -0.0262880458182574 0.0646362626714548 0.0252867678465903 0.0270908561048717 -0.0345491235104208 0.0174682994089939 0.122962986749219
DK02 0.0588176065397897 0.0071004663509391 0.00180287074465575 0.0022841086217216 0.0755615914670661 -0.00658715525590331 0.0458795291692573
DK03 0.12257335073932 -0.061440257391578 0.0806649122717411 -0.0375822133891302 0.0474259747460456 -0.0572255085904839 -0.0831165583854747
DK04 -0.0315281375324604 -0.1062580303358 0.109423100367058 0.0668952051384895 0.101267193990296 0.117406902845687 0.116048255327352
DK05 -0.110677269284351 -0.529860602601972 -0.0887038567567513 0.0343808272083823 -0.0410496025005788 0.187610423034853 -0.017365971843466
DK06 -0.0366172785722057 -0.0300796479231922 -0.0623458512003558 0.102368482348052 0.00984971981176183 0.0870638456165951 -0.0420796971894856
DK07 0.0542907462033761 0.0537616400233837 0.00944569758429114 0.0318200917332757 -0.0274393762206636 0.11995418432933 -0.0857569465226113
DK08 0.0993349646004254 -0.0234753215730384 -0.0205334322799063 -0.117848716349786 0.00113868983855279 0.0691464302817104 0.0901394419585803
DK09 -0.0170260561073577 0.0240196014079844 0.0259754091460625 -0.0800750552329538 -0.0339373684553265 0.0529692010379545 -0.0441376838811804
DK10 0.214938139699688 0.0301362964087175 -0.0752097829578339 -0.0412608242442012 0.0287409374579524 0.0733511045108692 -0.00719611012487159
DK11 -0.0744292477113339 -0.0138025478324222 0.0723545510162748 0.123178857932026 -0.031519935814616 0.0425154700342267 0.0993514281916242
DK12 -0.0664380319599218 -0.0292794213699906 -0.00562873793377797 0.0557547852031223 -0.010574759935758 -0.00117192406565497 0.0202442396874246
DK13 0.00476098134451021 0.0314792320154915 0.0210872266314105 0.0624694717964516 -0.00721612339214328 -0.0568945417144428 -0.0276311581248235
DK14 0.0799576296318906 0.028849736155652 -0.0575065257102861 0.111890323646998 -0.0664677604999566 -0.0991767095436594 -0.00540892496440734
DK15 -0.103534351979696 -0.0429957054313204 0.108166645189868 -0.0431647584447966 0.0218775364855167 0.0306738296438137 -0.0164847393492719
DK16 0.0285342293041778 -0.0161634983446305 0.0390577647027615 0.0915063137536939 0.0194147141388913 -0.0371546365279651 0.0371160708094405
DK17 0.0749830820306338 0.0845094223792889 0.0549854578999317 -0.00479114449980282 -0.0193099964915442 -0.0363062996147992 0.0929544057176933
DK19 -0.016539610783445 0.00493193628443077 0.0839901728963326 0.0642820899124245 0.0110993378100444 -0.119943963747874 0.0629064659875262
DK20 -0.0702911633073605 0.0109293286862297 -0.0221692466418242 0.1438824505941 -0.0472567635639812 0.0551399790623264 0.0440066970693296
DK21 0.0658098672392979 0.0389989737987748 0.124942800311101 -0.0971524600508796 0.0133205108132401 0.093663610515954 -0.021095443189732
DK22 0.0485515707511481 0.0732903537414938 -0.00880225914307887 -0.0352073790644178 -0.141877898312331 0.186947613047996 0.00900354200717094
DK23 0.0779034906763612 0.0147844277340113 0.0926342528900218 -0.00569125990571502 -0.0658389219903231 0.0156363913107894 0.0294083487684829
DK24 0.046242001840114 -0.123928607992 -0.0512431713577571 0.0647339907244312 0.00722757600482953 -0.141543096089269 0.0827373227311096
DK25 -0.0464438639910627 -0.0428843989499469 0.00790847432588584 0.00964984664938918 -0.00825126569504317 0.0953119979818999 0.0938864835384696
DK26 0.0987612119247978 -0.0479739681335873 -0.0419172820108833 0.00190811379602546 -0.0610425135738536 -0.127469005469294 0.0444117980284136
DK27 0.11957592836397 -0.0678109373489415 0.103096753030573 -0.00733648424286227 0.057176553338087 0.0271788340525164 -0.0801060331307223
DK29 -0.0779900662820954 -0.000975044845411636 0.0198149770575213 0.0601844875411844 0.0942630476632663 -0.043014911318206 0.140505992413218
DK30 0.15054437134824 0.0481405825958078 -0.0778481924445223 0.178299709916452 0.0192582479192282 0.0704521843197718 -0.0382266077571733
DK31 -0.00926512898279027 -0.0693245090793898 0.128673833331419 0.00174738048231862 -0.00017766670327643 -0.0802570386608975 -0.091452497569846
DK32 -0.000902753936994531 0.0695803615153982 0.0157748986666909 0.0506989711485642 0.0429657998046725 -0.0456922121958172 0.11216787419965
DK33 0.10339749784516 -0.0751157237643548 0.0360111144437269 0.131237343333175 0.093514958229954 -0.0661696775341408 0.07942517411737
DK34 0.0789476780201811 0.011251807294059 0.124750519616281 -0.110460547074428 -0.0458494577655298 -0.0199193083873008 0.111881429029994
DK35 -0.0147498398704249 -0.0606112336887745 0.139356065007572 0.00296996937204179 0.0307109763086149 -0.046029896876548 0.0360525376132576
DK37 -0.0199671078385805 0.0491346052616627 0.0433034352965158 4.98453353808124e-05 0.0555002561775801 0.0295556788290514 0.0500327519789125
DK38 0.0169794543158285 -0.0106803483345342 0.0434433150256355 0.149185405188763 -0.125921144604725 0.0959437571100742 0.0267216872287813
DK39 0.056202039219093 -0.0356309047771282 0.104052062186947 0.0304192206420998 0.0625573647858871 -0.0516687957468706 -0.0209299963265985
FR01 0.0875462027639569 0.149079094165752 -0.112027612221926 0.0773321315127175 0.115621894647061 0.113123779162555 -0.050787066716066
FR02 -0.047028196188111 0.0750205035392433 -0.0083612473202737 0.0064575430453603 -0.0436491316395201 -0.0210844555811359 -0.0785174677071665
FR03 0.0479390542911001 0.0576378141913576 0.084205583697668 -0.0327663137283934 0.085830079372328 0.0252992934597269 -0.0126091801758168
FR04 0.0649326660498276 -0.06058300035635 -0.0785217412147658 -0.0328285912110177 0.0835148026628772 -0.195490553300321 0.0888204735938423
FR06 -0.0529441051646367 -0.0170974056586941 -0.00480801596642599 -0.16145965090901 0.0469288727651624 -0.0709041381994202 0.0708145945975972
FR07 0.117069893589274 -0.152951440394058 -0.0948817794108105 -0.146688310621645 0.0249510580096708 -0.0767371930995783 -0.0347975013068642
FR08 -0.0186224716149904 0.0116143677896951 0.0496543052953561 0.112580051305726 -0.106053086416904 -0.0843262918385599 0.062636975988965
FR10 0.0330981532775885 0.0454609559271046 -0.0201307293431978 -0.0394075560687262 -0.013348250861083 0.0764790470001363 -0.162888908933401
FR12 -0.0477761109681277 -0.00617220763919867 -0.0766728561239809 0.0343591149143341 0.0735206153272551 -0.0674672280877685 -0.0360031114851485
FR13 0.0517390717319099 -0.109212172517215 0.077289637922538 -0.0131545634293663 -0.052202495622015 -0.140709590855371 -0.167661261091739
FR15 -0.0330162847466755 -0.00204787828671047 0.0791489222884226 -0.0918395229070016 0.0299502404573949 -0.0132378596080918 -0.0300878291650441
FR16 0.154575165058137 -0.0747269654592321 -0.0359495796906095 0.0543560150156817 -0.00214796102076161 0.00134702080908121 0.0179970356014086
FR17 -0.00629606157594689 0.0588162734347394 0.0681249311771223 -0.0905090850580968 -0.032235226629772 -0.0908662129529345 0.00844871115528555
FR19 0.0353746052607879 0.0409296083961194 -0.0217119833210688 0.0587716273559012 -0.102585915594636 0.149442647187001 0.0506816247345887
FR20 -0.12865531098309 0.0749101376136262 -0.000403400893939853 0.0107772132732266 -0.0120363758269697 -0.0477023152834062 0.0728965602903757
FY01 -0.000736748114319794 0.0510228431645152 0.0387496512294515 -0.0702523692387221 0.0328074216218535 -0.0828671471652773 0.0038577649116467
FY02 -0.0355304562447573 0.0615545770211786 0.090545135175939 0.0397438283968529 0.0162947889611611 -0.0665830021503924 0.00276681418578696
FY03 0.0602534638724226 0.0348762123816355 0.0119091054181357 0.0516443009893797 -0.0555969160197864 -0.0294028446293513 -0.0156533699709428
FY04 -0.0187028612031046 -0.0884047458816782 -0.15384427150112 0.0555825870684396 0.124272283855216 0.0262362902708919 -0.0199977732028449
FY05 -0.0178902512961613 0.0394618634464447 -0.0527115606380968 -0.0720229998218177 -0.0514185255087203 0.122940214333553 0.0568811389815912
FY06 -0.0159224676999632 0.00557855923753771 -0.0869500133085856 -0.0110517481010811 -0.103707900199546 0.0077202098773513 0.0154143626992931
FY07 0.00462237582770746 -0.102839856639362 -0.0668565376253855 0.0698888609407935 -0.0883344498515663 -0.0330250988494957 0.0348608002332671
FY09 -0.00234763993911818 0.0579090735454728 -0.0212112346847009 0.112126940442163 0.0540208428756266 0.0104807921498762 -0.0391337229381336
FY10 -0.0385046849125425 0.0632162486182019 -0.0542168266348192 -0.0480295465924378 -0.180972170260235 -0.026357644686181 0.101331793443436
FY11 0.102727236248463 -0.00557888200047616 0.00643242097591088 0.0675653202132779 0.0691415006587889 -0.0377080371531288 -0.048541927677962
FY12 -0.0569598909518329 -0.0546285044940303 0.0623898112677645 0.0439961798489871 -0.0448350111946779 0.0204029936910361 -0.160235061687541
FY13 0.0626947992916758 0.125887320709631 -0.112678154049245 -0.182942537720589 0.0898146483177752 -0.00958000413438384 -0.100505742050276
FY14 -0.0484468613217973 0.0472989608416885 0.0058431717220196 0.0528629421061261 -0.0534394045907533 -0.00180738594167045 -0.108226688065743
FY15 -0.0553308004164458 0.0344354042223467 0.0985824922477615 -0.0624822600664044 0.0831034938228097 0.0402997151427502 0.0247450737742573
FY16 -0.016046975298857 0.0833370681934612 -0.0205607151257288 0.0308933378057356 -0.0710850723133915 -0.0503303903802114 -0.0677365836837474
FY17 -0.0256042150437366 0.0359519611927735 -0.0076159288937612 -0.0467474270585067 0.0687474774662006 0.0118212394049665 0.0800165480113604
HH01 -0.116690495993801 -0.0227897541101808 -0.0691101756073003 -0.00326797913556396 0.124336364112449 -0.0803685484093286 -0.147632704624039
HH02 0.170340241554964 -0.00781297326695446 -0.0651531064237308 0.0678402895153333 0.0796807128416971 0.00817382418659064 -0.112427770499218
HH03 0.0113022099744615 0.0252501048829654 -0.00928784281341725 0.00399574121877923 0.0677591788141633 -0.00552227985963691 -0.0741735046803529
HH04 0.0871565483767504 -0.00127699937528219 0.0584807755975739 -0.116512976197118 0.0439703061152705 -0.0629424451612018 -0.0454362191839054
HH05 -0.0212384619325366 -0.00908607408271152 0.0149876667269523 -0.0919848182307876 -0.00499625663888363 0.0153870939727673 0.0996998531056434
HH07 -0.00978372249162625 -0.0924042410223902 -0.0273107819611183 -0.0169305757533663 -0.0712889909555757 -0.0623102682979535 0.0138566106004396
HH08 0.0478420339606269 -0.0446014039847043 -0.0609546241891706 -0.00747821397741132 0.00424423053442672 -0.023795873761741 -0.0376629887096588
HH09 -0.052037266897379 -0.0075827364608933 0.0364449371464034 -0.0161273910704845 -0.00174215882081607 0.0663698207488816 -0.0643014342230879
HH10 0.0825883438645464 0.0194969519421768 0.0227268822415948 0.141908567511154 0.0810505833400263 0.134220864412469 0.0528937935812761
HH11 0.0458032037745835 0.0420545152502583 -0.0563085679851308 -0.0422557785947087 0.0448006702027 -0.0702432586684445 0.0885128535595444
HH12 0.00878779180030111 0.00778994967905064 0.0318353157312067 -0.0723060441024829 0.0577800970877097 0.0783004547514427 0.0416749989989257
HH13 0.00172749777310478 0.00999811252572102 -0.0816592203014373 0.0181081882759915 -0.056651272077226 0.0165913896936044 0.0889583323277964
HH16 0.00533454655026058 0.0865889868891271 -0.00809556701586165 0.0574799061874564 -0.0847588214914868 0.0472920830372402 -0.000291135216282887
HH18 0.0789280379132863 -0.0402486572699481 0.0609860902482951 -0.00707796370322562 0.0027921804532019 -0.124877964526468 0.0515028426559052
JB02 0.0767151775188963 0.0270822653674533 0.0516063718907583 0.0787537415750346 0.153569003022733 0.0183032587466858 -0.177979784558431
JB03 -0.00628118098457838 -0.0306156457166966 -0.106721145653308 -0.059904626345189 -0.0545119585615031 -0.105586976868172 0.0327304968176146
JB04 0.044682411927926 0.0657076802185374 -0.0520253886480548 0.00512036218093444 -0.107809282913355 -7.8979419478464e-05 -0.0185449233648045
JB05 0.0332199442499465 0.0473538825603734 -0.0849308636962369 0.0520822766359034 0.172107898911926 0.148067519358866 -0.0516828475094845
JB07 0.00620159456408629 -0.0168525438722994 0.0475273102968655 -0.0263485973704111 -0.0421490959696918 0.0060438569058055 0.0624913345817497
JB10 0.0829005649496698 -0.0287797944768248 -0.06960432203785 -0.0185762460594714 -0.0571765121554296 -0.034134190014673 -0.0195875424295324
JB13 -0.0288891550717825 -0.0264833308020394 0.0997084627658548 -0.0447175036377309 -0.0746117034759231 0.0585065033192344 0.047538275848603
JB15 -0.102813123454351 0.034284066324082 -0.137860924422281 -0.120819172927126 0.0444488765715886 -0.000751215084914817 0.0129229139437054
JB16 -0.0855457276839662 -0.0257825064382675 0.0284763972435264 -0.0084003126012589 0.00900923060667202 -0.0363109706841673 -0.111214981637563
JB17 0.0378401720256059 0.0214499439210293 -0.178198998007451 -0.0631355654163143 -0.0618376843534177 -0.0797590572100588 -0.124674196471963
NB01 -0.0221152006867751 0.0418638920884007 -0.0254572231379956 -0.0142586164582818 0.0808795189979593 -0.0071310282911897 0.0951657751869221
NB02 -0.0384109309903249 0.0335791793641362 0.0613887649240165 -0.101203101482799 -0.0376144261535905 0.0561680213594645 0.128770095644242
NB03 0.0360377332529202 0.00460400589068055 0.0602344038382211 -0.0246333064729776 -0.0616488385746858 -0.144982001843487 -0.0368232348690739
NB04 0.00620186627480999 -0.0194875000000657 -0.0425018848909686 -0.0149568927586782 -0.0111594674958326 -0.0171195832762485 -0.00565016136554014
NB05 -0.0459813869135659 0.0358090922505548 0.118800502500293 -0.0097724385465557 -0.122715623912132 0.066107987637443 0.0305619130307472
NB06 0.0264386226573557 0.0421657036015516 0.0792264576049302 -0.130980307107632 0.00500430837731969 -0.0520853310847499 0.0172129863191409
NB07 0.12289592875943 -0.0258268161743106 0.00668443472878229 -0.0925158350896675 -0.00895563220229761 0.000457728646802457 0.0166476130128058
NB10 0.179874369997655 0.00800688385716709 -0.0641015146855173 0.0670808456194055 -0.092247777360905 -0.0687555823097436 -0.101258395189853
NB11 -0.0252208216298636 -0.0394832660114057 0.0504039939589832 -0.0487869226114119 -0.112328926789607 0.0908187146200619 -0.021701151647087
NB12 0.0467118404568475 0.0172488986969835 0.0720662616504521 0.054412867572956 0.105451117215621 -0.0168360809171982 0.0973710691831175
NB13 0.0387860042293573 -0.0415447921234048 0.0480168302064331 -0.0353038769529218 0.00408838939331071 -0.130902971630576 0.115492444520917
NB14 0.0385997681803504 0.0237798333182506 0.160568536156719 0.0576285334797938 0.0640216204729441 0.0773955431162704 0.0292874636766373
NB15 -0.0358774999218482 0.0400857901866652 0.0381120797647422 0.013066001505411 -0.0447652040257658 -0.0350986702396565 0.0289197106531202
NB16 -0.129248196359362 0.0194976264056255 0.0264829722744804 0.0948293810998691 -0.011203729063998 -0.0496172975992156 0.0473853125894733
NB17 -0.00468390665435892 0.026392983234959 -0.0369758386804165 -0.0313476487927584 -0.0847984355978354 0.0635423222422774 0.0433785013239585
PA01 -0.0780206055566693 -0.0720327064924063 -0.117115480050161 -0.0459661937849263 0.0122901325893094 0.0240605098689745 0.0880207385750107
PA02 -0.00722750436505913 0.0190795838190211 -0.139445072303184 0.0321454679521828 0.084590431514854 -0.0247481632541112 -0.0232801369700217
PA03 -0.0472977124099899 -0.0123682941194116 -0.0107776617771527 0.0374198967254564 0.0940884006352916 -0.0176829471095168 0.125413917488548
PA04 -0.0425924633378496 0.0329662287773962 -7.8848089407442e-05 -0.163516590099608 0.00365870220744505 0.0223839067165373 -0.0680649964850871
PA05 -0.0630410885847924 0.0327905028692123 0.0513553461997905 0.00889523930176422 0.127957202475789 -0.049957892584054 -0.0989213220023947
PA07 0.129307845963143 0.114860445960482 0.0596673825972293 -0.0132595505002165 -0.056414404886501 -0.00731867990520013 -0.0356681086237497
PA08 -0.0741620638978976 0.017581620277296 0.0388869708079008 -0.0327895430706854 0.00518117607345819 0.0930349307830444 -0.038117188182259
PA09 0.0368459167423452 -0.0827827650569799 -0.108930735103147 0.0900265772277973 -0.124026434977396 -0.104524396148316 -0.081462407913513
PA10 -0.0419045187818538 -0.0603926540904866 -0.0256249163213436 -0.0713265949258831 0.0868073088165933 -0.022314175183025 0.127462296998545
PA11 0.161215083705252 -0.0295401735026269 -0.0666915951008712 -0.0751692670027685 0.0633427170760217 0.0104995925104502 0.0733451784158975
PA12 0.0171826516380389 -0.0308763502742992 0.0379684586754518 -0.112286448778556 -0.0304819421769454 0.0231941464290193 0.1513129581553
PA13 -0.0241655023994033 -0.00172415102835607 -0.00629317314452899 -0.120528868391241 -0.0397053559028465 0.0546833731395126 -0.0211301090090343
PA14 -0.0902544903872531 -0.0200261786201834 0.0491814385516225 -0.0671371737735707 -0.0736296527364021 0.00415305940732959 -0.0674819996159494
PA15 0.040065622774345 0.0379213859744335 0.0164017016735564 0.117666071596576 0.132067823524393 0.131426357964119 -0.0445589306830071
PA17 0.00103082466808845 0.0464681757100075 0.047764775791101 0.00570430875907661 0.0444925367936562 5.5404461021275e-05 0.0546916536267696
PA18 0.044038562061856 0.0132503287747382 -0.0971190628991641 0.141710289001939 -0.0272803381935044 0.105361688919196 0.0213695976833509
PA19 0.139816091326863 -0.137084273155658 0.0758251470339108 -0.0393411215432283 -0.0100974613671556 0.116905536175318 0.0292017161535006
PA20 -0.0437391621576735 -0.0623060283404802 0.0706153881526807 -0.0706657128900058 -0.0199985551167969 -0.039153595189407 -0.0154726648627635
PA21 0.0127776537143244 0.0184165433631064 0.114157589954598 0.0331937161650178 -0.0469419893098539 -0.0130824134138062 -0.0116751054853247
PA22 -0.0253808018117906 -0.109432769379158 0.0574443087034052 0.0214860912466214 -0.0374450870003186 -0.0823947734958543 -0.0601123471948563
PA23 0.00994958399130151 0.0557030294563279 0.0144813867534414 0.0870116902002763 0.0662100642602493 -0.00411470757579571 0.0266894180518034
PA24 0.0395570038618143 -0.0636526622594527 0.10939885134805 0.0158011653869166 0.0626489673937978 0.203603276960367 0.0945033638212848
PA25 0.0161497643271918 0.0157779735444942 0.0140936993337687 -0.11192176469047 0.031253674452492 -0.0172633834306613 -0.0374730344913401
PA26 -0.00153090938096283 -0.0387693321205344 -0.00298728623960874 -0.0285698182004568 -0.0616186867724705 -0.0656521382866647 -0.14266902049467
PA27 0.0971760300053799 -0.0221713585630712 0.00231826031672112 0.0291815805594874 0.000397545880179519 0.0756342693842015 -0.0831567606282764
RB01 -0.0732078275013479 0.0913910665348952 -0.0646484428190525 -0.108368327353604 0.0779970262535163 0.11245165280507 0.0181768693745577
RB03 -0.066591403010644 0.000498965326053027 -0.0564110583410523 -0.0433610322882813 0.0936863672647829 0.062685376018734 -0.0726634519770537
RB04 -0.0509506468652092 0.0334749742006682 -0.072404550716893 -0.0652553726515803 0.0359163075400188 0.042415716229507 -0.0573215672745833
RB05 -0.0312566523318309 -0.00809921491251881 -0.0477492925840549 -0.0119531793837904 -0.0141787165035746 -0.0473490551957119 -0.112130041378231
RB06 -0.0676866723330023 0.0349582653170324 -0.10929543222594 0.0249863564589125 -0.138444981973969 0.0277401724065644 -0.00373910698064038
RB07 0.0187725845840652 0.0127237782734499 0.0386254958194252 0.0686175990598052 0.0261564010054275 0.0673305560346446 -0.0662471822790067
RB08 -0.0748824554630516 -0.00969678261936549 -0.0596869773605065 0.111665273087039 0.0360102284227747 -0.0485219991921878 0.0594706510752342
RB09 -0.0852551420874903 -0.0770525541438449 -0.0203676112403514 0.0181993539618802 -0.0918951822712174 -0.0327223179794128 -0.0874461941926264
RB10 -0.027319633465492 0.0576923986597651 -0.0251977629079834 0.0270984687965841 -0.169876247037455 0.110205963423766 -0.0605470216202967
RB12 -0.0299657724260332 0.157865407793175 0.0117711308106909 0.125735144681095 0.0104258168620887 0.0478890837475407 -0.0401080286827884
RB13 -0.0793685525448892 0.0553011600311873 -0.0584730610255354 0.0701148474348059 -0.0733794395732122 -0.0933005870761899 0.0352857234601678
RB15 0.0278845748470201 -0.0152100812177713 -0.0310026096244727 0.115989413056463 -0.0775110947602701 -0.0690107914201491 0.0308842978953101
RB16 -0.082864244470011 0.0677552327523214 -0.0390459042223322 -0.0639089515654789 -0.0701938514471641 0.0719506988195511 0.00154571297950873
RB17 0.0442998298818319 -0.14234717807827 -0.0186937341609684 0.0924135068323032 -0.0321880682455851 -0.0540050783847126 0.0298055682139691
RB19 -0.0739081372919376 0.128223479954606 -0.111859171393192 0.0180075332219669 -0.0437136223960152 -0.104621754200874 0.186892797125473
RB20 0.0150105373634461 0.0198224811925656 -0.0459555660561749 -0.0315730290461318 0.021235032599833 0.0307850838820908 0.128613973185066
RL01 0.143393529430446 0.0301457409117655 -0.0612986651202522 0.110536666214889 -0.119335657376421 0.0140186747573999 0.0439547226242637
RL02 -0.013064436815333 0.0392647347648896 -0.0761235619815273 0.0640360922650392 -0.0141047841437031 0.109181681612888 0.0247207975128936
RL03 -0.111474949945786 0.0196796719795722 -0.0237221106204191 0.0121288636947512 -0.0289429961333366 0.0225405627737121 0.119245555267586
RL06 -0.0747614095909143 0.0705648200633201 -0.002312267335591 -0.0859183909213812 0.0621797174246544 0.00523969639927561 -0.101625741800964
RL07 -0.055668250341045 -0.0512832730892076 -0.0567503304664192 -0.0298382540906185 -0.00731591538593581 -0.0261673703548539 -0.00613264643268745
RL09 -0.0448724780889882 0.00701346887834384 0.0391258839429157 -0.00284856453876322 0.0859323748321017 -0.0218033563510107 -0.145763441742303
RL10 -0.059791996248038 0.0732346938154805 -0.109709024419738 -0.150517076475514 0.0287694794058589 -0.0166353153390646 0.0417233970108002
RL11 -0.137547226684841 0.0155474230097779 -0.106093638108439 0.0582272722977609 0.112652793424565 0.0418259135359878 -0.109177592359534
RL12 -0.0370634129927452 -0.0863667880264328 -0.0826126882470501 -0.0304924304596901 -0.0356352350233095 0.0045502411675583 -0.118533036124532
RL13 -0.0117799228739375 -0.081156155061493 -0.183886172824638 -0.126984409722547 0.0515168077516878 0.062486907843917 0.0414739661216626
RL15 -0.154689339620483 0.0223371460667985 -0.0565611875480382 0.0473010463404408 0.0497951256507955 0.0229523809904791 -0.0451403039642456
RL18 0.215178509783495 -0.0634687415683003 -0.0537768117966693 -0.0455312968857579 0.000891689919374404 0.0499639285250193 -0.0130684523938095
RL20 -0.0329490344863648 0.0298842752176623 -0.0550887682368228 0.0224438637699724 -0.0775148954229093 0.00234299229050741 -0.117187639731814
RL21 -0.0488253403544652 0.0127086432093524 0.016998763341444 -0.0429138619724392 0.065480782298969 -0.0471889010756075 -0.0324087546021018
RL23 -0.0637836214113572 0.0600330275357561 -0.146756797198996 -0.0377545460081967 0.0876529930849674 -0.0433377826780079 -0.00125572406570803
TR01 -0.0405152677557587 0.076342147705147 -0.00101454813522205 0.0435465200673457 -0.100095317360067 0.0118080864735912 -0.028249356501792
TR02 -0.0460818407614141 0.0218309243547415 0.0328606417678139 -0.0287478526926827 -0.0383646903467727 0.000501122430929451 0.029452584905579
TR03 -0.059102442451378 0.0010064146178434 0.0381706509407875 -0.00308678153043664 0.0772143770976503 -0.133036285459902 -0.0671459380586556
TR04 -0.0895321388954036 0.0578988171967105 -0.00678629255785099 0.103049375251445 0.0957575104819677 -0.0770028872057061 0.000119345485722643
TR05 0.00768224437535194 -0.0618852720245631 0.0828461508766216 0.0711164890529876 -0.0773379643224378 -0.0921965029538729 -0.0880547883506547
TR06 -0.0175098945319848 -0.0116287370083947 0.207056933417948 -0.00645521525888127 0.0808457188032895 0.0438831636319336 -0.0795506002930002
TR07 -0.0199912101127387 -0.005667139169472 0.015444365206979 -0.0552800549563542 -0.136005697414207 0.0315670094034999 -0.0250148948399413
TR08 0.0168837696619132 0.0773771679625597 -0.0218687265112964 -0.018729330858066 -0.0347541348180271 -0.0645263037434307 -0.00233421591639451
TR09 -0.124589931312981 0.0111833605105598 -0.00941971194061828 -0.00264223112466861 0.00587055883457709 -0.0573370213781736 0.0010926945687541
TR10 -0.0648295330470232 0.0319172238586169 0.104041073355806 -0.0672609582139135 -0.0312085551304312 -0.00568867555256837 -0.0925084071727602
TR11 -0.0620494413203223 0.021826316500396 0.0643058548102749 0.0135014499691232 -0.0481134070640617 -0.0679041837263398 0.0159248858732654
TR12 0.00114740854537017 0.0259075814353369 -0.0149933171633256 -0.0691603829601913 0.122048433609533 -0.0192396576388856 -0.0587333485820347
TR13 0.0536549347991451 -0.010843401141936 0.0784444187554414 0.0210552257147965 0.22425156413511 8.47018563783504e-05 0.0850508390472701
TR14 0.214537066101936 -0.0304106015811726 -0.163038251428474 -0.0824549158450715 0.0662746950906064 0.034181411401542 0.0852633710120738
TR15 0.0337242873059893 0.0595824328590971 -0.0101946889933669 -0.0397556034871594 -0.103125317064108 0.118544232462605 -0.0208975455707119
TR16 0.0124281971561534 0.121587596349871 -0.114723198744388 0.0678484135931823 -0.0311030820751925 -0.0114858411796865 -0.00458146875507781
TR17 -0.00309589131050242 0.00321777687676962 -0.0835398050973968 -0.0442446564311314 -0.105954499706854 -0.108042131429107 0.0492479659836234
