sample MDS1 MDS2 MDS3 MDS4 MDS5 MDS6 MDS7
AN03 -0.00499395074121578 -0.0600840854539894 -0.0569101198634559 -0.0605482634775068 -0.0129304528555379 0.0425738074422414 0.0751769902153756
AN04 0.0493048134108652 0.0315986673284042 0.0020371278448476 -0.0365187394786716 0.0153018235029638 0.0411654605534548 -0.049515655223113
CS01 0.105322470037659 0.0134479258791763 0.0223210240501859 -0.0631805552022532 0.107402664573954 0.0978758481783277 0.000878610216353534
CS02 0.0263120560694305 -0.00535745967904966 -0.0525321057137052 0.0825717204640214 0.0394667570600032 -0.179778858930973 -0.0673725126861619
CS03 0.029885751233564 -0.0288402726811999 -0.0603251952723984 0.0203313504077522 -0.013974039433058 -0.0108190094696302 -0.117212106482134
CS04 0.0333123163680649 -0.0124559266161938 -0.0375055679672178 0.0153210499731428 0.076498202202859 -0.0576880292621818 0.0881654473408653
CS05 -0.0304168353010585 -0.102584983550193 -0.0657421826159149 -0.0637929311665385 0.0658784157092346 0.0707722691278015 0.137338424572994
CS07 -0.111144102229629 -0.0313819830482167 -0.07405477924599 -0.0122691814851805 -0.128350474665915 0.0698813653505834 0.104409774810738
CS08 0.0844143118100621 -0.40025660754511 0.0264973644259484 0.0344193569179313 0.0681600362075761 -0.0729457800507504 -0.0525129051962788
CS09 0.106199650532572 0.0211178233025321 0.0416427428555984 -0.13374361444594 0.0426031419669101 0.0231784381363998 0.00733468854549385
CS10 -0.0405420446525211 0.0478198760200569 -0.018131988098844 0.0809343755787258 -0.0375502997518713 -0.0426807923541142 -0.0704485262409861
CS11 0.074912566878753 0.0707145452231864 -0.0620538952925084 -0.00466930669923466 -0.128298095033708 -0.0704397279311169 -0.00562321353946026
CS12 -0.0472044307439795 -0.05586029508167 0.0238076502261286 -0.0253964665016521 -0.0650311238136226 -0.0558539202959246 0.0789133997693222
CS13 -0.0638426533848762 0.101626491078688 0.0246905098213519 0.08278038573276 0.0339009772552895 -0.181369551513676 -0.00771469650591353
CS14 0.00925367703305277 0.0346663494458363 -0.0317485554080852 -0.0728082339038825 -0.0193030466651049 0.0324943520684674 0.0305724115641031
CS17 0.140567925633567 -0.0556001705320175 -0.0425361750664771 -0.0108436085609312 0.0865798419927382 0.0382558476809647 -0.0274153807555437
DK01 0.0346563866506264 0.0604109190362551 0.0113223817481076 -0.0360111771624182 -0.0231970372718371 -0.0436986297160544 0.0879883450384035
DK03 -0.134747499446526 -0.0198162503013819 -0.0942680530257905 0.0190844183489932 0.0344472909726175 0.0374972873140625 0.00390224948626464
DK04 0.0309146229313269 -0.0976415925343515 -0.117510534510337 -0.0822496828849331 0.134747098203872 -0.0469382349520451 -0.000665704735817013
DK05 0.0426983139784974 -0.574243223093846 0.0201363625653638 -0.0179608321990499 0.051846962245019 -0.100213499599543 -0.0985859026392153
DK06 0.0429549261737053 -0.0506917923548911 0.043561211363534 -0.0612967002139078 0.00720934414345481 0.0369428302811333 -0.0924946004606445
DK07 -0.0642105691656799 0.0514659301833123 0.0217367682479323 -0.0163593489831216 0.0217210769218918 -0.100032324712616 -0.11941504598855
DK08 -0.0933476697528159 -0.00331499220136316 0.0131421549754966 0.0760304848623736 0.0737011803848096 -0.112809423125158 0.0454643012539404
DK09 0.00332594216228594 0.0347123698381249 -0.0153553444511647 0.0443048745797963 0.0191182417542571 -0.122121264537474 -0.00951693551624841
DK10 -0.21470821397594 0.0201389271117456 0.0832896505299164 0.0227627871765726 0.0982454560778025 0.0747808348234763 0.0540807943261616
DK11 0.0635303207497899 -0.010610377090632 -0.0421041894471903 -0.142891943547108 -0.00640051316542026 -0.135721591433383 -0.00266571275045056
DK12 0.0735832206344585 -0.0343001003294756 -0.0248897643824817 -0.0633808549784837 0.0132341310630966 -0.0348943370145927 -0.0123812340885775
DK13 0.00524157289363581 0.0419166074800964 -0.0165464667765391 -0.0591814672769625 -0.0552420365308605 0.0185389698197679 -0.0907222522785053
DK14 -0.0694760379189328 0.0398008893379624 0.0977372355157206 -0.156876458956746 -0.0704504625267179 0.0810034796709252 -0.00904543568493142
DK15 0.085632698789 -0.0321209542554743 -0.108343834719022 0.0480444041223996 0.0234752240753755 -0.0990973637321951 -0.00717058049996101
DK16 -0.0232358199198379 -0.00702981858682671 -0.018001741928685 -0.0891967727591388 0.00772033756208228 0.0162736444548006 -0.0519339246056239
DK17 -0.0634536127090763 0.101810912473931 -0.0137748738920572 -0.0428781955193976 -0.0144564066537088 -0.0325024380803542 0.0883243673535641
DK19 0.0297615083280528 0.0282840036191393 -0.10113589223766 -0.0671182630011101 -0.0615759285872099 0.124089974220711 0.0687928150809957
DK20 0.0744620068776818 -0.0161623673595584 0.0257466561358947 -0.14946401515603 -0.0115882293792606 -0.0485951749345904 -0.0337367408269099
DK21 -0.092086430824648 0.0500842698327703 -0.0967940937782372 0.128251386501513 0.0125774405228194 -0.0842736103043906 -0.0221335124596209
DK22 -0.0626878405015114 0.0586897603238435 0.0673047051677747 0.0362111286680005 -0.0117628254770621 -0.205218679781605 -0.0274229129986043
DK23 -0.0917510175126988 0.036598209655024 -0.0758751171263905 -0.026633630346397 -0.0296830867355942 -0.0854942517470379 0.014006537520224
DK24 -0.0170464411331127 -0.101155559418968 0.00882085660417472 -0.143705878004814 0.000388542523854482 0.0340002302471469 0.105981351372701
DK25 0.0492587236674256 -0.0498442569922903 -0.0112707826208672 -0.000477301144042713 0.0631918050432046 -0.0949961646189829 0.0570766613804514
DK26 -0.109900448501363 -0.0447688654803209 0.0639313230935474 -0.0557555047219519 -0.0994353258560119 0.102473962990779 0.0699650422831193
DK27 -0.125106860929115 -0.0309207219144425 -0.122811026401084 0.0157418193969279 0.0488207960263092 -0.0225179068113297 -0.0547687575696195
DK29 0.0973834114301496 0.0067696556497715 -0.0346735940524537 -0.0969648237100895 0.0715449893106909 0.0325308915744866 0.0807629528107729
DK31 -0.016599529638661 -0.0377847928233686 -0.154096453356559 0.00765022307842199 -0.0808565022564861 0.0525606378194601 -0.0395520032731504
DK32 0.0310390242563425 0.0798805992436538 -0.00589225405905628 -0.114372047726539 0.0587331343866854 0.0330926288027558 0.0974490700413719
DK33 -0.102801150948536 -0.047048478162086 -0.0327132075852309 -0.176133352785072 0.0709637512131775 0.044578700811269 -0.0161335364272869
DK35 0.000333611463233424 -0.0267247676523037 -0.16892234828111 -0.0645793421726628 0.0114567032458067 -0.026038946671925 0.053604348655406
DK36 0.040245663311938 0.0433537066787302 -0.116482523997911 -0.0446406228262509 -0.0328025567215138 0.0544377367109665 0.0553688898007288
DK37 0.0164369029810428 0.0535274122670891 -0.0597909678494226 -0.00107865829181933 0.0814812356073353 -0.023026647640063 0.0122601702308031
DK38 -0.0142583185735716 0.00100883740303061 -0.00682669242141754 -0.162200855366285 -0.0257841543565924 -0.191619343338306 -0.0308753357162415
DK39 -0.0659084821209241 -0.0113366053351626 -0.0991673037221127 -0.0346036163411427 0.00696959361168872 0.0677892547093463 -0.0029986443173447
FR01 -0.05870315773325 0.146799400789864 0.139333958617861 -0.0514003826281029 0.17203269295079 0.0178654741196748 -0.117744384326437
FR02 0.0432373862892029 0.0694049601535615 0.0101900665913229 -0.000706388159913767 -0.0427627304713349 -0.00176921240442724 0.00758482718498217
FR03 -0.0443810851533821 0.0676486814765798 -0.0710264091288568 0.0430849011017732 0.048101802484783 0.0758654855954805 0.00426293578615973
FR05 -0.093536132823402 -0.0916049465343763 0.105234288092096 0.133738089770093 -0.149070283365376 0.0774080795899462 -0.0235960553823455
FR06 0.045342770280274 -0.0148835339486272 -0.0110231720276887 0.122902305867483 -0.00768009053763321 0.0761828217789109 0.129024016855738
FR07 -0.124317016261113 -0.143871789745205 0.059336326375137 0.117977927819433 0.0233352084586349 0.0784217278532565 0.130418648026369
FR08 0.0376104342154611 0.0332581853064268 -0.0441601886223739 -0.131281319662912 -0.129287140713588 -0.0535260664108527 0.0563181556761527
FR10 -0.0471347746694359 0.0421399309293645 0.0501897855629111 0.067492636432373 0.0127044153694016 -0.040796931545954 -0.153818903739822
FR12 0.0468805622693048 -0.00993074117268346 0.0403608601796571 -0.0403954718212603 0.0444150936421266 0.131932727812891 -0.0195655372706065
FR13 -0.0925134315307134 -0.0895746826788725 -0.100081146489081 0.047547376328894 -0.134645652503653 0.13972708783839 -0.0193538846672546
FR15 0.0187563512733955 0.00945552436057581 -0.0713857715152292 0.10552300392531 0.0133187945404215 -0.00109218904132931 0.00836841094532273
FR16 -0.16532352219112 -0.0777113508494036 0.0655732646655647 -0.0570446232580805 0.0231374476337884 0.090898721182548 0.0685200743538005
FR17 0.00729427769282478 0.0710390848799861 -0.0555545248526536 0.0734696458517164 -0.0938139348946744 0.0560278955113871 0.127990235459537
FR19 -0.0446889716476622 0.029434868400216 0.0763181404225133 -0.0924429308385506 -0.0118233920447591 -0.179203188525747 -0.023357212580018
FR20 0.142332218997664 0.0590295241801199 -0.0127734227170483 -0.024071712600095 -0.0184423303772366 -0.0163745742809511 0.0755869625538125
FY01 0.00107172946260517 0.0584297388167129 -0.0770671619340915 0.0557033407408887 -0.0438344348156938 0.0954893256009311 0.0224606331986102
FY02 0.0460265991735439 0.0661651979236288 -0.104881357218855 -0.0186483608335248 -0.0427941251694044 0.0523668960420484 -0.00099966867348403
FY03 -0.0561303339888637 0.0436822324149396 -0.00389423280464073 -0.0957534971017137 -0.0405691390138367 -0.0218940698637085 -0.00655597623766919
FY04 0.0254360512603396 -0.104422728039912 0.140560720620947 -0.0200939149621325 0.124481736937983 0.0962493187648621 -0.0749039602509127
FY06 0.0139506897505177 -0.0109941015849508 0.115865292774937 0.00575075634995342 -0.0906843935955059 -0.0244198487379758 -0.0195566426756751
FY07 0.000361892567093495 -0.114527230666837 0.0769628293839162 -0.0727261120933516 -0.0744683804948868 -0.0483825403936544 0.0151096663552948
FY09 0.0194146661616114 0.0608140507967088 0.0509832641201925 -0.120418698904935 0.0633536851091558 0.0105261677394745 -0.125298194946822
FY10 0.0426485518807017 0.0339997648691491 0.0972157271620287 -0.0066462394446459 -0.156275663026778 -0.0825871859926256 0.105908362430807
FY13 -0.0584129165812356 0.127661739155048 0.112718072774688 0.19516501935509 0.05266527022575 0.0835730906958397 -0.0264992951610052
FY15 0.0578185443571514 0.0475642409335066 -0.0936928242983897 0.0734533960709332 0.0833830180116608 -0.0558942492935191 -0.011414774728984
FY16 0.0180990924967366 0.0895705538392143 0.0360682569844786 -0.0207210484512719 -0.0605061132733919 0.0182491369995483 -0.0554091897408885
FY17 0.0433408519581298 0.0414954421182257 0.00434062054177698 0.037424983359842 0.0897481570615218 -0.0427498266522141 0.15013030113516
FY18 -0.0586835051301854 -0.0150491374375453 -0.0307918293729126 0.0656261716237102 0.0343840611595557 -0.0393401712076934 0.0573916453748346
HH01 0.124286597825345 -0.0420889459236755 0.01365416092668 0.0922979751850033 -0.000703180040110983 0.182155660325876 -0.126063622930175
HH02 -0.161850721498473 -0.0048146130459189 0.051369952202375 -0.0378784864604651 0.0774708583785966 0.0659487120444806 -0.144161365762669
HH03 -0.0161796149535473 0.0273140134414929 -0.00817977755669897 0.00431248235894512 0.0453954219440717 0.0870050587223501 -0.0552303858733788
HH04 -0.0944450165324523 0.029641179917431 -0.0779107191237325 0.0868571356272764 0.00531631125147447 0.0229207585394132 0.0398850917062068
HH05 0.0236925909523304 -0.0108994306264612 -0.0105072436408778 0.0425530345318701 0.00228628757130223 -0.0132818983400058 0.0566798215921848
HH07 -0.0102325990850914 -0.106828095939603 0.0090410111993763 0.0303578878322751 -0.111631505041418 0.0463219299266256 0.0415477055843193
HH09 0.0479979612759242 -0.0247029016527435 -0.0505773896749088 0.049383554462216 -0.000264134930268038 -0.00303176473521837 -0.0918671415502781
HH10 -0.0645637094439819 0.026395570836375 -0.0127603526931941 -0.103121084927425 0.130643631821228 0.00551816651469399 -0.039993314038466
HH11 -0.0290911638221493 0.0446880164686501 0.0623456666544332 0.00973732841204014 -0.0249320657778867 0.131922663180163 0.0963259932168674
HH12 -0.0147618976722503 0.0178737506174758 -0.0297115733726654 0.0617060193780133 0.0797655849613293 -0.0388791302473465 0.0225259348031416
HH13 0.00705033450276962 0.0114717431194207 0.124029060561152 -0.0223727351510502 -0.0381156322297993 -0.0331733103231397 -0.0192241076728435
HH18 -0.067643396563376 -0.0162670656061622 -0.0693463348229322 -0.00887502128373287 -0.0698916886947173 0.0355050064663718 0.0902426914657772
JB02 -0.082906225491851 0.0411433262530375 -0.0732722474066445 -0.00277966018954678 0.0970941694448172 0.109924613137464 -0.18542358367685
JB03 0.0266509154606264 -0.0374771728528484 0.0932204092994505 0.0229579936419953 -0.0715471838625272 0.0679736319087306 0.197519564150926
JB04 -0.037576073337324 0.0530113400622082 0.067176241924011 -0.00676928234741702 -0.085077879840394 -0.0135417523380437 0.0356195871412542
JB05 -0.024712409062364 0.0406521940522805 0.0788321883349262 -0.0207086836328125 0.221015963116092 0.0317540007387053 -0.121068309311939
JB07 -0.00688284522425842 -0.007416192048877 -0.0669481016568663 -0.0150129346561471 -0.0180437941030235 -0.0463807563800179 0.0839156112717999
JB10 -0.0671167817654745 -0.0100575769658101 0.072462403990989 -0.00567087562435827 -0.0509691076297921 -0.0236854881781844 -0.00939773492856757
JB13 0.0055507170022195 -0.0196920407381877 -0.0930806477657339 0.0211670613458974 -0.031375827856356 -0.126682029879673 0.0684233692720403
JB15 0.109499480882364 0.00858891464835424 0.136435707261959 0.114297911825967 0.0400950679195 0.021489240405963 0.0445994712054653
NB01 0.0398801037849025 0.0260023067510123 0.0206612484146415 0.0251574232546623 0.0616566749774669 0.0618142148416124 0.0236588493274137
NB02 0.0447910322137089 0.0422054969116467 -0.0517313631628482 0.0476272299035617 0.0378920498282174 -0.135851381317391 0.165986581120417
NB03 -0.0656527453473985 0.0172942729975235 -0.0569139346312954 -0.0105852025396278 -0.118798800635901 0.0656108007987097 -0.0381034815064593
NB04 0.000159772179415716 -0.0192492922313719 0.0220904664216602 -0.00998802324774605 -0.034940805686222 0.043365414896574 -0.00673426646560445
NB06 -0.0225172237092708 0.0694562468054477 -0.0917515660238372 0.0810491835300114 -0.0318672212704403 -0.013855601175992 0.0382364769471963
NB07 -0.124741570993874 -0.0136382719662869 -0.00744902410240302 0.0563097526865406 0.00480363206720805 0.00400594965177203 0.0231794796433832
NB10 -0.179138524827035 0.0129638901272446 0.0834863332976283 -0.0406823773411269 -0.124811726432216 0.103431096477227 -0.0411192136456038
NB11 -0.0256786711100612 -0.0400068454711087 0.00159182546660137 0.0251248941072355 -0.0501384962911646 -0.148316783172677 -0.00819675785478109
NB12 -0.0402840767683603 0.0295487500246913 -0.0765817182237162 -0.067111698935739 0.0512282487900534 0.105962939667597 0.0115880281054761
NB14 -0.0342172606828629 0.0545169095827807 -0.162605586644688 -0.0576870173056079 0.0909017189580632 -0.0619723506513829 0.00444530290987774
NB15 0.0281811136413248 0.0582213322980616 -0.0128465393162706 -0.0819410914863563 -0.0343769097958612 -0.0707903202861298 0.0222527893467882
NB16 0.134318684034624 0.00918981580444102 -0.0455129044907329 -0.114901255042206 -0.0432288370167961 0.0188284117781926 0.0266890158833988
NB17 0.00685536030816039 0.010498702513221 0.0787197839447093 0.0164296106306016 -0.039379838654228 -0.100166095379869 0.0348891869994037
PA01 0.0939140195282982 -0.0904885852005463 0.098655901642774 0.00528374441347492 0.0711381823820272 -0.037279905922962 0.0978454889270432
PA03 0.0840893913946037 -0.0157881498085635 -0.0507679002073374 -0.0461665130011896 0.0518897459164443 0.128112090754323 0.0737368398653477
PA04 0.0278276673942099 0.0378159389065449 -0.0112133679702109 0.127016504720233 0.00442061131822505 -0.108323223417129 -0.0428877865928897
PA05 0.0773260304473558 0.0479464310150761 -0.0958683827565637 0.0187115959982019 0.0433165596697155 0.0953956618979278 -0.104660165565503
PA07 -0.137184758594548 0.138564394771508 -0.026239472772072 -0.0024185593285772 -0.0414010107212442 -0.0466761144085459 -0.0304262701362967
PA08 0.070154042061766 -0.00300681314625972 -0.0646818705845523 0.10351068992234 0.0300607645522094 -0.00279138711817139 -0.0478374117331423
PA09 -0.0397858242875535 -0.10381093265178 0.0810389563564295 -0.12696484478644 -0.147871271344867 0.0529671744077052 -0.109978653064557
PA10 0.0440234350522929 -0.0601232006937804 -0.0259028592154741 0.0242749167566906 0.0796449208828833 0.0597273342298866 0.114777418124661
PA11 -0.133412027742362 0.00196617073562099 0.0652257071544118 0.0271182675175297 0.0799167464816939 0.0108583990250451 0.122776665665566
PA12 -0.0155167136472533 -0.0154433478480523 -0.0504592690873676 0.073088874380722 -0.0029774223758332 -0.045750762357134 0.182372254024819
PA13 0.0123646464287398 -0.0211541903056419 0.019802930723689 0.155197456813141 -0.0750850907829579 -0.00254927637374045 -0.0471203395568978
PA14 0.0718795281417619 -0.0383625879382674 -0.0541252915871443 0.111811406294693 -0.135665148405891 -0.0137712988330429 -0.0435833277351575
PA15 -0.0238503221122591 0.0364847949314593 -0.0171438174015486 -0.0872304728246553 0.153631819430608 -0.00999168990607007 -0.0943003754322527
PA17 -0.00488428217586143 0.0392723922519281 -0.0313922916267929 -0.00436405368931554 0.00417688772592232 0.0425810210385056 -0.0231850800436969
PA18 -0.0368622039835666 -0.0051719162736914 0.143237932334543 -0.116583357395437 0.048842773034565 -0.0391590523511588 -0.0976888974176808
PA19 -0.156621070349832 -0.114995863208648 -0.0878300514309446 0.0123816898393813 0.0608287308331282 -0.0877566671279187 0.0664858411070121
PA20 0.029363385318323 -0.0418072010678894 -0.0835782367596819 0.0309244121311496 -0.0230282594992817 -0.1137641675031 -0.0265663655300787
PA21 -0.0351278042451725 0.02852518793166 -0.110301225095408 0.0290208116813111 -0.0711944382074599 0.022354170349346 -0.0415221032906681
PA22 0.0177071488136506 -0.0897176175555833 -0.0723231578914754 -0.0132706037849188 -0.135210917469944 0.0391149292360474 -0.0745073890566773
PA23 -0.00879607184281329 0.0540848366590809 -0.036026542530747 -0.0801437892141803 0.048086876655036 0.0946306110791992 -0.0107580383692182
PA24 -0.0498776877913596 -0.0610165025721972 -0.0931563447865134 0.0123702341133868 0.140935691678402 -0.093448590870893 0.0138574492253215
PA25 -0.0170034236770289 0.0198526377238977 -0.0191314933223862 0.110490383748833 -0.0484580058960011 0.0585251279341495 0.000333662823562399
PA26 -0.0155244674862099 -0.0235198170593532 -0.00484006154102728 0.0293962428716257 -0.0945146614327989 -0.033517614923369 -0.114614657458355
PA27 -0.113765061622231 -0.0340073389157051 0.00978258997635042 0.0316125603904239 -0.0233165557374926 0.049829992143944 -0.102920667225715
RB01 0.0838571955337096 0.0782394113903006 0.0747523937353756 0.131003985863584 0.107947356930159 -0.0524420056779404 -0.0399193370509638
RB02 -0.0851015419777601 -0.0108968558935552 0.00741230657299034 0.0798141770858909 -0.0584743091546878 0.034896559538672 -0.191704849868149
RB03 0.0555499631205577 -0.0192721717695134 0.0291312629237223 0.101305889274999 0.0336920023981432 0.0669587562472997 -0.0773939430119035
RB04 0.0533936751851718 0.0241537307419156 0.0725974788142235 0.109573840988223 0.0419937905988622 0.00487969386536664 -0.0702217388810521
RB05 0.0221316523373512 -0.0158016002616002 0.0521572565116876 0.0267856740975286 -0.0443397170479693 0.0524953403824556 -0.0996453814508642
RB06 0.0703907353658364 0.0030978823490061 0.151162723030225 -0.0195731042334133 -0.0875822924748209 -0.0645683617278683 -0.000616713115946506
RB07 -0.0269244697947755 0.0314546090282637 -0.0257412050729266 -0.0776713991943599 0.0833259054076069 -0.108546219617416 -0.0789517123498663
RB08 0.105347907145413 -0.0206732214503388 0.030444764010149 -0.102574176906984 0.0136898295369941 0.101603642465675 0.0353902986050714
RB09 0.0686717716709251 -0.0895148905761448 -0.0073295086721059 -0.0464209155675676 -0.109579707976716 -0.0303735234531725 -0.0289188040122561
RB10 0.000851901949683794 0.0279534259464812 0.101662646705316 -0.0188027276097491 -0.105338693660709 -0.171913453672514 -0.109631208785551
RB13 0.0802887179028055 0.0286954218207767 0.0833215763445779 -0.0475710491408551 -0.118990078517961 0.0713395881365255 -0.0142058410139666
RB14 -0.00601366859761041 0.0045056528968268 -0.0376789375496306 0.00793966562365224 0.0235015373683648 -0.010877361756731 0.032732021302841
RB15 -0.0193800120814709 -0.0157362534855128 0.0414621804892708 -0.141953868282966 -0.0977678577636515 0.00380392140975988 -0.0329668635258585
RB16 0.0767052071691126 0.0398067881227272 0.0927596742956215 0.0382000925653102 -0.0200515272454749 -0.092669534256331 0.0191185010206633
RB19 0.120183893983383 0.104540737427849 0.132402388091592 -0.0667552846941039 -0.0385532937625027 0.0350569154461049 0.176573343184898
RB20 -0.0149382775825775 0.00928651875796521 0.0600224450682771 -0.0160425972227936 0.061341480959564 -0.00507768591454893 0.102460140950709
RL01 -0.137440981306666 0.0205780866473799 0.087391439784378 -0.159948976539686 -0.0509889344223597 -0.039920212400151 0.0976789152494021
RL02 0.0254267943682594 0.0316192155125269 0.0892432475423177 -0.0508707029743909 0.0794183473351229 -0.0899627477622248 0.0305060179059768
RL03 0.120069068459423 -0.00535965697695504 0.0517225838818561 -0.0389238027680082 0.0214193315795212 -0.0650685142017178 0.0537238172320758
RL04 0.0730781639284923 -0.0060092011871864 0.00228509976553558 0.155124285724654 0.0048149985388291 0.0975354867858408 -0.000702448283728264
RL06 0.0782659056736014 0.0563509025484872 -0.0159155849230503 0.137463832305846 0.00928794062111453 0.0353352698688812 -0.046122837140344
RL07 0.0493666135333288 -0.0624756145371866 0.0358654737434217 0.0236630580831511 -0.0145254673400203 0.0233589550545401 0.0491081223502117
RL10 0.0705133139700954 0.058422149079411 0.124803404375133 0.153559067333367 0.00168308147884624 -0.0200911956756772 0.0702081934715215
RL11 0.144235034572206 -0.020164379277765 0.0790034639381805 0.0118583424851545 0.0902694468806054 0.0975274688193926 -0.132524680256548
RL12 0.0319946307724056 -0.0938744510459991 0.0709621588718068 0.0776932747952981 -0.0488278410033732 0.0144515646986471 -0.0500444112911373
RL13 0.0319594337513077 -0.109965575595191 0.162913759154916 0.14251304221366 0.0973900657473682 0.0032098212018065 0.0910378217576917
RL15 0.18000470020806 0.0161892611602851 0.0393179214346195 -0.00413868750707631 0.051436932990039 -0.0185220329872417 -0.0269133935962026
RL17 -0.00597154001419787 0.0318260513325273 0.0208063102810492 0.079135102731761 -0.00652972079843418 0.00937126807513296 -0.0837914864613506
RL18 -0.217073059079002 -0.0556955576535542 0.0611284107266133 0.0450103982046268 0.0691229767334894 -0.005583379574971 0.0646726462613386
RL21 0.0577539329672355 0.0200135553376687 -0.059279358270385 0.0462778487423136 0.0169923975643434 0.0655568515131658 0.0116223349764609
RL23 0.0811200468003509 0.0357748947807505 0.122601681547735 0.0685457728100393 0.0702005401678293 0.0872169212048026 0.043060635730069
TR01 0.0321257933176648 0.082164848716245 0.0440506213369638 -0.0446171462940353 -0.0692856690575918 -0.0894385499960322 -0.0710904121154083
TR02 0.0547667215096427 0.0355302795748771 -0.0287923578958443 -0.00400598610304268 -0.0112975171039192 -0.048774049354854 0.0791921948957627
TR03 0.050639513979549 0.00693294841220701 -0.0700950857846761 -0.00102821640260855 -0.0296565377116268 0.115126117258775 -0.028863271237889
TR04 0.114477842014989 0.0600875312484402 -0.0105705038167722 -0.11792974512185 0.05657797096002 0.0559707423954175 -0.0252403578442542
TR05 -0.0273598768485855 -0.0458430308932397 -0.0778360850573846 -0.0427155302961713 -0.155995345603652 0.0326134953523918 -0.106161120935086
TR06 -0.0198763182455302 0.0190801298165651 -0.219521225312062 0.0103666902610186 0.0701702014970109 -0.0405460224628649 -0.119594635307939
TR07 -0.00470433698518652 -0.0277475507954103 0.0177560097860908 0.0681598353655486 -0.14433583700392 -0.0735834324179554 -0.00698457904245932
TR08 -0.0111969660889422 0.0775929424765381 0.06829580772403 0.00284936094547162 -0.0872181224639084 0.0276476029644154 -0.0422368684597428
TR09 0.135137279002046 -0.00243972419788874 -0.0242717699592173 0.0268268788516867 -0.0557431393088987 0.0657067180808284 0.0279609874513555
TR10 0.0396222653072856 0.0253695518056512 -0.104464485452763 0.119822729680554 -0.109675815500116 0.0142489778338077 -0.0410273335683809
TR11 0.0556276470109359 0.0173626182114692 -0.0704949139823042 -0.00149248702712696 -0.102357164674864 0.0168579141638628 0.0145497476354642
TR12 0.00973561356512184 0.039982946170226 -0.0175038353316208 0.0453079994668036 0.0964590328179228 0.0780210206627005 0.00755950178151219
TR13 -0.0272022335552905 0.0205937419958447 -0.111195086617244 -0.0502579792164448 0.202830321214732 0.0391170101344942 0.0313915880969807
TR14 -0.193013954123138 -0.0297181999674511 0.173790555844824 0.0424050336631809 0.138685640212549 0.0257950583610499 0.125125827833375
TR15 -0.0459799367013901 0.0465732998030935 0.0801764694978308 0.0357331994428963 -0.0371227427339705 -0.106180033022846 -0.0333238542328413
TR16 0.0124522676742155 0.107240486584238 0.155237076763807 -0.0571197142632257 -0.0287694880533842 0.0191124124070986 -0.0849150020418799
