sample MDS1 MDS2 MDS3 MDS4 MDS5 MDS6 MDS7
AN04 -0.0503571440131843 0.0177817094637887 0.0567515018549192 -0.0183267200522981 -0.00900154632671992 -0.0014212665496585 -0.0680590134332021
CS01 -0.0971026870315695 0.0299379322222798 0.0487818296198728 -0.150491964636088 0.0284061739711461 -0.00587932246416818 -0.0827677405569294
CS02 -0.0737721307317895 -0.018651049421624 -0.0703337020862558 0.148997221341961 0.0559650972245224 0.0434693878078228 0.0524218644104879
CS03 -0.0594315995802748 0.0277911225336901 -0.0371147296638193 0.0542353985397067 -0.0466937655652568 -0.0106496080008578 -0.0284231394637761
CS04 -0.0299261190336169 0.0160529804829363 -0.0269325296912203 -0.0358586290083667 0.0845671974326481 0.0973743262814532 -0.100445269796444
CS05 0.015412375212906 0.0319286864967707 -0.127500123284747 -0.144457867834151 0.0461097015237627 0.00647421540608821 -0.0510851755313147
CS07 0.0678166580196479 -0.0746991104999599 -0.11826333900012 -0.0453206257125281 -0.101519674455835 -0.00779885306162828 -0.0808050020502279
CS08 -0.0833233317220632 0.32517997039814 -0.270256010784972 0.0792910940101236 0.019842025566947 0.0130462137516362 -0.0196684387290607
CS10 -0.0020148812082149 -0.0648332151198264 -0.0110163914201683 0.0677489822734677 -0.0343269640255149 0.0368280953054487 0.0258292408207314
CS12 0.0522481733278707 0.0223351292842998 -0.027848902624834 0.0739513864121438 -0.0371135950976093 -0.0836746620027634 -0.0235401292503701
CS13 0.0338866834232572 -0.0809316575624795 0.0413508627775817 0.14641930643543 0.0289448019903663 0.110397035127109 -0.0489908584081699
CS14 -0.0298073328146626 -0.0426017785170845 0.00411359349625889 -0.0700671608689075 0.013566733204619 -0.0772357288202945 0.039125270536662
CS16 -0.0581574040789619 -0.0682438980235561 -0.0415833502378729 0.0280067212594171 0.00971656727890225 -0.191330194007717 -0.0379119369717556
CS17 -0.139977745513499 0.0430235096670238 -0.0426113830731997 -0.0733982538051383 0.0701102280465046 0.0491497055441615 0.120506436381787
CS18 -0.0323431428733716 -0.0473149170896774 -0.0555829745939655 -0.0245702331246875 0.133155193095599 -0.0710871736320292 -0.00708787724202795
DK02 0.0454745733475076 -0.0475741874376934 -0.0298614368653733 -0.0862324683239983 0.0235662202905467 0.0399497658135422 0.0497860483991369
DK03 0.0802396766652659 -0.0733370468889163 -0.126109392269374 -0.0868934029927611 -0.0196122310258772 0.0400870590788795 -0.0128444441065322
DK05 -0.0114610479110226 0.442393475931671 -0.406298865407957 0.0729737918855634 0.0417766551726868 -0.030687781352959 0.0401134848287659
DK06 -0.01442310944865 0.0894491717084583 -0.00727622837669153 0.0102184194256638 0.00604916713688073 -0.0728607807288846 0.0893766240916141
DK07 0.0572497124177703 -0.0307604484980603 0.0237445327731211 0.0657985380303193 0.0358247651785442 -0.0396321311602367 0.095943447496735
DK08 0.0955329165234702 -0.0334886316209984 -0.00372965735130502 0.0744416948268101 0.0764215095822427 0.119167850346212 -0.00764336219233609
DK09 -0.0196384142473887 -0.0372757730196859 0.00127171021236617 0.0724431572046496 0.045309098722337 0.0304161906949257 0.0376215724805014
DK10 0.22497927995522 -0.00869291492394443 0.0232479564694472 -0.032228373832087 0.00786580609195409 0.0630387494516211 0.0349065127748254
DK11 -0.0819191497648404 -0.00370019663830144 -0.0311573723185168 0.0515590646960427 0.113696271207647 -0.108468008852543 -0.0781529436910338
DK12 -0.0869114978372612 0.0288328709454015 0.00916555725556862 0.00705030426899535 0.0190205181488139 -0.0567673291595811 -0.0876461060139798
DK13 -0.0370931118229033 -0.0504726450973439 0.00854005335214282 -0.0316269600509089 -0.0323414035725255 -0.0546166380710414 0.0125843144019186
DK14 0.0895934614099856 -0.0107762095351335 0.0568919202157524 -0.110290647835139 -0.0677973874880123 -0.116394583411838 -0.024086626271582
DK15 -0.108010150606535 -0.01074331112564 -0.0879144016640958 0.0622944826028955 0.0719304960509126 0.0373943488662217 -0.0335725146104979
DK16 9.54074708312318e-05 -0.0408599044020178 -0.0589126891475076 -0.0332389945801728 0.00723243290443548 -0.0401533537915564 -0.0197046524170962
DK17 0.0477192083561177 -0.116947611989884 0.0103928571292733 -0.0212152857454688 0.0146286259520404 0.00293982482634949 -0.0717772609893365
DK19 -0.0497670836238229 -0.0616268814587919 -0.0205559968173767 -0.0596218974996166 -0.0452950437906997 -0.0539088630671252 -0.0916895586058513
DK21 0.0340212252073232 -0.116461391455288 -0.062412534435164 0.0962479758728356 0.00867386091839603 0.083511153002194 0.0656623311827374
DK22 0.0659724289274966 -0.0218592488468811 0.0813939116606569 0.187925739322365 0.0262617189304892 -0.0323019986092731 0.0511440476042863
DK23 0.0584887175079676 -0.0930838501983251 -0.0195169993899083 0.09015425225521 0.0109386820166305 -0.0103931909953879 -0.0781721698861348
DK25 -0.0424626688284733 0.0394263386278514 0.00189399905911637 0.0849882124704748 0.122996642868401 -0.00052320325965054 0.000697115189985523
DK26 0.117971244419016 0.04074159961749 -0.0235689959870725 -0.0267474535649279 -0.118644463035892 -0.0397067985845552 -0.141170999277364
DK27 0.0782224434820801 -0.0704322116912173 -0.147263078624456 -0.0520800049712983 0.0914081883211511 -0.00463460365375278 0.0750137611892575
DK28 0.176212747961737 0.0438894215948119 0.0644414524996824 0.102287064391926 0.00410885877775492 0.0355157363870551 -0.0123442149340386
DK29 -0.0869251383027828 -0.008109852760602 0.00355463732846034 -0.0990673468523647 0.0979665118627905 0.00875329395273203 -0.0732326298850926
DK30 0.12410607344634 -0.0227170490857529 0.0809644523270064 -0.0872316032096127 0.09792732543086 -0.147853884173249 0.135827853436392
DK31 -0.0477747014379655 -0.0554500645147164 -0.111737567834371 -0.000524994290152652 -0.0867150831564507 -0.0635860665391109 -0.0233953008697621
DK32 -0.0339648475016901 -0.0798042405623748 0.0390632769158951 -0.0911846558602807 0.0685570516886222 -0.0117009609093599 -0.0412820721918359
DK33 0.0669608358642288 -0.0322504468135379 -0.084715721510538 -0.13537884015669 0.0801739282007668 -0.0951783757943321 -0.118088095499513
DK34 0.0546389102902959 -0.130111909628286 -0.0399929804273848 0.0796495990278017 0.0406121626819344 0.0636812239972767 -0.0796040631633924
DK35 -0.0517340253490058 -0.0663869931669163 -0.126092696682643 -0.0240796476021865 0.0337079060397517 -0.0288789431606486 -0.13049357512826
DK36 -0.0782364659093166 -0.082638749538227 -0.0213358162045363 -0.0683868250367525 -0.0514072672361045 -0.0356978099412118 -0.0762101352740188
DK37 0.0116783072416503 0.0479939394298978 0.100534648177359 0.078396328967082 0.159122768383292 -0.0156135304174571 -0.194828147733786
DK38 0.00312540987796058 -0.0258547975273893 0.0198843643811449 0.0929868026851433 0.126244538159597 -0.242743733198068 -0.040182562644643
DK39 -0.00258673952366359 -0.0888806223409342 -0.08903369256767 -0.0628419523040617 -0.030127578155316 -0.0217395897049296 0.00176560024187892
FR02 -0.0422148704085719 -0.0124118642771692 0.0882863205196815 0.0115971845788838 5.29918341828418e-05 -0.0421002685835648 0.00215039781498151
FR03 0.000579718298966208 -0.120724292130965 -0.020397466906988 -0.0260611477412558 -0.00438000041614765 0.0739492505051521 0.100044458371686
FR04 0.0612317927569373 0.0366823930142557 0.0203688847845234 -0.168520284277816 -0.0155635886572689 0.0791779746506236 -0.166514747019836
FR05 0.118495876800159 0.0961993449309512 -0.0150140609645687 0.0555719505990265 -0.220798190592284 0.0435077939763743 -0.00537941278418154
FR07 0.134952389711902 0.0934272992897984 -0.103022127274164 -0.0752086313456875 -0.0458361552543074 0.135286360229138 -0.0339635404416476
FR08 -0.0478297105724879 -0.046430820791854 0.0183807866508201 0.00595442189947927 -4.30062444419245e-05 -0.145232909897097 -0.0946894179259228
FR10 0.0553128868794618 -0.00803933117262708 0.0286867098262624 0.0599916363005321 -0.00814832316789767 0.00326351616657391 0.141854814179713
FR12 -0.0413287929015927 0.0775663558556384 0.0464416595585255 -0.101652060572098 -0.0391001765249866 -0.0151204454434776 -0.0358757465533906
FR13 0.0423428469784879 -0.00142565398546556 -0.138982623060273 -0.0325436637349592 -0.176824165219247 -0.0620306705121231 0.00768878056984983
FR15 -0.063363387136515 -0.0574522679179585 -0.0522444750016064 0.0479669265539797 -0.0327600301932922 0.118265250898918 -0.0110112039369365
FR16 0.165394030459186 0.0295631357719185 -0.0843236344212435 -0.0837791169871247 0.0158136151667736 -0.0749488475453271 -0.000694651445406338
FR17 -0.0265655943078773 -0.0872988838473454 0.00834927890464638 0.000289042540938016 -0.0922133106809674 0.0631461949902046 -0.0440651370997114
FR19 0.0652352565373095 -0.00380882010759963 0.0326734113691325 0.0986884133725696 0.077856694444818 -0.105519969553594 0.0688870591329599
FR20 -0.120907480438251 -0.0203148859131811 0.0777668178324283 -0.00469777227850857 0.00718523592231496 0.0208475570954256 -0.0511673571820743
FY01 -0.0199236119567806 -0.0634550398022812 0.0108692558677466 -0.0325682192551494 -0.0970961565056201 0.0714273187368597 -0.0323129943386136
FY02 -0.0762303851606535 -0.0910173568827335 0.0203847573899452 -0.0257625700737641 -0.0262795887035762 -0.0409720989211967 -0.00723464187020978
FY04 -0.00139417998633227 0.176776162937309 0.0163931268756508 -0.131945071095207 0.0321852351573106 -0.0108688630883371 0.0265273046703997
FY05 0.027536622893373 0.0548065978354622 0.104157997634663 0.12707295516798 0.0458401433723573 0.0685304039724728 0.0687194458522638
FY06 0.0250771235719731 0.0817650084103881 0.0796318290613644 0.0854259094131962 -0.0630325413318999 -0.00738332669445483 0.0155695298308446
FY07 0.0282408676887914 0.109941712369316 -0.0281577176933131 -0.0267315399153224 0.0112284447683142 -0.0998095316597964 -0.0712676043535063
FY09 -0.0124119347796507 -0.00684361032633794 0.077015474724202 -0.0658288182964972 0.105784094784949 -0.0922654333523894 0.0697690104163267
FY11 0.0852253652091286 -0.0334197416661865 -0.0342051697337893 -0.101894263211051 -0.0176758055015278 -0.043931367641896 0.0593202239297667
FY12 -0.0803754067271398 -0.00646006663938541 -0.0590530061731973 0.0364307350446948 0.0281725362501097 -0.123448977011147 0.0459953132288359
FY13 0.0687164055915249 -0.022954771372792 0.134972842925126 -0.0253305034540412 -0.080193347250775 0.177355312687221 0.0571310920224605
FY14 -0.070937811580938 -0.00963748494747844 0.06702156289339 0.0124013569768898 0.0116056077752435 -0.114433313039825 -0.000747427471053336
FY15 -0.0867650614605064 -0.0764760677398812 -0.0047383437739814 0.0507596561391188 0.091709238245749 0.0924510083929453 0.0163638080283583
FY16 -0.00474929668764142 -0.0347178866628635 0.0996539025201177 0.0227843299976852 -0.0734116205865065 -0.0736866328627654 -0.00344064776841998
FY17 -0.0398932683151464 -0.00388136467702524 0.0488884558874669 -0.0149692494341877 0.0899967495509545 0.0928194989951057 -0.0690056595337124
FY18 0.0376046245410242 0.00617666130994387 -0.0280914716254958 0.118833528596454 0.0190244625657331 0.0744557396660266 -0.0634845733890169
HH01 -0.130073836481937 0.0740047689311711 0.00865519009412444 -0.124604171722181 -0.109535919850056 0.040209117662151 0.0978961642609374
HH02 0.157209547019474 -0.0161135927873398 -0.00862770994553941 -0.102855270170046 -0.0101732803184209 -0.00140658191985735 0.111731660437399
HH04 0.0604149028133959 -0.0864573735862848 -0.050341445197258 -0.0320857681134125 -0.016375073200656 0.114346557116909 -0.00584996020852491
HH05 -0.0234550460246375 0.00958679924342452 -0.0285741764096724 0.0312551345160013 -1.42400729382219e-05 0.0924159786204857 -0.0655411847575443
HH07 0.0247926612074523 0.0815454219824992 -0.0430229660079827 0.0182202226408202 -0.131830668445523 -0.0207105745753366 -0.0355569868946088
HH09 -0.0649474562856776 0.00430066813091951 -0.0411379676704332 0.0622670247366016 -0.00281279075281293 0.0271109827828439 0.107120481399987
HH10 0.0574534661308637 -0.0512423577462506 -0.0216035769224302 -0.0318012793113421 0.151069033113483 -0.0920548156923847 0.114056504921001
HH13 0.0123993903464775 0.038840461178667 0.0625127812403573 0.0320017468826565 -0.0356141900888075 -0.0168382662753108 -0.0103945178924038
HH16 0.00455537541503165 -0.0323820167346083 0.0999249495885267 0.0917519964201386 -0.0247049104932522 -0.0608502535725705 0.0120219873532404
HH18 0.0521537237400213 -0.0608823597580985 -0.0831432777538286 -0.0779949081631135 -0.0334703026776969 0.00152632570575986 -0.0768032738235896
JB02 0.0161196889476185 -0.0750912564350979 -0.0402830994049389 -0.123749888698951 0.00595993381403199 -0.0314294189082932 0.141820069677834
JB03 0.017426903981372 0.0985086298966475 0.06585208980171 -0.054518277332293 -0.00406259153094655 0.0142899213296996 -0.0729205952155277
JB04 0.0642022605760787 0.0115850054297358 0.0955899303753926 0.0646617627875163 -0.0673009712180874 -0.0554670828892956 -0.0352847386735544
JB05 0.0379263116741071 0.0363107247781662 0.0552388461997655 -0.0404281331914873 0.100722798981259 0.059859592744236 0.121876025578221
JB07 -0.010104179097166 -0.0264191232229182 -0.0337300123010123 0.041920042742741 0.0239287045354031 0.00520806421001942 -0.0980018795276075
JB10 0.0978426345248397 0.039236990858323 0.0415235889645352 -0.00168133023585161 0.00380759588933091 -0.0138986083025308 0.0120578639247689
JB13 -0.029629145040997 -0.0228574149394573 -0.0492439460820164 0.154735525006464 0.0369116358904333 0.0280037173190982 -0.0351886903677849
JB16 -0.0849966358115323 0.029946228463262 -0.034134708316281 0.00415401105590874 -0.0507947863992882 -0.0243679783197129 0.0252876457149921
JB17 0.0668724190981887 0.097999836695715 0.101725841319883 -0.0684102319226914 -0.104081225396844 0.0336287680395125 0.0468817851505297
NB01 -0.0282994255459005 -0.000700783275462307 0.0531274100586792 -0.0349729117928264 -0.00496188041591824 0.0385847019118772 -0.0547099760647575
NB02 -0.0389033774027518 -0.0307677919101986 0.0262880046339435 0.11660716325722 0.109953448717064 0.0961980354297871 -0.103813205484867
NB03 0.0309079582402273 -0.0482746065953732 -0.00273268884566184 0.0290005526662979 -0.165691685168236 -0.0389007049299543 -0.182097033956945
NB04 -0.00070007999503885 0.0140296542373328 -0.00983591494594478 -0.0345178384545825 -0.0761758492233986 -0.0124667028607689 -0.00209593672701027
NB05 -0.0597734440728897 -0.0790971767922293 -0.0404760783305691 0.185168678063689 -0.0109364093843611 -0.0201844303479014 -0.0351126478726583
NB06 -0.00373264916111828 -0.096508974613981 -0.0182633081334255 0.00739513497499772 -0.0513335313099394 0.107031390032427 -0.063588883633161
NB07 0.118121677409822 -0.0238312556391289 -0.0381494684606199 0.00529737026363666 -0.00425282518825761 0.083602375068491 0.00307999464152709
NB10 0.186651373851702 -0.00557854924465832 0.046455797150653 -0.0368560500807326 -0.134068666973611 -0.101360529686776 0.0611507284566122
NB11 -0.000972204404736102 0.0174899756202725 -0.0447373034019666 0.168953814189345 0.0132375768084802 -0.0300603068388652 -0.0342364018890142
NB12 0.0190969607326901 -0.0839822860451267 -0.0480440582338536 -0.1031655808201 0.0146384254433552 0.0118022648731473 -0.0180043654855354
NB13 0.0193951729255807 -0.0414133840044778 -0.0440118494342321 -0.0772994284091389 -0.00611439325276395 -0.00720247617513406 -0.148013173881295
NB14 -0.0175372696976466 -0.136949860896757 -0.0707185367653838 0.00993672273022738 0.13500235016058 -0.0188405308081942 -0.0116448998681405
NB17 0.0143459660638365 0.022835092395185 0.0529348290436475 0.0851211536319229 0.0464094187289303 0.00442252528574427 0.00315873029684492
PA01 -0.0481657410405907 0.14187425086269 0.0284362343472523 -0.0308188577363368 0.0844038888956875 0.0733284012862903 -0.0615116138862444
PA02 -0.00137679895609971 0.0876973135330362 0.113293866181547 -0.0977195845117863 0.0469739892894442 0.0230789888076742 0.021684745271365
PA03 -0.0626069602050856 0.015770334017386 -0.00241173224874885 -0.10743707136863 0.0388419397822232 0.0367475600728003 -0.00237604747844179
PA04 -0.0390919706026363 -0.0208511858635218 0.00488932510515694 0.0622427666053172 -0.00853298581920539 0.146367720529655 0.014650999139944
PA05 -0.105213469818187 -0.0518689159445768 -0.0108499960804517 -0.102632736040767 -0.00334167416860145 0.0316847224382616 0.110427530020185
PA07 0.103986969490262 -0.144192242265052 0.0806523986702149 0.0561934229406571 -0.00881343998227729 -0.0486416642629009 -0.0341682300683668
PA08 -0.098015078130649 -0.00250050859960551 -0.012195755392786 0.0658085995658133 -0.0229257168243814 0.049038712208217 0.0659713522004391
PA09 0.053438087470397 0.105652086932721 -0.0228578729192905 -0.0747803318954418 -0.149201740980585 -0.140967489283511 -0.0668248844199554
PA10 -0.0454891224379999 0.0541585153150481 -0.0300456638663436 -0.0594195605665868 0.0116954886332713 0.105153569414776 -0.0882906629825386
PA11 0.158690637493309 0.00433276015171234 -0.0101124838402089 -0.0711733200261718 0.0508482270990357 0.0847787138057801 -0.021772563816335
PA12 0.0086545424930184 -0.0158334407778014 -0.0427502115478487 0.0600114413993977 0.0195546171204838 0.110283413473511 -0.0791248177061521
PA13 -0.00230528054970112 0.0114534531582894 -0.00876243533577299 0.0806084852751078 -0.100435872647361 0.0872606063417298 0.114680080951148
PA14 -0.0939390117955326 -0.00261431479342964 -0.0524453773857415 0.0792594442987399 -0.124436894077876 -0.00177062867399824 0.0837256240703028
PA15 -0.00426985926262955 -0.0477374775755672 0.00769984529825096 -0.0833380226196646 0.163111637543312 -0.0451879611216135 0.157059899064403
PA17 -0.0235303394992479 -0.0753791115062058 -0.0143817985191798 -0.00892217838546649 -0.0583217126322433 0.0348989441407067 0.00933259152913625
PA18 0.0350977935304791 0.0427683156240256 0.067031534124805 -0.0200654106681396 0.0880219545608948 -0.163178655791515 0.0636590703745883
PA19 0.123085991225223 -0.00353237036543273 -0.171653426942632 0.0496772362360945 0.130734722619631 -0.000101613832469955 -0.00912522247432736
PA20 -0.0597684405657765 -0.00533691888230526 -0.0846522530987703 0.0551283489572683 -0.00944819423086521 0.0540900653729391 -0.116859038318023
PA21 -0.0283569904490577 -0.0963692730910448 -0.0563335836501827 0.0659353116537804 -0.113162996220831 -0.032851012193511 -0.0153386771830691
PA23 -0.00244017599258791 -0.0478762097671228 0.0318890078873055 -0.0684294854492217 -0.0281878732826526 -0.0283333583611905 -0.00478664295502274
PA24 0.0292708515787515 -0.015232888115916 -0.125447148119401 0.0557665190408141 0.19620241563249 0.0173812405522151 0.0828015699815261
PA25 0.0209196219670627 -0.011949777696091 -0.0237449354266893 -0.0108936033907167 -0.0706370436273128 0.1163806518067 0.0734797663117504
PA26 -0.00962460910145967 0.0201898575730609 -0.0186581122957461 0.00437687873754977 -0.0767104621589067 -0.0361508149049048 -0.00531067525108364
PA27 0.0896841642500274 0.000294980509242323 -0.0520203055128859 0.0156304041519827 -0.0510063577751474 -0.0413000496912352 0.150097111366221
RB01 -0.065215977284024 0.0140077859562292 0.109228294798783 0.0641857959000518 0.00402411684300227 0.153581914053744 0.06065931250421
RB02 0.0702622188039713 -0.0153670927024142 -0.0263289026691781 0.0209900434403491 -0.0935417367025557 -0.0512498391572446 0.183696165862374
RB03 -0.0567448167514269 0.0576513821333016 0.00824094147870403 -0.0512891032056173 -0.0462001493226779 0.078570542438724 0.201554920321836
RB04 -0.0571146741141201 0.0448348134778373 0.0904361895592263 0.0257238825596153 0.0106951490817702 0.047614753384442 0.0533893373646571
RB06 -0.00928271237884683 0.0962667920323336 0.120304041058496 0.082860583350555 -0.0339408164876623 -0.079075333628623 -0.0203501363333051
RB07 -0.0288395712121789 -0.0582579707598101 -0.0144507608132306 -0.0173920501037938 0.0985852544350963 -0.0632309481441135 0.0328537042078794
RB08 -0.0966411247373613 0.0404260152742889 0.048650271848776 -0.118772878918434 0.0291755837143618 -0.07198190914323 0.0427839966049861
RB09 -0.0737316704159825 0.0708919794021668 -0.0405821450095428 -0.0103361325707806 -0.0590326663847712 -0.111415074266308 0.0277436054754117
RB10 0.00689305862759884 0.00807024970645101 0.0440503693956213 0.168556179519303 -0.0328826475955787 -0.0647279724817493 0.0905557468242911
RB13 -0.0584062063649605 0.0255902694041222 0.0957225374510418 -0.00453688375377556 -0.10430316084845 -0.101743567848723 -0.0554396754822517
RB14 -0.0251406475647247 -0.0251610898078557 0.00411673177485649 0.0123948331232597 0.00527823130065906 -0.00249716183761033 -0.00937692344165175
RB15 0.0402733859110226 0.0141366687375903 0.0232827105849344 -0.0382989910063364 -0.063864708708637 -0.118428359829744 -0.0560715606330402
RB19 -0.036190616831338 0.0350398843526199 0.207565203764187 -0.0286328214879045 -0.0122766744442033 0.0499632328642069 -0.13569758377133
RB20 0.0382279341858849 0.0313104971438492 0.0262298158860461 0.00423340081703377 0.0692016474658904 0.0560127387964905 -0.0803769880699525
RL01 0.167615031169993 0.00311302496042403 0.0449229703702611 0.00596072334690019 0.0445968519872015 -0.124455225290065 -0.0375332532859803
RL02 -0.0163608322254568 0.0242722039790386 0.102447490418049 0.0226918667491177 0.134481145443065 -0.0574595379929448 0.0835028610796402
RL03 -0.09694200378979 0.0376410351694577 0.0577685989095814 0.0470409256632476 0.0760664179193285 -0.000841257613057858 -0.0566926067662568
RL04 -0.0743991776881945 0.0473471671257127 0.0279553265165345 -0.0173289575134186 -0.0968149901010088 0.119211220874258 0.0220044490709252
RL07 -0.0269741582020996 0.0877812538626262 0.00764812280979074 -0.00468846373890248 -0.00138010799186703 0.0123956931595237 0.00544827835110808
RL09 -0.073365522025083 -0.0281262153480786 -0.028987128006734 -0.0463347091112953 -0.0337499972668105 0.0208044871025999 0.0894846270988809
RL10 -0.0340401046855439 0.0453243194004605 0.113348645599289 -1.82962905647933e-05 -0.0332044597619684 0.166862062694404 -0.011663660458716
RL11 -0.118120914182244 0.103599822680542 0.0842760167722205 -0.0738855659211816 0.0170288939996471 0.0113157883582875 0.144472510196536
RL12 -0.00370912955550331 0.135629446211436 0.00980865171830022 0.0130938644827764 -0.0130132638239595 -0.0424220640947369 0.0562647045127206
RL13 0.0351341770108806 0.168993848330297 0.0291287577903277 -0.00520395193681089 0.0246251551878143 0.156931068005896 0.0230284248268625
RL15 -0.150855984016353 0.0735672225463469 0.0804331125734838 -0.0340321094212627 0.0838490560867257 -0.0337165853618002 0.0671175106717483
RL17 0.00277996153570857 -0.014319034725545 0.0247100694461281 0.0147642945552848 -0.0176178626892628 0.0410277997450903 0.130566976386927
RL18 0.232835627625336 0.0146250608951083 -0.0480302718469871 0.00428979751002002 0.032235757478812 0.0673394079962815 0.0179336307148994
RL20 -0.012685424890945 0.0632108175238521 0.0643333276668185 0.0726077114820027 -0.133834866074182 -0.0450236746150432 0.0277245809120469
RL21 -0.0827213447042642 -0.0384049814325013 -0.0015416460372751 -0.0574288410304376 -0.0283943667946773 0.0479981681071534 0.00711720991529578
RL22 0.0940644980733437 0.216408495007209 0.133707250501848 0.0703032727992807 0.187083501885958 -0.0581570902976298 -0.182448312989066
RL23 -0.0416532376757603 0.0820438461059994 0.127872525699359 -0.09442530734515 -0.0101660520052401 0.107114187368776 0.0145132971126837
TR01 -0.0422318949740417 -0.0382134990600391 0.0902725562220672 0.0889340040378089 -0.0469998816186618 -0.110546231651885 -0.00601219330667238
TR02 -0.0656856983240616 -0.0450105872605405 0.00127588058368205 0.0271207544477874 -0.00545932748621088 0.026970279676105 0.00465682343018747
TR03 -0.0840035268476959 -0.0252032698107173 -0.024708222354588 -0.0891315580379675 -0.119293895179075 0.0470227832866103 -0.043079643087493
TR04 -0.117190717703825 -0.0367608345693531 0.0546863949370496 -0.147895434905015 0.0585660045277751 -0.0560796602215552 -0.00935889204853369
TR05 -0.0134589281548002 -0.0349023228273728 -0.0994270584682131 -0.000964300926953636 -0.139008996838187 -0.118548061525241 0.0580385251802507
TR06 -0.0862014697032891 -0.149799591962649 -0.15292474262295 0.0368773224908783 0.0385648662226011 -0.00159951605380245 0.0329469107271987
TR07 0.00795181245184763 0.0144605146197114 0.00827287429646092 0.129269089245584 -0.0663212874222883 -0.063297188255086 0.051771634091037
TR08 0.011337646301854 -0.0546085078765425 0.0573222194451752 -0.0138517715724083 -0.0835087339109072 0.0239337176101582 0.0583162516153982
TR09 -0.13489648777713 0.0275711929647872 0.00885226976938164 -0.0521549854907273 -0.0753580523532543 -0.016118014692282 -0.0158810211642822
TR10 -0.0740511823786465 -0.0582234310768294 -0.0493402166716887 0.0690307088620193 -0.118693991051124 0.0310996773537846 0.0665825599730911
TR11 -0.0690891921151561 -0.0201430930683282 -0.00250474298417045 0.0501877674919706 -0.0670460559419632 -0.00828270736531092 -0.0549817463171884
TR12 -0.0389471320947969 -0.0189469342194107 0.0164612755393485 -0.0919472318478636 0.041860422786431 0.116621201122671 0.0594602150393578
TR13 -0.0124655755225897 -0.0988058972224238 -0.0660345312486356 -0.143509098551741 0.165469131318208 0.0779610710865796 -0.012997010693192
TR14 0.246272249227946 0.0520081565266921 0.0569514288866804 -0.0660890892430497 0.105632156413509 0.131960155340681 -0.00696406775689934
TR15 0.0559032278217807 -0.0137401557966166 0.0268392188025365 0.114096700651246 0.00508590426126414 0.00350645719442214 0.102666850807251
TR16 0.0116698108477866 0.00570659247864895 0.161184680494883 -0.029002169610436 -0.00221109700211402 -0.0441799558690836 0.0258417458334977
TR17 0.0191587453916841 0.0465573232031823 0.0718007742636639 0.0404436327005662 -0.0814545201513346 0.034261677731363 -0.191720628021338
