sample MDS1 MDS2 MDS3 MDS4 MDS5 MDS6 MDS7
AN03 -0.00246925472873016 -0.0368157417176901 0.0628955108379213 -0.0306214901778416 -0.00825033783139997 0.0322597389131824 -0.0611768909241609
AN04 -0.0314312139593679 0.0112495714655347 -0.062114322517547 -0.012501949684054 0.00588381145421702 0.00754084790572541 -0.01628085397919
CS01 -0.0558879551264523 -0.0228977911761501 -0.0405695666695321 -0.12349141270397 -0.0584176467081938 -0.130140240759646 0.00815116759165345
CS02 -0.0670333691700842 -0.0061648098981828 0.000595126364419496 0.0649635993291629 -0.0653396577834156 0.125548830978915 0.0873423185198686
CS03 -0.0435705319539335 -0.0422589388220359 0.0134261776951228 0.0551748425840108 -0.00202962774731028 0.0512933410639496 0.0642459221569368
CS04 -0.0331275052872763 -0.0408535933648067 0.0133880401270983 0.000110047921330791 -0.118228439489092 -0.0349131853896565 -0.0694924192799353
CS05 0.016393285089503 -0.099025414846541 0.104974792922691 -0.0600328557801101 -0.0382448419673531 -0.0836105888998102 -0.0314375921306602
CS07 0.0356274354521043 -0.0176450524683416 0.156664916131379 0.0881079448054516 0.10021762942782 -0.0882142291491232 -0.110513089257049
CS08 -0.0539518449330272 -0.378691745285321 0.0155766022660697 0.024740092721752 -0.0865861801367538 0.10994804769384 0.0808228083781355
CS09 -0.0513432423431543 -0.005756169784499 -0.0555095393200514 -0.107016805351457 -0.0116917844085161 -0.0848935001551296 -0.0436812046116643
CS10 -0.0057309070702848 0.0659380109435627 0.0281957219548442 0.0825636518368703 0.0137406967514476 0.0282503306831515 0.0359661826348224
CS11 -0.104720333255275 0.047545548513604 -0.0366634231434895 0.0313541984323174 0.0850686832106941 0.0395562651312449 -0.0410324655178443
CS12 0.0459649769042282 -0.0303886077423042 0.0031577173470731 -0.00572086223022361 0.0729261381684916 0.0862474179425072 -0.0631066450147449
CS13 0.0183330576394755 0.0941062205730362 -0.0389724291810725 0.117314125005522 -0.0505022380635993 0.0718529310564748 -0.00697353478048202
CS14 -0.0401361797349508 0.0295257790052141 0.0155347415251275 -0.0786901571979362 0.0382185516564441 -0.0409824728626279 0.0275855954561229
CS15 -0.0570963220441687 -0.024277309115449 0.031017221095961 -0.00370465471016918 -0.0420227581675003 0.0650791501898413 -0.0883090875319144
CS16 -0.0648180656649133 0.0330345117228109 0.0910896973228576 -0.080953111886479 0.0839782090746681 0.110392336538942 -0.0322230633806829
CS17 -0.119230974545783 -0.0660729565936038 0.000918686464549668 -0.056599836853317 -0.0715438385096002 -0.0584068752235518 0.0750203816304997
CS18 -0.0361770132343891 0.0085947026814113 0.0892014516845816 -0.113532876130817 -0.0240907238285136 0.0437955187679573 0.00102940846827636
DK01 -0.0458488731747658 0.0619955267538161 -0.0237988636483595 -0.0475406574068674 0.00114166039543198 0.0178510923944004 -0.0779579196270345
DK02 0.0376749226920657 0.0328574939429146 0.0601765325070885 -0.0152837360513775 -0.0603599441408541 -0.0651430501898225 0.0263334265920838
DK03 0.0535754726997846 -0.000989751405052038 0.134141611024326 0.0210215417567963 -0.0219923424927125 -0.0462480002052537 0.014499108825648
DK04 -0.0691051170748985 -0.0627726334102827 0.11084630827147 -0.104427017022194 -0.154741781244092 0.102690562984212 -0.0311890393710518
DK05 -0.000238992658423017 -0.527341872275767 0.0578145790344634 -0.035221533166041 -0.0704632646432508 0.174223378043067 0.0872633831982413
DK07 0.0533059169790218 0.0776654835171473 -0.0124028915833857 -0.0269080550034423 -0.0148865974418572 0.114815374529152 0.107615010851393
DK08 0.0892093531992732 0.00598789490142603 0.0312521923816947 0.06976584557664 -0.085833547017667 0.0284382648732132 -0.0362008472255142
DK09 -0.0303214348825261 0.0207549648705105 -0.0149786196549326 0.0394022777924822 -0.0263694351494679 0.0447210395030221 0.0280331117435745
DK10 0.221645948503461 0.0533426879570678 0.0266704641330185 0.0573673755679163 -0.0723729252953432 0.00586123211530848 -0.0157547992068053
DK12 -0.065475035022822 -0.0306204327440121 -0.0238149302140317 -0.0542197150807094 0.0119453328953326 0.0241539293229824 -0.0127751927633705
DK13 -0.0231878259886164 0.0402748745369023 0.0151311825191131 -0.0369970812557438 0.0630796684119881 -0.0554998879600158 0.0486168921427403
DK14 0.096361190087533 0.0296813679508932 0.000520622175096054 -0.0851011868097005 0.117221801047071 -0.0792548613929958 -0.0171165758834959
DK15 -0.121088044452259 -0.0331090622323651 0.0277689229398406 0.0330427375400714 -0.048998764229184 0.059228981607957 -0.0132392961326303
DK16 0.00115234967385521 0.00843940581560076 0.0752771542633619 -0.0758427973065871 0.0294423010944077 -0.00686719124063388 0.00801335997815417
DK17 0.022698765911397 0.110253452325004 0.0282044187804032 -0.0119492991911706 0.000877453055828377 -0.0231005069066663 -0.0955702196574672
DK19 -0.0591557418770873 0.0182280605287483 0.0836194560051653 -0.044344918716881 0.047400825930948 -0.0327851459896293 -0.0984297118756048
DK20 -0.0468658294330318 0.0021642670650901 -0.0403772766789014 -0.125482969942508 0.0397518822980148 0.0463972080130906 0.00760270837031522
DK21 0.000470015444557419 0.0902315842260367 0.0862482121766501 0.122034057678144 -0.0644321523214051 0.0872916987022683 0.0322217581300116
DK22 0.0543765291941018 0.0760973993907145 -0.0776016975192502 0.0277490756555198 -0.00662518634688794 0.180571233746126 0.0395698365339868
DK23 0.0413121634414427 0.0581219548418223 0.108002000000794 0.0314344660357858 0.0164638752767667 0.105292308084542 -0.0649771172559564
DK24 0.0437321624829373 -0.108819369322026 0.0538153354838815 -0.131646774941675 0.0380374175333438 -0.113184324835627 -0.0774921212873408
DK25 -0.0304977653097777 -0.0498357815770163 -0.0285255725223565 -0.0469372027450137 -0.0758602083514221 0.0912023881519956 -0.0270871646365389
DK26 0.122661930961887 -0.0362938289871951 0.0152303266189418 0.0353001419409303 0.0827275638833725 -0.0534243497408395 -0.113552957642004
DK28 0.179206229954598 0.0229037238209491 -0.0633291489305615 0.0438902337183713 -0.0356865683111391 0.101242303070909 -0.0582427991621408
DK29 -0.0872279078762468 -0.0100697218820045 0.00268225155243915 -0.119464307561246 -0.0647585038859197 -0.0792526813158691 -0.0825817915305958
DK30 0.151945537661301 0.0824174746308988 -0.00348751644249066 -0.164701722284204 0.0201726415037921 0.0246942503940028 0.0856898790080129
DK31 -0.0643707762708037 -0.0324763155725333 0.140858325689557 0.0220478539057289 0.0555566677821619 0.0304216784539602 0.0122690382559934
DK32 -0.0298986969744564 0.0758696098838922 0.0148913821430258 -0.0853249968117572 -0.034166055141086 -0.068544718691139 -0.110018377467729
DK33 0.0773461402707971 -0.036676803035093 0.130588687442378 -0.148299505157031 -0.0263555781955124 -0.0584403030172847 -0.00861642887113714
DK34 0.0137832129987791 0.0509591193462436 0.105060883061362 0.082684237769663 -0.0149561169630423 0.0281648489164828 -0.137575676670635
DK35 -0.0762095403363382 -0.00654434398958724 0.119795895195968 -0.0280856770502119 -0.0280386572475621 0.0033136762512765 -0.0713907259466336
DK36 -0.0904397320408237 0.0344947235432241 0.0523657974551647 -0.0120251011293379 0.0431729686418161 -0.100220747484425 -0.0392264822208457
DK37 0.00540800953208224 0.0157015271209985 -0.0970108342114791 -0.0550019499523866 -0.138645618729188 0.179041584612633 -0.126714877716905
DK38 0.00583999332083473 0.0156303004852594 0.0246176963338817 -0.17833832261906 0.0681927790060845 0.162807404888157 -0.00497811790749994
DK39 0.000100624587939519 0.0116462426031135 0.162358106775067 0.00170749412616159 -0.00310087883735772 -0.0484374066854597 0.0297757519605043
FR01 0.10125400142314 0.151381101767953 -0.0706582713493538 -0.0672235578247906 -0.105437795983542 -0.0512514198555333 0.155392095053688
FR02 -0.0285836678995196 0.0527840534261659 -0.0748757224378255 -0.000413577154538005 0.0575354746863453 0.00682819812545462 0.00763559827905257
FR03 -0.00623773184055049 0.0931571789710395 0.0797842736668888 0.0505724847753091 -0.0710229109500095 -0.0249784185582466 0.0125027928341453
FR04 0.0790130410420375 -0.0731944336135646 0.0129003248524558 -0.0366782475393496 -0.0189461793610771 -0.182380486187338 -0.106087063325531
FR05 0.126435638816546 -0.0951023950057745 -0.00940200179320228 0.19480544137484 0.112567289801249 -0.00656515746503619 0.0296017758215369
FR06 -0.0488411418538435 -0.0355646191162668 -0.0101583963398882 0.161407467792706 -0.0472623529672412 -0.0990466396287201 -0.0685691029667565
FR07 0.138490824271736 -0.143766040943846 0.0448647188786548 0.113777281773271 -0.0224222627993475 -0.107952801264859 -0.0258958575681229
FR08 -0.0499085675694817 0.0259489462577116 0.00404369807752165 -0.115966955709067 0.132446113138094 -0.00762221537500543 -0.0748082854035816
FR10 0.049952047045026 0.0411547931590935 -0.0261047893166399 0.0457956546209145 -0.00196854596949437 0.0690342943028248 0.121439988163642
FR12 -0.0143748130782576 -0.0370982919442272 -0.0532049503039805 -0.0461348008306174 -0.0107987224324208 -0.0685552019863425 0.0143172340440144
FR13 0.0209061227837847 -0.0773031401784821 0.148391202154756 0.0773348063869589 0.153397496883245 0.0115347493056798 0.0192664436992002
FR15 -0.0734921704647373 0.0144067808008083 0.0701498109370848 0.0998942980372389 -0.0236894950360395 0.00332532378418696 -0.00208324355105025
FR16 0.155727270027697 -0.0418436220972872 0.0778277371857572 -0.0366150100871881 0.0142174108828412 -0.0130744774549769 -0.0131858471479426
FR17 -0.0559638696916535 0.0537296275165744 0.0380844600825508 0.0891326278606236 0.0490044914869661 -0.0458420385461995 -0.0843988280005094
FR19 0.0606667542999404 0.0502174167055682 -0.0349708419863508 -0.0521457982422928 -0.00215497156852882 0.123948765186444 0.0187445787121538
FR20 -0.110267132660082 0.0448009738657921 -0.0820858764102016 -0.018591685260192 0.028024336748286 -0.0517786036941758 -0.0710801552567916
FY01 -0.0301265296757849 0.0505281042667885 0.0332195563478542 0.077028301503557 0.00388017025481508 -0.0511432157265007 -0.035245055771003
FY02 -0.0845053830894391 0.0699584308079171 0.0524154405378108 -0.0242064459065506 0.0442158600346725 -0.0115634406302618 -0.019341235884791
FY03 0.0549393716615244 0.052874321133947 -0.0213428807580737 -0.055953775243131 0.0379569818146176 0.0413850335742631 -0.0549104718606438
FY04 0.0622254213293331 -0.125550992948338 -0.0676846981568888 -0.072911674655259 -0.0983112665651041 -0.0624542360149563 0.114654252337509
FY05 0.0273765319808901 0.00346305585681075 -0.103985835867379 0.0486032353232931 -0.0639925949509308 0.112320280261309 -0.0578211563245607
FY06 0.0340240121013972 -0.028193229870697 -0.0999127199416827 0.0267679146040533 0.0685425999999108 0.051245772551085 -0.0156418635304481
FY07 0.0483921997705714 -0.123540496509627 -0.0273822758137061 -0.0902574855006032 0.0749935296975556 0.000850066287104264 -0.000573666111215607
FY09 0.0100709572479295 0.0477893319027912 -0.0484305209102878 -0.139658138992665 -0.022774707161045 0.00272878744534579 0.0577102568156353
FY10 -0.0183417587740707 0.02057823871694 -0.101865614111143 0.0370406617895046 0.130677358815014 0.0118577550447999 -0.114713448470548
FY11 0.0908333279845846 0.0210532176166074 0.0899500622803138 -0.0421959401755184 0.000461211012644801 -0.0313926636080134 0.0456239976420896
FY12 -0.0818887696395311 -0.0344990498579863 0.0396607323806478 -0.0527516945329393 0.0685804334786323 0.058225826451242 0.115618256633751
FY13 0.082729299415776 0.084683937396543 -0.0992146352745312 0.157255760624171 -0.0866514284461069 -0.0927769678936444 0.0947825373530218
FY14 -0.0474474358890478 0.0241141825065895 -0.0566927936295626 -0.0724807692737805 0.0683500225408723 0.0362431221874851 0.0783166000234878
FY15 -0.0956178197552524 0.0465090209519025 0.0234742974684188 0.0325059872667501 -0.099120825659464 0.0334144146754836 -0.00270386503109904
FY16 -0.00246419849662439 0.0703777669697386 -0.0410599073226581 0.00304447468271866 0.10462999326714 0.036524238384064 -0.00709069100866637
FY17 -0.0299872974342816 0.0205801258962022 -0.0305374136133324 -0.00426450607818307 -0.106837091211662 -0.0534678688497276 -0.0511375586173544
FY18 0.0275819110311496 -0.00243998497300882 0.0215797701562121 0.0810727570049862 -0.0701525651391153 0.120915956473053 -0.0846941611084555
HH01 -0.08612506120855 -0.0618888515852786 -0.0426709418818851 0.0401950853367788 0.0178889687359486 -0.152352796206289 0.170844755992839
HH02 0.175950023003018 0.0279345188934259 0.0645523593691787 -0.0264482997557114 -0.00341747094509789 -0.0395803133113974 0.156315892811788
HH04 0.0398891537487698 0.0271606292607447 0.0780743222226402 0.0997242765321475 -0.0167311876051402 -0.075889822235238 0.00766284068508224
HH05 -0.0373730680702762 -0.015205883849684 -0.0188332508256243 0.0568601853079127 -0.0546907954869022 -0.00325812049572726 -0.081730906868863
HH07 0.0211911127942665 -0.0989466236528258 0.00256566645724215 0.0525749687787005 0.0765162300859672 0.0329526979900796 -0.0368090425512701
HH08 0.0719958320139381 -0.0407325247256193 -0.0241874594012733 0.000286475402526391 -0.00577866708598826 -0.0331428351934375 -0.00460300702412785
HH09 -0.0611559100173746 -0.00242033778495951 0.00239132879387894 0.0238554968276846 -0.0116322008369223 0.0451661270924457 0.053815915972842
HH10 0.0523567188153511 0.065684046328721 0.0662564948919986 -0.14043545769996 -0.0982696617521226 0.0593047307042055 0.0316265955540131
HH11 0.045891418310544 0.0251479262493651 -0.00193552780823832 0.0414810485120127 -0.011690162232267 -0.129242699513297 -0.0577174419064342
HH12 -0.00227589859435055 0.0140598550042406 -0.00807668994742656 0.037608751929966 -0.117010801968226 0.0413393728331176 -0.0214333084768701
HH13 0.0317749911029482 -0.00202011008383573 -0.059614812495885 0.0068079759845694 0.035328929350875 -0.034254174953414 0.013812769536171
HH16 0.0116275879784614 0.0837980947824814 -0.0529325015483007 -0.031610743340633 0.0538688909368727 0.115298802573437 0.00358717553096347
HH18 0.0369036644541123 -0.00636565108433964 0.105883870986828 0.0115555280706722 0.0451445589553504 -0.075000792541394 -0.0721453825048599
JB02 0.0215218565885005 0.0617501134761629 0.11098837400499 -0.0438923416347116 -0.0403206016503352 -0.034192920616507 0.200342055780787
JB03 0.035961402078753 -0.0757276275170701 -0.0989700857668226 -0.00430023644577687 0.0491951576087489 -0.0878676976100198 -0.110766850229259
JB04 0.064896788003238 0.0493139441437376 -0.0813550782987539 0.00661016144764384 0.0675273225134121 0.0694028886969632 -0.0496124505259686
JB05 0.0642112848961676 0.0424900097629807 -0.0552199864033164 -0.0688019765184157 -0.191932230750863 -0.000192993231764622 0.13646638916757
JB07 -0.0234560188757684 -0.00629006233091626 0.0315354941281797 0.00609787301610873 0.00920012700523349 0.0317250172606647 -0.0742834905114349
JB10 0.108358235780403 -0.0323282178718781 -0.0266623683423235 -0.000580258440934148 0.047431498798895 -0.00157833959959689 -0.0171216411672505
JB13 -0.0532355509695547 -0.00361265292410812 0.0260169345325167 0.0345202244210551 -0.0151328557722599 0.136772461228016 -0.078594466849314
JB15 -0.0389615203569447 -0.0397206207103299 -0.175567805327759 0.0666526944283735 -0.0670368617941467 -0.086651034903703 0.0100993464242436
JB16 -0.0764051196940232 -0.0381365861962987 0.0131924410869375 0.0177576461769239 0.0224402793050658 0.00284059006969108 0.0557347759179728
JB17 0.0911905033280178 -0.0321611319887048 -0.119724438993996 0.0558417492226921 0.104905714426496 -0.102630040940388 0.0612485922369332
NB01 -0.0121767896457766 0.0290161258040033 -0.033498848006427 0.017493733235142 -0.0753735981290217 -0.0344520068894859 -0.0298809270221587
NB02 -0.0643410062168001 0.0254050463963551 -0.0447104454047612 0.034777835532128 -0.0931327612330359 0.0825575827512997 -0.163338170802578
NB03 0.0267856240581169 0.0140033324551062 0.0661152168810434 0.0735094056801033 0.103928310659671 0.0421083425033455 -0.0513563215697766
NB04 0.00176451930342123 -0.0230405964150538 0.00259896993594217 0.0245832474188426 0.0346038519667359 -0.0486408592361733 0.0210810656719165
NB05 -0.0810740640997242 0.0556418922739462 0.0237182110191576 0.0394196095723152 0.0506386852487041 0.134520342390591 -0.0575282145107592
NB06 -0.0223512800919744 0.0627421692318922 0.0407528399229099 0.107772831156518 -0.0244858274287334 -0.0338410455147227 -0.0599882740200248
NB07 0.107072887472794 -0.00348385768911574 0.0587580481561534 0.0788526105037362 -0.0244430758166288 0.00152026102916513 -0.0454805159537354
NB10 0.196073510150215 0.0290883281895691 0.0332125784657841 -0.00434738711358711 0.140106767702132 -0.0257489527212943 0.0518338911863941
NB12 0.0140830383663669 0.0505833812810946 0.118578119194614 -0.0226274912372393 -0.0667052135162152 -0.0615552254173457 -0.0135683957908221
NB13 0.00126685554794819 -0.023336574005818 0.0706988982344876 -0.0219914413356841 0.0135666880907568 -0.0827914190727359 -0.132640256232842
NB14 -0.0428573961016298 0.0920901181260102 0.118719108590282 -0.0705506848619731 -0.0908590056937339 0.0820871529973486 -0.0174149039417513
NB15 -0.0508507140682564 0.0313527634632479 -0.0073666319437055 -0.0353187055685449 0.0294467913746733 0.000221319046543193 -0.0683357935395159
NB16 -0.120253520470351 -0.0029537213227608 -0.0230549837492166 -0.0989609759770799 0.0524733996145094 -0.0200340708634043 -0.042150575744247
NB17 0.00818096563430411 0.0166750073559499 -0.0741519906372023 0.019618175636181 0.0190203077204938 0.0499061585487075 -0.0369596005535486
PA01 -0.0229196390309049 -0.119305762645671 -0.105774606603868 -0.0412272460086508 -0.0688815303177965 -0.0481219098767921 -0.0433637030046658
PA02 0.0474746746747165 -0.0271252709210512 -0.104018239049779 -0.0577801116299029 -0.042866406243442 -0.0900762734907372 0.0688739433562705
PA03 -0.0560224254687644 -0.0172454649179433 0.0290625971905808 -0.0513728177445778 -0.0653653828169357 -0.0520542106331057 -0.0924491489726584
PA04 -0.0446007568083841 0.0125236902680916 -0.0507597158351923 0.147434011201182 -0.0364337887757195 -0.0117774327809138 0.043661883809979
PA05 -0.0957835268060656 0.0378293455026352 0.0356787035441595 -0.0166828584893025 -0.0333855962875741 -0.0844095712076899 0.0731200945170761
PA07 0.0939339880056714 0.14991056608724 0.0322431896419924 0.0289645927129971 0.0420392406767255 0.0649776769333155 -0.00396327971960476
PA08 -0.0942112315100278 0.0100703843724412 -0.0130956196288474 0.0729516223716427 -0.0248229923300368 0.0715854429413847 0.068252789465941
PA09 0.0651109431023419 -0.0954194820985052 -0.021641049437243 -0.047585608323745 0.19232179017085 -0.0510887526158649 0.0411475151944072
PA10 -0.0279275857620496 -0.0747716688071993 0.0118446522739767 0.0357158857049184 -0.112717328935441 -0.0491359810543686 -0.0910485086165885
PA11 0.145071524140802 -0.000105679812804804 0.020432229255482 0.0201808782086902 -0.103338447244081 -0.0914705544452512 -0.0433977960146452
PA12 -0.013189278896239 -0.0137265669428547 0.0278089071813298 0.086029336006659 -0.0578714185442875 0.00636191219411571 -0.142894934484864
PA13 -0.0226759691939721 -0.00762720308314426 -0.0243031321175182 0.141691407431095 0.0140126437038198 0.0214028880066575 0.0423786153098478
PA14 -0.0993525932832034 -0.0272257174586937 0.00836861944257006 0.093625099458066 0.090205286343672 0.0188386414566345 0.0477865621866034
PA15 0.00648269699689441 0.0659385048537557 0.042803043906687 -0.145776233416629 -0.0974139029390163 -0.000756518651845376 0.139438771218544
PA17 -0.0201969595286068 0.0586737893671259 0.0541800030797379 0.052195985688182 -0.0193331739545217 -0.0423918243464668 0.0235718888353515
PA18 0.0789036277918102 0.0136202600498762 -0.0427157782109422 -0.125166527207351 0.0227667818856846 0.0305825795452476 0.101042332738979
PA20 -0.0624496505657208 -0.0495661963672497 0.0383331992383195 0.0543520744140141 0.00759757764283291 0.0218208122927599 -0.0250068323090945
PA21 -0.0440714461657616 0.0491854399019132 0.093625549901286 0.0423266233029161 0.0739877666040117 0.0620071702400383 0.0144720864943919
PA22 -0.0444437372556716 -0.0834791199651153 0.0874962429461181 0.0233459086206597 0.110957692022584 -0.0254879663072128 0.0375707683633565
PA23 -0.00296032286238778 0.0734667363482419 0.0302131586953376 -0.0420675387942408 -0.0217515645696879 -0.0212099831490381 0.00721988896795848
PA24 -0.00730893222472353 -0.012570225260679 0.0911321041872711 -0.03099187234054 -0.155230544559658 0.162353288477978 -0.0233590563781978
PA25 0.000238549684018397 0.0202867767514623 0.00251415177278662 0.117665025502361 -0.0209886536640185 -0.0551105140809407 0.00924154186460292
PA26 -0.0123598953618312 -0.0372551923867219 0.00113828205096813 0.0321371280850662 0.104602836501701 0.00734636002810674 0.089872749044601
PA27 0.0907475419950948 0.00804848433260481 0.0617453917603081 0.0416812309042653 0.0150058437598229 0.0499543903885322 0.136220709201241
RB01 -0.0419541264006435 0.06633412206412 -0.121471852811269 0.101681045003795 -0.137233337158767 -0.0155634810213227 0.0492904877054092
RB02 0.0687092309608745 0.0144142199728161 0.0550665075140229 0.0770081740485948 0.0503499362689656 0.0570407550408049 0.171653832538434
RB03 -0.0530794412483714 -0.0285237818524797 -0.041850733597604 0.0682119675844224 -0.0481410224192678 -0.0738925283947076 0.158085863345628
RB04 -0.0343369764241689 -0.000434884086035892 -0.0993945412292794 0.0505230664680834 -0.0314416794895261 -0.0209470879582656 0.0872116093357148
RB05 -0.0224946456891643 -0.0281265220520786 -0.0447322117764783 0.0178009496680662 0.0822596392391506 -0.0531973881630445 0.0741651694625756
RB06 0.00731276978970062 -0.0231086427041301 -0.158485173950615 -0.0206368602553103 0.0955218084093277 0.0514063023948338 0.00506025723886386
RB07 -0.0185500176925846 0.0394133494852132 0.0441269518945505 -0.0862339059810216 -0.0264108581113692 0.0127327491220323 0.101331796201495
RB08 -0.0611142598299828 -0.0325571892925821 -0.0377202595936667 -0.129608242001546 0.0273560031475463 -0.0923937710034734 -0.0144711992672667
RB09 -0.0627388480878633 -0.102809203455275 0.00676570685895828 -0.0257949431877745 0.132881806312695 0.0155533356152858 0.0627897756390787
RB10 0.00614724125717891 0.0413074501275888 -0.0852158132372881 0.00368994737128345 0.100617728580975 0.120670460910364 0.0809836987915333
RB12 -0.0284140658857875 0.146008588472833 -0.0720815157400077 -0.0846699099226235 0.0141789931687382 0.0446821758192342 0.0668746586613473
RB13 -0.0496208117301072 0.0181801830036415 -0.0961642998022788 -0.02964606777887 0.13818079040072 -0.0448274233869392 -0.0359638417972938
RB14 -0.0202979762450037 0.0302727709450706 0.0192868176487209 0.00967076855679837 -0.0223224842873152 0.0363377588457766 0.00239476256483318
RB15 0.0395802063268951 -0.00800997420032423 0.0131477198134964 -0.0820138635749852 0.12113607293663 -0.0281196681984109 -0.0227442469995339
RB16 -0.0455799034216813 0.029600333198578 -0.121251411950305 0.0440372347220295 -0.0148903981596474 0.0551856909277961 -0.00680276658395722
RB17 0.060233559791673 -0.126410708032512 0.0740529254579313 -0.0901979642557042 0.0544233566667722 0.00757098266359451 -0.0132136657980935
RB19 -0.0179034733191674 0.0530850803058458 -0.176429058914111 -0.0530169825716454 0.0244271707281703 -0.0890852275270224 -0.190261073949741
RB20 0.0437693695580293 -0.00142366644976672 -0.0458438443099098 0.00940396848292119 -0.0829325424170198 -0.000278743878324356 -0.0952652031416366
RL01 0.153348842359904 0.039798806878429 -0.016317348937978 -0.0965999900144151 0.0860649607808733 0.0541476114219462 -0.0657920645507576
RL02 0.005121907725331 0.0224842908641741 -0.0831394038936094 -0.101517059554626 -0.0337378684461953 0.0322038208720843 0.0521660504565577
RL03 -0.0778514873151026 -0.0228927157531488 -0.0964877596724733 -0.0550075641913829 -0.0351777419386376 0.0127686533495619 -0.0763130795068169
RL04 -0.0633157845150427 -0.0329375676272499 -0.0530474986773574 0.110964844408204 -0.025786674527126 -0.0466349620411219 0.0575642086772704
RL06 -0.0771311563926427 0.0374273137090298 -0.0699646619398044 0.0831333630963248 -0.0365458680545886 -0.0263228152347778 0.0828072854361927
RL07 -0.00658300970222605 -0.0836535501001105 -0.0421348308053929 0.0198217464757567 0.0117814562594236 -0.0104251223612795 -0.0232654541785982
RL09 -0.0596000464032677 0.00364348227470396 0.04267734375205 0.0330012851133726 0.0040834817758569 -0.038730215458783 0.142694351685597
RL10 -0.00955125067623875 0.0129856074133599 -0.154773159777614 0.118280597847426 -0.0676040452389879 -0.109088954082747 -0.00249272618313705
RL12 0.00997286239992573 -0.112538232465829 -0.0759704745851135 0.0273532014402388 0.0489684900821876 0.011431373043838 0.0716847091580829
RL13 0.0717536006804042 -0.128261707836873 -0.112382216189317 0.068792089751132 -0.120490643869353 -0.0479788286342992 0.0151076989887415
RL15 -0.109087082420087 -0.031545492003115 -0.124518433005559 -0.0998361001249284 -0.0349187252144317 -0.0251119385893044 0.0630852686792961
RL18 0.221583753079419 -0.0226294144080024 0.0562790477622515 0.031408809096796 -0.0493742653908286 0.0413298978943093 -0.0259039392114437
RL20 0.01214401901957 -0.0139830073323428 -0.0757758980799337 0.0428605929326859 0.0932379832494594 0.0713107304461568 0.0807975342078151
RL21 -0.0639339181455515 0.016237605299969 0.0325624263555734 0.0425325030972118 -0.0124696859795814 -0.0861613098546439 0.02799380543025
RL22 0.0979291447648231 -0.113265705943881 -0.18575957448165 -0.0964056051970013 -0.0899700523609947 0.203365849177355 -0.128904179230852
TR01 -0.0258836580137436 0.0706530540748828 -0.0614593028318137 -0.00263351896412677 0.090727465934724 0.0386597571218121 0.0367029189759161
TR02 -0.0660875288374981 0.0228834833257341 -0.00137151353755556 0.0157630446847951 0.00674630844168885 -0.0141139940646169 -0.0353585887367339
TR03 -0.076901701813929 -0.0066821601367205 0.0469466924707565 0.0414506187184883 0.0354199982162906 -0.103889692419031 0.0250013322143067
TR04 -0.0921865665793584 0.0366449696077914 -0.0145108794884018 -0.129775629332362 0.000674518824730865 -0.13025893720321 0.0330317672805449
TR05 -0.0189204610771669 -0.0284055834859045 0.116458837898685 0.00236905335758061 0.158696372426255 0.0126483034340911 0.0442243744838564
TR06 -0.100329736895395 0.0477140878338164 0.187795412521101 0.033577388867219 -0.0628377918547871 0.0750004188033715 0.078436452951658
TR07 -0.00809732117598845 -0.0165616909981185 -0.028207376317421 0.0826377190880149 0.100649507870664 0.0961232350709331 0.0116575801915893
TR08 0.0171521903022786 0.0646120248790495 0.00223896618170493 0.0595976174072517 0.074202046314059 -0.0726019115971714 0.0282518789369695
TR09 -0.129916583323264 -0.0160062630743527 -0.0463277610614248 -0.000796282022323328 0.0397589276889407 -0.0863274781223941 0.00534457565046201
TR10 -0.0987147840147382 0.0332130471735023 0.0228223920667236 0.123419957211911 0.0520603456557799 0.0230683435217504 0.0533478414019325
TR11 -0.0783425567114714 0.0124568790680016 0.00867364155032168 0.0164641878703469 0.0710754509671346 0.036454907759522 -0.0622606198476208
TR12 -0.0229161029122275 0.0147861471196022 -0.00166739958181725 0.0122291204128057 -0.0926793724943079 -0.112867952810078 0.0561084626575415
TR13 0.00190284129150445 0.045651359878815 0.129059607176739 -0.0696681424480886 -0.191328591563382 -0.105736300884472 -0.00948950321720901
TR14 0.254998579403832 -0.0181078122324004 -0.0345732057685161 0.0233400038833939 -0.110365041085842 -0.0625474925837842 -0.0573763317256464
TR16 0.0415638117911927 0.0800716579046707 -0.13427377367439 -0.0844889190076544 0.0430915645823433 -0.0589728150169161 0.045025212590646
TR17 0.0406270591023916 -0.0320102844161657 -0.0892391781176472 0.0379307036578435 0.0828368603837502 -0.00374408800871318 -0.152774557288304
