sample MDS1 MDS2 MDS3 MDS4 MDS5 MDS6 MDS7
AN03 -0.00583840990249462 0.0507700495709087 -0.0267358887132642 0.0389572629635519 0.00268565501326622 -0.0322541842159076 0.0285473329075992
AN04 0.0498548921793366 -0.00140284522617388 0.0683084436148171 0.00480503265330251 0.00660837666022676 -0.0414393717702176 0.0793275346172899
CS01 0.0663607637125792 0.0109302239798545 0.0544178480183473 0.155677303141403 -0.0814345857337043 0.0620822119774866 0.0442698408617769
CS02 0.0648340655209174 0.0285785108227085 -0.0287950630015059 -0.0847264524544695 0.114974865983269 0.0535558359208419 -0.00479281370889637
CS03 0.0436668507315848 0.0606178361636866 -0.00326819516936258 -0.0638208484615826 0.0281608471005519 -0.0216516154501937 0.0184442640929307
CS05 -0.0363700370194975 0.0999215823250635 -0.0682835256815835 0.116564846472773 -0.0847678207098578 0.0504399249994565 0.0307784895942987
CS07 -0.0623777019453582 0.0399145228495397 -0.156023023563939 -0.0277687463017781 -0.0968913154287461 -0.0899193678346525 0.0149551252104202
CS08 0.00144977207498655 0.392751553304888 0.0551951592390119 -0.0401795286627643 0.0883928312294174 0.0396412856060782 -0.042898864936393
CS09 0.0598057634153361 -0.0107346945836947 0.0895784016261565 0.111167931935442 -0.0269036102809188 -0.0301176659366626 0.0280676373098697
CS10 0.00138332347237586 -0.0531389211560681 -0.0531648006117662 -0.0916204271989108 0.0148272237853886 0.000236495661984068 -0.0446790004829052
CS11 0.105546268542882 -0.0465450396889301 -0.052550251548578 -0.0508552857083726 0.0724754701232389 -0.0767613360185407 -0.00860379699387956
CS13 -0.0166690586860338 -0.0946527845632975 -0.0261576448053587 -0.139588256069146 0.0782390026985805 0.0132026785822541 0.101045581294298
CS14 0.0349021698532927 -0.0210081846060221 -0.0243278449157101 0.075788335781186 -0.00419865971592863 -0.0116534604818214 -0.0482722847822191
CS15 0.0375252894283982 0.0383831226113826 -0.0499164030762993 0.00128074163501013 0.0594278204765285 -0.00676839304617154 0.135343473083916
CS16 0.0605523400857002 -0.00498323472413625 -0.0906325861888762 0.0631026512391569 0.10528970711487 -0.0978482970225467 -0.0204377690938111
CS17 0.113337334496659 0.0675780321676907 0.0272161867413263 0.0750262512668198 -0.0364183265955176 0.104923485418651 -0.081824140839802
CS18 0.0205714200051793 0.0128083762923232 -0.0930940141059868 0.115614315117497 0.098150584086539 0.0274785149905946 -0.0115688589050351
DK01 0.0339198318032121 -0.0826595404571251 -0.013953079698849 0.0267608650955321 0.0349731116764433 -0.0316295840998046 0.00954534727480094
DK02 -0.0437578841981401 -0.0236364320659121 -0.0449311361786244 0.0659874828204016 -0.0636105596725409 0.0702064677645856 -0.0500229771319893
DK04 0.03327050076277 0.0914535029065588 -0.0697017259289328 0.0861132257420576 0.117992558056475 0.127988143327033 0.0435535923586234
DK05 -0.0701799917305186 0.524299029931219 0.0647978047262623 -0.0110977870190941 0.15863782885096 0.0404669739920957 -0.106123836905121
DK06 0.000178879317584329 0.0335379833871063 0.0749502271293142 0.046588348467933 0.0542794376424152 0.028090688859983 -0.115996750765435
DK07 -0.0491373439615072 -0.0725456642809553 0.0095893868051487 -0.0182288550236586 0.129091634439448 0.0100510296709217 -0.0929919652249192
DK08 -0.102406884069103 -0.0143577920619558 -0.0242777430748127 -0.0690617892322442 -0.0138688371194041 0.0748693269230319 0.0880281305717199
DK09 0.0297020611704324 -0.0247021802154871 -0.0149464264327298 -0.0576285795288392 0.0474101344784249 0.022343856128075 0.012263462805653
DK10 -0.215908483194699 -0.0826163684087373 0.00602555295818331 -0.042337422553911 -0.00461123487994521 0.0696409406553508 0.0187521430957897
DK11 0.0652341078996469 0.0147997444936893 -0.0357991619214992 0.101392224396664 0.134214838265488 -0.062238134440612 0.0102048141982782
DK12 0.0696803179477562 0.0363004894692437 0.0246260751630202 0.0414406902889131 0.0346251806321333 -0.0287660935952087 0.0595234675434032
DK13 0.0291129766887296 -0.0417491741423323 -0.0351745517767708 0.0547429708449881 -0.0178098465787602 -0.0649126334020805 -0.0526041980670504
DK14 -0.0717302878177396 -0.0588812876207829 0.0104021596724418 0.0965688897624983 -0.0234808071063692 -0.152579103657499 -0.0597432820015236
DK15 0.105843484000563 0.0700505713715822 -0.0633576010398159 -0.0238437833229857 0.0718396650830972 0.0459801872937077 0.0756174626182423
DK16 -0.016268254596043 -0.0127577080485187 -0.0612749597724182 0.0712723615415143 -0.0114209373764508 -0.0202298236899641 -0.0216077264145909
DK17 -0.026165538800116 -0.119169010599792 -0.0619074032530419 0.0101479032395456 -0.00666698109481388 -0.034679809404406 0.0696630705549359
DK19 0.045227165308355 -0.0131050565495818 -0.0841654745207046 0.0591196462851044 -0.0564147671320721 -0.0568553228119957 0.0262183156973657
DK20 0.0606062826084649 -0.0153056132513931 0.0538411402894224 0.0811811462651481 0.0754781620236579 -0.0592539627344437 -0.0620985656766902
DK21 -0.0241853457044082 -0.0600940216803627 -0.114644384726828 -0.119352486677519 0.039971222854568 0.0916251645465899 -0.00889430426753303
DK22 -0.0480018605218516 -0.0891924495559282 0.0370656887979853 -0.104268529210847 0.154299221301398 -0.0149206984216955 -0.0292454426333679
DK23 -0.0507431205324407 -0.0441395723811517 -0.117728397937752 -0.0329220251310596 0.0719556257579668 -0.0350633018038889 0.026476288227017
DK24 -0.049491470850364 0.0935841963662648 -0.0285671832087572 0.17625982546537 -0.0798401583020766 -0.0694123792956781 0.0822332963953586
DK25 0.0162720839648916 0.0415910342529815 0.0258017403056495 0.0125576214305326 0.080922705657475 0.0454119287273518 0.0472184230419125
DK26 -0.130181813105317 0.0242820981718143 -0.0120945675527286 0.00360236840158592 -0.0646259517114355 -0.139534752424733 0.06041590889425
DK27 -0.0806834818170135 0.0157306929894853 -0.142100078393964 0.0269775981929584 0.038795271999378 0.0862048914938062 -0.0589158620482451
DK28 -0.166873172734718 -0.0499781046950021 0.0844479295131644 -0.0660933862942092 0.0785450751457742 -0.0382018211326889 0.023761967311442
DK29 0.0862799080957756 0.00891931489216332 0.0158647961053765 0.120739018291719 -0.0435166147492956 0.0207734922238033 0.090203705942795
DK30 -0.13216113272155 -0.104758508565296 0.0442010310256657 0.144638284693293 0.0560143957617034 0.0302330468453018 -0.122949672176353
DK31 0.0406315234920585 0.0646524966444949 -0.130656206894606 -0.0143760850434187 -0.0193881913933145 -0.0261750137360496 -0.0344502042271862
DK32 0.0393322355988327 -0.0781799061530112 -0.0208205973441145 0.116052057897032 -0.0298198008955921 0.0230803780233385 0.0597018173869306
DK33 -0.0914649184774897 0.0321661070094815 -0.063098923200181 0.155831747935401 -0.0368370700890091 -0.0238904374957663 0.0483497091242389
DK34 -0.0422172142446726 -0.0418933349561846 -0.141910416454869 -0.0748997226131226 -3.75490641783702e-05 -0.00911769942393784 0.108051579416471
DK35 0.0469497660928812 0.0511203893895151 -0.136634814858091 0.0500110473410974 0.0346848315723875 -0.00174221141481213 0.0940622422148803
DK36 0.0842550404393834 -0.0172798770090871 -0.0815960518022236 0.0412348560453949 -0.0831106128096523 -0.0344240358825843 0.0486174225069386
DK37 -0.00241767115238635 -0.00689198835425949 0.0816823792064815 -0.00518741263912961 0.171465399057018 0.0653243489677642 0.244756991490713
DK38 -0.00211422416580176 -0.0028857309244216 -0.0266331662339092 0.117760974094771 0.18604054307796 -0.0685000646922861 -0.032285439074696
DK39 -0.014178323920627 0.0128294349509301 -0.134402636817967 0.0519079512988436 -0.0545451575945318 0.000803715024512167 -0.0356829619784298
FR01 -0.0642735237932096 -0.173563963504115 0.102588955421375 0.0718412873308014 -0.00571467808165121 0.114204903518977 -0.0773321038107202
FR02 0.0511729004790483 -0.0537445463001378 0.0475233310439997 -0.0113998343345881 0.0262458287617001 -0.048235139425014 0.004354605510119
FR03 -0.00215619900606801 -0.0835875158992591 -0.0812029086927205 -0.0260377593511553 -0.0442585928456947 0.0925830785656926 -0.0228141607981833
FR04 -0.0806587961781556 0.0442085421527466 0.00638286142815809 0.10645079246281 -0.167508660370442 -0.0329606797090515 0.137881818157642
FR05 -0.120680623453234 0.0755202638579622 0.0371984078617627 -0.176015915069685 -0.114075509173238 -0.117739726387955 -0.0445704753720434
FR06 0.0352363741779442 0.0363377142273569 -0.0201379627493278 -0.10948759368519 -0.139449099735548 0.0244071958749605 0.120273168453636
FR07 -0.151825445399527 0.121333963924101 -0.0204979382628875 -0.0534902819655343 -0.119879157529056 0.0362966122027083 0.0450196299206376
FR08 0.0561666768337154 -0.0270696382976072 -0.0467966757594799 0.101817804098211 0.0462730355684872 -0.14417015870372 0.0185983574095923
FR10 -0.0371155479603333 -0.0509637398248896 0.0461884626762642 -0.0831079309162503 0.0392432890983427 0.0458512819708053 -0.102179444788682
FR13 -0.046805028703254 0.0938340019134274 -0.120357853236066 -0.0538671741382366 -0.0785645912887229 -0.0862423966526919 -0.0820852608112979
FR15 0.0604961634056209 0.0104385032510574 -0.0669685975130821 -0.0857044568651564 -0.0478290978704196 0.0423830255394452 0.0374467430406352
FR16 -0.169109941138663 0.021561585287814 -0.0235446679747443 0.0372174105582629 -0.0136642503748196 -0.0198154522058926 -0.025755811189438
FR17 0.0446429325728511 -0.0535638808301816 -0.0759731988820457 -0.0740715054008507 -0.0961887921357568 -0.0289862033130812 0.0665455417183546
FR19 -0.052485160845525 -0.0612014627843254 0.0247225521508905 0.00338524577540783 0.161253441875507 -0.0276253578033288 -0.0661656314358165
FR20 0.13229384277723 -0.0476879971857021 0.0398973337545237 0.0209570470222345 -0.0276976812041585 -0.035779960668532 0.0541420528411758
FY01 0.0263533151463753 -0.042613257872941 -0.0486021603529589 -0.0471885573642118 -0.100403366675989 0.00573748026283756 0.0179096031201715
FY02 0.08562223978349 -0.0501157938972778 -0.0736211437488344 0.0397895763993636 -0.0243231455481658 -0.00819262977398029 -0.0141354422957706
FY03 -0.0453430597507725 -0.0563286056628357 -0.0146457168158898 0.0471216886106693 0.100266056544239 -0.0734263503205952 0.0564842319215263
FY04 -0.0481919163419903 0.108667920794921 0.148213879175593 0.0842030486351195 -0.0436340265044263 0.0681406334695513 -0.048335217794919
FY05 -0.0189015296640678 -0.0218860386583846 0.0971445191492972 -0.0868909056388206 0.0766311923702856 0.044334578792939 0.00652851426985511
FY06 -0.0206549604672636 0.00454356127597291 0.105962114199041 -0.0665252864008322 0.0179717057592918 -0.0823940422136817 -0.0245890503794515
FY09 0.00863006024008457 -0.0587204804480782 0.0594055221804019 0.109724896707505 0.0591264628747331 0.0067776773797821 -0.0115458965239868
FY10 0.0309056892333834 -0.0490223868203402 0.05705016463535 -0.0740606215220069 -0.0208951957800682 -0.138218879067607 0.0420613912714102
FY11 -0.0879776945874018 -0.0288719861992084 -0.0473437590186009 0.0727857697808384 -0.0419897606514487 0.0552806692391511 -0.0876566709663923
FY12 0.080111714606918 0.0735018427796847 -0.0460620379824432 0.0233195142123465 0.0888668198706435 -0.00791555394907212 -0.0928167469286323
FY13 -0.0660997460020112 -0.109910995787304 0.103194922661102 -0.147859361295957 -0.1461246347313 0.0963245195603405 0.0294285898755776
FY14 0.0779932470760566 -0.0213484423727587 0.0569762424529829 0.0217654014511906 0.0409043639054862 -0.0758796106982921 -0.000295059821062866
FY15 0.0842831785213881 -0.0238206293731386 -0.0544944481597799 -0.0328637578318159 0.0225659580842471 0.117858881485911 0.0644680051261185
FY17 0.0282616821848872 -0.0151048156088647 0.0187297678496098 0.0363492874729223 -0.0134512873225828 0.0660547099788441 0.113075531972547
FY18 -0.0487326438752086 0.0154621388059043 -0.0247906608976598 -0.0977996451654395 0.0726024141465013 0.031980687327131 0.0973835225687194
HH01 0.100664226858996 0.0685217015087261 0.066924606207019 0.00941636846907716 -0.16000898368454 0.0578957829662462 -0.120208993884216
HH02 -0.167239774853223 -0.0356109193302192 0.00904557989883824 0.0536462131718624 -0.0545161790718183 0.028967338185586 -0.0879611373338979
HH03 -0.00436136983126316 -0.0178061277699954 0.000681579449136017 0.00696024512136636 -0.046159889572169 0.0598931846155951 -0.0490181098978996
HH04 -0.0493371418980979 -0.0170293377199114 -0.0969702996721501 -0.0487396257066894 -0.0817791201315904 0.0387136046812276 0.0295169256010408
HH05 0.0174021814754098 0.0151319292898293 -0.00324422282586457 -0.0581415307971369 -0.0210523949334224 0.0212923840311739 0.0692671834666643
HH07 -0.029404307297634 0.10352982383098 0.0111309433161803 -0.0481595920139888 -0.0463709860619868 -0.0784061350989028 -0.0167986309378944
HH08 -0.0668800787631117 0.026159412866528 0.024093182965333 0.0244139442303836 0.00547286343461355 -0.0194953571162406 0.0343810511364812
HH09 0.0598189101259514 0.00859779899702855 -0.000633128537217011 -0.0454975053767533 0.0250387867924068 0.0592982768025857 -0.0766771421045526
HH10 -0.0645227306121916 -0.0624982234875464 -0.028717128191499 0.120956010941128 0.095323562984658 0.132571309362358 -0.0937206971065849
HH11 -0.0520890687113261 -0.0485520721419749 0.00141075901161261 0.00608978877437205 -0.13344796485123 0.0115408000581178 -0.0122218960965718
HH12 -0.0160168501465853 -0.00869740081292618 -0.0166711144708713 -0.0348326026816462 0.0527237981332811 0.108446816513853 0.0123143003516598
HH13 -0.0253002424746498 -0.0233054400501918 0.0610268714795793 -0.0217680013838656 -0.0279891586934108 -0.0577983285478051 -0.0340388045929794
HH16 0.00225530297741406 -0.0842643837333919 0.0328736718959591 -0.00423117190822104 0.0739670081517524 -0.0392036791561533 -0.0174840623443881
HH18 -0.0486512328089852 0.0115644831995812 -0.117861133562118 0.0513437363729927 -0.0781057962362875 -0.0405607598840582 0.0175080126393475
JB03 -0.0287301907554492 0.0389998252498326 0.093960203969507 0.00319486451928417 -0.0842097748051438 -0.0694321112863825 0.106956109745606
JB04 -0.0471347736681741 -0.0732893074612615 0.0634507808270223 -0.0502569038336006 0.031244315637834 -0.0715031586985294 0.0217807804644223
JB05 -0.0503754399981857 -0.0566139101402537 0.106578024271604 0.0554326707900396 0.0507173212460438 0.182376468053785 -0.0349425825832691
JB07 0.00933222562955673 0.011361764021573 -0.044840761380551 -0.024536705490925 0.00617518640191481 -0.0154740725880442 0.0662946547851038
JB10 -0.102661245905859 0.0182718568773505 0.0402424167514478 0.00457824959606907 0.00547478283354084 -0.0618635357698171 0.00596337545252008
JB13 0.0246037262915776 0.0290858914457068 -0.0770970719425976 -0.041718055092402 0.117807687615267 -0.0106978120294195 0.03206826012928
JB15 0.0541904011296532 0.0147427297221712 0.148313808866426 -0.0592687637221786 -0.0813888490520533 0.0563695478503863 0.0520639543051501
JB16 0.075246637944269 0.0519290504462414 -0.00702284215477393 -0.0224102977986431 0.0159081769469672 -0.0251727098550237 -0.0436871295602706
NB01 0.0150170997237393 -0.0277076416254396 0.0180968424506262 0.0129044127772981 -0.04943974437444 0.060299401078397 0.0479407355103446
NB02 0.0434408681917141 -0.0223161172453023 -0.0185250625591765 -0.052039933752437 0.0935506377648034 0.0382700885771633 0.17671177238948
NB03 -0.0238535909760497 0.00958083216788308 -0.0606110866845774 -0.0644855268249189 -0.0497536753755381 -0.142490490041627 0.0721027789813358
NB04 -0.00785036436040193 0.0167680487386295 0.00584874513986969 -0.0165217069645137 -0.0609331387642751 -0.0284700404620825 -0.0448844736576593
NB05 0.0707018983993589 -0.0491367668510476 -0.0715462165385218 -0.101166347709934 0.104253437057215 -0.058507523637091 0.0248291572751264
NB06 0.00827240052052691 -0.0572664971046432 -0.0859686026639998 -0.0782415109278294 -0.0583513725698191 0.0110274653907988 0.071509316679115
NB07 -0.121786228290976 0.00470543308425408 -0.0644817123027102 -0.0419927266805951 -0.0184700636970356 0.0143976139357275 0.0284951743758692
NB10 -0.180964258505876 -0.0502831492697415 -0.00423587410892306 0.0104317523719166 -0.0349033927411231 -0.137399312815772 -0.129979140433277
NB11 0.00423242122767551 0.0347688739834492 -0.0101124496609407 -0.107444106273646 0.133099251700885 -0.0567541339106436 0.0101744583596933
NB12 -0.022102432521422 -0.0473327238562482 -0.0799154737158815 0.0583831449552648 -0.0713972340812614 0.0457213839303885 -0.0226531814631622
NB13 -0.0222623051027178 0.0179200713159857 -0.0901120381625815 0.0550728073395041 -0.0718651246781528 -0.0506371175698179 0.102737559519883
NB14 0.0197247776583729 -0.0572651053824953 -0.132187977346501 0.0663749170324436 0.113062930872486 0.0896486264943372 0.0151176129135147
NB15 0.050249008478517 -0.0386050527575388 -0.0114825958082781 0.0182449269758997 0.0385107320173608 -0.0902640509229954 0.0541525334117657
NB16 0.12340637503198 0.0110457971602108 0.00320657519967123 0.0966391908229745 0.0143949586172083 -0.0471970279279418 -0.0158298558155269
NB17 -0.00563608695416778 -0.0259120108596574 0.0405230046828626 -0.0349849001193878 0.0623549163844328 -0.0260424612357454 0.0155318783611171
PA01 0.0180672636778396 0.0915079358559985 0.106374179624737 0.0400120740137836 -0.0138552142084798 0.0314542145223324 0.0966987090062521
PA02 -0.0264177178941087 -0.00216156710870634 0.137534503684194 0.058182668777337 -0.0626664070428399 0.0348298610743837 0.0197989661519932
PA03 0.0450803606426776 0.0139068050678893 0.000276443059691757 0.0733267343098717 -0.0719771257185149 0.0966547810257191 0.0182060325248142
PA04 0.0484716194229748 -0.00780125586666681 0.00878055841562478 -0.139333162005229 -0.0331167237124175 0.0458332922049546 0.0665580516718535
PA05 0.0963827434258513 -0.01944334435594 -0.029953297621352 0.0575141048401995 -0.0600087034114043 0.098453232543649 -0.0854576866467202
PA08 0.0873025353024491 0.00322849165426744 -0.00188227250707245 -0.09566203888684 0.0116810334127929 0.0905333116466595 -0.0528621774156947
PA09 -0.050659633431911 0.0876272084068962 0.0505007185532787 0.0534709195322436 -0.0387061530052021 -0.203447136868457 -0.0710555270241911
PA10 0.0187201507864795 0.0760154522717782 0.0090408722424628 0.00807512844666857 -0.074626601823355 0.0621697219670256 0.108498168372549
PA11 -0.167050011022657 -0.0187342674019545 -0.0180676643311029 0.0309855387485355 -0.0446759902566154 0.0759015773282472 0.0308491021561879
PA12 -0.0125231006234596 0.0259197263991643 -0.0590824432230543 -0.0560964281172401 -0.0165356135830735 0.0368398750156345 0.0923553749958644
PA13 0.00758180453584561 0.0152253809341885 0.000985670629764702 -0.140705467613228 -0.0353680142398247 0.0404648312410049 -0.087586325730932
PA14 0.0942224859633181 0.0343964416296894 -0.0348425369017644 -0.108720773701229 -0.0302513950970449 -0.0267572418432281 -0.115722460388445
PA15 -0.00324439004089999 -0.0608726559996255 0.0043954161775225 0.119115487117546 0.0436790840890108 0.139093160213131 -0.0782987741632807
PA17 0.0205831501253707 -0.0455438895145794 -0.0568683065284089 -0.017073680928288 -0.0635004107761108 0.00216933680478397 -0.0203497093566486
PA18 -0.0623887160655125 -0.0246500654464164 0.0765892593654457 0.102927957797123 0.0560855206747245 -0.0124679145135649 -0.0932020871272549
PA19 -0.124747646773734 0.086965184307827 -0.1219864484611 -0.00667020095039841 0.121352862146062 0.0892940021187679 0.0362306910529729
PA20 0.0473263138931667 0.0708819012978702 -0.0675015340264914 -0.0512356156342445 0.0242489919608067 -0.027599585565679 0.105431295437671
PA21 0.0348990496606328 -0.0242345901630645 -0.099422103329382 -0.0685489272593829 -0.00215713452343794 -0.0513598681935205 -0.0536253198837369
PA22 0.0266726731567018 0.117189088724593 -0.0808942105027295 0.0097699141781549 -0.0353677920218072 -0.0695115653742931 -0.0912002319218714
PA23 0.0118262748710071 -0.062913110232491 -0.00501625262890282 0.0459917459743186 -0.0167217825043119 0.0104275189129955 -0.0073315965937728
PA24 -0.0410418125831473 0.0300343704925228 -0.0828169544462613 -0.00710322046461775 0.159640012420351 0.163721351702688 0.0162665571472277
PA25 -0.00969426139583081 -0.022617282773006 -0.0241925367809208 -0.0921281932918523 -0.0622428622038072 0.044683443040869 -0.0436080054518697
PA26 0.0101185860391001 0.048877969844263 -0.00831925462601162 -0.0456477015769068 -0.0142864919783951 -0.0723813860516132 -0.0490338053759671
PA27 -0.103522016737961 -0.00369526485811918 -0.0377542836112983 -0.0331802770328438 0.00679155922737473 0.0309586832016244 -0.162737410173825
RB01 0.0564119062264071 -0.0710188841845526 0.100888055348997 -0.100063136491229 -0.010072046060169 0.136071667285641 0.00586341985605654
RB02 -0.0686751481685635 -0.00964845727243948 -0.032025594635322 -0.0846565903165084 -0.0173473186592648 0.0387919714781889 -0.217703842985931
RB03 0.0501999108064875 0.0257499484375413 0.0603149889450193 -0.063840853627599 -0.0830365711065138 0.111047063626298 -0.126482868054087
RB04 0.0466172765155169 0.00240418281134692 0.104706260030921 -0.0718733945888532 -0.0370286230185797 0.0735955578039388 0.00511635313473284
RB05 0.0252536820392124 0.01286602607404 0.0430692787896975 -0.0338636100219645 -0.0604958236177249 -0.0307971199239157 -0.0685424546268903
RB06 0.0183517706598096 -0.00705414689405383 0.149937125819964 -0.0366111275411792 0.042475405278147 -0.117120104010584 -0.0129444795695949
RB07 0.0204430181300518 -0.0340715587999452 -0.0372368127620472 0.0676995373294574 0.073955446756336 0.0199474309835612 -0.0136104507213925
RB08 0.0705044280646582 0.0186250915280286 0.0696400855931636 0.131627651876731 -0.0641405508823052 -0.0402183255916713 2.8166977430339e-05
RB09 0.0666636705139908 0.107603489973894 0.00921652512291159 0.0141670034784004 -0.0234461927636173 -0.0724046426225961 -0.0785240686720268
RB10 0.0132341522995941 -0.0521010711584453 0.0671471678988491 -0.0747563487605852 0.108047898921269 -0.110909950525239 -0.126449084418262
RB12 0.0544332634639789 -0.158022223152901 0.0559610474195517 0.0369214924656303 0.080820333401693 -0.0140661260274961 -0.0655082850337632
RB13 0.0712970980593321 -0.0276072824013321 0.0739841327717345 0.00426017297987722 -0.0565858419976572 -0.121962178172504 -0.0278129634504065
RB14 0.0156140267484266 -0.000594817406364155 -0.0271135232059446 0.0137969563022066 0.0172745251153366 0.0209640102131505 0.0226339907140497
RB15 -0.0322953725332828 0.00124686668870097 0.0092320868277329 0.0846098466835821 -0.00150389849462222 -0.156351039725342 -0.0362757235152723
RB16 0.0693465628398274 -0.0414820843195498 0.102260412909275 -0.0837820935010506 0.0604089141625777 -0.0211961341341337 0.0123005046246939
RB17 -0.0771521613506701 0.114753484789732 -0.0258520654964732 0.0963809065841599 0.00346717862782411 -0.0751353269726823 -0.0161367851277008
RB19 0.0522679418432971 -0.100215297943524 0.146242362970547 0.0487339627238312 -0.0488042847148869 -0.0981986952302446 0.154972132387593
RB20 -0.0439088920831297 -0.0174884173462674 0.0522083109626714 -0.0063054503791317 0.00692922698508795 0.0199164172379934 0.104665339926131
RL01 -0.148114066838084 -0.0659896876279541 0.0232921968176433 0.0783620766305537 0.0611203217383726 -0.117243123711165 -0.000760420944397968
RL02 0.00648855355318775 -0.0347902178157596 0.0856682798876942 0.0757414030584253 0.0571264870284109 0.0453842834446128 -0.0395083630574575
RL03 0.0860718431061559 0.00111430345379668 0.0747465179243088 0.0248952505929701 0.0459555117937724 -0.0246488156052247 0.0678490006955123
RL04 0.0660825824735792 0.0295667713159774 0.0561941971553233 -0.10406997847899 -0.0961875895539155 0.0424474073193452 -0.000777147053655936
RL06 0.0874455546812197 -0.0240777495424338 0.0482581694872288 -0.0774929881289215 -0.04730985514634 0.0821900428069396 -0.0132490485077774
RL07 0.00601232145250778 0.0789169545018769 0.0544240009559994 -0.0128741960188379 -0.0321221062297508 -0.00896638768046657 0.0203110787222218
RL09 0.067917854673244 0.0115069399373773 -0.0226679558533393 -0.0230393865160192 -0.0494878833716249 0.0479147862706186 -0.085383382252253
RL11 0.0961987567701733 0.0332088109198328 0.153371630231267 0.0335436031403056 -0.025394760461926 0.0932672135467924 -0.103626372957288
RL12 -0.0125694592807553 0.109761322708759 0.0740808046826901 -0.0373208617786003 0.0194026689931523 -0.00562520663147529 -0.0668087083172198
RL13 -0.0693930726619716 0.0965099029230503 0.155038534789024 -0.0421718675120281 -0.072442612124428 0.101690555319304 0.0330215285241443
RL15 0.128439436377854 0.0175356301967718 0.119961370020863 0.0706486817372649 0.0352713923118907 0.0588812064774014 -0.0365632235441584
RL17 0.00217395291786479 -0.0304212825576692 0.017606121764237 -0.0553249682684282 -0.0230355691910109 0.0689506266726684 -0.108235562645927
RL18 -0.229288569433282 0.0101128637112511 0.000377406449504029 -0.0202187064263291 -0.001018376866712 0.0382293769094118 0.0166377195355788
RL20 0.00916502230453878 -1.37923224101458e-05 0.0952652551313353 -0.0939607160590956 -0.0123427969051286 -0.082965905438218 -0.0521124742721403
RL21 0.0639310628562775 -0.000215040388071422 -0.0423176133008139 0.00123793028291388 -0.0870731379731539 0.0548936503982597 -0.0115693266649265
RL22 -0.0905639559679543 0.0910451479793656 0.19307033259419 -0.00764194196194022 0.207232991262945 -0.0037634020928611 0.255680083990058
RL23 0.0252189309342429 -0.0168917416487182 0.143395169132694 0.00563638507171848 -0.126578160019489 0.0582259048554182 0.026409020715965
TR01 0.0482721898700164 -0.0631919507495513 0.0334665914380954 -0.0174767063943415 0.0448433350315057 -0.109077435937842 -0.0234989033732923
TR02 0.0615138897032321 -0.0239791837849763 -0.028810328815367 -0.00358449258401072 -0.0103484181546364 -0.0284496269060772 0.024033696138702
TR03 0.0738872099455616 0.0224039796215493 -0.0374445043147614 0.00610727749383008 -0.121374859116744 -0.0319391408610092 0.00854112880359373
TR04 0.108696896424971 -0.0313081197219382 0.0142457449583296 0.163508978283047 -0.0491610352721137 0.00151638975088331 -0.0104099602208475
TR05 0.0127148919907195 0.0445347469435526 -0.112430436745216 0.00537061370915013 -0.0201221711526245 -0.115895664447317 -0.115478602199031
TR06 0.0804414241610126 -0.00925080192440229 -0.179783100425196 -0.0373355484845883 0.0489971688439617 0.0799891484826095 -0.0199767240752851
TR07 0.00525576037037267 0.0184394526240564 0.000722450590582231 -0.117679204739001 0.0132703984586786 -0.0646043373990732 -0.0611503437803318
TR08 -0.0103966392912811 -0.0837205547712882 -0.0224392614662231 -0.0384518962720829 -0.0772622640696757 -0.0564087956234118 -0.0662055245399242
TR09 0.128828412704912 0.0188096894768708 0.0238782004613807 0.009811818843522 -0.0642418666780712 -0.0176865716757423 -0.0389394768653774
TR10 0.086533183601341 -0.0155954318251659 -0.0741147824584091 -0.13000118029815 -0.0209231255931995 -0.0183227670689263 -0.0775736219314897
TR11 0.0679465472617381 -0.00552511146280094 -0.0321658497198273 -0.0378841903760793 -0.00443320738743487 -0.0719744877986147 0.037771210779643
TR12 0.0251977325696622 -0.0195309818658264 0.0141249488178029 0.0119077461225225 -0.077147814858387 0.108166610418788 0.0176749162926026
TR13 -0.0134759870944847 -0.0235360963189757 -0.0981310060068549 0.150374355551375 -0.0418722917181616 0.182928244172983 0.0510701403385497
TR14 -0.252556498388896 -0.0208795914936148 0.0642096169790498 0.0111066840447714 -0.0553644597862722 0.0881534754729114 0.104720036767414
TR15 -0.0359496684879401 -0.0792871643448058 0.0221155023283598 -0.112382200123279 0.093003578954506 -0.0161081342011997 -0.08549929709277
TR16 -0.0113273236783617 -0.122974484103676 0.12946107946303 0.0436393132398839 -0.0129646999656578 -0.0675717023850557 -0.0432849766951998
TR17 -0.0226913485318574 0.0208560883269155 0.0788772182891147 -0.029712880522685 -0.0518336024034284 -0.137617895239712 0.142537365366449
