sample MDS1 MDS2 MDS3 MDS4 MDS5 MDS6 MDS7
AN03 -0.0197429412939076 -0.0485819145738035 -0.0302246426386549 -0.019293566975463 0.0258922545493592 -0.0563456732224961 -0.0096458775737827
AN04 -0.042462604392827 0.0321567696337919 0.0415972040027237 -0.0199281146317339 -0.000153010190533183 -0.0554241707913799 -0.0368253093392546
CS01 -0.0771713283768344 0.0111495147753299 0.0196669448546032 -0.143057207633776 -0.0933660745126293 -0.0798032865541673 -0.038162021063558
CS02 -0.0496446430109196 -0.010646739124351 -0.065271923208258 0.0846376301959503 0.0779393184919153 0.0567784663554457 -0.0445450821733316
CS03 -0.0520739887335022 -0.0358420749001464 -0.00890804179377958 0.0502025161070654 0.00951654525556642 0.0111608624158232 -0.0166350698715531
CS04 -0.0375337343811614 -0.0365579970901112 -0.027079432007756 0.0157637349697624 -0.0288526692024659 -0.083804392529793 -0.0971055133588392
CS05 -0.00344107985649993 -0.122119774995164 -0.0397064450577556 -0.0521251088423507 -0.0890796195864303 -0.0640884658331635 0.016354653887434
CS08 -0.146643714813899 -0.358713909274513 0.124483678193856 0.0560985353065984 0.0416740202882062 0.100706641608488 -0.0368676446226916
CS09 -0.0741621081248986 0.0322682715954873 0.0555074284796762 -0.122274621601036 -0.0347872267304471 -0.0355295139806667 0.0102435167187048
CS10 0.0253380642970887 0.0497886084485053 -0.0716347773506974 0.0813665167364347 0.0107745057577216 0.0545463723469952 0.0187327723152823
CS11 -0.0850234296564971 0.073265676523198 -0.0294345951000954 0.0649094156592314 0.0761110017768152 -0.00107818225670508 0.0305896895243128
CS12 0.0462143308261351 -0.045831835540044 0.0253457895028259 0.0436759172958508 0.0902758216874858 -0.0337155934747333 0.0681775218104438
CS13 0.0613363617099684 0.0685313408563457 -0.0346153435955324 0.137822775343827 0.0215207796881257 -0.0264879738535562 -0.0485641879286817
CS14 -0.0217234662974158 0.013507751544634 -0.0430908570965694 -0.0629574577170827 0.0144638043335016 0.00935207690725211 0.0557679049062434
CS15 -0.0452054141155732 -0.045255611874713 -0.0473948879828841 0.0217844338496336 0.0368430519770311 -0.10647249951978 -0.0802614560315049
CS16 -0.0456453371137874 0.000995349740843218 -0.111156296979398 -0.0406328765934598 0.129284837554368 -0.0387640425770427 0.0748591963533797
CS17 -0.140735077730879 -0.0276189052385279 -0.0119122108005802 -0.0699715158542431 -0.0503938666279446 0.0933623355782826 -0.037872058879844
CS18 -0.015313597447472 -0.0384382917619696 -0.115433469574214 -0.0951152906990214 0.0666383314215327 -0.0201207869462213 0.0166852472231591
DK01 -0.0259866347139814 0.0742214851339309 -0.0351256165526744 -0.0263478387721842 0.0521370462259699 -0.0625459352562528 -0.010694837659869
DK03 0.083416304911495 -0.0725605731241665 -0.103964246378634 0.0174729633500921 -0.0674458331475405 -0.0153183188789875 -0.00223487828439672
DK04 -0.0577872227250795 -0.127878632497215 -0.107613448701896 -0.0772895561482891 0.077892441306509 -0.0014368843152357 -0.123977309565055
DK05 -0.126843346714942 -0.524988219181974 0.145888479275728 0.0212819096674375 0.103548041622118 0.153648473991398 -0.00212844220209615
DK06 -0.0329951444148553 -0.0189120560760025 0.0705253442165734 -0.0871271656949982 0.0884064592858297 0.109777760360076 -0.0230797045532073
DK07 0.0738155519714068 0.0432348214519608 -0.0202968853004091 -0.00705458010183484 0.111301261008763 0.0864218523711096 -0.0226852500042799
DK08 0.104301026151074 -0.0390665801957226 -0.0178876007522335 0.0828388973795665 -0.0437302961201636 -0.0175270961060403 -0.028651761364993
DK09 -0.0134922075415252 0.0210546532867735 -0.0231407081135878 0.065201528765102 0.0317907129444293 0.0169330378355402 -0.00825921946645933
DK10 0.224471610050069 -0.00522232514556177 0.0391551208915735 0.0140515284110361 -0.0428311432387504 0.0281520939888274 -0.0987652962786979
DK11 -0.07254501319596 -0.0148762115335354 -0.0587680643756418 -0.0744193291900542 0.106668053103757 -0.0561228800654951 0.0260553603840704
DK12 -0.0757696736097662 -0.0226451824390266 0.0100163384419257 -0.0315837147950338 0.0156825283092737 -0.0496763578821502 0.00541993057391515
DK13 -0.0177261854274646 0.042048151106459 -0.0387533837331456 -0.0380808940750086 -0.0405783865669996 0.021714474279227 0.0799511815315464
DK14 0.078172097703437 0.0334119744455267 0.0411982929243706 -0.0889736580105499 -0.0128120745467594 -0.0423497269208222 0.12928910113952
DK15 -0.107336198358983 -0.0406334015024883 -0.0715863998781268 0.0547785456061037 0.0295757894969954 -0.0187394721396439 -0.0538486205858221
DK16 0.0158731589132915 -0.020235540830237 -0.0538739396312053 -0.0713083206529194 -0.0429915972865013 0.00939061952757625 0.0574859818706977
DK17 0.0622383421095044 0.0783707447622222 -0.0682443809925362 0.0200095362099894 -0.0111202899235656 -0.0595050898459149 -0.00879285544221886
DK19 -0.0449357304181558 0.00593092789288919 -0.0813533378901597 -0.0466104241938267 -0.0278682756849808 -0.0836120109851611 0.0413147602698649
DK20 -0.068578671594012 0.0298222968051069 0.0225994423406644 -0.0904405435337108 0.0899206777674047 0.00541769385710925 0.0300791397375904
DK21 0.06304388152544 0.0188483390538894 -0.129984301893254 0.118261368416871 0.0283201574899887 0.0668595290137829 -0.0610035374061867
DK22 0.0768409030098532 0.0668578805219779 0.00762350496844992 0.0807894619909589 0.17056109218369 0.0334812438617533 -0.0232005042898983
DK23 0.0697521679779558 0.00368754510066143 -0.0996205715077249 0.0520435942281871 0.0714807309087225 -0.0548872740974992 0.0372574940208041
DK24 0.0025202496002866 -0.110494894386729 0.0101346123182635 -0.108105936312732 -0.094778637486421 -0.14136259294821 0.101035713681771
DK25 -0.0330301493400797 -0.0560114201176494 0.0056414011918938 0.00719575738426838 0.0720792811274076 -0.0210147190889528 -0.051074343359097
DK26 0.0968409217657471 -0.0534932562493827 0.0617005000147832 0.02784194580641 -0.0415854677191919 -0.102131012892791 0.0628545803468411
DK27 0.0903258335739527 -0.0913067076305471 -0.120652206852071 -0.0341481238491937 -0.0170523130267006 0.0650490925971017 -0.0137289127946832
DK28 0.15890200499662 0.00876966327633361 0.0915827675819229 0.0584935340599171 0.0996141119446716 -0.0412923096541908 -0.0415723967197676
DK29 -0.0932645131468745 0.000648085870426636 -0.0312757039568009 -0.0940165189281352 -0.0415495975107446 -0.0936365892282449 -0.0393856690940725
DK30 0.159798379709584 0.0335035018226934 0.00434168251976776 -0.199820318162127 0.0480392903117862 0.0808637302786459 0.041028987567082
DK31 -0.0465432620836885 -0.0598207268917659 -0.107905506039165 0.0244490078111361 0.00283805596864074 0.00440875820312881 0.0472331179236051
DK33 0.071687401745459 -0.0931795998024733 -0.0671275724753591 -0.143251747220984 -0.0877757607677197 -0.0752178328915429 0.022926013576883
DK34 0.0640341487745927 -0.0085295130105851 -0.113392671008431 0.116527059260703 -0.00752775178560094 -0.0712809015125715 0.0146917010665592
DK35 -0.0502356183881986 -0.0660889321384507 -0.138241019272947 0.0127186166906054 0.0218766738132326 -0.105408485320316 -0.016716208012326
DK36 -0.0685452026846879 0.0348359547351584 -0.0927481179882509 -0.0119737620243502 -0.0724414774998823 -0.0755023498193237 0.052114143140493
DK37 0.0143261474108209 -0.00908576414861846 0.0441048681231399 -0.0172320265824946 0.15452629677991 -0.167905400636199 -0.230345849072977
DK38 0.00999452633198308 -0.0149607368278542 -0.0599423467065322 -0.108324697615713 0.216293235400152 -0.0381512190951951 0.0963085119043846
DK39 0.0128879565570241 -0.032197487356035 -0.133026022177238 -0.0192650522192364 -0.0680187648051812 0.00854599711406622 0.0469129515391798
FR01 0.108998714652304 0.138898020978892 0.0339306640936189 -0.130924642809411 -0.0359631700121773 0.105508979476118 -0.0964801533430566
FR02 -0.0275427497385689 0.0787458069944841 0.0399797167556481 -0.0112454694279769 0.0485287702755163 -0.0297336731591576 0.0144845507296235
FR03 0.030773831034611 0.0484098228620777 -0.100701764066058 0.0290282829730178 -0.0556628996881116 0.0668814317242027 -0.0709928173850644
FR04 0.0434174291984266 -0.0546371391642746 0.0381660700698202 -0.0500444256292688 -0.177694809017157 -0.182773018915806 0.015575082506909
FR05 0.0827851069925813 -0.0619093376040619 0.120884044880302 0.170645880133308 -0.088752283746832 0.0479182996604424 0.114688882057339
FR06 -0.0588146785933957 -0.00233445052062015 0.0174036302994238 0.144876060127021 -0.132800390000617 -0.0639818101542308 -0.0638950761457712
FR07 0.0992023277712842 -0.144170500465124 0.0580330917062627 0.0798049431343925 -0.149752605604023 -0.0142901821902878 0.0143259683595444
FR08 -0.0400332934210047 0.0281692612965852 -0.0453814319177527 -0.0644023349560019 0.0666791216390235 -0.0984612584303193 0.133776042959859
FR10 0.0600330021268062 0.0419786089349714 0.0216898940687944 0.0252979391330102 0.0442482566980626 0.126947919087174 -0.0166048779530402
FR12 -0.0452990618001361 -0.00789077448158908 0.0877268712355955 -0.0588321446027339 -0.0610826305717271 -0.0255179987489692 -0.0439886114357271
FR15 -0.0443611956711539 0.00520743917652668 -0.0728075676436852 0.0830139592878753 -0.0652970376064331 0.0194965936158538 -0.00442905128624506
FR16 0.140785594120673 -0.0905585106559814 0.0131025537902221 -0.0481241544957304 -0.0313045063929848 0.0183027453502598 0.010783010191489
FR17 -0.0208003331831899 0.060373335443441 -0.0671213869891792 0.0970806098595936 -0.065349484085156 -0.0521471652966154 0.0402913486033945
FR19 0.0639219986711722 0.0323918953600136 0.0139318153238062 -0.00984523178480903 0.170381213473542 0.050545583484308 0.0117269339433673
FR20 -0.111718030445193 0.0939089152254784 0.0165681843213606 0.00319276608361543 0.00369153989419564 -0.0737277998121171 0.0209247533733247
FY01 -0.0110650198034636 0.0486499315556365 -0.0383344580961175 0.061439020370675 -0.0767818043135218 -0.0320812899524332 0.00181770918079747
FY02 -0.0507364885101716 0.0567444842519857 -0.0867643906354539 -0.0304516006848614 -0.0156741422074201 -0.0172263497498064 0.0368783115168
FY03 0.0685752255522946 0.0171561474167615 0.00357669575974433 -0.0430300360122113 0.0862588834338339 -0.0825899008893782 0.0197358656196294
FY04 -0.0145119233418809 -0.0795126080246272 0.123674597867102 -0.0986141007387671 -0.0610749596603576 0.0536393699986395 -0.0883177919672974
FY05 0.0174959712531572 0.0216511036728518 0.0833728492204844 0.0794892349007805 0.10679338761452 0.0335859767664252 -0.0915788421578938
FY06 0.0130058131862457 0.0160624315400144 0.114691507940066 0.046246448226673 0.0558738749828159 0.0178301571975724 0.0505843972036875
FY09 0.00680749150911535 0.0467729297047033 0.0200090020717079 -0.135668920640271 0.0260789537349457 0.0201289628544215 -0.0332332621493419
FY10 -0.01840396393978 0.0723973937200726 0.0834698704033787 0.0955028909890482 0.039986370379576 -0.0538693895500576 0.116014437389062
FY11 0.0967726550147828 -0.0122784389467581 -0.042671613399204 -0.0821587858143623 -0.0345079140171267 0.0537024441579094 0.017013624139679
FY12 -0.0723197892097933 -0.0417096054445539 -0.042456268148931 -0.0320564463172581 0.0808797157900407 0.0725367789867421 0.0662061955098896
FY13 0.0917187497079085 0.116439545361375 0.0867616685838808 0.0934657155407149 -0.136440727624221 0.0438991851706272 -0.112265120112391
FY14 -0.045712843018435 0.0555239474172658 0.00736214080259292 -0.0399651986746889 0.051480233026805 -0.0130689913851652 0.057455476075326
FY16 0.00343815268480076 0.0861504633940255 0.0433570140960296 -0.00283990670302759 0.0421903135954797 -0.00194796593462274 0.0554509517085463
FY17 -0.0321103607779319 0.0337393832558038 -0.0180414732272083 -0.00954849343424285 -0.0169682028169428 -0.0898647731246191 -0.0912916682512317
FY18 0.0445165556580559 -0.0413675791733224 -0.00102896358823458 0.0904405983945446 0.0489565901952504 -0.0364504698825193 -0.0991275826223635
HH01 -0.125666985756315 0.0139114796164691 0.0541357164568467 -0.0368406559072058 -0.158348981782173 0.126973683657099 0.0128838229228569
HH02 0.170126942204877 -0.027515953128701 0.00468363115499058 -0.0945554421744279 -0.100947477468701 0.103468995589716 0.048175600586271
HH04 0.0733767094299305 -0.0171417664465955 -0.0805603739117834 0.0695998535682751 -0.112620947884353 -0.0171723389526932 0.0259006532451176
HH05 -0.0253770452369004 -0.0144443274516865 -0.00055403610161701 0.0765445977218221 -0.0148710954886146 -0.0398446166700156 -0.0549631929113413
HH07 -0.00810299670018049 -0.0829571717707996 0.0563219367575002 0.0736964685856401 0.00769116262003569 -0.0267722699723098 0.0829862603208589
HH08 0.050672829481845 -0.0441294519635222 0.0539987711572879 -0.0215193766576661 -0.0223626031909178 -0.0348227030416409 -0.0175898012889169
HH09 -0.0511053965564718 0.00240931134404092 -0.0209638207137794 0.011436549972368 0.0334360106474313 0.0960780260361097 -0.0307365967245468
HH10 0.0775999413945803 -0.00294975690075634 -0.0698120448467538 -0.147548701995844 0.0871546940914657 0.0922875776602887 -0.0798326760482282
HH11 0.0389019478863362 0.0377028228404664 0.0312323268443664 0.0167338182851628 -0.105946527160543 0.00404926698668897 0.00508516823229928
HH12 0.0186267329568448 -0.0114165249770488 -0.0311061559925858 0.0380415894979453 0.0342257790507039 0.0130724056475153 -0.119401002549066
HH13 0.0115252534100969 0.0282439519636405 0.0667299631972022 0.0284174317005087 -0.0099708346447227 0.0369811239056849 0.0472978210715536
HH16 0.0277378145521834 0.0830614237275529 0.0103910525298617 -0.015617954284007 0.105974646138051 -0.01815982070144 0.0354370073730619
HH18 0.046790992126205 -0.0407288329803756 -0.0854821930428329 0.00827234301752881 -0.0755150634933066 -0.0716745209303513 0.080263489233609
JB02 0.0538298722950952 0.00857814735705682 -0.0957214844001692 -0.103127007999138 -0.095241952160175 0.141293578721248 -0.0279376113828433
JB03 -0.00486844539162419 -0.0105465456498136 0.127669815782385 0.00601251010851202 -0.0433701076285859 -0.114538819237854 -0.0015883136007977
JB04 0.0619944492246288 0.075208574587582 0.0685641689528473 0.0215191853922486 0.0812051195510996 -0.0429067653277596 -0.00498646562510431
JB05 0.0550827027654314 0.0275583015566692 0.0545480353054899 -0.115488634671641 -0.00334772244241861 0.10453861778102 -0.202988556329646
JB07 -0.0116190980788483 -0.0148875112011055 -0.0417969243316516 0.0243594112085372 0.014915458499103 -0.0620522520346323 -0.00264760346534108
JB10 0.0888857074591799 -0.0314345285077128 0.0652010057232667 0.00223895004141074 0.00518748480298528 -0.0170419568999394 0.0605560957240259
JB13 -0.0337559000952026 -0.0284052466641127 -0.0697339002108904 0.0818414712847397 0.130374812585815 -0.0470298391463399 -0.0225233682009111
JB15 -0.0737132404010701 0.0523907108855668 0.135973871832114 0.0586952780116788 -0.0651169288665691 -0.0117195793301744 -0.0873945825999726
JB16 -0.0905570024053645 -0.0161412980731257 0.000188077994801694 0.0190615601248687 0.0172314831595202 0.0228234347717017 0.00791146578784821
JB17 0.0535068299192045 0.0293359356187679 0.168015178293009 0.0246808282516386 -0.0824579168106754 0.031063580393186 0.0903918038208426
NB01 -0.0136252242376797 0.0362461470827944 0.00823670377973533 0.0069803947033398 -0.0512802626585256 -0.0384010709021708 -0.0718745791842422
NB02 -0.0312758707272221 0.0127238275150737 -0.018653406701622 0.0907399654472875 0.0799415513688733 -0.115599682215416 -0.119689334300787
NB03 0.0341829556409137 -0.00428026212442253 -0.0268332427161273 0.0898550570240298 -0.0265054638496807 -0.101948901919233 0.102363100931591
NB04 -0.00854785420562112 -0.00942425632753322 0.0275313693972922 0.0134641337072861 -0.0510023788841113 0.0322013248315115 0.0375893744092519
NB06 0.0154849276397334 0.0478936901874044 -0.0856561717318607 0.101659352424968 -0.0614049976203392 -0.0565889028072861 -0.032605053097126
NB07 0.118236536338529 -0.0525079050971406 -0.0272403536028221 0.0640660876837979 -0.0475403448904765 -0.0133090257910904 0.0135739503289393
NB10 0.177904626940856 0.0102795354179822 0.0425250557369554 -0.0241142294984552 -0.00583041218638597 0.0363526630879195 0.14145242318887
NB11 -0.00807807392842277 -0.0378600609316581 0.00187560721104783 0.0994735917149299 0.129102786545957 0.00161857946148321 -0.0122238199246294
NB12 0.0281331576701209 0.00913523953449129 -0.109702721435759 -0.0535031394242686 -0.0773628506309116 0.002887643939976 -0.0357352710557424
NB13 0.00966572900968987 -0.0439333888880136 -0.0576286006484888 0.0119271302916093 -0.064521017577761 -0.148280221845534 0.0475079673792719
NB14 0.0122957547576109 0.00584655445736228 -0.186541361535069 -0.0643004080725243 0.0776176090601004 -0.0211970166697554 -0.0783107229665393
NB15 -0.0357940231762356 0.0347457246750928 -0.0245506339750654 0.00669846380532324 0.0297236088966674 -0.0685609147782654 0.0350304122660711
NB16 -0.127696079200547 0.0256374768257181 -0.00615497875857704 -0.0729612149286449 0.0435009565519975 -0.0396453697629249 0.0510944419249837
NB17 0.00956724323200756 0.0250729184298521 0.0537484464469132 0.0412907565884758 0.091290616355871 -0.00572487876906132 0.0126621603765562
PA01 -0.069734586010026 -0.0656124644579632 0.110309326840436 -0.017726783855531 -0.0302594484739348 -0.0738187102507308 -0.0541208634489546
PA02 0.00526319052531411 0.0225551076362397 0.117237653344626 -0.0968754447359575 -0.0856614612184871 -0.000604288848331199 -0.0520262031854101
PA03 -0.0624786106886168 -0.0147907875269667 -0.00493905045734297 -0.0624154027751631 -0.0530933720802292 -0.00405069596216365 -0.0792379300079161
PA04 -0.0271824706747285 0.0332849680940205 0.00378143033412018 0.135403618939271 -0.0721928494521988 0.0256977493217622 -0.0294632100269796
PA05 -0.0805246155516353 0.0417997480121971 -0.0656778733155328 -0.05326100192682 -0.0560540857641735 0.0782426041629057 -0.0408422003432963
PA07 0.139067344825166 0.090888305590028 -0.0703111676346357 0.0390188215093656 0.0566110660608976 -0.032234995157815 0.0526372734128975
PA08 -0.071968439019001 0.0230349372476742 -0.0299987655031847 0.0657067003332198 0.0175872844144603 0.0966118078285837 -0.0503033492051756
PA09 0.0199490259509766 -0.0709050255552543 0.100852487254589 -0.0506896100465128 -0.0413340224393046 0.00747975913358243 0.214571049278354
PA10 -0.0555434309223551 -0.0646780552757164 0.0132236743977545 0.0437981604342106 -0.0860034657519767 -0.0820605483595569 -0.097237867412106
PA11 0.142075691646911 -0.0332010541250716 0.00546375513130689 -0.00692393913526405 -0.0583358543710091 -0.0274876275902507 -0.083189802135922
PA12 0.00361035410747066 -0.0369179679757377 -0.0448084152162737 0.106530982384371 -0.00311184870623316 -0.0681352326412121 -0.0488588976578918
PA13 -0.0147746718694161 0.0103778709494138 0.0207456150303106 0.134645479326033 -0.00224328300976324 0.117927564805231 -0.00332876493083882
PA14 -0.0895631802915619 0.00923719510081244 -0.0297556051835558 0.106891497301151 0.0168265464173272 0.0989302355144529 0.092949248062233
PA15 0.031589304843703 0.0197466988169171 -0.0600021276565326 -0.175852150226298 -0.00623449326986671 0.114220972316979 -0.0746446822917693
PA17 -0.00393501805933689 0.0389883303179713 -0.0618391048078541 0.0375599919090576 -0.0758780614697777 0.0360534178053725 0.0186953059832633
PA18 0.0510969488715543 0.00923029557869682 0.0633657886661745 -0.135658124171616 0.0653040730869978 0.0542021906454578 0.0455486697170543
PA19 0.106181811971513 -0.163499908786531 -0.0887168533925859 0.019466965469264 0.0753953111763004 0.00826909582089653 -0.0636184465007931
PA20 -0.0502346713036867 -0.0621040932450395 -0.0469159744396071 0.0762557713484441 -0.0266219081691203 -0.0582172270251561 0.0302824508589838
PA21 -0.00394781874712796 0.0209556432383933 -0.11228923677969 0.0560256411853454 -0.00163013021471163 0.0319930116153678 0.0737000034825996
PA22 -0.055998449341035 -0.0910472701150702 -0.0257461658346597 0.0104734929167281 -0.0180729562564952 0.0507755687696513 0.13454384046694
PA23 0.00673235158813642 0.0484399828183988 -0.0372481891590853 -0.0570612179098014 -0.0228036443682656 -0.0010896310923556 -0.0373942852833749
PA24 0.0344638066687682 -0.105251422390229 -0.103321760738538 -0.00898471553909634 0.0998661421375255 0.0689097470021467 -0.164307842831559
PA25 0.0111075162982146 0.0303906986488331 -0.0109452203104603 0.0882693881464949 -0.0474898085025913 0.0743691363667387 -0.0373424162328561
PA26 -0.0119369301774301 -0.0254180778173883 0.00937913194075272 0.0327835337719326 -0.0112045308828114 0.0329431437977462 0.115573022805658
PA27 0.092963788375494 -0.034632089261796 -0.00824605733033751 -0.00468125068474848 0.0198861963569921 0.143146498761047 0.0265092212296084
RB01 -0.0384478736372149 0.104102430024519 0.0506279790189931 0.0841356416285944 -0.00747734923599334 0.0770675878162513 -0.159718445672539
RB02 0.0771374756861342 -0.00918064496271239 -0.00622417092893961 0.0443802579383233 -0.000477427610270488 0.198404175230157 0.0690735950778196
RB03 -0.063669116611375 0.0180245103929431 0.035332323721914 0.027781584458856 -0.0890138346945588 0.189838315707384 -0.0557171674474129
RB04 -0.0374472560351099 0.0399467972718051 0.0679485254156943 0.0229573642300623 -0.0373100163372904 0.0793557532559272 -0.0404966693962406
RB05 -0.0323028798829269 0.0122867179831128 0.0538194043876205 -0.00954348389766907 -0.061997153362283 0.077165188648319 0.0776830116260927
RB06 -0.0249002394466873 0.0484377762030654 0.14029493641662 0.000386234809468588 0.0848149199358133 -0.0196782873545958 0.0682123103555314
RB07 0.000644861633306685 0.0119414776674247 -0.0845707023700943 -0.0808484499762044 0.0148003680413215 0.0351744948293716 0.0067326369493568
RB08 -0.0870955162204101 0.0108959343942936 0.0351283048339744 -0.13007405915243 -0.0519361047715857 -0.0268780263106827 0.0400037239862417
RB09 -0.0955391595726758 -0.0578056125262184 0.0400569554672694 -0.00921384065813753 0.015279908710539 0.0371014563094471 0.152089900027859
RB10 0.00553262962032104 0.0663791631127095 0.0495126555603864 0.0500245362731377 0.143890210712514 0.0954032576309573 0.112930489032022
RB12 -0.00430220428108759 0.155864075701328 -0.0128138768341943 -0.0993080252418165 0.0731948266687965 0.041136106742257 -0.0306434500209644
RB13 -0.0667641115877305 0.0749589843392391 0.0935027390831663 -0.00974267126435441 0.0121569235226447 -0.0343929653408016 0.102596799969265
RB14 -0.0191038483853309 0.0150863234710966 -0.0329375872223199 0.00350811990419531 0.027777405842363 -0.0317920465510821 -0.0394858680564
RB15 0.0233127208407945 -0.00642903769954315 0.0189264416693118 -0.0797137710514877 0.0076261780833905 -0.0376095292138596 0.150110684413108
RB16 -0.055473204291526 0.0797782848280312 0.0647222955891378 0.0840982898607071 0.091300088900236 0.0138375318260559 -0.057108917261503
RB17 0.0215620274521264 -0.133417601530434 0.00971510016620398 -0.0790634959285073 -0.0176862958276055 -0.0398518206193371 0.100267955426909
RB19 -0.0411387002489498 0.131129323323369 0.13906140410007 -0.0243873139596788 -0.0121797908843337 -0.180518628131503 -0.0167152229991717
RB20 0.0321445601685313 -0.00718891726621063 0.0567090777080307 0.00891609871624943 -0.0105427372523714 -0.0776544940292667 -0.0886093683301474
RL01 0.147038750003528 0.00134883856706939 0.0522856102896248 -0.0748678256688496 0.0921609741386902 -0.0708937386315613 0.0880562594407352
RL02 -0.00497662918421592 0.0388017770776249 0.0427353620386546 -0.094432364599432 0.0752690126074672 0.0145434628341303 -0.0175025024116508
RL03 -0.093547037794071 0.0253796304068227 0.0484312965119249 -0.00833898202965158 0.0580519278826338 -0.0655294960396063 -0.0261627100479084
RL04 -0.0696137356777394 0.0202282982255984 0.0445309229861589 0.0796575723310828 -0.101644656361301 0.0526230986490955 -0.0477062967218031
RL07 -0.0419268983233954 -0.047387450963437 0.0815306920470119 0.0166304975501569 -0.0165397479714165 -0.017288313828631 0.00541731274007853
RL09 -0.0576604452054386 0.020060138744583 -0.0434939064632262 -0.012021257397731 -0.0718708386367903 0.109290528523634 0.00412439233841826
RL10 -0.0298153936445717 0.0928111906160941 0.0895256638929543 0.106113340780366 -0.0818969100841616 -0.0253110936075302 -0.0765604541905282
RL11 -0.112800028726784 0.0362148652387735 0.114404090969929 -0.104625593254807 -0.0322442263372511 0.147109925761655 -0.0715689558458359
RL12 -0.0295898892629256 -0.0688688374183137 0.110899888458227 0.0117738439623758 0.0332924723731762 0.0689971477293687 0.0219455761806963
RL15 -0.137168537171307 0.0459550877250377 0.0676454946848533 -0.09468318018034 0.0428997362552643 0.0407065682549907 -0.0607133166979918
RL17 0.0148796770930826 0.0444570337352694 -0.00467579480500892 0.0237724776375434 -0.022682292220549 0.138733660596402 -0.00444039521972718
RL18 0.221273351043746 -0.0920862479230978 0.0152792653236479 0.0146986971226369 -0.00891856054620604 -0.0121199820486588 -0.0153606946277069
RL20 -0.00953626448485503 0.0397256055966223 0.100461029609269 0.0404336726527165 0.0232983840986581 0.0542655893630233 0.0501658684677587
RL21 -0.0651882417310842 0.0274545826687313 -0.0402181678175895 0.0131642573193201 -0.085796923118132 0.0140200263552728 -0.00895468981719731
RL22 0.0562149959264987 -0.0916430787736567 0.187950806635773 -0.0532074864961518 0.182774033111349 -0.190217466420979 -0.206956216868527
RL23 -0.0402477765383271 0.0712014182818549 0.123753079931872 -0.036050710214448 -0.116429859144785 -0.00370011553061895 -0.0597383553379365
TR01 -0.021997725739253 0.0964147313486153 0.00449149561732995 0.00962160315894326 0.0747355586448058 -0.00473994912560841 0.0932949418748302
TR02 -0.0579344929787259 0.0367708158691155 -0.0372488425063436 0.0399646157442119 0.00551600504030578 -0.0325541886104315 0.0136755677374059
TR03 -0.076301567539888 0.00736431308586561 -0.0344290375695783 0.00842009885398808 -0.131158715431427 -0.0139446459490263 0.0364660703302755
TR04 -0.101075333067759 0.0671268846961366 -0.0164416537331061 -0.144950506758883 -0.0586520167014251 -0.0254159039383001 0.0243804066655714
TR05 -0.0154629344590419 -0.0442530131011215 -0.0758095407357328 0.0106332155408598 0.000194570363178992 0.0463320459156659 0.180445202110553
TR06 -0.0454489216865349 -0.0157700480476408 -0.217370954360117 0.0256907217973923 -0.0192016241637869 0.0567546428186678 -0.042057148332299
TR07 -0.00842492567379887 0.00475127060182312 0.0306063588779059 0.125293011370972 0.0899709212888552 0.0513215861926867 0.0812506427957641
TR08 0.0254278252648629 0.0855906859650329 0.00338821686030014 0.0440808729167793 -0.0774916465445433 0.0572476427567878 0.10125020532142
TR09 -0.135191588020312 0.0370363427852071 -0.00193666411248616 -0.00616225117956884 -0.0263274382837227 -0.0044107183474402 0.0252709446936399
TR10 -0.0664014768187393 0.0480638530981269 -0.0720099478639013 0.120185364770358 0.00122840127055518 0.0763122875091848 0.0257497517382192
TR11 -0.0599851744279925 0.0210068149396827 -0.0199742404910348 0.0370743318315918 0.0135288932938602 -0.0419819859793816 0.0479891712926958
TR12 -0.0159255510152101 0.019088158207706 -0.00443303025277588 -0.0218816082081757 -0.120868227114671 0.0441036063392422 -0.094122658336037
TR13 0.0216108239952173 -0.0263298530883814 -0.149571159813655 -0.110996239831404 -0.0965276808857504 -0.0387637229852135 -0.138865650493154
TR14 0.229703023487873 -0.0524668200726255 0.104490648350875 -0.0151201701606644 -0.0901931059467506 -0.0582485852572814 -0.0873684602557834
TR15 0.0583153813054947 0.0598243404197224 0.0229442370291949 0.0677096546888783 0.0910263136816226 0.106293636120392 -0.00714991903461681
TR16 0.0312326576574612 0.132080930244688 0.092470147410447 -0.0918846084980122 0.0122493891867244 0.00259871373112874 0.021801726341563
TR17 0.012936235339976 0.0109727904515258 0.101392212082548 0.0683222809406068 -0.00989726522360417 -0.180519376827444 0.0662425525449389
