sample MDS1 MDS2 MDS3 MDS4 MDS5 MDS6 MDS7
AN03 -0.0240515139746744 0.0710687929921585 -0.0314928727026106 -0.0599022360135047 0.0194521459061052 -0.0285920644844569 -0.0326376869208658
AN04 -0.0515448743562524 -0.0209884418197032 0.039957229215897 -0.0196151580634946 0.043778308866719 0.0186257220090324 0.0827638580945892
CS02 -0.0652911483702413 0.0217954547923866 -0.0395740061982413 0.060872303069553 -0.134524395424244 -0.0839735959098963 0.107162455352
CS03 -0.0479536342943105 0.0571911951687189 0.0037774535389804 0.0710304106924172 0.0210408351473621 0.0259345428683804 0.0970787836203925
CS04 -0.0203531343134221 0.0243532207282654 -0.0204619908442913 -0.0440777835926532 0.0226440598574898 -0.155033363465138 -0.0185117719102377
CS07 0.0631755503702382 0.0669787446558504 -0.119254912331623 0.0115834778754494 0.0758464154304419 0.0652261249731126 -0.122838150402007
CS08 -0.070852419926928 0.378239486654966 0.192967474310532 0.0601814489063738 -0.0680470627244456 -0.0770076459220226 0.0243609626374086
CS09 -0.0696692810666357 -0.0350867068492314 0.0704401191396329 -0.151570894280144 0.077711921590177 -0.0162035697444472 0.0147829095102758
CS10 0.0194041079955043 -0.0334030345873588 -0.0532074185439911 0.0945495049558419 -0.0408203654620399 0.00368680332792573 0.0025949494076746
CS11 -0.087498448793958 -0.0555683689382528 -0.0742639314732428 -0.00947303654004041 -0.0852334008525639 0.0727424773818855 -0.0440062539439572
CS12 0.0552906806394688 0.0415368839283085 0.0116025560752588 -0.0131935063300193 -0.126535311824834 0.0583537471645149 -0.126150262679587
CS13 0.0569199352333656 -0.082842179923831 -0.0429857681391414 0.0861550893565965 -0.0843242075565912 -0.0573020455104836 0.0402462693834295
CS14 -0.0299307900932832 -0.0169557690286293 -0.0486559620873008 -0.0380365721098638 -0.0232913275966853 0.0279258019413064 0.0332852418525281
CS15 -0.0526025114103921 0.0357262188819592 -0.0732310428653812 -0.00420776851186772 0.010670996241883 -0.0395923442017779 0.0172271315283982
CS16 -0.0630013971496516 0.0233768211021021 -0.1184115996995 -0.0863201781231945 -0.082025757637448 0.0638068684541702 0.0161248315870754
CS17 -0.134957894792109 0.0358376253486575 0.0297570820796035 -0.0303603385290901 0.0421066488130139 -0.0789808222498284 0.0521517669983155
CS18 -0.0389801390388526 0.0341792102331949 -0.110716872534032 -0.0700445029062069 -0.0298864671802856 -0.0181476235915489 0.0434452715694661
DK01 -0.0169534781649044 -0.075982252082814 -0.0434902321707058 -0.0612777769002864 -0.0574707141259474 -0.0394347206181238 -0.0635270487399966
DK02 0.0608368550946316 0.00142267954224471 -0.0270629808405971 -0.00859696052603429 0.0367637858518154 -0.0870566010818334 -0.0180779111566859
DK03 0.0942457227951193 0.0662748166526336 -0.123055227258145 0.0346237539529828 0.0521436506690441 0.0106942319409829 0.0554876296382883
DK04 -0.0583901394788784 0.131088731869737 -0.0905568373795022 -0.0500126760302843 -0.0187604970388979 -0.140194002152817 0.0239963727092067
DK05 -0.0469917611695038 0.5284796531042 0.1990864461519 0.0263612648275935 -0.0994585057266353 -0.0452842969797395 0.058962010279369
DK06 -0.00532608479216771 0.0371327765997491 0.06098668147579 -0.00656285179297333 -0.0278369538145088 0.00788772473635138 0.012397086094291
DK07 0.0745539582854903 -0.0323080700715601 -0.0281649482353749 0.0166144696932167 -0.111817825688582 -0.0144226306413094 0.137921568762859
DK08 0.122424934847857 0.0191237654777048 -0.0164117085530705 0.050630234893249 -0.00437522818139321 -0.0975846012740954 -0.0971683045721493
DK09 -0.0140911073931413 -0.0220615723322742 -0.0417493091005004 0.0258529951759155 -0.0851617728105267 -0.0275222198466895 0.046400923320035
DK10 0.23322378581436 -0.038015977502371 0.020236238781597 0.0292437993199537 0.0222637726639465 -0.043813212743527 0.0170246708605701
DK11 -0.0886465217050816 0.0294906648878594 -0.0585983047678232 -0.152905263433115 -0.0717076168395681 -0.0230143890481802 0.0729123510456295
DK12 -0.0748178524773465 0.0509790838278162 0.0279251973625301 -0.0489544633212068 0.0200913787336245 0.00676710230137204 0.0151173557574916
DK13 -0.0185141112832644 -0.0197577134730905 -0.0474939753286056 -0.0481661005453096 0.0599071476508836 0.0885247800368525 0.053737909866363
DK14 0.0878280919509241 -0.0352140512545367 0.0309510893594467 -0.138408199787193 0.00579102340928461 0.112427841162302 0.0597430700462463
DK15 -0.118031465965415 0.0524879603069107 -0.0657522061608853 0.0292724106002709 -0.0617575937973028 -0.0400563226977966 0.0113090525781673
DK16 0.0243548995265478 0.0164656109905303 -0.0629145728075418 -0.0679291383428583 0.0651954261242244 0.0528986568085713 0.0237630211680772
DK17 0.0425940311618951 -0.0857779482049057 -0.0893700315688623 -0.0708297213278756 0.0207941279937513 -0.0154421967169885 -0.0417134706280878
DK19 -0.0618357845640673 -0.00698944220408488 -0.0885532691088429 -0.0340943880997957 0.091162186039081 0.0353902970075378 -0.0867785822515472
DK20 -0.0532402425518204 0.0104989169380935 0.0240285167168751 -0.113583310587997 -0.0697724502587641 0.017345616508124 0.0516444159216384
DK21 0.0505202329264281 -0.0292414349569208 -0.135846504839741 0.128784394350941 -0.0572278618882228 -0.0648755464785857 -0.00774725349827793
DK22 0.0828619841193738 -0.062455178482174 0.000436066238602232 0.0323803523944176 -0.224888235520626 -0.0274772065890068 0.0153299933195251
DK23 0.0609234775187485 -0.00227674037100603 -0.116986620627262 0.00402989505175621 -0.0535093719607449 -0.0162365755744391 -0.022395664711922
DK24 0.0304962721249274 0.120153924910138 0.00369992474327683 -0.175452949870687 0.107100590805119 0.00367313810107787 -0.0489688969182995
DK25 -0.0274016890684845 0.0480322571729995 0.030893373535502 -0.04108179839375 -0.10723667605485 -0.0887881573378855 -0.0634226104921836
DK27 0.0774487670399233 0.0785355188250935 -0.145722304053909 0.0426505244980513 0.00824111261522156 -0.00156197317461909 0.0447812892554042
DK28 0.172454994486102 -0.0167330382734211 0.0990685401474704 -0.0296484742431042 -0.136708792498053 -0.0896211284147291 0.00667157466837983
DK29 -0.095276048764985 0.00992464248200502 -0.0111448059023501 -0.117965076862978 0.0936979718226409 -0.071665347407727 -0.032586790953291
DK32 -0.0251956297228233 -0.0690866064339079 -0.035635751244335 -0.123439872604302 0.0235890773563087 -0.0458466724073315 -0.0312597709567328
DK33 0.0738713864832434 0.0975580018624703 -0.0923552629320292 -0.131466025233796 0.151234463690808 0.0170710724235989 0.0718363836298723
DK34 0.058728822117324 -0.0143112329442921 -0.141183374347444 0.00680449652234188 -0.0247304076654373 -0.0323145562770304 -0.124762651880724
DK35 -0.045278719153284 0.0807017862637321 -0.152059232857919 -0.0284623587805586 0.0115700649037993 -0.053254081723011 -0.00867538735991005
DK36 -0.071343289269475 -0.00542445112900174 -0.0991451465968469 0.00030405243561826 0.0943004977492732 0.0301358679078786 -0.0726987232164306
DK38 -0.00154267369793045 0.0445332173598198 -0.0741066886029338 -0.143652063514571 -0.171712328363133 0.0517427172916323 0.0443031847966445
DK39 0.0100241882822564 0.0520339580831943 -0.121955686873619 -0.0136188912441207 0.0843536852745597 -0.0155048029265579 0.0411191089367385
FR01 0.110060894761783 -0.142018851645296 0.0423224976404182 -0.0309289813809909 0.0284635034996547 -0.0846397558291908 0.199920458145878
FR02 -0.0343944660054832 -0.0797238629993838 0.0260767559217663 0.000379299078804562 -0.0426263417170336 0.052878560583044 0.0254355066922168
FR04 0.0778211652165695 0.0444368222427881 0.043873916580642 -0.105973546452566 0.176476813290765 -0.027648909918084 -0.0810379314002771
FR05 0.115377733974678 0.0495714092278825 0.10769855484392 0.135800527019684 0.0233986084584146 0.137655668117367 -0.0994241502570589
FR06 -0.0407381341416846 -0.00409456363756036 0.00873161840400531 0.0866621392543179 0.0858592708748454 -0.0767885823611207 -0.12785089869202
FR08 -0.0541395283303188 -0.0111318851308589 -0.0799219552157915 -0.133523749826647 -0.0344542745634618 0.116458712055978 -0.0734831982936387
FR10 0.0722388992615342 -0.0420705087944689 0.0267260694060265 0.0962716443494321 -0.0877861599139141 0.030367021860823 0.111304920543311
FR12 -0.0260368494522617 -0.00954397781317668 0.0671475561586047 0.00601663818055617 0.100715299066454 0.0337692796492724 0.0548682567878777
FR13 0.0371695953989095 0.102757370086017 -0.071854380129829 0.110642195022477 0.0490343072406079 0.177358685926237 -0.0440928794948484
FR15 -0.0621008434792986 -0.0028534858527601 -0.0547333597496694 0.11451098406058 0.0472918426197151 -0.0302697457902952 -0.0227180599765731
FR16 0.166976402286394 0.0707479216146691 -0.00886785017466555 -0.0529863818101815 0.0467090532635941 0.0528973740101303 -0.000501247585992381
FR17 -0.02740096740474 -0.0785341307020649 -0.0652304317839932 0.040272979989123 0.0421709615880187 0.0522527287212712 -0.151693922474709
FR19 0.06068050677579 -0.0256535261514539 0.021887724262668 -0.0680251090154285 -0.16184024331842 -0.0288128601117219 0.0711923893690965
FR20 -0.136274911330969 -0.0963084270467895 0.0285691002250567 -0.0625573587500735 -0.023535773002603 -0.0353573605871583 -0.0450559529177722
FY01 -0.0066300600394379 -0.0559188582740868 -0.0541730294645332 0.0805801780530597 0.0741551174930493 0.000858654072299743 -0.0794627017308965
FY02 -0.0764912327710172 -0.0487045567601583 -0.0895021583598689 0.0234722832613409 0.054751790690601 0.045892675946179 -0.0498824662895529
FY03 0.057619457704637 -0.0262094827931273 -0.0433472047941217 -0.0651443917734535 -0.0435805932188037 0.0469248221706379 0.0284231454459707
FY04 0.0308743745216302 0.0929894309963335 0.163940627517627 -0.0244968001161174 0.090251942254247 -0.0702681939456469 0.133295266272815
FY05 0.0245628572772325 -0.047495857778762 0.100512745320441 0.0209206791101814 -0.127727399046667 -0.0806285040005118 -0.0797828159272607
FY06 0.0287212605882534 -0.0250132045785131 0.105042786725319 -0.00411780085828189 -0.0668145701420929 0.0496801979465948 -0.0476573156796846
FY07 0.0134065382893417 0.105264856653229 0.057905992596298 -0.104192717021365 -0.00543635868261476 0.0731840937357827 -0.00119044752215514
FY09 -0.0001770362929346 -0.0549842676911685 0.00111001978163679 -0.104415253722545 0.0172138046209124 0.0266375175414692 0.139363795027265
FY10 -0.0234396613032217 -0.0899298973990196 0.0523362147211674 -0.0556272816859643 -0.0661653562693436 0.098520601148365 -0.16800939424951
FY12 -0.0890401783717521 0.0734178383899958 -0.046099273571334 0.0330087184756299 -0.0871479137960752 0.0862503668953158 0.128692794467207
FY13 0.105812123086192 -0.148161606602854 0.0653225859454039 0.181535333922039 0.106888198480381 -0.0436421714717605 0.0494460195208785
FY14 -0.0743645301267046 -0.0340524964570247 0.00897951481192764 -0.041355411613865 -0.0438699973240756 0.0739949265810528 0.1026278152462
FY15 -0.0777665648617994 -0.0287974092054509 -0.0803491005568048 0.0629947621244982 -0.00154358162181471 -0.0939691867523133 0.00131508574605684
FY16 -0.00465578749623214 -0.0940482117612709 0.00144906637150642 0.00420496877847135 -0.0286527853143452 0.109694925884324 0.0238157234276433
FY17 -0.0273304385000542 -0.0563295523338935 -0.0130634540384461 -0.028384668385085 0.0298246999866821 -0.143419156615774 -0.0410473881334504
HH01 -0.122107295821747 0.0177862954714949 0.0904351931619058 0.11272892184218 0.147231515325511 0.0459264017098753 0.0790160905717892
HH02 0.183487685688581 0.0176176728533826 -0.00795915152670654 0.013334204036487 0.115777777382024 0.0440875698744763 0.134665182218541
HH03 0.00578307163669276 -0.028044623175619 -0.0199838493610392 0.0541929490225495 0.0649867578173982 0.0177304614702597 0.0535960683699456
HH05 -0.0267958654615041 0.00479064041681848 0.0164001175202035 0.0362811522049786 -0.00217672047534602 -0.07516976544381 -0.0830485413329173
HH08 0.0470503339298794 0.0312120188813357 0.0633719381060748 -0.0300771312921068 0.0194806232872987 -0.0211694143821246 0.0408638348363594
HH09 -0.0488864389914517 0.0201168926308678 -0.00133193525856018 0.0729423964402634 -0.0601400459861571 -0.0121140539854923 0.00101505396272439
HH10 0.0681708265782335 -0.00907673748446519 -0.0727978265492802 -0.0721072955653863 -0.0262841463863186 -0.0807836033325991 0.0714965832928181
HH11 0.062659670384102 -0.0540882697410696 0.0201389725920938 0.0067688801358011 0.103471814324927 0.00683656294258839 -0.133074906673753
HH12 0.0113584669889227 -0.00980436471276295 -0.0198579597837139 0.0554071285996351 -0.0644419835888634 -0.136847663080627 0.0125281416030859
HH13 0.0471937541464207 -0.0182370360578049 0.0743934674550821 -0.0408342125797486 -0.00775581454355124 0.0211646014950714 -0.0463498184638409
HH16 0.00861599438613499 -0.0863068714256824 0.0101817179424187 -0.00637829614449839 -0.0947096158857513 0.0353847229265883 0.0019024151278207
HH18 0.0412817402661888 0.0393467664409692 -0.0924015255252525 -0.0387092901884611 0.0666613619790778 0.0204791330299333 -0.0906767738248994
JB02 0.0494490446594653 -0.00510207182789202 -0.0946452563712658 0.0800376661836464 0.143775704145042 0.0514722145977376 0.181995553674773
JB03 -0.0133316658343082 0.000962305297634846 0.115106371675254 -0.0465039078914985 0.0524848841471876 0.0198751103746006 -0.139945718788701
JB05 0.0859414812514472 -0.0212214400022279 0.06485364132429 -0.00110277059090663 0.0315252332816892 -0.139429470086689 0.202208611948884
JB07 -0.00999107029330364 0.0282699956350265 -0.0714178125082262 -0.00093507127691082 0.0207287680584276 0.00481796817282892 -0.102297273322691
JB10 0.0935648574511247 0.0175005290853562 0.0317086546864384 -0.0181986699706916 -0.00762169906548801 0.0578983206096697 -0.021007291004736
JB13 -0.0162947323665902 0.0423323075217343 -0.0747542290248723 0.0319536542069103 -0.145867361647214 -0.0625962730416269 -0.0897928004479607
JB16 -0.0726626595795707 0.0142973196790176 -0.00735027223272536 0.053014513828548 -0.0171302004456658 0.0284424312035889 0.0702667706799336
JB17 0.0662484845822015 -0.065790321159163 0.138060648476962 0.0418057778776611 0.026298447535548 0.121973598882818 -0.0269968127446901
NB01 -0.0202611289892969 -0.0322349521590505 0.0170390282240557 0.0312366777643994 0.0609924491758626 -0.093282042661134 -0.0320164876040525
NB02 -0.050259241336977 -0.0397330675932043 -0.0447667083596712 -0.0128613194340238 -0.0827183785579187 -0.138858547506278 -0.106983722053873
NB03 0.0257021529745973 0.0110245631683233 -0.0512418392656074 0.0571209823237288 0.0686928773985834 0.109991412789279 -0.00132038327241195
NB04 0.00332861957960008 0.023289987274175 0.0514956739003152 0.019593016469555 0.0672325507213686 0.0362226825860944 -0.0233436485903161
NB07 0.116696338401418 0.0250372781577535 -0.019716271813324 0.0416644549594986 -0.0010025762754976 -0.0341912765796577 -0.0581603162732323
NB10 0.191909480516974 -0.0172907759209625 0.0190078158520985 -0.0233016911241202 -0.00799609266190123 0.138875140655904 0.0133864973195377
NB11 0.00480535769305053 0.0521885669685762 -0.0185872224164268 0.0320795347162703 -0.165947443523502 -0.00235671726271622 0.0227188717909802
NB12 0.0267000292398833 0.00152956713676313 -0.0812340816516779 -0.0370104409548603 0.112047296933816 -0.078051030689428 0.0157941268581861
NB14 -0.00652010768719077 0.00906146086191462 -0.170568489174169 -0.0278023898044677 -0.0485935596569809 -0.0997810471619596 0.0559544222937152
NB15 -0.0426228474628885 -0.0454068587953004 -0.0446289229349202 -0.0923076571523763 -0.0282548569120988 0.0103522925515504 0.0206900476821419
NB16 -0.123790880255655 -0.020103479515921 0.000341770087026148 -0.0999499969241699 -0.0356538850321248 0.03935582065721 -0.0395182013690561
NB17 0.0226463978081103 -0.0316460892330345 0.0403019590647918 -0.017760191023977 -0.104054852508811 -0.00596563224704758 -0.0696326651143371
PA01 -0.0459655522973305 0.0587689740927447 0.13191552911931 -0.0630250418589829 0.00472399799646067 -0.0883988593523986 -0.0426830391915926
PA02 0.00887782523180516 -0.0288840005252123 0.128047581333365 -0.0332115104093217 0.130023472080442 -0.00880411648083345 0.0527324135417788
PA03 -0.0691922913692496 0.00202442197667213 0.0234388152991311 -0.0424470752583552 0.107128417180866 -0.0656259848504467 -0.130879213793278
PA04 -0.0342361632108177 -0.0383849957930453 0.0122084995991873 0.10832429134799 0.0105286945205602 -0.0257243240449402 0.0164318662063959
PA08 -0.0849121297040541 -0.0141679035181162 0.012353138596996 0.143889954731384 -0.0232492019926504 -0.0273119071586287 0.00055069432877395
PA09 0.0293327214773126 0.0872110249349047 0.0762054915854731 -0.0664781885265762 0.0658398612320162 0.207668053045167 0.0426980794519181
PA10 -0.031468512028667 0.0533513060681214 0.0431948060647989 0.00343776304948161 0.0889586895528446 -0.1162234883643 -0.0994927749228401
PA11 0.166620088294468 0.0110481140815381 -0.00921467871575026 -0.0113573221013805 0.0314202659848065 -0.117598574011503 -0.0636559216136692
PA12 0.0059174255898253 0.0149195857417882 -0.0357269050580418 0.00227256221069075 -0.0333620218758 -0.116923588281668 -0.188830731690978
PA13 0.00132945113402595 0.00039941188150145 0.0298684223922897 0.161001142116091 -0.0703858982273536 0.00350991080433856 -0.102848085379169
PA14 -0.0952935061760944 0.0240045737596122 -0.00708970899006328 0.142783608664183 -0.0803124432100411 0.0682749422471064 -0.102019301984567
PA18 0.0659797149144504 -0.0081608467344396 0.0634569024870812 -0.0982716354559825 -0.0389942836853275 0.0280279802195501 0.0999475292631487
PA19 0.111177186099589 0.146243505327926 -0.114410113326761 0.0316931616554978 -0.0536670097921643 -0.0651289959516702 -0.0557875621805271
PA20 -0.0490049315450058 0.0695182723631441 -0.042418547810309 0.040456491924944 0.0217069036341422 0.00592143355657123 -0.00206570550080381
PA21 -0.0190672130382373 0.0024010309389319 -0.107428459157993 0.077388359383533 0.0130076984090795 0.0801698019303358 -0.0239412401056148
PA22 -0.0510581861673623 0.120929283564735 -0.0269361391734359 0.0449095061337726 0.0332780689271716 0.11366605593496 -0.063475982356906
PA25 0.00937229040770382 -0.0358391079551519 -0.00798555651604687 0.113371960638555 0.0177957523666611 -0.0219699845466209 -0.0548483278393555
PA26 0.00771499521698538 0.0374274194918126 -0.00949053923005748 0.0771323118279422 0.0135762098586937 0.130219368417633 0.0393903594945476
PA27 0.119529496958426 0.0308723791407344 -0.00373962170543684 0.0949769871323885 -0.0160084954076995 0.0455419073858021 0.0474928280394035
RB01 -0.0196032859846914 -0.0981368309659421 0.101349094151788 0.0903801842747867 -0.0361760756361139 -0.17560602227872 0.0227944025511118
RB02 0.0846097525839951 0.0176554844695169 -0.00621218679436879 0.162956053193619 -0.0239399398256104 0.0984384731545593 0.0482662628529676
RB04 -0.0487394080670246 -0.0569774743916291 0.0703871588906603 0.107659510666398 0.0436815742036904 0.00570785186152622 0.0258751598794987
RB05 -0.020966861883521 -0.0120189663229598 0.0501766901207261 0.0455514373504239 0.0373053123086273 0.115719533628462 0.0512770401041358
RB06 -0.0306589595707726 -0.04749045043485 0.14334431145092 -0.0412377391581795 -0.100564247017 0.0818639356955754 -0.00919611160491046
RB07 -0.0137176770290978 -0.00197987827460941 -0.0787258488655782 -0.0602669113147927 -0.00437795062907568 -0.0021854958120341 0.186449886251714
RB08 -0.0953134264214767 -0.00337792041911382 0.0671692144043728 -0.151544755471231 0.0849720701808308 0.0239869247352387 -0.0326825367813192
RB09 -0.0723107259837943 0.0761148221523501 0.0444511546389 0.00938897209798419 -0.0398559367698654 0.150132115539104 -0.0416947820269809
RB10 0.00897753199622974 -0.0518387286788661 0.0519220446415454 -0.00936015384633213 -0.200577120039812 0.0723516877233117 0.0719022295565906
RB12 -0.0384203214734402 -0.149744015915529 -0.0348117115759227 -0.0344590013332554 -0.0376499271514442 0.0146855844609044 0.136148829357111
RB13 -0.0597447858743464 -0.062722329675491 0.0549753719277638 -0.0239595694861619 -0.000236156915480856 0.128604227226343 -0.0703829356938262
RB14 -0.0091076792285791 -0.00717145716640941 -0.0480705684090967 0.0227954191496665 -0.0085478839578637 -0.0634631975239624 0.0108870269866978
RB15 0.0311664800650813 0.0246707527231267 0.00757810987474832 -0.119952668121533 0.01588896750129 0.0966317982056962 0.00451072237911688
RB16 -0.0617855385093056 -0.0721641696099637 0.0869471780746507 0.013260652091914 -0.112495526339474 -0.0471030107113252 0.0537665266293929
RB17 0.0526409357268183 0.137346417583899 -0.00381863189844493 -0.103379931846837 0.0270480166460711 0.056625215081353 -0.0265695876450968
RB19 -0.0463597621389557 -0.162971518009338 0.114604813304421 -0.148787066044526 0.0244965110134804 -0.0247466232373142 -0.143840667615523
RB20 0.0462358021525853 -0.0346816893058712 0.0404423380926036 -0.0380837650230876 0.0544711183824747 -0.0805663263039564 -0.0246425629590751
RL01 0.162915707712723 -0.0302847755795303 -0.0202407661698381 -0.156636761433182 -0.0629040841485207 0.0924249973943414 -0.0742624094195252
RL02 0.0158969814087465 -0.0434452269334025 0.0450467232677438 -0.0941538606315655 -0.0811723717951006 -0.048987909322272 0.0252735348761645
RL03 -0.104001335899199 -0.0294842351221138 0.0625989131472388 -0.0981327040767838 -0.0575415376619658 -0.0798175193216488 -0.00243517545478312
RL04 -0.0657515526131363 -0.0193377990469691 0.0735850121781546 0.139589314986692 0.0927536383671614 -0.0105295917329612 -0.019449756253545
RL06 -0.0826770195238973 -0.079452054713992 0.0333790015960349 0.144109336964745 0.0372236355444736 -0.0255650168089265 0.0368752047987967
RL07 -0.0248067043445046 0.0333981565089945 0.0775376679779797 0.00536087758866269 0.0111391485502898 0.0111598853795532 -0.0552000996085237
RL09 -0.0626255708265633 -0.00297928527086717 -0.0368224150248786 0.0992600663293719 0.0892049861505368 0.0425461754887576 0.106693892111321
RL10 -0.0148527508265003 -0.0962834705549046 0.103431722282759 0.0547264369399743 0.0142950687312838 -0.0984184923919047 -0.0251388136365772
RL11 -0.119016951208842 -0.0161917337677112 0.152301188362541 0.0370364077862915 0.0573740976145298 -0.0148372449718676 0.139961065674536
RL12 -0.0159779025928828 0.0676652552439753 0.0923846804925693 0.078072198054203 -0.0278724935760403 0.0576269816944643 -0.00329813852262532
RL13 0.0431254829374509 0.0515540814316149 0.188988576719134 0.045033316300448 0.0145687170670703 -0.144858739427586 -0.0467348351231761
RL15 -0.140694119013107 -0.025929456170097 0.0771301124541416 -0.0383970964037238 -0.0385742863743809 -0.0327212498786259 0.0742068906055755
RL17 0.0107695315104627 -0.0447232296645215 0.00424293684361555 0.0866806758224365 0.016404150556533 0.0224973261557852 0.0179792038062973
RL18 0.227854083343259 0.0576138156887347 0.00858513528057679 0.0122063379991165 -0.0123106384371682 -0.0519846459317282 -0.0204140835376156
RL20 -0.00480324637318801 -0.0269975370350813 0.102692109991225 0.0728846153352715 -0.00376023161754174 0.119688548547043 0.0602557586407087
RL21 -0.0633065160215517 -0.0205000124704771 -0.0238899152563033 0.0705938273675362 0.0795554497815219 -0.0241415078778655 -0.00322723938870292
RL23 -0.0167636194036387 -0.0973274129959008 0.140681492181742 0.0190151209119473 0.132394840548249 -0.0235870702196763 -0.0139550506338823
TR01 -0.0330819245395368 -0.0638990559635206 -0.00603628482906987 -0.0506637716036533 -0.0824961502944758 0.0525058125195141 0.0604728937565116
TR02 -0.0459082851312146 -0.0291782591698801 -0.0232315210628133 -0.0299896022306885 -0.0494557993145076 -0.038320437417134 -0.0480713362565501
TR03 -0.0663711165258576 0.00416332371913407 -0.0308175848594846 0.039719082203461 0.144187284982402 0.0454516941873106 0.00814988305283993
TR04 -0.11271929189242 -0.0503643097657473 -0.00673528228037097 -0.124593255833328 0.0920655742676755 -0.000107934610154806 0.0964564090689808
TR05 -0.00982443517387283 0.0753728210365468 -0.0984988472171302 0.0158602895049355 -0.0172463395879746 0.174643656946784 -0.0195807012590368
TR06 -0.0593180910280076 0.0432835480524531 -0.190709552013956 0.0924498990798447 0.0214623574461287 -0.0370937231289158 0.14543370967033
TR07 0.00508894814664965 0.00746427778955708 0.0133898198266578 0.0695797026348325 -0.12698443551533 0.0858811267044946 -0.122720938336789
TR08 0.0369054767743227 -0.102387341718491 -0.00552920293050326 0.017124741812782 0.0442707545425184 0.0871125098615216 -0.0207308956803482
TR09 -0.134548851188452 -0.026268117197213 0.0286188012712649 0.035300864125239 0.0279820510099443 0.00762934682868859 -0.0555488776868313
TR10 -0.0828518807893272 -0.0257382943760383 -0.0573577287936709 0.138444565896 -0.0350455287750692 0.0369940997228487 -0.0273444571441414
TR11 -0.0772332369886689 -0.0272554188402509 -0.0379479303328496 0.0135354962819254 0.0266695209628083 0.0755850309121144 -0.0854861083597071
TR12 -0.0173478126509469 -0.0446144011969636 0.00111801924687811 0.0527423060611371 0.11936965178725 -0.0696011073697604 0.0606227239191336
TR13 0.0135687484513065 0.0357156492547443 -0.124994858783955 -0.049279991971396 0.102427986316272 -0.21508448652917 0.0626237882835019
TR14 0.26023995376125 -0.00179850012124897 0.0774554781988198 -0.0312917377155334 0.0769746872023297 -0.107555706012419 -0.0605451657387142
TR15 0.0580206502059952 -0.0730177080627615 0.0168253978901327 0.0363248940592862 -0.134695097898364 0.0191652447982418 0.00926704806785433
TR16 0.0365305823552333 -0.132931383735277 0.0757962667909026 -0.0774187336516378 0.0134932481436934 0.0562497927632972 0.075878241840747
TR17 0.00898192247241435 -0.00864205310820449 0.0827379897296442 -0.0417808519705634 0.0150978013448376 0.0405047394182046 -0.110090480540736
