sample MDS1 MDS2 MDS3 MDS4 MDS5 MDS6 MDS7
AN03 -0.000514460517099691 -0.0445435155410806 -0.0439895698548928 -0.0041086779878703 0.000216314791330205 -0.0268919695300014 -0.124492193447254
AN04 -0.0532554598622059 0.0237795566017437 0.0434728116212555 -0.015355948186839 -0.00416977247005326 -0.0137689071600975 -0.0746351272539685
CS02 -0.0633518950284991 -0.000776364886996547 -0.0605774439350237 -0.0339505236783647 0.0408600561479636 -0.0563586573371687 0.127925675237626
CS05 0.0470500743816962 -0.102205446874218 -0.0738399305639822 0.0104542558820079 -0.047768645507073 0.0570907014596642 -0.0803763529017502
CS07 0.0630397304794002 -0.0329722056879022 -0.11488449192113 0.155947241234818 0.00424060641935739 -0.0478078545510945 -0.0329621203093838
CS08 -0.0655454278648636 -0.39473793808597 0.0252216926349331 -0.071148991290268 -0.0516817545071942 -0.0062062772482627 0.0405378281081192
CS09 -0.0670830732582107 0.0100652723797008 0.0711239230967646 -0.0501451605866271 0.05766256641975 0.0865181584976319 -0.147110106055824
CS10 -0.00901716217695482 0.0533899599375269 -0.0457483272248123 0.0352604531104087 -0.0125690708690302 -0.0118776599973362 0.0786558728629424
CS11 -0.11778248651895 0.051281032225037 -0.0282028545373791 0.0596909916268773 0.0741822198098438 -0.0457970085731951 0.0701008890364078
CS13 -0.00251471877503028 0.0869169956513484 -0.00508607380776633 -0.0106735934081454 0.0474325486196112 -0.109243068841866 0.0601975265206659
CS14 -0.0261718759505797 0.0304912213797927 -0.0392860921712191 0.0179235477375194 0.0225558758669161 0.0622597410704643 0.0648486241819826
CS15 -0.0409698160309443 -0.0289841265476237 -0.0742662485744527 -0.0460708922603089 -0.00335918784804123 -0.112333306512464 -0.0466281644036867
CS18 -0.00147555910468035 -0.0160049391682658 -0.0989071555768439 -0.0740150756511822 0.106664780186185 0.0666332806369268 0.060786324456218
DK01 -0.0492635893693295 0.0644595642820522 -0.0182031837936803 -0.0245099551482096 0.0756156177639642 -0.0211198652445613 -0.0166222118236133
DK02 0.0639539983136266 0.0293023583241335 -0.0700129677929173 0.00130856681539079 -0.0646440613188585 0.0367639574084673 -0.039169739847449
DK03 0.0975207396578147 -0.0155518887944457 -0.125409782277905 0.0359385973892992 -0.0402833206620757 -0.0203851233594396 -0.0137108306539256
DK04 -0.0428006796432931 -0.0947257133843812 -0.118561753992534 -0.201756504944005 0.0233203985323923 0.0183079455497491 -0.0540914250927412
DK05 0.00210909982240105 -0.540489675905253 0.00639870139035226 -0.100493548609876 0.0151679469371968 0.000961386359623381 0.0496690434247707
DK06 -0.00518053568920854 -0.0335702782527405 0.05716377677189 -0.0618658734251456 -0.0379483178744757 0.109013338904799 0.0266125163038764
DK08 0.0935556863265 0.00292088862826659 -0.0113629258935563 -0.0272917630311909 -0.0221836087103172 -0.0634537248355923 -0.0210549793459955
DK09 -0.0383203759599314 0.0303936577060518 -0.0137212576895234 -0.00984262459710765 0.0295915036475141 -0.0241992950233367 0.108161938126635
DK10 0.215251276757361 0.0573986096450245 0.0315206181963081 -0.0409518638764819 -0.0804945589202011 -0.0721959990317084 -0.0307660381723194
DK11 -0.0708512521518548 -0.0199707334641586 -0.051863617678787 -0.0664816030086563 0.192929144331627 0.0437875869427578 -0.0501776166220087
DK12 -0.0754174124565725 -0.0371789882133564 0.00333322250453351 -0.0336180889905037 0.0321212563263447 0.0283291127230643 -0.0760835254952964
DK13 -0.0279771705093364 0.0370332417249778 -0.0365443401861254 0.0464201382994879 0.0645830403083508 0.0977098152570094 -0.031380926018615
DK14 0.0838534088834842 0.0490100414467003 0.0390632295035803 0.100901475839926 0.095510895311595 0.0665976393791525 -0.0532454414937862
DK15 -0.1082606767537 -0.0543582049283445 -0.0789769796348855 -0.0442598338522062 0.012360862030494 -0.0256890867464119 0.0142823492579124
DK17 0.030745785073548 0.10683261204623 -0.0475836052054459 0.0109199490834393 0.048544976076899 -0.0678517688468311 -0.0801917797316074
DK20 -0.0712060682025734 0.00463312575156258 0.0298545069162474 -0.0391847852288802 0.113363755778217 0.0778152905127882 -0.0744130687320269
DK21 0.032383079935716 0.0636214269833589 -0.121971234312647 -0.0187284892986102 -0.0640992422879 -0.0714612194854455 0.0742102812245157
DK22 0.0315265831439644 0.0755566387581106 0.0398958915328933 -0.0437566587462858 0.0941018540864492 -0.0644259194755587 0.131144398661336
DK23 0.05355273989311 0.0394892797089555 -0.0744739233393114 0.005772776624047 0.0851302867828379 -0.0439408054381077 0.020816951028952
DK24 0.0500775179021273 -0.0994613917390142 -0.0258370885032938 0.0445272058755972 0.0947314889164797 0.0635905100481572 -0.136335222869558
DK25 -0.0369788639791759 -0.0475934129592594 0.0115916743417105 -0.0965073522244491 0.0361031819259638 -0.0484509156621419 0.0354539193554295
DK26 0.10295294544902 -0.030968931977891 0.0201224142361708 0.0996605050814243 0.0356705665360548 -0.0789917296750271 -0.143460813495508
DK27 0.0998783586369748 -0.0192161678021545 -0.147654568654047 -0.0359123881120265 0.00359485995666647 0.031625555936013 0.109934490870646
DK28 0.144631025307036 0.0367275690692659 0.100615597703346 -0.00534211640625713 0.0252995681705435 -0.15007937988687 0.0206256384449775
DK29 -0.0828262255926996 -0.0022177615255142 -0.0217408545974752 -0.0761002228117301 0.0205580599881587 0.0242636149718992 -0.163016086385642
DK30 0.162375686231216 0.0730601608883262 0.0317932713949494 -0.0901653199325482 0.0530978335690618 0.159629968624144 0.0357901999276274
DK31 -0.0394026467555563 -0.0460037543070947 -0.132215422416966 0.0746984617328663 -0.0395783975518313 0.00156603033305866 0.045939204971045
DK32 -0.0327347719419716 0.0799107535956551 -0.0293021049628873 -0.0379807297468873 0.00159655811786186 0.0111130420424621 -0.121889018579717
DK33 0.100976030815228 -0.0396383280394678 -0.0758059430915291 -0.0482307857447503 0.0802698752246165 0.10122011624092 -0.186215483178673
DK35 -0.0404160582787157 -0.0356647055865622 -0.163816675674407 -0.00729483532757244 0.00760281734654184 -0.0219301909205642 -0.109377250790717
DK36 -0.0644048088867537 0.0370711023023984 -0.0907145808703328 0.075627472185976 -0.0150502269817485 0.00702517939395551 -0.119536761218775
DK37 -0.0227451712941288 0.00994171034179021 0.059540442755231 -0.23240876634839 0.0276861456462413 -0.17573591840097 -0.0385395972986852
DK38 -0.000709475594963224 -0.00468525384205361 -0.0322445825285908 -0.0700471016745549 0.227940010039858 0.0921660972742824 0.0849275680013123
DK39 0.0436321651407977 -0.00558585570948825 -0.134336601117091 0.0501155859219575 -0.0264137188511757 0.0415544959035953 -0.0389882611808929
FR01 0.0904305694728331 0.170769448984993 0.0714923240199219 -0.0960495660007756 -0.0742578317557866 0.120391284603653 -0.0357288570496937
FR02 -0.0577560740326328 0.0581618932922961 0.040469330764579 0.0302259000923254 0.024880859625012 -0.00264660240481162 0.063416918625737
FR03 0.00989304993443739 0.0897013701075968 -0.106854887838976 -0.0233288823547063 -0.102314547055865 -0.0267073166168566 0.0161406819410358
FR05 0.0902809268505039 -0.0832333024685417 0.0892747079422626 0.180987453433909 -0.0741730237709781 -0.0767727468100372 0.0138364152862537
FR06 -0.0527835552064995 -0.0326958556070522 0.00889316240756195 0.0677738409710699 -0.152262121508358 -0.112400103638031 -0.119950312661692
FR07 0.150689861394528 -0.135898922605033 0.0235109284540823 0.0889369578569836 -0.0932650194437147 -0.0608071646464248 -0.00168265704353107
FR08 -0.0546516877291417 0.0139296725601695 -0.0427696725839064 0.061438763526316 0.169751858672303 0.053343515228546 -0.0689972481585778
FR10 0.0300294559663585 0.0525766199269777 0.0393393185529791 -0.000456966938014457 -0.0370860250868378 0.021234639574676 0.207972473241225
FR12 -0.0370429441297939 -0.0150103953943986 0.0683842660046347 -0.0134865618399301 -0.0987477305411297 0.0311798766192356 -0.0616624714732627
FR13 0.0458096625254827 -0.0921704256962947 -0.0890033577505287 0.180923654391601 -0.0693234437150591 -0.00156466022569108 0.0840680286891733
FR16 0.163982282565383 -0.0480226442409076 -0.00925804084395569 0.01102162521038 -0.0202047453723061 0.00659748608223557 -0.0356708720630214
FR17 -0.0454407448308129 0.0566140290827858 -0.0480177697623058 0.104776076511502 -0.0417828477298742 -0.0881944582778992 -0.0136332994778279
FR19 0.0357880824303542 0.0458595599672679 0.014559549487444 -0.0632267207392357 0.127421327237139 0.0102957451981861 0.0342806703701356
FR20 -0.140673698518922 0.0643335417845802 0.0279638225841699 0.0280605570912636 0.0151544186849011 -0.0247731606709978 -0.0835108862529638
FY01 -0.0247043447997003 0.0564225508033989 -0.0478532599416988 0.0742876645145849 -0.0940856430133032 -0.0540450679059088 -0.052872785974968
FY03 0.0451354154528495 0.0370119943104095 -0.0109390832330236 -0.0186038294421431 0.0909386858310859 -0.025704504277709 -0.0332203268551733
FY04 0.0416612647059874 -0.0995723654110274 0.110849181484677 -0.0815083159160631 -0.0940878832515481 0.0963881009940327 -0.0548552119878022
FY05 -0.00371544535083882 0.0245029865062942 0.0943568413600666 -0.0833782108838629 0.00662130360930924 -0.134764280252196 0.124018702517216
FY06 -0.0041192183651477 -0.0131913770075983 0.117247833770988 0.0414407989800385 0.0461770246690391 -0.0498023535121415 0.044798800548345
FY07 0.0313144748767112 -0.106705953427957 0.0534786653662838 0.0304290260592764 0.142921873690292 0.0615591754402978 -0.0482953369334119
FY09 0.00068813121441453 0.0585944743474305 0.0341657023952952 -0.0890071677960212 0.0596772903074159 0.107298841967082 -0.0168667222349766
FY10 -0.0585346884496565 0.0367184090804562 0.0851400714662578 0.0964057294394979 0.111267489407973 -0.0597311027610469 -0.0641089750951466
FY11 0.116323412790239 0.0243592560538375 -0.0447603895166405 0.00764523530555708 -0.0475461980139413 0.0670499200831202 0.0274880052141233
FY12 -0.072957226005873 -0.0567353873228694 -0.0615174038214844 0.0193219605055599 0.0556042709522579 0.114096991804157 0.145504919267557
FY13 0.0646510966847974 0.117653696063154 0.101917355832645 0.0267433357703438 -0.199473497758538 -0.0488387300213179 0.0184520297471607
FY14 -0.062949250431206 0.0361940673116911 0.024539360811381 0.0230300760881452 0.0669362277101122 0.0561456018919718 0.0353994201054716
FY15 -0.0782669102556569 0.0360154671507818 -0.0703968315738258 -0.0871629355757276 -0.0317457108665677 -0.0242366470074828 0.0299436922966088
FY16 -0.0237715145922413 0.0737046312712832 0.0572782395151697 0.061674531549083 0.0022760832646319 0.019675286539858 0.00310041654555605
FY18 0.0304618645497265 -0.0154709835011871 -0.0163899216113144 -0.0537582142515363 -0.0295593247200568 -0.158913447368388 0.00403358635742938
HH01 -0.0957142717466843 -0.0462403636823067 0.0374046402084337 0.0600913110919626 -0.167839048916986 0.156570841799256 0.0109182765497124
HH02 0.192295873127855 0.0197394913333056 0.0150702203017281 0.0150722693301256 -0.0513597667556856 0.137167335656966 -0.0411188308675629
HH03 0.00270965454509561 0.0265978079419429 -0.00666705633496004 -0.0182392522207451 -0.0865463361367055 0.0394258662621017 0.0350838039093932
HH05 -0.0411650666668354 -0.013341661428479 -0.00628556291580302 -0.0178821387460632 -0.0239954583250955 -0.125711814170105 -0.0299605649628626
HH07 0.0113891211504388 -0.0936429279075438 0.014563008331096 0.0997516611589631 -0.0322863202068613 -0.0523834968759622 -0.0265912169435802
HH08 0.0639323763996916 -0.0314712313893619 0.0238058775159015 -0.0054621926364422 0.00437482833175835 -0.0197233205384326 0.00717198674541414
HH09 -0.071113447830338 -0.00263732204411131 -0.0169512957114352 -0.0304941679271738 -0.0488951332845694 0.0162137089066828 0.120786117244121
HH10 0.0749556806421758 0.0484012767452426 -0.0621166200335613 -0.174498881462855 0.000703954165993862 0.0918172435678465 0.0262748670288545
HH12 -0.000797557647069445 0.0101255055088119 -0.0362878722366604 -0.0943748235429168 -0.0383196977636578 -0.0823434602568954 0.0597115368353662
HH13 0.00631095231887169 0.0155852126052639 0.0886555839348747 0.0537860406439978 0.0128970250315344 0.0321420394701157 -0.0459170844082331
HH18 0.0631658748112464 -0.0165385865573651 -0.0900186648292609 0.0941173371232907 0.0221115996391857 0.00206283019860981 -0.0629092029840815
JB02 0.0652729544590867 0.0530464294326865 -0.0854753859238686 -0.0444750396748423 -0.110277676541956 0.162865356194189 0.0295481373580842
JB03 0.00492264218084189 -0.0471203125409564 0.11249755924069 0.0570322865679888 0.00990035995072523 -0.0822664014369705 -0.0621850669487592
JB04 0.0354977549227501 0.0625698089681297 0.078431043406073 0.0277457152228948 0.0381336206891908 -0.0847004379171747 -0.00472942236099792
JB05 0.0576187522110962 0.0506366314691053 0.0484295683934596 -0.182192331706278 -0.108050250442552 0.0522945592955715 0.0170746390055309
JB07 -0.0160594406908929 -0.0128482662584168 -0.0335498657859415 0.0093362168668304 0.0457936825684565 -0.0607817396605314 -0.0262716138005283
JB10 0.100387466509186 -0.0315941778611534 0.0579200117740395 0.0367737208076007 0.0659735172339128 0.000974955288233495 0.0243386223862448
JB13 -0.0372611396901706 -0.0270153386714047 -0.0827833772483877 -0.0193026353650856 0.0754353556275267 -0.132922413943049 0.101250729712558
JB15 -0.0765643994581363 -0.00193245219313617 0.128522515841422 -0.00950218940028708 -0.0919156089246844 -0.0484611077672027 -0.00898752679477335
JB16 -0.0846740124524141 -0.0385128803901536 -0.00846420839006728 0.0406963665913407 -0.0510573082376585 0.0238242295646939 0.0905234543117685
JB17 0.0596378210216757 -0.00453183108093683 0.160415580455055 0.129811761095235 -0.052163935136764 0.0444243889040691 0.052023825868144
NB01 -0.0258679950530012 0.0293780266194389 0.0114165670478246 -0.0564742148169032 -0.0815510576843239 -0.0138820279965837 -0.10779167780116
NB02 -0.0644034161249312 0.0194819441285121 -0.0211621090879745 -0.0839595908899863 0.0579665277370925 -0.186083973823461 -0.0087272153843347
NB03 0.0228441268035279 0.0101655478921312 -0.0358811402942631 0.134303999969692 0.00354396328443122 -0.072233059982425 -0.109352862062051
NB05 -0.082572092558825 0.0445339531965185 -0.0585700069451593 0.0112251747299369 0.104294445699635 -0.101313452486541 0.0652942685781218
NB06 -0.0186516710952222 0.0677910414857602 -0.0883012117634609 0.0530007145150419 -0.0383965653659588 -0.110491958458946 -0.00764915304925978
NB07 0.111131952742461 -0.0126762903350203 -0.0368290451941675 0.0196495673222291 0.00685900741189165 -0.0576549851877182 0.0355156992163895
NB10 0.18137451949118 0.0309049034246598 0.0430760674597151 0.141947573171849 0.0260499687125857 0.0409128153177707 0.0807384969962241
NB11 -0.0343694376230797 -0.0380115319365504 -0.0168641434060503 0.00431698282126853 0.0863076556932828 -0.0767483611901098 0.0687730432737094
NB12 0.0340817834009617 0.0534268152039739 -0.0982869436332888 -0.0172539306867535 -0.0472356415018117 0.0183688637892618 -0.120015996701721
NB13 0.0232235681351691 -0.0214890501727881 -0.0708049637957579 0.0518697237553736 0.0332463569000447 -0.056878019158085 -0.0739907409231531
NB14 -0.00804780587571314 0.0603594739846324 -0.159584172222034 -0.118399813332195 0.0430945099985957 -0.00178670062667444 0.0295119848988182
NB15 -0.0525135788592633 0.0393154616704542 -0.0198682647104893 0.0208620905816319 0.105769899238073 -0.0223977504171396 -0.0437613370072805
NB16 -0.130649925733911 -0.00140332827449708 -0.00664684861667859 0.00334225394830191 0.0464599706560115 0.0510099197750785 -0.0442573867194244
NB17 -0.00830230810766662 0.0163015694943779 0.0601532536520458 -0.0154430221406256 0.0611531937583563 -0.0484730126514059 0.0806662010471814
PA01 -0.0511491632063461 -0.109636414169957 0.0995385482401147 -0.0633121709444959 0.0113880185300143 0.0214688852532658 -0.0806021640838215
PA02 0.0294943349662696 -0.00421958688757653 0.123674452358061 -0.047236062828717 -0.0400600388999255 0.0955214934966536 -0.0665350573126354
PA03 -0.0540904403383214 -0.0139361684340065 -0.014201058269807 -0.0893987070123853 -0.0926749609938865 0.00487748097527885 -0.121224617550377
PA05 -0.0823311596022804 0.0402617750539715 -0.0683117535667935 -0.0193688630885034 -0.111231045832485 0.0979550188019625 0.0766218267957158
PA07 0.0972516951119821 0.14086449964316 -0.0421732789658351 0.0418183452472028 0.0604657556370748 -0.0397176135659571 0.037547181719706
PA08 -0.102485117479158 -0.00120082716097295 -0.00792398565019001 -0.0341431674102 -0.115546971825849 -0.011946453717274 0.060742580148774
PA09 0.0538520654937586 -0.0871559897550055 0.0613722729912754 0.142944035240082 0.11227260095027 0.129471299840078 -0.0788208538471036
PA10 -0.0405410280589653 -0.0645754838291478 -0.0220866624084482 -0.0509398940384572 -0.100515565302189 -0.0736089461311023 -0.122227287086844
PA11 0.171764242230633 0.0064337337176598 -0.00869827298447662 -0.0281926735416693 -0.0365049362265856 -0.0546483243609457 0.00592000701703316
PA12 -0.00586613482872421 -0.0222191372297027 -0.0431904761304968 0.00324204142249344 -0.0271723576788169 -0.142030718396068 -0.0130579423667189
PA14 -0.10781024431746 -0.0255369336095155 -0.047175769982462 0.0967277102115538 -0.0212645903556985 -0.011666464942958 0.139538415410589
PA15 0.0339824294082333 0.062564870746497 -0.046881725354789 -0.15505818101538 -0.0033655042551816 0.167448779690513 0.0107137584624462
PA17 -0.0135015408232231 0.0540483550445965 -0.0619766457000059 0.0365689781552318 -0.0544275042130807 0.0136473783673458 -0.111428485222041
PA18 0.0586816849502064 0.0199656104093854 0.0683667480361619 -0.0548792140427474 0.0583470676555252 0.154303525416635 0.010500305126382
PA19 0.118330156269371 -0.0967929491199159 -0.134739074333225 -0.0939945737402471 0.0290474722995441 -0.0671281113013333 0.0556079436403007
PA20 -0.0557189482238669 -0.0608746844244738 -0.064126777762463 0.0413039259263985 0.0441959827868739 -0.0505850389818262 -0.0320218142510352
PA21 -0.0169759312781933 0.0407913031976587 -0.091293616134831 0.0819808234292318 -0.0157959696426156 -0.030011378422992 0.0197272995073716
PA22 -0.03400022108602 -0.106951052334539 -0.0689115010258678 0.0910167282315398 0.0384176634252598 0.10516280702587 0.0364842716633428
PA23 0.000441309739407967 0.0665621987520529 -0.0211141722391796 -0.0332799515569313 -0.0770185474164513 0.047223203633707 -0.16430233501474
PA24 0.0318612275071672 -0.0443144951276784 -0.113536574357522 -0.212553853610615 -0.0165623149372131 -0.0754010152930039 0.0613421670063821
PA25 -0.00288841717077653 0.0278464816457395 -0.0290962378533783 0.0439279842203374 -0.0853946272474343 -0.0694745811229876 0.0605355105824298
PA26 -0.0120744476050385 -0.0407518822553606 0.00293523325518342 0.103306530791433 0.0223843015871572 0.0676971295920332 0.0934426925098121
PA27 0.10510320292673 -0.00287043525183949 -0.0383381240486192 0.0158092574248137 -0.0690336471023009 0.0462078173783737 0.139784094858209
RB01 -0.0706345783607618 0.0897180200052288 0.0732762495155744 -0.0808558138067144 -0.139839798231661 -0.0443471388082147 0.034931879057975
RB02 0.0714339955585922 0.0127924406351196 -0.0147724572935102 0.052729490790562 -0.0840326565151278 0.081788789849953 0.14448587834794
RB03 -0.0560856582244018 -0.0164685471322028 0.0329956907888541 -0.00748333172493087 -0.164465834098325 0.0964908585094476 0.0306958548259269
RB04 -0.0445980888640302 0.0138536806829297 0.101693182217282 -0.0332068106818728 -0.0792517144461801 0.0415698754873796 0.0464642628980982
RB05 -0.0318114167761549 -0.0168835240751949 0.0616492400933544 0.0667644288717099 -0.00304183673137704 0.0697195506626473 0.0521817141016962
RB06 -0.0439493367807625 -0.000994738003890506 0.171693155333006 0.0334970437867778 0.0822510744955892 0.0124587596137391 0.0285380518533041
RB07 -0.000801623875784951 0.0336775557789903 -0.0684444214189391 -0.0468143851025627 0.0802464353184652 0.127073245644604 -0.00241857670031936
RB09 -0.0745689895629441 -0.102700359394605 0.0166674267516938 0.0962245939863347 0.0546843575082886 0.103439058512384 0.0569127093232318
RB10 -0.0306208834567185 0.0488228114695481 0.0634557206633344 0.0558897053487317 0.152340229667824 0.0275235855588636 0.118033181246084
RB12 -0.0446952679689816 0.144368426836881 0.0486125883390193 -0.0567374497108697 0.0341484542341864 0.0484763617353475 0.0152345932558999
RB13 -0.0916254264103063 0.0368393907010978 0.0817102221039989 0.0881360592626126 0.00592578253746536 0.0458818412555499 -0.0567761512555911
RB14 -0.0150429788973053 0.0175395888524848 -0.0564545516987677 -0.00334715169709209 -0.0297845450857209 -0.00170458669078185 -0.0227477994246633
RB15 0.0279867187562196 -0.0101439651343796 0.0134403489128435 0.0798011013695095 0.128811371303957 0.0927196251459173 -0.0996081193571915
RB16 -0.0895132392529707 0.0465732436456256 0.077107191317837 -0.0134591650654535 0.0111456926494944 -0.0702629986553938 0.0157184885102884
RB17 0.079041120010336 -0.131256088692965 0.00123188790835791 0.0364241013284456 0.094200769047946 0.0521332797585002 -0.0148388220491069
RB19 -0.0688099001190723 0.0888634647942873 0.158744593990145 0.0126821882911031 0.0565323425711926 -0.103203151337204 -0.157890556363106
RB20 0.0253163689348979 0.0123796343267916 0.0520474409786498 -0.0710413482521031 0.00193240654662839 -0.0962364246260277 -0.0838461310170165
RL01 0.143094836941989 0.0410141402418952 0.0558539768201649 0.0141064311427341 0.135753377219281 0.00423905641467757 -0.00915910032874226
RL02 -0.00704119278440375 0.0376913222209685 0.0746111324469455 -0.083467315131498 0.0449424376811469 0.0748771537513747 0.103344604277091
RL03 -0.118003326141518 -0.00339098527483237 0.0645073264732352 -0.0642646561968491 0.0731990517120653 -0.0328992187938349 -0.0294099295981027
RL04 -0.0710228707455767 -0.0157630175200215 0.0558402739224315 0.0400090330858343 -0.156706932482393 -0.0335783621613436 -0.00220578565843722
RL06 -0.0840472301568233 0.0429610798516586 0.0346650121143243 -0.0119779834795046 -0.118240683393985 0.00604263787541694 0.0623816811140331
RL07 -0.0308158129042634 -0.0789997427703313 0.0639599534084422 0.0163572326771806 -0.029046011339656 -0.00735125052117935 -0.0166981775309385
RL11 -0.0992305507249046 -0.0142486110422104 0.11479288974751 -0.0755017221683419 -0.0999365463742634 0.134775245551244 0.0201977736054744
RL12 -0.00793103411471765 -0.109903430446334 0.0935731266775407 0.0188622381542467 -0.0260741170644216 0.0487298201996309 0.132876501599306
RL13 0.047016423908801 -0.101344045419967 0.141205000243491 -0.0419654841291785 -0.0973062884830823 -0.0461308702605511 0.0247078371112642
RL15 -0.125271292238565 -0.0178456251077493 0.0869496853787979 -0.0807569727202844 0.00215708604604283 0.0964416296549318 0.0506808534521808
RL18 0.225001018375633 -0.0210138107366537 0.011918382372782 -0.0155734588628418 -0.0193398543601061 -0.0684330414197608 0.0513094330458558
RL20 -0.0232504859248885 0.0104934406179932 0.102769032498687 0.0715248709656012 -0.0257951681337253 -0.00671832047771557 0.0537254976081021
RL21 -0.0612465130571924 0.00536144634378016 -0.044457320793766 0.0397237099272907 -0.106820393727446 0.0436586786937807 -0.0342352185230474
RL22 0.0526577025752713 -0.100263989086345 0.192618514790252 -0.209947901030927 0.127748062646528 -0.183886950919685 0.0189288805704891
RL23 -0.023715042270908 0.020537537372702 0.152663139648494 -0.00371201299689662 -0.115741892168721 0.0389580700108144 -0.0654079281874589
TR01 -0.0505747543573655 0.0746700854080021 0.0452790539491494 0.0527846219319465 0.0809404253311967 0.0364873063571453 0.0140658701470677
TR02 -0.0641125999063045 0.028759028981725 -0.0278490674172327 0.0498100869488604 0.00655108103065048 -0.027770058960852 -0.0117094640335041
TR03 -0.0702780656903262 -0.00680020860706619 -0.0436520081307894 0.085966704440729 -0.0812412947018129 0.0416947374070187 -0.111760904751434
TR05 0.0140180405817646 -0.0415169866531861 -0.101953568909015 0.149683330684572 0.038283373652267 0.0432053762769168 0.0430796431428727
TR06 -0.0539016175487592 0.0216414584329151 -0.202049139648984 -0.0279921831722184 -0.0270248909772785 0.0218004066839951 0.0299025984245123
TR07 -0.0214639892111116 -0.0129193585714774 0.0234438450475104 0.0930042043933721 0.00687991204088182 -0.0603025690964409 0.136705463607345
TR08 0.00746823978987403 0.0679436687388785 0.0218311745998763 0.111638717491237 0.00016159657093005 0.0576698233223925 0.00274552409747268
TR09 -0.138169211457295 -0.0127231105711508 0.0122445038378752 0.0431540232518063 -0.068126426460061 0.0407809904128966 -0.0155418414279599
TR10 -0.0954315425135303 0.0377031703199544 -0.0670763030386951 0.0915873807943606 -0.0738833971133881 -0.0464374709984787 0.0996724527054248
TR11 -0.0778285380190129 0.00528608838449797 -0.0127178151505682 0.0462141583218413 0.01946528259239 -0.0462898477815172 -0.0362447144624364
TR12 -0.00456980808827059 0.0301371678388813 -0.0101468462918636 -0.034340988577013 -0.088268040887298 0.0134425564992599 0.0157463342891136
TR13 0.0444980770609652 0.0334672452414138 -0.147101831155619 -0.13273209131561 -0.0624083941269954 0.0550706701848711 -0.102824806924351
TR14 0.245445453948899 -0.0116343520770298 0.0915651503310439 -0.065290835045277 -0.0456877986581924 -0.0459988309630571 -0.0575234492931464
TR15 0.0232392856447109 0.0638943620381966 0.0368175051091402 0.000155669177460826 0.0705071441107546 -0.0523305068800669 0.169067678830704
TR16 0.00335480279919254 0.109940717952799 0.126082468392414 -0.00576041285241782 0.0566337578985007 0.0812793247218778 0.00553694243794091
TR17 0.00607545655452122 -0.00636911047676024 0.0894153216667335 0.0943077911946948 0.0467163857920048 -0.14285138239742 -0.0938508906537504
