sample MDS1 MDS2 MDS3 MDS4 MDS5 MDS6 MDS7
AN03 -0.00316852062442718 -0.0443437957699303 0.0179633227781484 0.0648863827552021 0.00712743449500119 0.0649408461441801 -0.0702843613175515
AN04 0.0459934649415994 0.0390769818511902 -0.00765975691069131 0.0348102987063845 0.000361190376400519 0.0570848456345663 0.0562930762791286
CS01 0.0837142180299275 0.0443406430087019 0.128277488338228 0.111599227806041 -0.0472872066785557 0.00198748254207204 0.0184363444351934
CS02 0.0614783319888848 -0.0698118174331865 -0.054411438446966 -0.0806894338576636 0.00504570477623686 0.0899479722192698 0.147671334241018
CS03 0.048777290866132 -0.0282762851689188 0.00241836132947613 -0.0331439699097039 0.0557257953414158 0.070187128703314 0.0732190392442625
CS04 0.0187674170362974 -0.00442401500147277 0.0843768048739561 -0.0114427806437181 -0.0627702435789718 0.11696042102915 0.0119537808960367
CS05 -0.0489690897883722 -0.0380224925724711 0.168864149002956 0.0584672907068927 -0.0282858228730164 -0.0213308775037551 0.0113858284761752
CS07 -0.0948500257623009 -0.113677820449573 0.105113716199272 -0.0329636827810778 0.116367939479865 -0.0200519227752109 -0.0627876215300673
CS08 0.0659324558439714 0.0191774687935705 0.0948678243694172 -0.0157236520566129 0.0403580067785753 0.0673122042756989 0.0389841683674652
CS09 0.0774354743226858 0.0504932578893514 0.0122290020133982 0.107033942657247 -0.0575259699011189 -0.0312149659062598 -0.066967637183086
CS10 -0.00704437364512985 -0.0528108278964361 -0.0598000920583417 -0.0947674251220799 0.0226931046783507 -0.00436539358073124 -0.00371660946852603
CS11 0.0929534766622698 -0.0455672458806074 -0.0746107502459511 -0.0101823461711791 0.0821951448385947 0.00416212123170384 -0.0349182975737066
CS12 -0.0561498916664909 -0.00502035433875457 -0.0268112523428091 0.0414539420483943 0.0978469457482771 0.0461204474489534 -0.0369037969412678
CS13 -0.0287627218972104 -0.0156840434816107 -0.0856216415651289 -0.127176361345353 0.00274100017863724 0.149785268913539 0.104131027209296
CS14 0.0211112503969284 -0.0363652856614073 -0.000549834532032389 0.0497727118614414 -0.0106275822957213 -0.0894471465782099 -0.00342943608066268
CS15 0.0254804649653888 -0.0678304973986973 0.0289126229326049 0.0364740775711231 0.0007938469602915 0.111382532507061 0.030966648365399
CS16 0.0256657658816321 -0.113468060489156 -0.0582377798360578 0.11786505401538 0.078659736118937 0.0182667081454497 -0.0116857479846751
CS17 0.127468597498361 -0.0190037180401874 0.0648181675282324 0.00280836194871081 -0.097745638293332 -0.0902638486158973 0.00978896161065131
DK01 0.0411851008659966 -0.0142749088791955 -0.0492043340880161 0.052548675598686 -0.0194814785716078 0.0218846744278287 -0.103844007024224
DK03 -0.108789676583646 -0.10215269274079 0.0652059570729405 -0.0305045374997454 -0.0156997627594992 -0.0072075461234781 0.0680688517773898
DK04 0.0312343100362419 -0.115534213161487 0.015380192100058 0.0901462146122269 -0.155479736404725 0.074111974911573 -0.00931958304825231
DK06 0.0372774432361546 0.0375756162748143 -0.0661154388125437 0.0592718754235494 -0.0191402846072362 -0.0833191610956269 -0.0775226357995994
DK07 -0.0418267211656835 -0.00525864553192541 -0.169312572311372 -0.0145157375725708 -0.0292477187022452 -0.0145809636566198 0.0385217541956394
DK08 -0.0979362506591899 -0.0036238758203718 0.034668974985123 -0.0698435206090537 -0.0477120563899701 0.101965182038971 0.0657093535873453
DK09 0.0177562782684315 -0.0182798883084409 -0.044355465453851 -0.070092945775062 -0.00223930799976063 0.0411167984765481 0.105525807159666
DK10 -0.212335294487901 0.0648377185660606 -0.0405084774585665 -0.0519444940469979 -0.0838175717399582 -0.00998695574303315 -0.0648990332334875
DK11 0.0601427542390704 -0.0554266795118053 -0.0551097478772613 0.123244256305875 0.00381721025339254 0.0803258388983728 0.021726858219953
DK12 0.0737884605504012 -0.011579829271551 0.0119961673469629 0.0808504421398138 0.0278653431876809 0.0614198929294023 0.0481851908741654
DK13 0.0180022624996351 -0.0316682482125651 -0.0131124977320431 0.0359030310180184 0.0301684744044647 -0.0679257998876609 0.0201776232025077
DK14 -0.0797515168826686 0.0414370820503141 -0.0196782146013156 0.100218794269104 0.0861370961544381 -0.0812465092053377 -0.0714385293972027
DK15 0.0934069393162574 -0.089258769975411 0.0322757400380317 -0.0237825627408581 0.0104104172850642 0.116403949270102 0.113574106041672
DK16 -0.0196729923176435 -0.0638837894966793 0.012625722481187 0.0693365077593877 -0.00750732938241382 -0.0562534071965649 -0.0137679602157264
DK17 -0.0587988877204224 -0.0470191335079921 -0.0483292448994651 0.00198836882478397 -0.0132338504232513 0.0346952929167517 -0.0946885490374152
DK19 0.0355099907449875 -0.0817482404776331 0.059281060779114 0.0835618073652281 0.034614201520696 -0.0165682823241186 -0.131707136292372
DK20 0.0724214412211361 0.0129406617382588 -0.0956999843059742 0.132260429196535 0.00867062608825834 -0.0134628359382511 -0.0406780915087812
DK21 -0.046433252963217 -0.112522141679502 -0.0700973327831573 -0.128797376957858 -0.0465811460001371 0.0409059862564664 0.012122301460687
DK22 -0.0398123041728366 0.0270445091389559 -0.184089954332227 -0.0280667628792517 0.0162867447872659 0.0829679259582485 0.05141473346986
DK23 -0.0710116316201249 -0.0865571139266574 -0.0557948314396408 -0.000234037307577503 0.0396943783155848 0.0835119783395755 0.00636498240326096
DK24 -0.0505791095224677 0.00311886713164819 0.188143702003051 0.154887530601546 0.0557651862051478 0.0129055915193861 0.0647693697286629
DK25 0.0347924668750901 0.00318683968460787 -0.0104477371612857 0.038936004404756 -0.0440398768101863 0.0739791444992163 0.00881220584998767
DK26 -0.122915184307717 0.0299828287190344 0.0447809080547524 0.0391951020656795 0.119047520596422 0.0391461089011962 -0.122317439213026
DK27 -0.10758268866122 -0.126330777660541 0.0179148252541014 -0.0225659309751837 -0.081303383608565 -0.0809901711351959 0.10648289494982
DK28 -0.138205125884538 0.114226875393155 -0.122919802333776 -0.0179896143770623 0.0321225883223289 0.125498253020196 -0.0624284225925216
DK29 0.0807037326540578 -0.0255342371385898 0.0739058699849269 0.103071349598806 -0.0930408476242601 0.0389137037128006 -0.0509840473331854
DK30 -0.126003384257868 0.046955826739085 -0.0973506506825326 0.128352162684959 -0.105474998080923 -0.168004979290416 0.0205170282217244
DK31 0.0125725410790494 -0.127223697143275 0.0539302531853697 -0.00119378920143815 0.079744517418787 -0.0294708862321646 0.0140993249684548
DK32 0.0138937104889989 -0.0294004271587317 0.0115533682576038 0.0782832457150257 -0.0675238407704473 -0.00926600759375418 -0.0979881287760695
DK33 -0.107680311244852 -0.073113961137863 0.111053877722283 0.153776313150019 -0.0588378416511655 0.0139843552961514 0.0762103590943321
DK34 -0.0787352335582573 -0.113385285970271 0.0139796018961901 -0.0639740486400282 0.00328261022660426 0.0992609919264174 -0.0261791648815785
DK35 0.0182759322775711 -0.146879899094854 0.0576264412294116 0.0618188157434861 0.0238450431395996 0.117079381429881 0.0083562034703262
DK36 0.05497889093006 -0.0878968768161994 0.0779419348414224 0.0395159337533384 0.0390784045528931 -0.00339221931525249 -0.0371645915790221
DK37 0.00510782202757924 0.064494154701565 -0.0763168686801147 0.0715365826397055 -0.119520625340079 0.2162889578293 0.0149108884058808
DK38 -0.0139685994067912 -0.0425076660874584 -0.100857848518822 0.17931357178913 0.0430555189429219 0.0308053663443391 0.129672523833082
DK39 -0.04844215112181 -0.117656684726389 0.0558461672564292 0.00187314586293121 0.015502162796598 -0.0229626999759786 -0.00622660581735548
FR02 0.0480425077165084 0.0423077376653438 -0.0408082592181027 0.0143469751673192 0.048273850644636 0.00442103946004598 0.072760454855477
FR03 -0.0218024301682546 -0.0815160213623898 -0.0220652019432384 -0.0685287155955966 -0.0863536174181714 -0.0479116931123954 -0.0787260732653515
FR04 -0.0789591450155716 0.0683784114492217 0.21217628142457 0.0598759396992741 0.0215588669088706 0.0547977331358037 -0.00584954545252067
FR05 -0.101576298203083 0.0964049687949175 0.0326403924991545 -0.137249418063818 0.165629671043984 -0.013867636957967 -0.0433900655084111
FR06 0.0479245457716162 -0.00056288369902687 0.132405663056234 -0.117898861537809 0.0421288727060656 0.104953746328942 -0.0866468886651259
FR07 -0.140588504424639 0.0578941591537916 0.18370167743235 -0.111254268975581 0.0406169078829321 0.00252016568182503 0.0569999187090427
FR08 0.035326473674941 -0.0467580490388727 -0.0107948851689844 0.150382392068283 0.104516152494481 0.00780312717856996 0.00150856270173126
FR10 -0.0339023418186513 0.0368501803065653 -0.104759192749344 -0.0867121832042203 -0.00948240218430044 -0.0698820836607684 0.0936930348442339
FR12 0.0409442159442717 0.0762202731506749 0.0512832861751593 0.0418745234364282 -0.0188973405150423 -0.0192321529800338 -0.0366887231487906
FR13 -0.0718793517979126 -0.0822858400776489 0.0934207488596169 -0.0265254728461335 0.154400244825617 -0.104688516922792 0.0496429724966932
FR15 0.0412508544438523 -0.0733302293163169 0.0354346032788021 -0.112912268590317 0.00827853401936133 0.0184480127697837 0.0323679694437459
FR16 -0.170761127650832 0.0116383954114809 0.0301536254705595 0.0475027103370691 -0.0031169457313492 -0.0540434863628413 -0.0433078380362454
FR17 0.0239916167902252 -0.0492877234384275 0.0459360698869789 -0.0677261582785323 0.0697700788314758 -0.00813105186851728 -0.0728431370239641
FR19 -0.0427852911495746 0.0139249779651144 -0.17639622844636 0.0417360598133287 -0.0278176569687839 0.0247125824397912 -0.0116750152100955
FR20 0.12635603254012 0.0212574387648961 -0.004219385398228 0.0331092655724201 0.0262491523847152 0.0426551322610567 -0.0384719008083985
FY01 0.0210990634599261 -0.0365817782333317 0.0395775487670515 -0.0619243644989583 0.0101893752157651 -0.00401266494858145 -0.105885464063593
FY02 0.0604902312430126 -0.0800274550023684 -0.00804103554359881 0.0275722261979276 -0.00473587117997256 -0.0539400590942578 -0.0569801898340813
FY03 -0.0560050112597339 0.00621426989131319 -0.091349306643795 0.0760424135937079 0.0367373130683457 0.0595543656882846 -0.034741689661498
FY04 0.00174568951597357 0.134814624856755 0.0825151123889167 0.0473470546811766 -0.0809581000284789 -0.0206960253663711 0.0278511539166993
FY05 0.00846794516032154 0.0918935166198655 -0.106458823852556 -0.0555205136402106 -0.0558774425612023 0.0339319304196074 -0.0944308602819045
FY06 0.00336441532473459 0.102325056670405 -0.0678028978582775 -0.0167444650668297 0.0610324671326286 -0.00889939212311971 -0.0620515306481311
FY07 -0.0290591111514609 0.0595146590429497 0.0508150063298482 0.105262851535011 0.0843282694189839 0.0146504790601691 0.0887903466030847
FY09 0.0187530034075102 0.0223648230726136 -0.0492526376280935 0.103247694894264 -0.0885664648840902 -0.0389234678739149 0.0757606865371858
FY11 -0.0997366102637952 -0.0208728726918775 0.00690401616608477 0.0275919738143074 -0.0346051043567804 -0.109362283832149 -0.0364666907754329
FY12 0.0562563826991914 -0.0705358976243153 -0.0264726593451832 0.016824398106151 0.0578914010660301 -0.0630506553613226 0.188974425694317
FY13 -0.0315803709024432 0.117234705514965 0.0288483892501044 -0.181392278882689 -0.0702790260406599 -0.00169873836493786 0.0215521700196958
FY14 0.0588148785965221 0.0118103767392035 -0.0421024164287023 0.0582909500723954 0.0631249626742147 0.00336092724228026 0.155011674222402
FY15 0.0679051251469365 -0.0805883958843684 0.00674995302546689 -0.0645879223381612 -0.100885881092981 0.0521906967207183 0.0624849049862204
FY16 0.0152753498716078 0.0313655737137686 -0.071431622092497 0.0186805601272881 0.0663251208843103 -0.0357500682465672 -0.00324561749516968
FY17 0.0373195680659098 0.0286774777721867 0.0597305658632526 -0.00437348403146807 -0.0594368356759182 0.0993899025582339 0.000387833892691623
FY18 -0.0438265732944853 -0.0167192439438047 -0.0427952125546075 -0.0627882142854896 -0.0344151568459503 0.114693490728431 -0.0387912840549156
HH01 0.126759779111444 0.0507615964272938 0.11360925584472 -0.0617828715716974 0.00309226672092206 -0.161438886704107 0.0320482520518782
HH02 -0.168472327544678 0.0256260173933582 -0.000192066897717237 0.00406880105668008 -0.0561935519751959 -0.123301236233326 0.103002472999114
HH03 -0.00387609504493408 -0.00833739253160591 0.00278806771294071 -0.0235620352005587 -0.0727297506006468 -0.0894135675132159 -0.00444541242244744
HH04 -0.0817934519897811 -0.0548478265765788 0.0853102388621051 -0.113409100949209 0.000865958068335608 2.23709198907959e-05 0.0828221517253766
HH05 0.0279374798450717 -0.016814974521218 0.0182826889815454 -0.0561314203606594 -0.0303056605023093 0.0621014585846724 -0.110772440846601
HH07 -0.0191145753199242 0.0223455611743142 0.0388090645254294 -0.00131866461550663 0.113156955494349 0.0107355503383705 -0.0660009831478345
HH08 -0.0581946666552 0.0503116400428863 0.0352775280591027 0.0155865382043824 0.00645492325989785 0.00914853669494453 0.0426999085606318
HH09 0.0637240644053381 -0.0426700636180551 -0.0396749023701594 -0.0341923373085505 -0.0203361669788315 -0.0539702933238952 -0.010016256609565
HH10 -0.0695664870706921 -0.0460931806032281 -0.0976239875349452 0.0887106753692946 -0.180807980114028 -0.0899727515788264 -0.0793653994440618
HH11 -0.0378188070908595 0.0415173214839579 0.0624410900693854 -0.0333301578579222 -0.0533682907056156 -0.0787715658895268 -0.169498000476099
HH12 -0.0097870006742612 -0.0122917084641103 -0.0381614651503106 -0.0665026381517225 -0.0970980425456366 0.0422029609663974 -0.0533044135773993
HH13 -0.00177092098751137 0.0663999472835669 -0.0155957352686468 -0.001835690217488 0.0576831448387274 -0.00253369236742021 -0.0781340300225333
HH16 0.00621807217388838 0.0232742679514508 -0.131511362641188 0.051333372954831 0.0313121410212035 0.0187032376974478 0.00119099219179761
HH18 -0.0762568762787065 -0.0692051258975839 0.104347941930555 0.0129981931902701 0.0609229004289304 -0.00490957916976609 -0.0203319488644706
JB02 -0.0431984502641618 -0.0701451858840385 -0.000168347841405653 -0.0189671082041156 -0.116459658377875 -0.151277067071585 0.105751278576627
JB03 -0.00613692839121343 0.117793685352156 0.116673466404663 0.0362106379183517 0.0598092581134939 0.0299406663364674 0.00929161787161019
JB04 -0.0433308886584755 0.0751805997246072 -0.0967970269777064 0.0289947565463367 0.0713201640190777 0.0260165310641827 -0.0424548272227463
JB05 -0.0207314575456296 0.073790366786131 -0.072458735445639 -0.00321677766060486 -0.182636669236984 -0.0190088716717227 -0.000426024660560928
JB07 -0.00318854973484013 -0.0467626447918765 0.0288580091429834 0.016271552369639 0.0225438853401376 0.0647981714090101 0.028269462805265
JB13 0.0230046083544177 -0.0699597606136921 -0.0637267806658611 -0.0143536995309083 0.034377666735872 0.102982432283689 -0.0514152211515241
JB15 0.0997032754856477 0.144481039242089 0.0577898052399582 -0.0861515792980347 -0.0198384225619386 0.053748331880305 -0.00522552018033457
JB16 0.0775760127167164 -0.0106108731543959 0.0133140637797492 -0.0230313073884383 0.0520558391234923 -0.0250942061494302 0.0312509209753715
JB17 -0.0404852566370525 0.164713133168045 0.0524546581007671 -0.0610005681834651 0.0982106377303054 -0.10038541836752 0.0694946992751043
NB01 0.0307028673262764 0.0297248595628446 0.0210451074377481 -0.00928120962544124 -0.0518136858535023 0.0511598566947907 -0.114769138888848
NB03 -0.047576573347636 -0.0420563441229045 0.0099926505822863 -0.0128251259241684 0.145999727937817 0.0719872888944771 -0.0304839452258767
NB04 -0.000656622532549689 0.0114393002331434 0.0158371611373194 -0.0213359683877226 0.0212919473642051 -0.0606407989985975 -0.0634576010650662
NB05 0.0469435403123127 -0.096043638307383 -0.122840515918717 -0.0187216578475581 0.0668927742957573 0.0714073841366939 -0.0126903942937203
NB06 -0.00547649552616674 -0.0756804706124465 0.0250566017007536 -0.0895408616376803 0.0218801592937198 0.0707929167317086 -0.045780379170376
NB07 -0.12633797778797 -0.0116156539704567 0.0229154606470951 -0.0672102724025366 -0.0229684118528593 0.00308862327164722 -0.00963946579619942
NB10 -0.175262786711097 0.0566635093318701 -0.0421530059830609 0.0241366663783952 0.120571727852036 -0.123067955067863 -0.0507911712476852
NB11 0.0059067312540608 -0.0296811074305691 -0.0848712406553498 -0.0281162870031578 0.0720838265680813 0.126211843497021 0.0775424322968868
NB12 -0.0316655252526693 -0.0853195892620904 0.0356901257050183 0.0306217460523619 -0.0822294160523695 -0.0234139174656016 -0.135911957655147
NB13 -0.036042097645655 -0.0493566193295608 0.119736987217187 0.0405687600729828 0.0367896566108033 0.0545233657912527 -0.0687558476802535
NB14 -0.0101893561178115 -0.151173340883025 -0.054340300606315 0.0525256786773988 -0.102911957458578 0.0488087387416105 0.0173352903602595
NB16 0.121055206003057 -0.01781902461694 0.000424743344172702 0.109432748076466 0.0302820535480792 -0.0334169381250754 -0.0748046936258894
NB17 0.00323718029434186 0.0457469942727975 -0.0726661920880032 -0.0119697736054095 0.0237084808907369 0.040570267514151 -0.0146860177098243
PA01 0.0626481755740099 0.102241866141394 0.111636572123148 0.0388886365272005 -0.0304038051489367 0.0873648655741968 0.0754324642343139
PA02 0.00874178825351396 0.143440369975796 0.0678256744195695 0.0362766664087237 -0.0681597526772201 -0.0351150429464643 0.0900535363321503
PA03 0.0574460257336171 -0.0181527775581247 0.0592445321196081 0.0597285087989808 -0.112689115370783 -0.0607608550276326 -0.19093018815508
PA04 0.0426098574682549 0.00457135877415212 0.0139504551990695 -0.160307224974964 0.00252889441178853 0.0547944823538226 0.125530343539353
PA05 0.0819874068333459 -0.0583616360166492 0.0380289029713355 -0.0118174147984749 -0.0822030915920384 -0.135728932130884 0.000198704223632829
PA07 -0.107160104702259 -0.0313236940194829 -0.108274519234102 -0.0278487893579481 0.037648390993763 0.0426430217693424 0.0408014954694172
PA08 0.0921571015142309 -0.0401757030122143 -0.0430338325614707 -0.0807746037807087 -0.0337158272539933 -0.0257398043902353 -0.0174548321571514
PA09 -0.0536882586605796 0.0614409127881713 0.0141415436544464 0.0812894263779787 0.15156272839777 -0.111383477856883 0.0332009919677082
PA10 0.0404687885357373 0.00723421605162374 0.118344414851246 -0.0048173611115091 -0.0617296527330199 0.0924054911303383 -0.106365330755552
PA11 -0.153276212266282 0.0434963134799593 0.0697591433805472 -0.0373545128485127 -0.0620670275946139 0.0218134406700347 -0.0706544773662366
PA12 -0.014178458858706 -0.0403846663201753 0.0609922038354518 -0.0489721710349855 0.00133931167750613 0.101822818279414 -0.10866115126131
PA13 0.0246830269872715 0.00582718250804245 -0.0373019948919496 -0.142645942122595 0.0200697230979833 -0.050491856701895 -0.0705212153840799
PA14 0.0829680043873558 -0.0435544887551044 -0.0310901589863366 -0.0929738997748315 0.0924588092649647 -0.100614914014731 -0.0406474535124459
PA15 -0.0129869663666496 -0.041595885461827 -0.0453622961868475 0.0689142160119506 -0.180413397838996 -0.103751943391197 0.105137594306988
PA17 0.0116896695755116 -0.0623367883428834 0.00440423266925883 -0.0338884337455324 -0.00378471940136355 -0.00337816138493182 -0.10528519779132
PA18 -0.0338481549804736 0.0657279899428869 -0.0535218246526435 0.115833095952197 -0.0137452131729825 -0.0414516589102489 0.0767316060090707
PA19 -0.142981702326418 -0.0997972174157078 0.00264413267060658 -0.00982124889701033 -0.0738060066832516 0.0539239343555531 0.041142631962878
PA20 0.0325646902165016 -0.0690331559236907 0.0463757308319699 -0.0423695019326785 0.058564106802114 0.110908482342732 0.120462159744739
PA21 0.00493896379717197 -0.114398372730591 -0.0503578701625767 -0.0284223919011927 0.0623573162970176 -0.0340021105795226 -0.0783458182052997
PA22 0.0187960943689689 -0.0665239998294763 0.0587829546579763 0.00133492466711101 0.100666584882729 -0.0850461027855182 0.0293101706254549
PA23 0.00580070448677939 -0.0272025055427233 -0.0222035068306637 0.0603188446567994 -0.0466064249604525 -0.00576141198230263 -0.103177557553589
PA24 -0.040951760612936 -0.110257089631668 -0.0628395624363355 0.00211998052857279 -0.199162671985384 0.0336364417851967 -0.032754898143799
PA25 -0.00540958241587437 -0.00972491118399408 -0.0094942370703007 -0.134600324916209 -0.0229271035675133 -0.0608641296079338 -0.117924678396997
PA26 0.00467860548618214 -0.00489509087097855 0.0108799576856407 -0.0376797361588338 0.0921544598365531 -0.0587688875904856 0.147679250543863
PA27 -0.0842512756040914 -0.0215009048524245 -0.0494219724253856 -0.0455173430914189 0.0132757623296468 -0.115037881328386 -0.0409964466128545
RB01 0.0850384143461301 0.0764022757164574 -0.0603278642202107 -0.132468502546637 -0.0796519225631752 0.0724631403244977 -0.066512007399224
RB02 -0.063418513558813 -0.0185913846356427 -0.086637566179315 -0.0999260299965638 0.000687136582430353 -0.162014726465584 -0.00775378570148184
RB03 0.0706932670196273 0.0338015985253367 0.0303805428797402 -0.109468753278272 -0.0912957158515448 -0.140308076411913 -0.0187620106301455
RB04 0.067696702392043 0.0747468729386544 0.0115978869947991 -0.0808182994889863 -0.0513927751066528 -0.0232012933705325 0.0957132646848212
RB05 0.0327078333480248 0.0366162866223921 0.0191797440396161 -0.0445025403273907 0.038344671548043 -0.110783052495953 0.0760518109896178
RB06 0.048221704539445 0.131249544742988 -0.0718915846667615 0.0345078402141834 0.0994620373882424 0.0248780765763245 0.0296309124014822
RB07 -0.0011774957421717 -0.0615439529957345 -0.0179754562722711 0.0516279715366731 -0.0492657568900226 -0.00920952999120408 0.21089056546413
RB08 0.0843940305745594 0.0286586753366237 0.0774540694597368 0.132197109856378 -0.0291530896348016 -0.079157779294255 -0.0437802283470155
RB09 0.0700584035776785 -0.00992216998011264 0.0606690345430971 0.0398128349440098 0.112096985980543 -0.0732366219366729 0.141090859518602
RB10 0.0241107859268102 0.0399768503498434 -0.186467308186873 -0.0233118493309865 0.0903299649885257 -0.0269886900690625 0.0519948387948814
RB12 0.0473384917518443 0.0272186429208392 -0.178649648290867 0.052406636695099 -0.0714951637838019 -0.0693154666952342 -0.0296421295936116
RB13 0.0839270197728572 0.0612915925753021 -0.0135151439210089 0.0683625146376453 0.0987350281425511 -0.0397232114937082 -0.0901478768617552
RB14 0.0134848128247104 -0.0185055896668698 -0.0127867391955898 0.0160854432526402 -0.00756701876235766 0.0528553753044596 0.000469792852545896
RB15 -0.032062964093465 0.0176904760674998 -0.015625490545079 0.117580434603374 0.0900607404087369 -0.0411324473350684 -0.0252969794361762
RB16 0.0791309098694571 0.0624179990519761 -0.0990600770798578 -0.0535646052510214 0.0172285147100082 0.0803909223278175 -0.0134242052746554
RB17 -0.0679126751639775 -0.00716565851957644 0.0989468145598873 0.106963292511333 0.0617816139032619 -0.023803002143293 0.0694038561556413
RB19 0.0702968581212181 0.157872915885466 -0.00268418780351141 0.0836811524258382 0.0295501583047928 0.0799225619176499 -0.167502440555147
RB20 -0.0311580972047972 0.0595254741438904 -0.000238812202333286 0.00224346469308483 -0.0711893673775495 0.0878842509205034 -0.0883768989924759
RL01 -0.150962972664322 0.0564032422246544 -0.0671600136855202 0.133543370277863 0.0475973771301068 -0.00223956626289954 -0.0176555508139141
RL02 0.0273444585832665 0.0639121347870817 -0.0322222714641573 0.073320687463412 -0.0567712138751357 -0.00669436564110053 0.0799707816002916
RL03 0.0991333584853703 0.0474006578239034 -0.0282176767580943 0.054453371000836 -0.0333690749880024 0.0791989429186475 -0.0243877689705079
RL04 0.0860142682767785 0.0490731629640758 0.0583536329175595 -0.113956458947794 0.000805732752266449 -0.0367154646807295 -0.0292215809867985
RL06 0.0958028128751208 0.0299300019218444 -0.00218271487236718 -0.106890409741043 -0.0420209070896458 -0.034477490472169 0.0450852308043144
RL07 0.0330786780042235 0.055963056274369 0.0715677903519774 0.00377853102609265 0.0202304676424423 0.0138500668484171 0.0464993695813602
RL09 0.0559637061081567 -0.0380508230293 0.0244956019830435 -0.0653019803476755 -0.0287312642706734 -0.101535808199948 0.105022728793991
RL10 0.0636138639547716 0.13357820688918 0.0407611131129117 -0.129932603533908 -0.00471431369489599 0.0759112310331055 -0.0308144608453889
RL11 0.136755789995987 0.101344069791943 -0.0121094308933646 -0.00256982989263661 -0.105356340106621 -0.131758391977172 0.0458266793624018
RL12 0.0172013821485435 0.0965124864341682 0.0279496958869932 -0.0376016133668879 0.0542339062128707 -0.0608300440362638 0.101656296734573
RL13 -0.00733447000923587 0.171244179559148 0.0991261961257409 -0.092464641950317 -0.0554457169221377 0.0578111117936991 0.0140385648825669
RL15 0.15460517455892 0.0722467748827969 0.0115116882719413 0.0572007650828052 -0.0552635316242729 -0.0401637327566744 0.0923745465259136
RL17 0.00987518665484783 0.0090127829551842 -0.0392876730877411 -0.0870100773866357 -0.0504550611040578 -0.107743536734043 0.0132618468423604
RL18 -0.228680374283105 0.0442010837412105 0.008173286350747 -0.0339182139867157 -0.0431983466542625 0.0237771884071543 0.0356890526046295
RL20 0.02525934764436 0.0818302139032795 -0.0751263442828143 -0.0323307139111579 0.0944906542157711 -0.0512433723490545 0.0158581006330539
RL21 0.0657215921996252 -0.0318088771983926 0.0711926771538664 -0.0431015830532708 0.00442005229808376 -0.0214079182799868 0.00828096511779527
RL22 -0.042931644662917 0.193281128832947 -0.0371430436289813 0.115489175561375 -0.0886120953967092 0.198379984569499 0.149533235168459
RL23 0.0631071317706277 0.149122640574437 0.0900430344888724 -0.034757179218808 -0.0668991373791215 -0.0379998256660643 0.0178645680137432
TR01 0.0477489561347062 0.00691380754973344 -0.087212012311354 0.0294586226779643 0.105201723687497 0.0318671588493309 0.0452510157288489
TR02 0.0532833444785083 -0.0383426298997046 0.0114987949718151 -0.00130329067719981 0.0473679496386882 0.0324399578747016 -0.0133532944198005
TR05 -0.0167343727277263 -0.103081984407071 -0.00365298892703161 0.0278516887791573 0.138504798052902 -0.112917793096932 -0.006163800815039
TR06 0.038882320403054 -0.216913506648568 -0.00224652385442071 -0.0501757025558955 -0.0551798860204343 0.0216237559095915 0.0978144254005896
TR07 0.00866142286748948 0.00159497106932353 -0.060073046552652 -0.053511818116415 0.118439395587393 0.00102425570730166 0.00610345598587075
TR08 -0.00850749327163203 0.0219776467929253 -0.014383989425533 -0.0685905526308924 0.0555511352074431 -0.0888115132478106 -0.0531714202950131
TR09 0.135531467194599 0.00265245917036955 0.042180487123 0.0105249316973102 0.0300516571563518 -0.058152452234923 -0.102048876079876
TR10 0.0741112803973931 -0.0805045975948617 -0.0495965523689499 -0.114928303628478 0.0692988431915837 -0.0327373122789974 -0.0593311721546297
TR11 0.0592939763174292 -0.0366100708970822 -0.0213714743321937 0.0121086952897583 0.0619257460126863 0.00254212326172213 -0.0608798628462693
TR12 0.0200883730160918 0.0071640025867483 0.0677486288658509 -0.0687657564863433 -0.104594505494776 -0.0656481628647285 0.0309628286919574
TR13 -0.0331094016596673 -0.098240547196336 0.0867284157564352 0.0410851022526032 -0.181381919877526 0.0407348623833724 -0.0103594235058885
TR14 -0.227739995392603 0.147575645012653 0.0844052096613794 -0.0263455162496492 -0.10122537238026 0.0652290061826436 0.0547054856358357
TR15 -0.0382065527218392 0.0248791492316037 -0.160896863018754 -0.0884567761156475 -0.016090431513618 -0.0641679951053827 -0.0399753478760523
TR16 0.00796940288554507 0.111863789621444 -0.0784316727963526 0.0646474364641459 -0.0256604849529102 -0.063089859762504 -0.00766950465424859
TR17 -0.0227636528555838 0.0961980318588886 0.0247362498659429 0.0194602762468319 0.126240244920524 0.116684832235625 -0.0381132754831463
