sample MDS1 MDS2 MDS3 MDS4 MDS5 MDS6 MDS7
AN03 -0.0360403045492899 0.0363609293296605 0.0656972842334109 -0.000390982971515914 0.0281027949635841 -0.00833839891396791 -0.109346845590364
AN04 -0.0149418994180056 -0.0539735929076962 -0.024780774515079 -0.0423636660009567 -0.014285104080008 -0.00554646379251017 -0.0994212545758799
CS01 -0.0700929958592719 -0.0470617472417435 0.00398362389797957 -0.166464604812479 0.0407824670697807 0.0142568764949126 -0.0483703127051798
CS02 -0.0229068252132441 -0.0253976318866075 0.0321725648356231 0.151236965813533 0.0523697928576868 0.109276835981449 0.0582938440066686
CS03 -0.0472647178330275 0.0152254720357293 0.0338719635034889 0.0474305059525085 0.00191016124557723 0.000742288635382844 -0.068037207418612
CS04 -0.0517564230796639 0.00112819522695928 0.0508534642042999 -0.0271966592362308 -0.00834065678610126 0.159287775528877 -0.0226092469287686
CS05 -0.0763141083005387 0.105077497044735 0.0666959003192833 -0.10274998974432 0.00143640490482852 0.0571852106190893 0.0164668697467236
CS07 0.0194797411982015 0.114866170690611 0.112889837840457 -0.0282841959301983 -0.137509665481204 -0.0607831022022177 -0.00990811560333699
CS08 -0.355588693836979 0.175788841678136 -0.0567725736647559 0.163401880208552 0.0775695967994414 0.0227019570806101 -0.0984136028914049
CS09 -0.0531209399122474 -0.0770450150532977 -0.0560156906685609 -0.106091237461229 0.0635850236093885 0.00250261371395122 -0.00753240876145155
CS11 0.00854168821428248 -0.115032719458106 0.0387295296377878 0.0779125239714294 -0.0623102340623359 -0.0731221127688353 0.0432787745454676
CS12 0.0149766613098002 0.0617674368562298 -0.0155603227436195 0.0883456318352368 -0.0220907049210637 -0.0616448868684902 -0.114584157974407
CS13 0.103753093544148 -0.0406497595396171 -0.0146089258586702 0.0832871852685141 -0.0567260944727719 0.15323496242946 -0.0143640936285018
CS14 0.0185730165816391 -0.00410997342430046 0.00597336336471105 -0.0658622923628716 0.0146420339176951 -0.0186113826400789 0.053382127014465
CS16 0.0311870594483129 -0.0162521993979358 0.105639729266053 0.0360310964090703 0.106968591555813 -0.0673983306621226 -0.0995618598439803
CS17 -0.136865598597326 -0.0587923190529663 0.00256809697622196 -0.0350135043497381 0.0570218393843659 0.0360650149756417 0.177435351569752
CS18 0.00495161000524077 0.00917333298884076 0.0926870989554903 -0.026578536856326 0.100474495786159 0.0150150575883922 0.0686697212999598
DK01 0.0354842381165351 -0.075207044855024 0.0409555692448965 0.0133923700401543 0.0394292201727989 -0.00114757213037864 -0.0279429836496758
DK03 0.039867884043295 0.129969189088949 0.073156765387092 -0.033951044104409 -0.0687725211012101 0.057160115989478 -0.00141433112806178
DK04 -0.0980724558241523 0.033518149591121 0.152380678849216 0.0223819990683464 0.177433604091516 0.0511593282368542 -0.0392523667945718
DK05 -0.42621905845253 0.309471264873336 -0.0935232514076299 0.195210292986235 0.126477873321275 -0.0280883262685815 -0.0460944737160888
DK06 -0.029293314061545 0.00607036725607071 -0.0464560412979552 0.0429099881277798 0.0855360858643921 -0.0993395190587606 0.0161420073514363
DK07 0.107396435843259 0.0159987507166247 -0.0490365729137724 0.0868951939534802 0.0718828823599754 0.0190232566023366 0.00500780593455302
DK08 0.0428533184763877 0.0823462012877758 0.00226901080112982 0.0453794121232834 -0.0070048703615237 0.149666371551335 0.003447509105277
DK09 0.0162658087261267 -0.0170522053120037 0.00136112656816212 0.0712374102382063 -0.0281900644317836 0.0793353157269154 0.0573294791781068
DK10 0.141612593009832 0.128628868121468 -0.0729568215288263 -0.00442667323287143 -0.0462811279869482 0.0772650641828401 0.0069589658936431
DK11 -0.0187591014265374 -0.0493791373372036 0.0427141797099734 0.00144567361726097 0.159360820047866 0.0345012517040794 -0.0580943885099419
DK12 -0.060169168876114 -0.0408453188381919 -0.00746632096270439 -0.0247687487797315 0.0245521957367699 -0.0229183352286114 -0.109420206381348
DK13 0.0284037852065115 -0.024186148160921 0.00546597434271129 -0.0581791011235383 0.00222312565443849 -0.0615700891803301 0.0776351140440212
DK14 0.0919181037108647 0.0592036645274653 -0.0866377014702934 -0.118336555329794 -0.0149217042843238 -0.0623502888464376 -0.0648016144839374
DK15 -0.0863247844562285 -0.0691682344809474 0.111275793654088 0.0869744257258772 0.0261359830061147 0.0612327207661427 -0.00923971862612481
DK16 0.0090591686339993 0.0258722310080504 0.0417143066641897 -0.0544533806010703 0.0900010023946593 -0.0443777735049796 0.0371183117460233
DK17 0.107546751314422 -0.0302778667764576 0.0447092635624855 -0.0352721172815988 -0.0370450846687828 0.0505390703179783 0.00498489834093614
DK19 -0.00349553680654578 -0.00992281087840351 0.123718940167709 -0.080964033528266 -0.00648304302440559 -0.0902744233171175 -0.0363809519304338
DK20 -0.0263091175353076 -0.0690309866650716 -0.0383716200959962 0.0111802655156849 0.115572458815013 -0.0944584795711602 -0.0794861029074233
DK21 0.079293972991725 0.0194105786877482 0.117495972734833 0.133340806705977 -0.00143458756034614 0.068440549612363 0.0562441753243537
DK22 0.107253948823948 -0.00441496850845603 -0.0504646600560098 0.179006608708406 0.059709772944594 0.0379986539471613 -0.061698955661402
DK23 0.100073011145545 0.0574078526890863 0.10818825494342 0.0528086652630759 -0.00370749724896398 0.0106916364417921 -0.0595256607497538
DK24 -0.0725900337233193 0.103034878364613 -0.0257662328585871 -0.160457084376607 0.00169551570047298 0.017454491650276 -0.0481971319558576
DK25 -0.0557979508640643 0.00355838894299967 0.00154796130340001 0.0702756531742089 0.0894418010529063 0.103641959622475 -0.0171195403226436
DK26 0.0373445040058636 0.120678130790203 -0.0338697495768299 -0.0676630093941377 -0.0728227200737607 -0.0260404289415085 -0.148750625426203
DK27 0.0522436950698133 0.13055400639503 0.100779852090428 0.015521573981222 0.0344939305092753 0.0110576090433079 0.160682032272563
DK28 0.120646277792553 0.0852990413674799 -0.131454158645519 0.104641707109898 -0.00513555596308708 0.129862098921763 -0.137005523947651
DK29 -0.0750165783840429 -0.0805637765358838 0.0738898949083006 -0.10694205841938 0.0702078472927957 0.04110577164516 -0.05786288529177
DK30 0.145822437082344 0.0852962707941436 -0.087087299930542 -0.0690937131549574 0.161936761029898 -0.0450014164791414 0.0891549016947581
DK31 -0.0339049960824303 0.0636756142574583 0.144302211715761 0.0222498363856958 -0.033218178736203 -0.117080506960325 -0.00906552657244613
DK32 0.0437197443518941 -0.0563381068141133 0.0339984734762432 -0.0903837729508571 0.0259140091721049 0.0559776943941034 -0.0341622856596834
DK33 0.00805967284648688 0.114449663737659 0.0710185330123636 -0.177902628809259 0.152933410315602 0.0200418158521149 -0.0387281160864016
DK35 -0.0374911681346204 0.00538055476219139 0.143666920622674 -0.0143105788659782 0.00161855196835777 0.0201939739254478 -0.147292742775477
DK36 -0.0153166501549101 -0.0499428348540992 0.116162975502698 -0.0928009687712678 -0.0700192994471992 -0.0527732343288097 -0.0293270503153155
DK37 0.0268335665014528 -0.0515290703299864 0.083799925403862 0.0251262175090718 0.0057918061173843 0.0363017752641478 -0.163193837510162
DK38 0.0501927716265065 0.0183288775943288 0.0115140666426927 0.039845600612421 0.184738567027198 -0.0553569859887142 -0.0779860031161986
DK39 0.0094432515291489 0.0637815836791465 0.137266930963755 -0.0613059637350853 0.0196859928039749 0.00939050013792636 0.0238638660329013
FR01 0.138896091526869 -0.0284154727767688 -0.110291057826005 -0.068036796637816 0.106211165079993 0.0727135181187762 0.0547598597304839
FR02 0.0471555041229148 -0.0743036998581554 -0.0310801861621029 -0.000758817668376348 -0.029765853843086 -0.00318058041592898 -0.000112401344096519
FR04 -0.0256376301629569 0.0958007076264736 -0.013248772173774 -0.209569058285459 -0.102818712757669 0.107173203515414 -0.0620609194076493
FR06 -0.0809373720150011 -0.0538665152098214 0.0603246853399255 -0.00277768562105416 -0.168736206075093 0.0747621226553936 -0.0562559554326449
FR07 -0.0581950917485388 0.188093928891978 -0.0509275356382227 -0.0401925866841295 -0.163005761303136 0.0964255631696882 0.0483215448477833
FR10 0.0689240250932367 0.0278116029040674 -0.0777321925393247 0.0923061165047473 -0.0231141537512512 -0.0111021044675831 0.0962905319322701
FR12 -0.052532094038982 -0.0280684758976708 -0.0340641022370049 -0.0930946000927424 -0.0327748288712549 -0.0625046947146996 -0.0618388925481524
FR13 -0.014391613512293 0.137830345959508 0.084464256213229 0.00810289762161477 -0.12272058194778 -0.173313331604362 0.047723049296973
FR15 -0.0300060145257364 -0.0340033220511327 0.103455054296302 0.0399120617103741 -0.0595937771586472 0.0148425189341999 0.0436444469389447
FR17 0.0240186354862085 -0.0533118165537838 0.0938160540413839 0.00898161456996595 -0.142612729426328 -0.0146256436354073 0.0516206909662237
FR19 0.0862736505817799 0.00848834158290369 -0.0809361787488923 0.0995602762679257 0.123666970140334 0.0336687705434239 -0.0545168716013225
FR20 -0.0259781606064034 -0.168016028600311 -0.0167739324537619 -0.0264393741105354 -0.0101055250402248 0.021366919164815 -0.0391001090981668
FY01 0.0208648132682199 -0.0259054653016453 0.0871141728124203 -0.0296609276783243 -0.110925774247028 -0.0508396913404087 0.0102596464253562
FY02 0.0247533324562993 -0.0604141705234321 0.110167428750658 -0.0404962881379129 -0.00623641906465885 -0.0908147099173582 0.042190520729183
FY03 0.0903626873719796 0.0304772788506804 -0.0183380540876521 -0.00489735398496977 -0.010187876855881 -0.0333913288112097 -0.133477769641044
FY04 -0.110138403311207 0.0676028677906 -0.123586319433571 -0.0832957051176193 0.0765984345907349 0.0633593273343005 -0.0359082855620085
FY05 0.0200020812915349 -0.0205292239942176 -0.0740651880474885 0.129457750564216 -0.0274212722489312 0.0599208325796459 0.0365124374801454
FY06 0.00543905450466048 -0.000852713903597551 -0.12244651122105 0.0603656023633054 -0.0434166211602466 -0.04265741264033 -0.0290283325738632
FY07 -0.0737443644086514 0.069110576698029 -0.0913703484028218 -0.0232599652255278 0.0396117637518612 -0.0347455519236867 -0.0486651019116342
FY09 0.0400280301331193 -0.035649264181769 -0.070141703670788 -0.0696692055028219 0.122132318074063 -0.0044483444609233 0.0782394902870428
FY10 0.0196851886197683 -0.086465388749123 -0.0945654011612313 0.0479738903230164 -0.0562043673386417 -0.054461013577011 -0.0129168823543636
FY11 0.0756233378382779 0.0991303867823663 0.0201379291882153 -0.0533103233980628 0.0251408984312812 -0.0492723727238911 0.0901372550010421
FY14 0.00763956676858709 -0.065285835582402 -0.0378167708047745 -0.00819340442824552 0.0238567210351665 -0.0431036772344891 -0.025646483424645
FY15 -0.0198265126313901 -0.0782057203898348 0.121516598358367 0.0286876148917998 0.0274343673680868 0.0463935332987959 0.0595969879291903
FY16 0.0785976488406944 -0.0522855934687595 -0.0388697281021325 0.000326862682475559 -0.0374905975021937 -0.0980919784735196 -0.0497444264447209
FY17 -0.0173606545246899 -0.0578363916282545 0.0481623753532194 -0.0408484839565249 -0.00440116586979513 0.150108278189589 -0.00443590056204293
FY18 0.0242265427253055 0.0256749762175248 0.0507310545857709 0.0969071353089579 -0.0328019319845383 0.0516702164704998 -0.0841157804381689
HH01 -0.12547021348958 -0.049383842616114 -0.0245385190619575 -0.086842509717717 -0.0552837109652033 -0.0759336256103755 0.143885520426776
HH02 0.0996305048858252 0.153564105442058 -0.0530614013440117 -0.0809347852021837 0.0685040215285604 0.00690079620545175 0.0787600905847933
HH03 0.0164123708892258 -0.000532028321972473 0.0199902188692298 -0.0374780175557414 0.000829076693092863 -0.0494348857048957 0.0831209361089936
HH04 0.0586185159826745 0.0715486080140357 0.0685013506649426 -0.0350639798022058 -0.111676316339674 0.10097900218613 0.113674559501826
HH05 -0.0397781107076648 -0.021093976009752 0.0226848600198711 0.0174010891799049 -0.0475061510679853 0.0433606296183263 -0.0138345883027647
HH07 -0.0594578826905585 0.0708928141884094 0.00732762558912696 0.0529573059641965 -0.0637357271135029 -0.100035288436546 -0.106070047103503
HH08 0.00258421956367632 0.0667720256092572 -0.0671607309945516 -0.028109782015448 -0.0294652487312154 0.0526187263443006 -0.0283095242133128
HH09 -0.0402906259044471 -0.0255915338348441 0.0195852417864092 0.0959522496524299 0.0126898337291809 -0.0688342400316101 0.0826912431970994
HH10 0.072434553722821 0.0344992542966994 0.0410576168130192 -0.00862399850012987 0.174217161273009 -0.0168656539179579 0.0646593372072527
HH11 0.0263788534489619 0.000440828270577241 0.000902697892922212 -0.0787207037975241 -0.0776726182989709 0.00612510507462001 0.0827855626563168
HH13 0.00131126224141321 -0.0157391102907378 -0.0888993442978294 0.0079553487513071 0.0154587472027207 0.0295307977988425 -0.0370026790036525
HH16 0.0926585993218338 -0.0513125678330946 -0.033542244091236 0.0562382130517627 0.0462861716804976 -0.0564923187862627 -0.0708801001075497
JB03 -0.0387528975379298 0.0131696490388101 -0.103153997737079 -0.0700358437367051 -0.11818217175293 0.0395476319566826 0.0193089097966831
JB04 0.0919583987797314 -0.0052585193017695 -0.0764860313271381 0.0459370973593214 -0.0610680049564124 -0.0542432433237196 -0.0699315946833136
JB10 0.0469754892451265 0.100030704191694 -0.0888194438058376 -0.0160789992095769 -0.0421897007695464 0.031727953899243 0.0222256729519686
JB13 -0.00402249641098003 -0.000325854389842951 0.0691724627504172 0.135875513095851 -0.014452611135378 0.0394976515576933 -0.041591644944154
JB15 -0.0873224448937314 -0.100572371308005 -0.103022782379502 -0.00570255491317291 -0.0845201293445332 0.0740932604329244 0.0065683438116568
JB17 0.030099904976574 0.031210197866483 -0.181608903953056 -0.0525648248424507 -0.1697667950684 -0.0290418223533181 0.106162325544398
NB01 -0.00598595215146361 -0.059647772453665 0.0304191613867707 -0.049073977762287 0.00159770733119913 0.0274428788784481 -0.0707932831454874
NB02 0.00598848035477288 -0.0781152043245676 0.0550535859833066 0.0810762109479984 -0.0484222316490463 0.148291388438133 -0.0514207974611399
NB03 0.0534219614039558 0.0494530464951936 0.0739045316369287 -0.0299764695750784 -0.113381165357341 -0.104765050484735 -0.191186659768037
NB04 -0.0305780135406781 0.00720929654462095 -0.0133760593736893 -0.0185200728902934 -0.0459259183419217 -0.0656892189391892 -0.0126535926705118
NB05 0.0275345972106763 -0.0826874455745629 0.0637759743074792 0.136079432306325 0.0110987815221179 -0.0427127165083825 -0.0410216092836454
NB06 0.0407712975752252 -0.00549548934154316 0.0787479726920463 0.0104803146198591 -0.113337942607847 0.0617701019081902 -0.00638673156911862
NB07 0.0616404515474265 0.118274639647722 0.0212887932102256 0.00777401593388805 -0.0694534639167325 0.064512916742876 0.033866811773573
NB10 0.151671348861931 0.162500558273301 -0.0883651512358583 -0.0269422901629116 -0.0609773099280824 -0.0870176747169251 0.0204006032411328
NB11 -0.00698425364661656 0.0124514212062804 0.0149644598859951 0.157698543368594 0.0179945256058464 0.0281235943454604 -0.103913701603691
NB12 0.0317595052272712 0.0305307308914494 0.110299034883048 -0.0845869638353235 0.0617638205085338 0.0358727977444824 -0.00265778141979499
NB13 -0.00887303275168211 0.0522933870673905 0.0835853380641672 -0.101843166811824 -0.0698262233371556 0.0334971585853863 -0.0567375376210702
NB14 0.0688730480893745 -0.00565370751663604 0.150397891780154 0.0151672859429224 0.114055862369439 0.0565974224020231 0.00103855140969284
NB15 0.0245238538228802 -0.0445880091165691 -0.000453793182365885 -0.0189424303642707 -0.00344111773366976 0.0462603378303046 -0.0376212390958377
NB16 -0.0568608847705901 -0.108594795560038 0.0374967191221958 -0.0336325894821631 0.0340987389262207 -0.0783041510681877 -0.0321818719655916
NB17 0.0244949058781672 -0.0395710177026568 -0.046961797684367 0.0768304897076265 0.00684697084781142 0.00212696035503508 -0.0096846078889142
PA01 -0.134265249649774 -0.0148247327320437 -0.0935936895930914 -0.0394223863204699 0.0145873983286165 0.124859639487633 -0.0358156020502359
PA02 -0.0286948189391629 -0.0194875730392446 -0.110119923594056 -0.10919392664498 0.0210196541608877 0.0364564358555327 0.0453067936169581
PA03 -0.0720675188547133 -0.0330611545942744 0.0577752289799264 -0.0654707212682155 0.0227292755901643 -0.0341807393128334 0.00721442251017578
PA04 -0.0134150709509355 -0.0525792075074325 -0.00928074048420909 0.0628123381897107 -0.108275573262018 0.0943346825875452 0.0597509256745168
PA07 0.200768651489979 0.0251602776118606 0.0372670068699736 0.0181830235551573 -0.0305357212438213 0.0067911469622955 -0.0516350891618065
PA08 -0.0488185461348367 -0.0732783067238333 0.0467419920644008 0.0992128856307852 0.00621574142983759 -0.0346620313431482 0.0438808161969284
PA09 -0.0414455891104266 0.101202806063793 -0.128775210793408 -0.0833171460644712 -0.0388865031477677 -0.189515113870802 -0.083140281651941
PA10 -0.104690685017669 -0.00126194130130242 0.0548783253412348 -0.038226155839268 -0.0601916801302826 0.0933920499756881 -0.0880369396378918
PA11 0.0624506235871661 0.125713267694606 -0.0156177208683585 -0.0548697180516397 -0.0616417865300134 0.142660778321597 0.042491799021514
PA12 -0.0225027832876699 0.0189072046635633 0.0778918763012343 0.0638570963972834 -0.0741942114331208 0.109752625410806 -0.0211124306453205
PA13 -0.0232385562644634 -0.00975504109357535 -0.00815789292042665 0.131633717198885 -0.0766667051692033 -0.0480793875284317 0.0846753883556861
PA14 -0.0549607675352887 -0.0355383530913994 0.0324900726742418 0.120252950588434 -0.0656199843361642 -0.12137774361153 0.0927389033633434
PA15 0.0420899332251182 -0.00581460436507646 0.027592890208135 -0.0594804416468666 0.191092581399642 0.0264451988139042 0.163316293843527
PA17 0.0126560814393209 -0.0414710243042463 0.0682163053513665 -0.00655862016141017 0.00708398556284076 0.00266508722849855 -0.0393554627197048
PA18 0.0343745920414865 0.00722650449205367 -0.0989192736592412 -0.030554767163301 0.194455120884185 -0.0534379280519978 -0.0211866445103075
PA21 0.0474057220156728 -0.000880980731965281 0.124845534902746 0.0578325295764636 -0.00991860631975133 -0.0978388824076048 -0.0499150197143287
PA22 -0.0828545478949225 0.0620620985414883 0.0602299531997835 -0.00394780422454261 -0.0212071690579686 -0.137539286085437 0.0600929889554863
PA23 0.0506567641939242 -0.0362030961426625 0.0627668397784941 -0.058002463160854 0.0440054414896726 -0.0437135613452751 -0.116461550656256
PA24 -0.00808876307149173 0.0355270146322878 0.114179688882223 0.127000816232513 0.167691373149507 0.0919954256542955 0.0798430176882424
PA25 0.0107443018455521 0.00187430414942217 0.0185810560023259 0.0357479628699769 -0.123930964270186 -0.00736097965177565 0.142003010739232
PA26 -0.0151887216933065 0.0468078718089013 -0.0196675287147813 0.00547860484250312 -0.0552555701122189 -0.103487647858212 0.0168499213989299
PA27 0.0505289513474851 0.102321477074103 0.0137153825263024 0.0673464249018864 0.0358573670462959 -0.0924643269842125 0.0695769179639779
RB01 -0.00110418606072896 -0.122567724304409 -0.0573844272431518 0.0784881114362883 -0.0258793506547496 0.132779934014098 -0.0121965365714742
RB02 0.0570917264236106 0.0816929490415984 0.0102640155300326 0.0814316629192045 0.0194430379369146 -0.134065197067811 0.129312726784559
RB03 -0.0834823568862114 -0.0493635918988907 -0.0179376219821165 0.0397839674101431 -0.00528764566528863 0.00378782398661291 0.181814655767159
RB05 -0.0359861731670354 -0.00831416084617104 -0.0712158257655275 -0.0371241082928004 -0.0438629524568451 -0.0933227656793223 0.110721733571244
RB06 -0.00926256476264232 -0.0469243577151366 -0.168280624659438 0.0315180328151055 0.0211246961568968 -0.029297066294059 -0.0522296152694728
RB07 0.0293619539046272 0.004943233075308 0.0189186421588496 -0.0324098619009891 0.12874085725698 0.0671180368035387 0.0352551458300457
RB08 -0.0735538318869733 -0.0533467636997719 -0.0419025428859462 -0.107341602422074 0.0677530322587284 -0.0277639174561355 0.00147884721615648
RB09 -0.086166753095262 0.0254896302292225 -0.0362598420975202 0.00605988144156178 0.000861888114300463 -0.101203932484667 0.0684094968264313
RB10 0.0594800395525952 -0.0346068958769702 -0.122611961373107 0.146711406363015 0.0620095157644669 -0.04307295626608 0.0212898407221479
RB12 0.101794954406563 -0.136192995985877 -0.0339013791785828 -0.00310141325380262 0.0977585214698287 -0.0697914622773509 0.0261935150966729
RB13 -0.0106490937267965 -0.111611490436242 -0.0568914263822786 -0.0453501454213356 -0.0196120742640094 -0.174700202463962 -0.124383516366263
RB14 0.011462174561751 -0.0276307633994398 0.0506421616548991 0.0226208671905997 -0.00881541615286882 0.0094193718154986 -0.0703068942327819
RB15 0.0210228464699978 0.0343225692165128 -0.0547998194659648 -0.0740718583149585 0.0434488499560883 -0.0767681792022824 -0.0985054541683835
RB16 -0.000429707117182791 -0.108958975124705 -0.105365915010681 0.0918778467477987 -0.0157551408122488 0.0716503032761483 -0.0564473162064731
RB17 -0.0594490933973903 0.145332963996274 0.000935792101829331 -0.0497653981704945 0.0692238315458081 -0.0210040734934253 -0.00574634254197939
RB19 0.0226634751849156 -0.16098516017847 -0.103762049086714 -0.0924379748383556 -0.0626083809845197 0.0460191804580261 -0.10598480337972
RB20 0.0091995672884169 -0.0150928471883733 -0.0248837430262201 -0.0161302107906462 0.00259289002774593 0.0938289625412221 -0.0452268212300672
RL01 0.135926069692829 0.0806811852808244 -0.0638466242568191 -0.0114391854920357 0.0571158909217791 -0.0306026628535403 -0.0461800379106142
RL02 0.0158526521644955 -0.0367786154849702 -0.0695707676641544 0.00191597037962311 0.125845535171809 0.0606059489620534 0.0631978372200479
RL03 -0.0679032775472951 -0.0995427815120395 -0.0354138480227755 0.00414742365783471 0.0568894800681077 0.0495109797367994 -0.0589728569058283
RL04 -0.0775445311027272 -0.0562629617656034 -0.00402784266683036 0.0139034051776251 -0.108380915207262 0.00796743723578531 0.0615830013123633
RL09 -0.0308140979551055 -0.0249172826548529 0.0559437840924583 -0.0239799376810952 -0.00216635193601978 -0.052926469449292 0.151590194762831
RL10 -0.0262403671906613 -0.0999981259038108 -0.0971982520847638 0.00227039917619859 -0.122155570058581 0.147974357456664 0.0185401063858516
RL11 -0.0980874290091585 -0.0993875538998479 -0.113337592628337 -0.0418265827770703 0.0685230758732621 -0.0516498611192833 0.101730708863431
RL12 -0.0837467265917495 0.03356067142314 -0.0996469834097783 0.0423605459735686 -0.0499847169701899 -0.0553618278993666 0.0810950598379782
RL13 -0.109779796864224 0.0498547853477583 -0.141213191995071 0.0105864381929445 -0.0478884011333758 0.157274415669008 0.0393037905330315
RL15 -0.0893058889074319 -0.123673259132709 -0.074320717284747 -0.0291579742260465 0.0638341150934327 0.0097054357651941 0.0880154544873991
RL17 0.0241296950924837 -0.0209960012188601 -0.020608706135569 0.040368229889569 -0.00313268208320059 -0.0205076017244707 0.183026690437159
RL18 0.0991865076278277 0.213324450282206 -0.0458460826973759 0.0195360574733349 -0.00328566268412985 0.11494600452806 0.0102487908948447
RL20 0.0068826692851685 -0.0143992723757264 -0.0818753695778632 0.0441861373700863 -0.0421676463865323 -0.107370549864643 -0.0304941268780684
RL21 -0.0403242355100644 -0.0487919534825038 0.0490394601217717 -0.0395453789071479 -0.052879830551432 -0.0015927479779286 0.0352426935117734
RL23 -0.0404493255333964 -0.0739467236821403 -0.0816165045316415 -0.0855250956854454 -0.0389948290824349 0.0630072788553855 0.0791088582513556
TR01 0.0654965337708083 -0.0711453609094127 -0.0614889264215094 0.0221247328526181 0.0232490772687749 -0.018148160112109 -0.0850155379050404
TR02 -0.00704129549492442 -0.0478875863922823 0.0187403142853695 0.0296895162003398 -0.0160171952551253 0.0559128540850398 -0.00565164239175817
TR03 -0.0491522619176192 -0.0351437384875494 0.0716017579652532 -0.0861856491493687 -0.0735288060757886 -0.0406522758296062 0.0101120127443891
TR04 -0.0289415056630177 -0.111824223911361 0.00736042023827574 -0.16173272953163 0.0497930327224935 -0.00551098281041223 0.0303302094099087
TR05 -0.00263752804842179 0.0688398077545911 0.0750911246349704 0.0304630024241748 -0.00693268521250897 -0.187965748406864 0.00882697359675641
TR07 -0.00089711598725504 -0.00178277040853199 -0.020528292861903 0.145044591040739 -0.0253189187337994 -0.0923179183427619 0.0211777505394817
TR08 0.06094270674968 -0.0365592675541245 -0.0328489033989202 -0.0230891364096299 -0.0537268938234206 -0.0382349092149335 0.107740821745965
TR09 -0.0949071325824142 -0.0947091874553606 0.0244166301478131 -0.0247381546535311 -0.0320126886261735 -0.0878114859291246 -0.0154370291720197
TR10 -0.0115285505906184 -0.0639191984865566 0.0946667507490354 0.111758167224795 -0.0823103164337548 -0.0838567709982857 0.0698282250825487
TR11 -0.0084591947233892 -0.0605444557402311 0.0776686714143221 0.0336389948422481 -0.0512143639203914 -0.101589316300599 -0.0252156705576202
TR12 -0.0135567261064239 -0.0157923360998174 0.0371728645328381 -0.0770122831251509 -0.0543622867322472 0.0702870543733051 0.157402576193431
TR13 0.0100737152257519 0.0321001024231138 0.128492045955503 -0.129426662240369 0.0885246118004043 0.149414918104991 0.0402192770203623
TR15 0.0865201449506098 -0.0120294417451361 -0.088007552907438 0.124188125700393 -0.0133212101554529 0.00607178718071344 0.0906711012693399
TR16 0.0649536199503684 -0.0658902002359108 -0.120037733969829 -0.0652474039844464 0.0686405451308934 -0.082507531986216 0.00216650759413153
TR17 0.00966270889715206 -0.00370360623765719 -0.0849918215756731 -0.0254417501726796 -0.132996064144998 0.00517189502298059 -0.187367431644298
