sample MDS1 MDS2 MDS3 MDS4 MDS5 MDS6 MDS7
AN03 -0.00780922782547466 -0.0523629526133037 0.0297722214105717 0.0524378080873948 0.0178828392970196 0.0249562492898776 0.0907408045143674
AN04 -0.0376717605063591 0.0556172645902801 0.0129159483253596 0.0819305663465149 0.027967440803996 0.0493623211288588 -0.00574395690315289
CS01 -0.0760552399838219 0.0704254694539631 -0.0166783219755346 0.145178581836095 0.088325081533178 -0.0495276644629304 0.0393942073058837
CS02 -0.0835194721982904 -0.0332631486315782 -0.0285624570577736 -0.0806024109853162 -0.0297002617705188 0.0809879552918608 -0.14763380231318
CS03 -0.0244902776113674 -0.0287964828913481 0.0467406493017087 0.0379320906225962 0.0404126529189412 0.0427421995195508 -0.0701405360449283
CS04 -0.0467870593719701 0.0115155328452338 0.041381386705002 0.0758950821271007 0.0842179437551673 0.0467535551713295 0.0196245519229744
CS05 0.0267100942571556 -0.0689313509818479 0.0416600221551618 0.106502694477429 0.0717565331513486 -0.0500882306796856 -0.00656103685704584
CS07 0.0533869163463647 -0.154526462023972 0.144673615301506 0.00160262507306237 0.000996518719242181 -0.054813636069093 0.0370762482750113
CS08 -0.0568826714700873 0.0143522829772658 0.0837201842461125 0.0447316437296502 0.0574456711708329 0.00358418221048531 -0.017753208059351
CS10 0.0112424618023172 -0.0532841015391966 -0.00907543954771617 -0.097144276447995 -0.0075329443350243 0.00407348726593193 -0.0201657940543881
CS11 -0.104829389512718 -0.000311397831911538 0.055324907769825 -0.0761057700546416 -0.101223785407259 0.0178918150943911 -0.00975271133403488
CS12 0.0337526220979217 -4.63903754235346e-05 0.0463169439319015 -0.023088567594618 -0.0772338234656836 0.0330303930292379 0.0216046557587409
CS14 -0.0184309129497646 -0.0201446714700163 -0.0370378913641881 0.0154146254495632 -0.0126468920933224 -0.0613430733344681 -0.0426017116824285
CS15 -0.0697974197724048 -0.0495667286318486 0.0467035822826803 0.0508146414830523 0.0291141252180546 0.165128956550019 -0.00921276543330268
CS16 -0.0704298225923042 -0.100330712271369 -0.0248664284738367 0.0675013464140526 -0.117204222301224 0.0272386216760633 0.0266750097929669
CS17 -0.123805557376658 0.0233714976288859 -0.0360715038177946 -0.0304537445638013 0.0839271687336541 -0.072920323918107 -0.0776395968394538
CS18 -0.057380679840717 -0.0866202890139307 -0.092793156681199 0.069096051542724 -0.0587066931195631 0.0396254214934103 -0.0603009380253866
DK01 -0.0517508194557112 0.0295494733087702 -0.0320899051023426 -0.0418794543822923 -0.0677263541716745 0.0282328938040741 0.112677479456078
DK02 0.0376108469809245 -0.0487211657100118 -0.0531903240347576 -0.0556530157469872 0.0589112250723733 -0.0655485358875705 0.0956711888886914
DK03 0.0736972155601136 -0.141384538573303 0.0237523749013888 0.0450627000299189 0.0802005466985199 0.0190388535246419 -0.0687278181516733
DK04 -0.0863900446860577 -0.080449648852839 -0.0996220316976642 0.0814803105971151 0.0517525850304124 0.107307355907996 0.0439023768558333
DK06 0.00998704986709749 0.0450901477915586 -0.0889654463578679 -0.0340768233952836 -0.0252584901281216 -0.0384755895459639 0.00849376422719533
DK08 0.0931749320443393 -0.0355105684685377 0.00844656059916158 -0.0351581867337085 0.0454707675487914 0.0553521263724238 -0.0503061343350002
DK09 -0.0333656101057968 -0.0136371000327554 -0.0152835490529237 -0.0371168544438931 -0.00203103036004082 0.0338519074348665 -0.124764048952832
DK10 0.219264565219631 -0.00302337040485684 -0.0614141982737189 -0.0493983541651165 0.0811753264746993 0.0787621221630702 0.0703568752013661
DK11 -0.0874632295111232 -0.0190057839195894 -0.073106226295457 0.0773061262113184 -0.127648722554845 0.0426910296465258 0.0673140023827971
DK12 -0.079758423310223 0.028127497341384 -0.0111468391797243 0.0991823165455605 -0.0277035721999834 -0.00463609751113614 0.0274909012828246
DK13 -0.0167204684466818 -0.0277040742181348 -0.033474740069297 0.00471035935402697 -0.0610808595443059 -0.0696582805796293 -0.015106402582392
DK14 0.100467583498983 0.00817763918675069 -0.00822092236224222 0.0653236531169761 -0.0794670439211115 -0.0977625964766594 0.106287268035101
DK15 -0.139258557426395 -0.0436920625103051 0.0329237979535702 0.0231345567504393 -0.00104474348090733 0.0706905972711622 -0.0918357097772365
DK16 2.22802857042328e-05 -0.0554976229931352 -0.0464434722453196 0.0271033002520887 -0.0353216799170065 -0.0694176399272392 0.0306830171196023
DK19 -0.0400525949670334 -0.0811283430549861 0.0442717052480676 0.0493421262713586 -0.0143247219739046 0.00136991773938544 0.106511657693185
DK20 -0.0794163748469618 0.0522478864388897 -0.0960760318184748 0.0282328368434743 -0.10870637198092 -0.0414021259915608 0.125808271554513
DK21 0.0260946348855933 -0.101417164935546 -0.0430006085008276 -0.131956831756379 0.0224667458049704 0.0732368013695816 -0.0492778672840417
DK22 0.044673683398579 0.0490346452870682 -0.0819831012708897 -0.0988874097217292 -0.118543252841472 0.116612130022598 -0.033516041471884
DK23 0.0449608557669909 -0.109898374407301 -0.0257781895777581 0.00157611834099779 -0.0627087310685324 0.0769933447897585 0.0194487585358004
DK25 -0.0449531102423063 0.0191909475319465 -0.0161342119504263 -0.00713808092015989 -0.0135976019779195 0.10676953644495 -0.0217799620292752
DK26 0.140072639070946 -0.0215970288311457 0.104891978518278 0.0461957727288012 -0.0237220041296238 0.0190774727029524 0.163161379023354
DK28 0.166583099997346 0.0657710714147658 -0.00490017114168312 -0.0644926163932983 -0.0271543194982691 0.157414064481624 0.0948293523561912
DK29 -0.108372360780615 0.0120973118129882 -0.012438805127648 0.0910871771164135 0.0519800198941593 -0.0115470825603158 0.101674877498353
DK30 0.145454464034243 0.0194312337104968 -0.207887408071805 0.0449177894327198 -0.0725151434103256 -0.0436593100088061 -0.0069596907916277
DK31 -0.0452990598794154 -0.146670753336892 0.0607382765468529 0.0223072215621993 -0.00111686808633142 0.010615496563262 -0.0681950106388886
DK32 -0.0461710622900536 0.00695296296187959 -0.0424776133128979 0.013705984086466 0.0331978795178025 -0.0144407673590263 0.108643356788043
DK33 0.0669248426743748 -0.106785619663728 -0.0507826047659024 0.214371411523169 0.0355192249848667 -0.0232000835231813 0.0549995426844751
DK34 0.00423678726164908 -0.131892368107588 0.0796215519565168 -0.0551513745151013 -0.0120978850167146 0.0775139805456 0.0124708542836989
DK35 -0.0795843119998583 -0.131003945291257 0.032870770162618 0.087028473357711 0.0320173873912555 0.0436043570172203 0.0751865170336202
DK36 -0.0757200808850473 -0.0646205588803979 0.0465891104421096 0.0483861455131424 0.014703376859914 -0.0644469160684986 0.0705253526758266
DK37 -0.0199546563590472 0.0826992444670936 -0.0500184788944134 0.159418848432021 0.0347320026077088 0.35529015700152 -0.0327874718750682
DK38 -0.0223662496113613 -0.0382053921402696 -0.128057741430421 0.122195827565056 -0.19662416898222 0.0541861057989648 -0.0609856931934477
DK39 0.0221818586781176 -0.157136607863392 -0.0118041958054908 0.0233089292809728 0.0447302830828706 -0.0326615896684287 -0.00907184434495716
FR01 0.096093802105519 0.0816948178081257 -0.214281444743771 -0.0388226087815175 0.0916079020182972 -0.0614508402236954 0.0521115811833569
FR02 -0.0319253860250491 0.0529886694978269 0.00567903031163336 0.0280793259470349 -0.0488564270271364 0.00824239304257181 -0.0745376887703481
FR03 -0.00742940136010996 -0.0867723257612988 -0.0480721862785258 -0.125826875962792 0.0856834184935857 0.028057307923803 0.0215161727743477
FR04 0.0832067017049365 0.00359597446768886 0.125306383882614 0.164517915697137 0.0960443758988493 0.00193539432769359 0.0369579779786191
FR05 0.156018660154983 0.00514909620808788 0.164982841326918 -0.0646946066379806 -0.0336138935076631 -0.0406009449468435 -0.0209417057228595
FR06 -0.0416745276949955 -0.00432113388545083 0.174002046624214 -0.0443491226427972 0.133140978720602 -0.0157427521943416 0.0765501146369504
FR07 0.143273968793145 -0.034082513005095 0.144806655808843 0.0338904556471619 0.103117568887442 -0.0112446577020315 -0.0985253031256427
FR08 -0.0524948105453131 -0.0193539912998684 0.0252261047169502 0.0810221244771645 -0.164539347828271 -0.0329814893653502 0.0180078562980655
FR10 0.0536501463469645 0.010275097812486 -0.0718753613765594 -0.0920483525638608 -0.00372844485557581 0.0390049190703963 -0.139680820132914
FR12 -0.023765981925757 0.0704855911024743 0.00623392006507407 0.0856144879677258 0.103863229051982 -0.0539582652995739 0.041756586329838
FR13 0.0498035388017888 -0.142316810145144 0.141990167553797 0.0329998271026203 -0.0417443524423147 -0.0208141494012726 -0.124486226529707
FR15 -0.0665059066464903 -0.0810035507404749 0.0297333808251881 -0.0608116589595681 0.0455209157966953 0.0165123217834773 -0.0359425209642351
FR16 0.155435622918142 -0.0556082362789792 -0.0125299139392949 0.0475320712492324 0.0035178368720177 -0.0180426355352002 0.0590638833733388
FR17 -0.0279375114434769 -0.06030368800913 0.10998729598465 -0.0744469866288124 -0.0154535481802357 -0.00566180244541712 -0.0145375655112632
FR19 0.0527112677360312 0.0331266757912505 -0.109673299923847 -0.0545458740769861 -0.106082967013773 0.00776771250103706 0.0371063190901391
FR20 -0.139903338346094 0.0693715862284819 0.0303817220238814 -0.0119386453095064 -0.0415682234384117 -0.0348574132892146 0.0934587762673915
FY01 -0.0118948575993029 -0.039668802097864 0.0638612831008831 -0.0617394778256604 0.0597684077837804 -0.0126874392910008 0.05696313944634
FY04 0.057129286554471 0.113962145956362 -0.0440527464264249 0.12759156438596 0.140512904838026 -0.0518805110689537 -0.00362391869741001
FY05 0.0219953323546429 0.102389608508291 -0.0169371817549364 -0.125679775829924 -0.0239018747403202 0.137695296248929 -0.00319702540222527
FY06 0.0397319921081248 0.114820339768217 0.0467019639365613 -0.057974575920021 -0.0731631619756576 -0.00676746849204283 -0.00320725724540336
FY07 0.0338539009993278 0.0355728744516191 0.0425091917234095 0.131197837818955 -0.113824677303181 -0.0363066976272631 -0.0398574218933727
FY10 -0.00905570547775678 0.0934272634670732 0.0969957750281535 -0.0801773273640169 -0.154699407494803 -0.0491655354090961 0.0346874023458924
FY12 -0.0852319924273641 -0.0624857549200075 -0.0326111323235153 0.072152850802045 -0.0492253745003995 -0.055745123456224 -0.18254767925122
FY13 0.123075860637492 0.0893221408613187 0.0254583330139493 -0.088798279390033 0.172756721099718 0.00296251736710883 -0.0683270574289134
FY14 -0.0560603851990402 0.0199978681776079 -0.0226872945725411 0.0667713315812191 -0.0754469555101965 -0.00773101814036298 -0.122579287471512
FY15 -0.12094981207275 -0.0438736590408312 -0.0333646415652816 -0.0439026342034803 0.0593222044919504 0.0606842159825473 -0.0615674038214305
HH02 0.19022654522164 -0.053019262906 -0.109589876941566 0.0393988027508289 0.0434462971155113 -0.082688085312298 -0.0444097492629351
HH03 0.00514214264918453 -0.0179034717749669 -0.054983075428788 -0.0282725992721301 0.0573784769895702 -0.0337769806420361 -0.0253407359302888
HH04 0.0665809631751156 -0.101259318478605 0.0595404072027773 -0.00997121693102042 0.0571556742586551 0.00780611093806428 -0.0874607359083545
HH05 -0.0259222615512032 0.0195094753623931 0.056640695697088 -0.0556890193408603 0.0361944889421913 0.0652242947391583 0.0934121991227983
HH07 0.0286567320943494 -0.000912164304342422 0.111236863557807 -0.0094179150951414 -0.0399666508319168 -0.0215576740566627 0.0494866536661552
HH08 0.0577263103808453 0.0157854509459964 0.0223175685719079 0.0648967992497338 0.0117182589311026 0.0333558434473143 -0.0263365877207435
HH09 -0.0624258058979825 -0.0101861874150144 -0.0281083861109032 -0.114984082546128 -0.00187155598065249 0.0289302798231915 -0.0411409249246982
HH10 0.0375550303856242 -0.0459655088173217 -0.222800646550469 -0.0207438239495569 0.0133511253359832 0.0128285249996861 0.047577651887414
HH11 0.0609115862668079 0.0236531470031197 0.0448404889033381 -0.0639646155102875 0.0756233852537465 -0.0624868817264559 0.0876822562484214
HH12 -0.0126594138889107 0.00191495700761769 -0.0378348019929774 -0.0574144803209679 0.0722547894819859 0.111123590878922 0.0475642474124298
HH13 0.0475759560509587 0.0630224688440459 0.0127704802085548 -0.0342405412438333 -0.0309501611015573 -0.103320373823706 0.0782951672499353
HH16 0.00384606295455654 0.0438180508979412 -0.065590324938112 -0.0295612303841932 -0.122016792813204 0.0469230012339084 0.00841438827872984
HH18 0.0469397631432213 -0.0977092083343895 0.0855529013831291 0.0411437435992848 -0.016560530429821 -0.0211185395249643 0.0202706821614814
JB02 0.0346997030221488 -0.105524303837017 -0.144540874490235 0.0296966230635684 0.093274382183211 -0.0995714437203916 -0.109136164405701
JB03 0.0337533368183102 0.110879761311143 0.157613335624946 0.069503163639136 0.00170653732314631 0.0327045850144563 -0.0669593253544244
JB04 0.0819573862367139 0.0799113151386729 0.00697782432107078 -0.0228095848080401 -0.0808281524988855 0.0949388212480705 0.0302136367870408
JB05 0.0606733336125698 0.0804823317402586 -0.207294967176325 -0.0137037227130788 0.152872665895632 0.0509329453442255 -0.00199649213699519
JB07 -0.0218443237015589 -0.0292865523125072 0.0278339560197773 0.0335285124741145 -0.0399848374280753 0.0389373735382213 0.0144907102052959
JB10 0.12049054137398 0.0312111916830892 0.0524667464342221 0.0496274955045644 -0.0271112323539041 0.00406802891816866 -0.098302819424862
JB13 -0.0519040313859068 -0.0341441751434659 0.0168275568827321 -0.0768146020566308 -0.0602529303059989 0.154501804743656 0.00524951481494894
JB15 -0.0426804183564143 0.173182096887171 0.0715106308526977 -0.0318262730004298 0.10729275704714 -0.00755816600809006 -0.0206692040978132
JB16 -0.0702708440514218 -0.0199662001019548 0.0352441468956908 0.0106658377401007 0.0147258804844537 -0.0235321106931629 -0.0673871187457021
JB17 0.103901807933759 0.124213419320743 0.0920605732391992 0.00010141269416601 -0.00550399330376041 -0.123423771947709 -0.141831099271509
NB01 -0.0293199498422437 0.0392691832593553 0.000256730147365528 -0.00316330100261821 0.0909679518612929 0.0167816254898524 0.137304067177835
NB02 -0.0787871017351932 0.0318112677857305 0.0288364586724165 -0.0218303479855398 -0.0120875001103141 0.188105325545151 0.0260057513574196
NB03 0.0541309451615916 -0.0858784050653397 0.101535978898555 0.0744128045092511 -0.0185370135979098 0.0345089416274278 0.0564223165690192
NB04 0.011249041159689 0.00434526612834001 0.0119670167141076 -0.00755238996536728 0.00520539046656522 -0.0904322326155847 0.0627651465708309
NB05 -0.0829114478664481 -0.0480512766484461 -0.0121892710405913 -0.0958118228820753 -0.136090172020384 0.0666210806146626 0.0432852581953676
NB06 -0.00768895912779331 -0.0621522446761823 0.0838567811820295 -0.0579813346007735 0.0595456474019577 0.0721832114647707 0.0412823105725407
NB07 0.113971760081098 -0.062894801947699 0.0430636461315224 -0.0449195542662146 0.0154025489960287 0.0548122540354385 -0.0295089488923399
NB10 0.228750251719027 -0.0317207307325858 0.00506845993340304 -0.0131272824469738 -0.0853680328768681 -0.0458471012593117 0.0051700534398261
NB12 0.0330264021696046 -0.100736238056784 -0.0610674556953204 0.0101980631163434 0.065746676437153 -0.0106958692519316 0.181499132345353
NB13 0.0156702683342372 -0.0742703319281975 0.106249835491832 0.0836121252395137 0.023065648043452 0.0245812785783651 0.0672785233746703
NB14 -0.0653424231016184 -0.117303793466346 -0.127487137598049 0.0190789442153957 0.00869937260919244 0.102333243108548 0.042084512014308
NB15 -0.0426663043420687 -0.000721528588564463 0.0049386208715972 0.014543094973321 -0.0523977865067592 -0.00709192559572376 0.0374080713041518
NB16 -0.133405194348612 0.0332125614792714 0.000754159215547512 0.0344111242012015 -0.0674449898636727 -0.0590576701370504 0.0560778742134075
NB17 -0.00958477189005417 0.0611354089621062 -0.00574096306547515 -0.0585964759841244 -0.088940791448013 0.0214676124505496 0.00419775011043599
PA01 -0.0323845370856915 0.12263917907078 0.0535845078985459 0.103042953051061 0.0419068226383526 0.00482013341363772 -0.0289286043457152
PA02 0.0473480533809442 0.118725072037477 -0.0292482087825465 0.107158391622352 0.0799851406856892 -0.0560051066962993 -0.0881807699799605
PA03 -0.0571045854793062 0.0192963527379092 -0.00851176689496192 0.0129056594188329 0.0819259807129114 -0.0326388935133312 0.154387224307435
PA05 -0.0922087352700818 -0.0231569141033012 -0.0376256459347615 -0.0279467257196244 0.0958218202710096 -0.0439116742432778 -0.0734249157288855
PA07 0.100663509008019 -0.0577945649194191 -0.0502538787265679 -0.0228858025437656 -0.0657410654048777 0.0633205945067862 -0.0103639423465547
PA08 -0.0865858655522928 0.00555994104996481 -0.0240998480676077 -0.0898739132125351 0.0277976128497806 0.0130166551524895 -0.00472204203886721
PA09 0.0944625323691043 0.0308212197703255 0.0403414013458682 0.108224759062409 -0.133846656996279 -0.179794734735881 0.0211665694280314
PA10 -0.0427942632978298 0.0215513712338786 0.0752092897439315 0.0373213250414374 0.139562013215033 0.0207917783979903 0.0881281806014571
PA11 0.151195383675927 -0.00065161704668648 0.00534001362973992 0.00273415385124195 0.105754444537433 0.0276464902808922 0.0436666326848193
PA12 0.00715548716504503 -0.02854752314175 0.088352528808054 -0.0606760185284185 0.0208987401627207 0.0795631185998241 0.0748288824543073
PA13 0.00293667424189591 0.0216847947158962 0.0506917626116559 -0.184429361610192 0.0028945879341752 0.000451663134789965 -0.0118533504481113
PA14 -0.0885778000167305 -0.0253482115549134 0.0680943581996344 -0.15219493495124 -0.0701264186346683 -0.0393073847720585 -0.033010352339216
PA15 -0.00993853398652971 -0.0251263272697433 -0.213083376333102 0.0269839440957795 0.041612934310891 -0.0599034827526891 -0.0473320069631474
PA17 -0.00821087971670765 -0.053877517219456 -0.0160600168153467 -0.0721090317418996 0.0405455302639607 -0.0553142960437935 0.127967142265363
PA18 0.0460770209215985 0.0509199757732829 -0.138198654914337 0.0682035317033136 -0.0722362657260973 -0.101787081384042 0.00206136405366107
PA20 -0.0642637848620057 -0.0524545667094646 0.0823687629032326 0.0514721746913648 -0.0151802927367159 0.00360466118088629 -0.0798456486120833
PA21 -0.019494996180345 -0.105792330282328 0.00181519939774722 -0.0618544594953476 -0.0536574419571284 -0.0259032043853935 0.0624193612655322
PA22 -0.0222157656490999 -0.098582558916128 0.0750839358004009 0.0285583809534641 -0.0563672164056351 -0.0764126533842432 -0.0519512740544412
PA23 -0.0136291090324175 -0.00664128422198735 -0.0677178232845318 0.0427324590404678 0.0678565844649756 -0.0604338287274781 0.176303078049616
PA24 -0.0350705176688612 -0.0711176538806843 -0.100861541490609 -0.0422060846334437 0.0278969802939203 0.112024414346451 0.0116832489056313
PA25 0.0236837681504024 -0.0101430640083779 0.0553284221586116 -0.160857547191137 0.0683405906070016 0.00737586140750886 -0.0105587880840231
PA26 0.0100137592038855 -0.0223973925846895 0.048702298555295 0.0429129673710988 -0.0557192938858858 -0.0798961871656088 -0.164349371811233
PA27 0.102693970937542 -0.054606517671242 -0.0737750025615252 -0.0889462336292597 0.00161914463193618 -0.0462992908666939 -0.0113563068471197
RB01 -0.0525501648087012 0.114920944974634 -0.0414263915291633 -0.136791156119722 0.125642474805265 0.0183563391471615 0.0418668263448448
RB02 0.0884354800571651 -0.0496256706274115 -0.0492783397280024 -0.118813073010451 -0.00737590590690678 -0.0899264265347585 -0.0644421992663601
RB03 -0.0212424949980079 0.0556224583555128 -0.00941313777163323 -0.112325432058691 0.110708225438286 -0.142781437015553 -0.0795900788052927
RB04 -0.0149942167177661 0.0817392640001608 -0.0153920748818189 -0.0171409156386735 0.0609273264060339 -0.0291075182744364 -0.137941961101209
RB06 0.0162795955652598 0.143071212373895 0.0285521076563869 0.0247587680035885 -0.120706296711691 -0.0122306040568577 -0.0217433097163809
RB07 -0.031346054907408 -0.0567174111864073 -0.117761256376861 0.0890522732378452 -0.0143526164574614 -0.0545450081155967 -0.111223136089546
RB08 -0.0695040319101546 0.0589007353497546 -0.00581598982393155 0.0717021623285955 -0.0130499980109186 -0.123108742232436 0.0502307124243158
RB09 -0.040793767105029 0.00603762706448831 0.0824641407325839 0.0723899894718363 -0.0832648891922476 -0.114326076150551 -0.175660843855051
RB10 0.0164164935022594 0.063624819248663 -0.0631485596496331 -0.134864683833382 -0.185840468504654 -0.0149082799471779 -0.0411238865173993
RB12 -0.0448183395746059 0.0674270859000505 -0.169868218771566 -0.0516112135000612 -0.0786997801671166 0.0145760208673594 0.0658640398769533
RB13 -0.0541547081516254 0.0920474587251838 0.0509639726947401 -0.00113340370952259 -0.0746775208100538 -0.102483820858867 0.124789661741336
RB14 -0.0342006508138682 -0.016139032570821 -0.0306462950197856 0.0046451506958877 0.00130495535630187 0.0170162772831463 0.0309380250960621
RB15 0.0518338883004583 -0.00665804647871402 0.00533245992340965 0.0925100725133381 -0.116074841605987 -0.108056112800221 0.0871776696715388
RB16 -0.0484885915544586 0.102198717110474 0.0150280177298824 -0.0700352622163342 -0.015288154298663 0.0429431126304025 0.0133213271909183
RB17 0.0555794775117202 -0.0576173335968777 0.0381177661996721 0.12818805042215 -0.0530087862637229 -0.0349675946623392 -0.0740295163882016
RB19 -0.0358989409202658 0.191707276565935 0.0790228903743545 0.0162209242799797 -0.045292254258935 0.0103333206583833 0.174080587158479
RB20 0.0307723597010412 0.0565547735947429 -0.00658281617560829 0.00882806758989206 0.0394074357353996 0.0681116890976665 0.0925858451304491
RL01 0.15189952280561 0.0208093063607279 -0.0443118675318793 0.0531115594518538 -0.157307974646869 0.0304897432201342 0.0720169933713672
RL02 -0.0117914071704608 0.0798154339296156 -0.108238411881542 0.0101687256277325 -0.0369452913224799 -0.00945391989310433 -0.0588327654003445
RL03 -0.105271024962221 0.0865085488684657 0.000528526406688976 0.0112087738466115 -0.0388132308895541 0.0479139950181773 0.0244231047469514
RL04 -0.0323237298579198 0.0516758970678232 0.0672659549964442 -0.0571650867791878 0.090236403841195 -0.0165289043608394 -0.027690067278731
RL07 -0.00906984043446231 0.06341254547585 0.0797792377714188 0.0435401074907246 0.0180973408833914 -0.0120684927136554 -0.0576570290752643
RL09 -0.0462948055914492 -0.0418749283763614 -0.0319546333662973 -0.00423319589678128 0.0553040809996962 -0.0848261302406081 -0.142362773470739
RL10 -0.00627705713222643 0.144444664577995 0.0917906760466656 -0.0707533363776637 0.0873183000829592 -0.00894731788916679 0.00190594941568572
RL11 -0.0914838628316211 0.132964132539264 -0.0890821850495904 0.00138170506261108 0.0822130648847514 -0.102081104920999 -0.0479070966831212
RL13 0.0635777420407232 0.136759911865147 0.0574244331807982 -0.0242381679501107 0.11369869496611 0.0308519141161569 -0.0612038534739893
RL15 -0.132698044997041 0.134583621673447 -0.0370357235407172 0.0583660723838894 0.0299207771667462 -0.0279594593724855 -0.137752100128268
RL17 0.0162294463600843 0.0176788563086584 -0.0477339707536991 -0.106310670052058 0.0149827502429149 -0.0486441895539149 -0.0915239945303275
RL18 0.219454897350951 -0.0388425997961795 -0.0196092377938696 -0.0116000202988362 0.0266453654631375 0.0944926042582735 -0.02665241877288
RL21 -0.0649504423233639 -0.0325669893236053 0.0311289986724168 -0.00231915398867806 0.0851801956594207 -0.0776156050730122 -0.00616517694337196
RL22 0.0720635462243767 0.176814610464407 0.0242642084556122 0.248427606981733 -0.0384170355375483 0.369232587005432 -0.183232269564504
RL23 0.00217842668206212 0.156372357623989 0.0219107283371266 0.0318062226644562 0.0932731032092877 -0.077135842209996 -0.0448658679280431
TR02 -0.0652993771698433 -0.0123452244358571 0.0403204738512427 -0.0529465862173841 -0.0150397518719046 -0.0107364515034658 0.0284429020403872
TR04 -0.103420935587996 0.0220801565945837 -0.065352774064504 0.104510026528215 0.0355054845640368 -0.122467855292481 0.00779214236396671
TR05 -0.00878309205605196 -0.116496262776105 0.0489956497987186 -0.0230434745455156 -0.116145495059593 -0.104049123143412 -0.0180656118321225
TR06 -0.100539748493956 -0.202779097005207 -0.0709000855197922 -0.0118996560863698 0.0588992802751483 0.0364310505436964 -0.0508431273966694
TR07 0.00577521214793119 0.0139235198336074 0.0795813689710847 -0.123304881684527 -0.107803255344546 0.00906010013591805 -0.0930408251224277
TR08 0.0356840843868068 -0.0113162274300239 0.0205731134050684 -0.0893015929820927 -0.0362958801962679 -0.141443438407344 -0.0142402466711542
TR09 -0.119013167411435 0.0425810741679118 0.0568697902798906 -0.0141530259039739 0.010645286885087 -0.0995471066113256 0.0761705804339732
TR10 -0.0792795673271425 -0.0582851525668885 0.0577950953617192 -0.165422348666376 -0.0206042638441682 0.0102511938467378 -0.0179639057726669
TR11 -0.0715760046251472 -0.0113285451691623 0.0519678569984314 -0.0199213758028153 -0.0792947618404192 8.96563589695082e-05 0.0292124337826425
TR12 -0.0105865436261233 0.000637606724071761 -0.0198116276693821 -0.0164596218187864 0.145610433559396 -0.0210902306590447 -0.103700384194772
TR13 -0.031525091482623 -0.10138904105738 -0.103573427138635 0.0629280565904382 0.169105034283028 0.0377746513584275 0.079545293346548
TR15 0.0403797333316316 0.0486747304769364 -0.0469936672077258 -0.15944482796253 -0.0798644626907095 -0.00404144824367261 -0.0230760382282357
TR16 0.0469287213461128 0.128297070106221 -0.0805994667873651 -0.00630571842237181 -0.0584001257455491 -0.0605900400302521 0.0277456314407569
TR17 0.0337502807498779 0.0765090191939102 0.124937425394904 0.0453756881808607 -0.0585910476163647 0.0855663228937602 0.0896750332826095
