sample MDS1 MDS2 MDS3 MDS4 MDS5 MDS6 MDS7
AN03 -0.00638048693013538 -0.0461074457011971 0.0592422462176549 -0.00926098946758692 -0.0100280214573265 0.0447707684650315 -0.0381175903130444
AN04 0.0550048629936463 0.0199092305235379 -0.0363697322700375 -0.0162415384974713 -0.00856089403700308 0.0592593572902115 -0.0717614466786919
CS01 0.0697030380933032 0.0029029305867333 -0.0504209131248177 0.0351082079140416 -0.142857783766766 0.162521337587279 0.0110406545563265
CS02 0.0736034098900818 -0.0133839028533449 0.0522583417062407 -0.0574489380108254 0.103349109880745 -0.0274760110602817 0.0483345629375143
CS03 0.0591769429836797 -0.0483561030894413 0.018814840725223 0.0173188994488596 0.0417999785174082 0.0141238611123378 -0.031642481233169
CS04 0.0231480019919122 -0.0327581000460079 0.016380551808231 0.0174221633975266 0.00738144418770542 0.122130684326468 -0.0230876725429114
CS07 -0.0592296785986655 -0.0292679531321008 0.123318601683077 0.13904286158262 -0.0234613385900612 -0.104680610291375 -0.0778030755682794
CS08 0.111577260279422 -0.388889478249146 -0.0319940684495116 -0.0144708425552357 0.0550463845045327 -0.0112283876660694 0.0832572960132072
CS09 0.0585009606425886 0.0134064009900131 -0.0608122487256562 -0.0700314384426797 -0.113593245529152 0.0335179459065055 -0.0175586001602124
CS10 -0.0137566254022436 0.0438932568517241 0.0377568445058742 0.0359230185276507 0.0567121354636202 -0.0599697848929996 0.0379229477223429
CS11 0.0982679332859185 0.0601980484287681 0.0123773753375021 -0.026426633180672 0.0620454096013745 -0.113915688611441 -0.0708484169900897
CS12 -0.0626790563002914 -0.0389924745986528 0.0117717671646556 -0.0152852440867349 0.0596553091444988 -0.0681883690859196 -0.0518693381563368
CS14 0.0255212029412093 0.0425120880044224 0.0370607995204059 -0.0220180520826845 -0.0563227527698312 -0.0479856989533286 0.0481800633696233
CS15 0.0516984740323921 -0.026725640511896 0.0903962578158883 -0.00745909697763521 0.0549180924634317 0.0948987996892005 -0.0852819021135061
CS16 0.0488556859555993 0.0256317895389246 0.110922158361383 -0.107933558948991 -0.0231691685027503 -0.0586602450128729 -0.0638628495197659
CS17 0.129746069431058 -0.0283162467201646 0.00431798042688735 -0.00240767775044945 -0.0579357968753156 0.0270474583199538 0.134508464839646
CS18 0.0111470234653932 -0.0165444677989254 0.10420557944758 -0.0862890795337955 -0.0523204027157431 0.0224216578211544 0.0197314147362586
DK01 0.034644626389204 0.0703704648391918 0.002439259685549 -0.0521805169615059 0.0116936290483949 0.0230515012307713 -0.0398864588623069
DK02 -0.0522352970437791 0.0402817831953234 0.0494852803867305 0.0536092422194427 -0.0402508256535458 0.0268777350881378 0.067184490841467
DK03 -0.0838639388718489 -0.0325965147028976 0.136669763555939 0.0893681362630288 -0.0262050357054624 0.0180536982973604 0.00197052208285922
DK04 0.0627019645981711 -0.097309175825724 0.122766424734837 -0.10385570601051 0.0165095457089286 0.138652503952028 0.0209436513849017
DK05 0.0747938564830323 -0.541591093975453 -0.00799925222087542 -0.0953285544386064 0.0339945775085483 -0.0487531147528264 0.110444848600545
DK06 0.0186100291659169 -0.0416080989857784 -0.0561272657113089 -0.0762928778187374 0.00198988226597741 -0.0610565969308198 0.122868968871889
DK07 -0.0602423353504991 0.0427539904996474 0.00945042173979927 -0.0927793913752498 0.033705522333984 -0.0569053896602695 0.0893181203622181
DK08 -0.114375475540144 -0.0265784373875906 0.0240966969354334 0.0295915445481751 0.0560137400694715 0.0506916357178755 -0.0130212366304145
DK09 0.0183355309840535 0.0194890656328063 0.0163135317761648 -0.00961938604708254 0.033752943905759 -0.027588738835247 0.0316314710545141
DK10 -0.222903169953833 0.025359720030193 -0.0224900742609637 0.017063519918342 0.0610133665368915 0.0471717674841408 0.0541037568968674
DK11 0.0819208923047252 -0.0105298472419512 0.0617141465999997 -0.155552105188058 -0.0561496622979811 0.0135602650095758 -0.0575314654443212
DK12 0.0755795621186105 -0.0394796787848241 -0.00553909559837859 -0.0377350487111465 -0.051045792456102 0.0481470627324832 -0.0626514790055116
DK13 0.0320552564335336 0.0405364710108074 0.0268338868290114 0.0159808075471994 -0.105581483688674 -0.0464473497812251 -0.0208783985806311
DK14 -0.0708696428794867 0.0518832657153353 -0.0321392773556261 -0.0291338654755622 -0.158113455966458 -0.0703850114647062 -0.0805956460152653
DK15 0.122511221196233 -0.0434845367806303 0.0714253227398453 -0.022588961759683 0.0601445685517626 0.0167417518553327 -0.0251017072075046
DK17 -0.0657136004189364 0.111124258121975 0.0746963117173475 -0.00666902349320449 0.00427505691833651 0.00799227820691184 -0.0784605919104027
DK20 0.0577168704115612 0.0108457782020118 -0.0388820588899772 -0.137178372051856 -0.0772905389792275 -0.0212627124924355 -0.00799668853651883
DK21 -0.0455252948337981 0.0526301335271095 0.125221101547981 0.033796670889042 0.153446262565375 -0.0219392874178255 0.0639450960936327
DK22 -0.0585943995794338 0.0538557468149033 -0.0317176939881266 -0.126614667377473 0.132494540481778 -0.0544449915426205 0.00650900083647218
DK24 -0.0342909040686899 -0.0986169996103661 0.0217171070501692 0.033832808016865 -0.189160160115237 0.0547287825834918 -0.105063371804973
DK25 0.0199700228592364 -0.0532378143946816 0.0075543397518159 -0.0770300209686176 0.0761988120102765 0.051849550321194 0.0261995412479212
DK27 -0.0828573359452852 -0.0301886635144761 0.15799373017916 -0.00284978971574582 -0.0190904415655685 0.00487313019949355 0.117133531611584
DK28 -0.168571932968719 0.00745498612503534 -0.0665132800068711 -0.0610055352637153 0.105693397983019 0.00162813234684183 -0.00641773981954425
DK29 0.0820897349149657 0.0143983049362341 0.0178051071191133 -0.0315137468886098 -0.0844989344231551 0.132436566416098 -0.0735261170951583
DK30 -0.152890439070002 0.0540274824925498 -0.0085713294400741 -0.134019301114306 -0.103234357605906 -0.0151064853308282 0.136742370167209
DK31 0.0474694488078229 -0.0366264831489965 0.136885015362816 0.0786234417925071 0.0108748178461081 -0.0561114736607969 -0.0261756403797178
DK32 0.0101931284962755 0.101383264196115 0.0359691460065446 -0.0189553423121663 -0.0573009135862789 0.070163175175822 -0.0321216818930425
DK33 -0.0934698629642693 -0.0550025252536613 0.100423034613826 -0.0449034061876855 -0.174460472696479 0.131239292697816 -0.0637601303893058
DK34 -0.0656678832674932 0.0309470943046162 0.120432612242174 0.0458381523153243 0.0768107688738503 -0.0192690616031289 -0.0893075332342773
DK35 0.0488662207747055 -0.0258045010353163 0.151342336146281 0.0118982232745426 0.00887271191272263 0.0455004198116713 -0.0793702509494588
DK36 0.0634233649756433 0.0439739486321381 0.064404542960486 0.0674930008369906 -0.0774655213924271 0.0210040080260605 -0.0892981672309229
DK37 0.00254685652586407 -0.0181321720421898 -0.0255182249469493 -0.116979576085541 0.169103017316596 0.235575117954628 -0.176467375580673
DK38 -0.0166777948771078 -0.0159123259437817 0.0511212794159536 -0.220053941953935 -0.0688121431028017 -0.0681683543974098 -0.0513323230672113
DK39 -0.014868128623219 -0.00123981900660324 0.136986213334934 0.0642336684973012 -0.0858451230168612 -0.0125837502569296 0.0113419127718592
FR01 -0.0821127089333988 0.142160024637566 -0.0846982337560513 -0.0674883154307055 -0.0625373723382657 0.0782626123756001 0.15060903580541
FR03 -0.012587163005594 0.0958445478980066 0.113100373239988 0.0552557468873006 0.0484947085422424 0.0124544633605057 0.0792324941378159
FR04 -0.0781047598572012 -0.0552915971113363 -0.0214610638474127 0.138126202788564 -0.145666906497178 0.124706828185543 -0.119274066774929
FR05 -0.0899705352966684 -0.0882967825937773 -0.08832735042 0.143340092273041 0.0550408193059691 -0.116972465963288 -0.0632562335266034
FR06 0.0532783588750594 -0.0101260984489063 -0.0221566944761154 0.16335586773912 0.0708739499926985 0.0559778989716144 -0.0627078416213894
FR07 -0.139401974602142 -0.151171339294627 -0.0215827880499923 0.169715121395788 -0.0202655941174743 0.00780796895731564 0.0249176269470793
FR10 -0.0442140521031933 0.0308081897635717 -0.0261715418345761 -0.0155756530097626 0.0460631496347755 -0.089407207044218 0.098205819415993
FR12 0.041314376878089 -0.0213826939025405 -0.0782944901620214 0.0453150741315271 -0.0493916466515421 0.0875807036073186 -0.00529991593362643
FR13 -0.0308920193014222 -0.0821842703863768 0.097480286357929 0.129258289640171 -0.0122671582333531 -0.127525170989859 -0.0328003108323662
FR16 -0.170762164708823 -0.0666217920701812 0.0255229472519361 -0.00105057489221644 -0.0280574961748283 -0.020479440690515 0.00954645352306582
FR17 0.012602578144586 0.0686147885531375 0.0351261175585033 0.116416771235283 0.0624258506500093 -0.0736995537422089 -0.0789169862279749
FR19 -0.0555685724441055 0.036316493019692 -0.000879382639633391 -0.162173135068007 0.0493201040508851 -0.0784090064466729 0.00879006983240619
FR20 0.103121233991146 0.0808702370811712 -0.0422509091550204 -0.0052947370808815 -0.00971608516883925 0.0237876046105065 -0.0334483040629696
FY01 0.0191114188966943 0.0656182682266603 0.0179487918840978 0.111603830365154 0.0223808036186598 0.0261975489842796 -0.0331748248636178
FY02 0.0715184064262067 0.0748190560434093 0.0595415726385726 0.0243581676478465 -0.0233444005781565 -0.0139854315679764 -0.0348784170999935
FY04 -0.00882625876088429 -0.104532793481708 -0.123901376208946 -0.00371762582846865 -0.0829677555083926 0.124386048776321 0.0794330902541072
FY05 -0.0180397190166061 0.0141696464073934 -0.0861790375482194 -0.0630214881729262 0.14646105838227 -0.00950308661914075 0.0357410359297591
FY06 -0.0210405988844988 -0.012755621799387 -0.119241343674435 -0.02693290100205 0.0467786625504136 -0.0726044773304263 -0.0458999641609025
FY07 -0.0319797368032393 -0.117949319176946 -0.0499890110603097 -0.0549139388806404 -0.0774137985283547 -0.0533980924292978 -0.0931219188887671
FY09 0.00183539363741443 0.0529797067897904 -0.018440525017925 -0.110189820866424 -0.0749382351334665 0.0477220390799753 0.0328015507519914
FY10 -0.0023920707385181 0.0558865599491855 -0.0860758635466192 -0.0253821016365522 0.0453595679334059 -0.118682300501646 -0.148065646930614
FY11 -0.101794442521245 0.0153219435060395 0.0416504927238741 0.0259151157008547 -0.062936932738383 -0.00592748345458726 0.0700800582413583
FY12 0.0811566778427559 -0.0532975557440279 0.0758292021712755 -0.0481752040246159 -0.0592213985065291 -0.102524889560515 0.0384769604199693
FY13 -0.0806912769545168 0.106112729362106 -0.114988910768202 0.157956923606209 0.0938822387649813 0.0713234259823974 0.0612845186460519
FY14 0.0555006131988754 0.0372986336572377 -0.00788314142142057 -0.0589835217355074 -0.0402742870790704 -0.0470117163536872 -0.0391586710102517
FY15 0.0712780224820279 0.0396191821849891 0.0740923444272497 0.00778236935820187 0.0482306344095744 0.0953304635731564 0.026176504620554
FY16 0.00969143703116806 0.0767986019307222 -0.0445633074681117 -0.0248745814483982 -0.00237228841445955 -0.0712495454876377 -0.0494356705787145
FY18 -0.0342260878985307 -0.0284379193263161 0.0342234977653835 -0.0173485822095825 0.143450014211493 0.0630426888470134 -0.0500688949255794
HH01 0.12750128677524 -0.0195566471064373 -0.0796947167351284 0.133986134265254 -0.0974987255036125 -0.00624869127223511 0.126965512971383
HH02 -0.165996519489079 -0.00463259208218482 0.00274408738063433 0.00718345525938285 -0.131023893611105 -0.00989354730676264 0.100651426932067
HH03 -0.00336368966361675 0.0321656518133756 7.6738756838611e-06 0.0324178506092318 -0.0188311229659677 0.0196008501740133 0.0926122537460028
HH04 -0.0669221004910903 0.018350233513047 0.0773828174476465 0.120442134140276 -0.0155290257910541 0.00146345541625289 0.0483859152256562
HH05 0.0264722747104792 0.00183218540476792 0.00440773477449848 0.0339246676008492 0.0818891497419238 0.0521533822318563 -0.0471573138444738
HH09 0.0696663218034573 -0.000298693896210633 0.0238979791264824 -0.00985822113622784 0.0715908044891101 -0.0619915907197869 0.092049233009193
HH10 -0.0825570383518794 0.0354198056114274 0.0726115605547321 -0.132664978258663 -0.0164513548097094 0.0410994650597138 0.144386246416861
HH11 -0.0444623221242537 0.0541419904384975 -0.045260080348068 0.110673295923256 -0.0102378844558416 0.0251358856302897 0.00762938950965158
HH12 -0.00537718192314441 0.0136806147753637 0.0274547944148982 -0.0179702249455886 0.0914119761364223 0.080131349829025 0.0849796822640499
HH13 -0.0317999581991882 0.00558382278163214 -0.0796726272186933 -0.0140163204054083 -0.00326859236326294 -0.0619960777256467 -0.0246058414850208
HH18 -0.0612439110520331 -0.00744016443880769 0.0885379404816581 0.0893504552426606 -0.0558422902316655 -0.0174547344641882 -0.060273701631214
JB03 -0.0354215365322774 -0.0404796919086247 -0.0930923138755852 0.0596146911362165 0.017423280395564 0.00657331281761935 -0.0890713353267147
JB04 -0.0650802682565547 0.0519573479903419 -0.0654786512478579 -0.0403035885209564 0.0686865662280673 -0.0429089400069159 -0.0905773666155274
JB07 -0.00977332192975496 -0.0267877041579268 0.0366405115821173 -0.000155528887638523 0.0269746896803688 0.0104741224795471 -0.0974291943827126
JB10 -0.098287270444574 -0.043260842256903 -0.0478270347189074 0.00363171475741319 -0.0235470620397635 -0.0462267773922023 -0.0376919130967387
JB13 0.0338498952317171 -0.0200720252090691 0.0796076755219561 -0.0442014329041858 0.126643832943785 -0.0162655701312242 -0.0321483823124236
JB15 0.0609360282999139 0.00937650665882046 -0.161226625286226 0.0822507070291639 0.0512520168083321 0.0757214238325134 0.00620607808719834
JB16 0.0923349530779807 -0.029969576384624 -0.0013400012608238 0.037016065281058 0.00396232215237336 -0.0407304306755795 0.0297682542487813
JB17 -0.0655805521324658 -0.00854478194532934 -0.174866675416868 0.10235725385811 -0.0522394962178193 -0.0972121202460226 0.0138393585232804
NB01 0.0224483802157592 0.0452876352350259 -0.0413356805231475 0.0250911555306273 0.0112584813506672 0.152499941519231 0.00397771202918574
NB02 0.0367617640667598 0.0265151620956059 0.0377007944075239 -0.0535022238886057 0.140647293828427 0.0716656189761631 -0.108750229979706
NB03 -0.0188402868642467 0.0112798720112555 0.0433631647090449 0.0792933670134889 -0.023991111366052 -0.00872787528941575 -0.187366018672993
NB04 0.00685765356966058 -0.011554299924811 -0.0269784782761564 0.0477280300206115 -0.040166669109657 -0.0392904286136669 -0.00403901195619834
NB05 0.0596008493938118 0.0309388301174159 0.0752164598995662 -0.0757261940127245 0.0970395780774125 -0.0868263484001894 -0.0846848439496359
NB06 -0.00351663048439935 0.0657198167615927 0.0768553088983748 0.10452263893828 0.0624981107148684 0.0181718208698288 -0.0390281398217199
NB10 -0.186488181252242 0.0142928202596942 -0.0312867441808038 0.0377517609842597 -0.0615243095240764 -0.154366542583137 0.00316070629669535
NB11 0.00923658960849558 -0.0529372199462113 0.0317458732249531 -0.0651457110531378 0.116176085912934 -0.0672233128927871 -0.0521684751490478
NB12 -0.0261954942772179 0.0514224026018013 0.0841129083521368 0.0262132773557995 -0.0464702509112403 0.0735305747662214 0.0184163379195272
NB13 -0.0233508187406244 -0.0165834346875552 0.0644299193086556 0.0822706436471303 -0.0537644665538947 0.052793841908487 -0.117580128234629
NB14 0.00453103658387198 0.049999747808331 0.157433868217235 -0.0852912799210619 0.0209765852621719 0.0839301968947892 0.0550564531076651
NB15 0.0433119010946153 0.0515198359179908 0.0310880467534544 -0.0598771753630001 -0.024682384651407 -0.025189012932464 -0.0967201951304456
NB16 0.130263361364875 0.0243804288217473 -0.0167718435633417 -0.0506438344872676 -0.0485273950736436 -0.0237066858558898 -0.0537618420680998
NB17 -0.00943932720640582 0.0155186386508529 -0.0492352899468212 -0.0511220461654435 0.0559905202454629 -0.0584092753609004 -0.0150190298562643
PA01 0.0516572495448806 -0.100030032813699 -0.102987746939842 -0.0107481490129868 -0.0214438138818135 0.0705110996367664 -0.029984995116396
PA05 0.102448588481547 0.0596294566317746 0.051626965591224 0.0651784211355637 -0.056590257391402 0.00990436671675267 0.109269055795159
PA07 -0.125001565486145 0.124446721725325 0.0536941289642858 -0.0275527149303111 0.0101559695200096 -0.0217115845382719 -0.046044029022492
PA08 0.0787668351188806 0.00925640563033709 -0.00527493552003382 0.0191119115204595 0.106385557268917 -0.00133385008185853 0.107955799703408
PA09 -0.0300523835683712 -0.0861558515501278 -0.0694073208963272 -0.0147525047692743 -0.172622186924687 -0.13880339232502 -0.105105263539763
PA10 0.0371019983660016 -0.0569562047446532 -0.0110192147257238 0.0853233174821586 0.0269910392398128 0.151139906218643 -0.0565935388614124
PA11 -0.16761035421716 -0.0142492448102141 -0.00371278983932963 0.0561337885968376 -0.000486255553857522 0.0683316266367267 0.0440203333450862
PA12 -0.0259447087401023 -0.0189912634289369 0.0370275766283969 0.0519895187956073 0.130330054557316 0.0079904937451357 -0.0204065379874284
PA13 0.0241510780999706 0.00414139192173905 -0.0352836398560839 0.0666366203298939 0.126770106467982 -0.082454404504408 0.0811316388433638
PA14 0.0896424019053928 -0.00392389080352397 0.0159442872087173 0.0622043567585733 0.0606110327173142 -0.135856384016421 0.0647948996568513
PA15 -0.0189972657708164 0.0505430288636755 0.058831117420917 -0.127574801106373 -0.0918883021588837 0.0497219848114247 0.164004072665613
PA17 0.0226905852234804 0.0722073810905592 0.0437408631750807 0.0457883951642412 -0.00753764849825839 0.00719667667350503 -0.023846355478772
PA18 -0.0580527125137996 0.00393982145637721 -0.0624078515679069 -0.140377599872014 -0.099178053455481 -0.0113116894754631 0.0691885983940379
PA19 -0.108523416830122 -0.120342132328562 0.142785555300995 -0.0415124914802698 0.0935001982793998 0.0260880469501677 0.0366950526839874
PA20 0.0594808455229453 -0.0742333946376233 0.0534124048367083 0.0417631634480282 0.00034305023400707 -0.00463974394219749 -0.0924232694464047
PA22 0.0516928826334417 -0.0875541078321007 0.0605031938211305 0.0547873326621792 -0.0722439453425947 -0.110664634721907 -0.00392212164678657
PA23 0.00105790132980057 0.0679450981115569 0.00747669105401033 -0.0264681231133467 -0.0316252806604264 0.0885823611476542 0.00775951018857937
PA24 -0.0256900485670353 -0.0597382427426754 0.123250507523238 -0.121986612516046 0.151733739605357 0.0901561044748515 0.0939367235369911
PA25 -0.00535106472751252 0.0359725912126392 0.0192824348996382 0.112005750802178 0.0806229560571395 -0.0399923897615667 0.0614716779515527
PA26 0.011107055110963 -0.0449030743385438 -0.00593387769852429 0.0421705251869776 -0.0562896785457057 -0.0982022523283196 -0.0361675786725679
RB01 0.052918574735704 0.0834473124813198 -0.092979466130803 0.0216583248872385 0.106222238917239 0.0805637272523605 0.113780423884883
RB02 -0.0678732869415802 0.00485491991645831 0.00908129969382106 0.0440991011587 0.0153976278634826 -0.103043740159928 0.160157336100252
RB03 0.0611106891203617 0.000926716566109345 -0.0614355866319381 0.0675315086188706 0.0441516320889207 -0.0356031950799721 0.151660449207065
RB04 0.0286108981774175 0.000181002078306065 -0.09794914672507 0.0213748113633043 0.0221375484574826 0.0321214615709844 0.0843436008098444
RB05 0.027029127574801 -0.0183477741925679 -0.0569561214437656 0.0455745239875921 -0.0684239366191858 -0.0649506889662394 0.0410788955673825
RB06 0.00579607635991366 -0.00695993126819261 -0.146418519132895 -0.0872185712501629 0.0124941778968358 -0.077584635955544 -0.0422343162994406
RB07 0.0160195947185666 0.0205020472989486 0.0754445653771628 -0.0887719861359562 -0.0967389482464897 0.00894345669541808 0.0429979735409148
RB08 0.0696296661393216 0.00658296541126488 -0.0458702095252862 -0.0395973251051504 -0.110193998199197 0.0178975017586402 -0.0241603831977977
RB09 0.0815971949913686 -0.0785648319915001 -0.0228480708865338 -0.00376719923606369 -0.0853025912206072 -0.134252550778028 -0.0164975943372899
RB10 0.00255582748340623 0.0472551135814322 -0.0529200613778 -0.131223401836148 0.0318270068223829 -0.170765065607594 0.0231682070394531
RB12 0.0294304245321243 0.150213566914893 -0.033918990304304 -0.120890011648141 -0.00978510954368261 0.0136778253357655 0.0570928640213207
RB13 0.0607514336648955 0.0520672883406184 -0.101220670825557 0.00636794017914594 -0.0437345167787405 -0.0322395590604569 -0.095942094875548
RB14 0.028044469362294 0.0259941842588926 0.026953998981892 -0.00654573371438022 0.0232036500016922 0.0292160967495894 -0.00931012442195992
RB15 -0.0309977356346924 -0.00895792740256294 -0.0177017810391338 -0.053689256505532 -0.1328060146221 -0.0775756297500574 -0.0708077486188591
RB16 0.0544506477829474 0.0496952317508974 -0.0704131860842365 -0.0406596568584459 0.0963596206723306 -0.0168483784887815 -0.0129158419311499
RB17 -0.0501104570015546 -0.138427629906624 0.0113729553892308 -0.031922676617856 -0.107401664682436 -0.0350794259968045 -0.020042338429451
RB19 0.0294553273442186 0.106669071095112 -0.170281757618651 -0.0208425998772796 -0.00138763416635238 0.0773781096356721 -0.153310111061629
RB20 -0.0393280408841667 0.00719849725649723 -0.0493872936629698 -0.0246366803164862 0.0537722377942956 0.10613263221553 -0.0515301698427214
RL01 -0.17448942696797 0.0249370280148799 -0.0318485704862918 -0.125095573832367 -0.0362579261427145 -0.0599048506122382 -0.0900827777093007
RL02 -0.0132697135496803 0.0317496145911354 -0.0607108630843882 -0.119230265958304 -0.0275433166194933 0.0127723856396281 0.0907172571589917
RL04 0.0685223094288996 -0.00630998465808045 -0.0746566145678193 0.117721685278636 0.0609974071895524 0.0350913213898428 0.0365838154001633
RL06 0.0784752410468914 0.0566905140648629 -0.0490722539139422 0.0662081221813849 0.07190228985905 0.0132357246641329 0.0811501685994067
RL07 0.0232916683507848 -0.0621919966880728 -0.0620847013643402 0.0194917716849123 0.0091431151775997 0.00946198437494178 -0.0222676115564308
RL09 0.0625096855262132 0.00831844645431622 0.0228692790626757 0.0588214217253494 -0.0479693041937704 -0.0229832298749231 0.090727662982348
RL10 0.0371442849459026 0.0519022989342281 -0.137052637492524 0.106227046916756 0.071886159950612 0.0503351138929369 0.00697212777143172
RL11 0.116772813617465 -0.00416938776648651 -0.125098780961944 -0.0348688887921631 -0.0659192924252778 0.03379439271303 0.151843451067509
RL12 0.0125555308618593 -0.102659264871766 -0.0874851598711215 0.00922988863212276 0.0252468028690125 -0.0719324392944807 0.0719340499570554
RL13 -0.0428310893310611 -0.111693433682652 -0.157718719791109 0.0670247447606638 0.0388182436053275 0.0847658721246067 0.0846159129362172
RL15 0.131404023556604 0.00365433640860544 -0.0840244222323939 -0.0696867702055299 -0.034049952683857 0.0322404518337507 0.072611465266592
RL18 -0.241894091324215 -0.061381804626238 0.0150648475492731 0.0167024630856129 0.0291763361547349 0.0298783844207708 0.0631662827786148
RL21 0.0665574665590753 0.028540191911399 0.0176310918521069 0.0997888921807858 -0.0221233102367873 0.0125761695427995 0.0374462359711184
RL22 -0.069306281264198 -0.143253574860222 -0.124803412874 -0.176344553941539 0.159152784247562 0.192271111102927 -0.200465593704011
RL23 0.0225732320892294 0.0287523787631353 -0.173424918399962 0.0592278986058224 -0.0326393613660194 0.082168133450074 0.0262832638672068
TR01 0.0363784131070535 0.0784124793356146 -0.0351996461938376 -0.0814996366488108 -0.0244844305422586 -0.0850182036725795 -0.0513468604994261
TR02 0.0470416159329887 0.0467477036499208 0.0273206655310161 0.00412578777526322 0.00720027367502585 -0.0379683715334962 -0.0174146867935198
TR03 0.078721861403317 0.014559943645255 0.0272466764666517 0.123521483122699 -0.0682362220164657 0.00371043833385118 -0.0242418056486024
TR04 0.0989247568684079 0.0695926697592601 0.000145025528073083 -0.0218787469431567 -0.178351161879253 0.0318299315386862 -0.00186302044964566
TR05 0.0226356550817159 -0.0307397905501939 0.0784799104109311 0.0286699746607264 -0.0640307353033143 -0.154178370727994 -0.0472677132407168
TR06 0.0710423501776317 0.0197473364009047 0.208299113536597 0.000895999750731748 0.00389080087815908 0.0229224691023723 0.0255618816248897
TR07 -0.0077467876296129 -0.0105373563973324 -0.0132224596225881 0.0178260970920462 0.108176944025587 -0.139254674732264 -0.0322453349547205
TR08 -0.0217743755661306 0.0813825224563025 -0.0361076934674043 0.0718678794793543 -0.0353523192179683 -0.109056145492231 -0.00698562892153247
TR09 0.130058180664662 0.0232777229028059 -0.0506544874709271 0.050980570434399 -0.00576083192192904 -0.0191501235783405 0.0497567126634308
TR10 0.0823812464332247 0.0539561588062854 0.0537175607988927 0.080394130621275 0.111948943526872 -0.104807738804752 0.0403294646368228
TR11 0.0653925963486862 0.0200039844099408 0.00675161970290837 0.00316083211476953 0.040126360277084 -0.0403257222037319 -0.0903472764267199
TR12 0.0274625744641118 0.0300025515445271 0.00311829415151428 0.0776100064392302 -0.033035659410665 0.0668343748592841 0.0804557182579563
TR13 -0.0180017919515769 0.0291754834712083 0.139924215289733 0.0263677391873171 -0.0905235695307712 0.198858123717995 0.119073222393977
TR14 -0.256843241294305 -0.043397347849037 -0.080278698354065 0.0378624761476407 -0.00976502224280249 0.137262738138025 0.0300548455113221
TR15 -0.058483492068306 0.0480706438317392 -0.0324873314532532 -0.0655036306404197 0.10261617033596 -0.139512472125883 0.0437081623102586
TR16 -0.0250743462939726 0.101557728257547 -0.130074620846499 -0.0540472299592665 -0.0637987227686505 -0.00721920485038392 0.00500492112397368
TR17 -0.0353916335581861 -0.0109775783291763 -0.0947410683256565 0.0389170984875481 -0.000727325512342659 0.0326813043859671 -0.175045470469126
