sample MDS1 MDS2 MDS3 MDS4 MDS5 MDS6 MDS7
AN03 -0.0312696371229821 0.0362339677069117 0.0450979452245521 0.000100825154304773 0.00493571324493114 -0.0261236100729929 0.0745180661356846
AN04 0.00192034187694323 -0.0729161013033132 0.00856290051412961 -0.00203914862548692 -0.00934492955155278 -0.0489854579881747 0.104122538686046
CS01 -0.015203332470683 -0.0799054206819368 0.0153742233217774 -0.20789749980823 0.0404958421774606 -0.0187695942091763 0.0586804299671236
CS02 0.0216843929956805 -0.0221829081606892 0.0619226985237206 0.113413612621869 -0.121181032407821 0.00895638908985719 -0.0291614161717423
CS03 -0.0411483997184294 -0.0328338175996903 0.0756556720132172 0.0506947974087009 -0.0114868535195482 -0.0483586355745927 0.0280741402138635
CS04 -0.0214673937970129 -0.00354708782576606 0.0348618607564126 -0.0497695352488609 -0.0169629333795812 0.114958344208997 0.0897292871508489
CS05 -0.0836567911093513 0.0736674450610307 0.0754235611411738 -0.113160282795247 0.0778726160391763 0.0251532382141842 0.000277247043409673
CS07 0.000350423021878322 0.142651201405065 0.074109750868969 0.0570894177062245 0.147125264955796 0.0196247525386499 -0.00654175376504573
CS08 -0.35975537733142 -0.0535367004776559 0.179549621078266 0.0391424579827075 -0.0923625344581002 0.0136865000762324 -0.0582691333697772
CS09 -0.000918650499913147 -0.0923401012660282 -0.0290242672519187 -0.0953181641313076 0.0266526326036766 -0.0291078758000825 0.0453458397860064
CS10 0.0735277396321738 0.0200556536205613 0.00461321900105793 0.0765918328943978 -0.0195719991070434 0.0294360476198811 -0.0598359393272079
CS11 0.0753706173776241 -0.0634962732672442 0.0343572641602445 0.0921100568209706 0.00803834741164838 -0.0505762655599762 0.0144475619378986
CS12 -0.0422116709875411 0.0526026426039048 -0.026683925799151 0.0776781956738196 0.00550857558001311 -0.0656049069140491 0.0385298825098639
CS13 0.084710256003547 -0.00402213713518851 -0.0321396604222451 0.117933032345576 -0.0689931868227376 0.0837476679216816 0.0746105446244096
CS14 0.0393593230366841 0.0153659414160535 0.0154580197172934 -0.0541013924258298 0.01392124745164 -0.0611805807435342 -0.0242482553418452
CS15 -0.0127149740405278 0.0181733725525492 0.0950718870760068 0.0124670082099657 -0.0429702427470922 -0.0150059612641738 0.131377623979086
CS16 0.0484859915826676 0.0422510950780979 0.0666176519415828 0.035146270158918 -0.0166515322182238 -0.142055121024895 0.0467984933090211
CS18 0.0317238418031252 0.0680781525757132 0.0425538488031009 -0.0774886840457819 -0.0740375395181188 -0.0476858517765837 0.0126650355904845
DK01 0.0673639777311185 -0.0128980128950291 -0.0219961964431721 -0.00444996281759566 -0.0143677023856694 0.0183712856943655 0.0520477752017622
DK02 0.0249368560941789 0.0721673074186593 -0.00893185245927282 -0.0840549426900329 0.0283732363739979 0.0670355579382039 -0.057750308868885
DK03 0.00953748204978057 0.140583063993889 0.0660944293787592 -0.0150518082853124 0.0175004406274885 0.00895438577751606 0.0117956040160529
DK04 -0.0482695294885178 0.0447332532885111 0.130943331388089 -0.0940569962387135 -0.158285758522347 0.0117688269658903 0.0654960028735291
DK05 -0.504235515509274 0.0195239172755342 0.189999209390477 0.0544589176706514 -0.150581493994659 -0.0268956376316632 -0.0695970477327779
DK06 -0.0590938475758634 -0.0417912076304361 -0.031684922933181 -0.0432236215619599 -0.0588028371258703 -0.059549412410141 -0.123477645384345
DK07 0.0471118453021396 0.0294331087397193 -0.0695372557398126 0.0381924029527356 -0.115331780594441 -0.043606988396806 -0.0550893348959641
DK09 0.0437889572510469 -0.0286060271437913 0.0176952716670681 0.0556208461817754 -0.0528522062175967 -0.000258260580297948 0.016931874148066
DK12 -0.0266501896909504 -0.0680610189650263 0.0473041102362976 -0.0339308135014322 -0.00570654625807392 -0.0689092418189662 0.0805424232152184
DK13 0.0505989232579101 -0.00179828761224812 -0.0042503397228663 -0.0237081055048717 0.0619823018793636 -0.0378055274961387 -0.026418900033455
DK14 0.00968149110606947 0.0714636598050365 -0.115794352050081 -0.0317472847302608 0.117029460728046 -0.0677748777997408 -0.00657808466001969
DK15 0.00307342970057801 -0.0565842972147881 0.13515636366513 0.0346243255350904 -0.0687530701094766 -0.00953742700878768 0.0482046851616032
DK16 0.0186303541997897 0.0540634446305463 0.0272851589853469 -0.0447648137859626 0.0196389895077042 -0.0364072119646058 0.00131556731456983
DK17 0.107980345584166 0.0645801815194989 -0.040092767970159 0.0103836495857805 0.0287483265782929 0.0549543796275287 0.0595073810667697
DK19 0.0422404246031842 0.0244398948844637 0.0657397789153184 -0.0507973694188204 0.0844665190122258 -0.0327838210395868 0.0431513174111798
DK20 -0.00276291797475905 -0.0669171100699554 -0.020055695182698 -0.0313113425038198 -0.0269815102921913 -0.109015410498985 0.0152214550633018
DK21 0.0940666108779921 0.0722685848275671 0.061605106238072 0.0840274272257931 -0.0862336843036019 0.0698285231809975 -0.0611033536114498
DK22 0.0342799780061269 0.0180670567424797 -0.102330412272968 0.132712838749331 -0.126440948638507 -0.0293176321807978 -0.00709621095752329
DK23 0.0554753047972941 0.09953942066235 0.00945809463580055 0.0558022670941861 -0.0116504391743712 -0.0159848562259628 0.0584348632360739
DK24 -0.097367112823895 0.0738542346932648 0.00864081716675886 -0.110214227673129 0.126149442250698 -0.0447236602587591 0.0939854138177076
DK25 -0.0428913161820878 -0.0186532819318401 0.0148708943787574 0.0133040321785693 -0.0923534166724928 0.0156662608485308 0.0544880085066881
DK26 -0.0670860840556368 0.100070569604746 -0.0647835345237468 0.0512840981848563 0.129617982499842 0.0265492349501237 0.062961689863486
DK27 0.0180050586342072 0.163943261576373 0.0612438708791484 -0.0342245019581464 -0.0730782956067871 0.0263611094400305 -0.0612199268285668
DK28 -0.0454829979472573 0.0714703730477472 -0.176190245342347 0.100820551595235 -0.0490771990651064 0.0696234754502393 0.0249574410724975
DK29 0.0123193869311052 -0.0430866839185891 0.0491265522478442 -0.129825129312048 0.0128105209517726 0.0112289824321212 0.112194487473833
DK30 0.0284554970738372 0.105055448245706 -0.161640904340291 -0.115395277236278 -0.0749856492453433 -0.106537458434627 -0.0961970104554885
DK31 0.00242250555763138 0.0631097785507978 0.138775945959482 0.0147032540760515 0.034594205737879 -0.0691007817295796 -0.0211948367642949
DK32 0.0888008371826231 -0.0108663323117333 -0.00753188937658694 -0.0918719205205476 0.026739749783553 0.0257606455102907 0.0775364509493624
DK33 -0.0443956670328208 0.142666494845442 0.0212609759294663 -0.148399959590951 0.0439383067354048 -0.0592973948153616 0.0834722584616087
DK34 0.0768587550835105 0.108555569203197 0.0390500634259447 0.0957240474527507 0.0143711976619118 0.0952153689625607 0.0907127195281822
DK35 0.0168537600420297 0.0546489404205422 0.139840211754488 -0.0242545783258663 -0.00013306079435938 -0.0231065535137563 0.0960550477247948
DK36 0.0636702136279071 -0.00829553854123398 0.0892321249944928 -0.0387977639805927 0.105360069112973 -0.0375341440604166 0.0478187572625695
DK37 -0.0290324908699512 -0.0309753828427807 -0.0395954065906003 -0.0512921008454352 -0.177304072048298 0.00781397875790675 0.264891655836775
DK38 0.0017536678455735 0.0593396163554258 -0.0364999675643718 -0.00890050342097975 -0.100234681815669 -0.191451363195984 0.0501077141035064
DK39 0.0372936816044655 0.110313663975609 0.0811619636245073 -0.023408769081103 0.0562591054071992 -0.00446035724513941 -0.0378462261812722
FR01 0.0948130601073975 -0.0080286830971459 -0.159835711346243 -0.125678411638845 -0.0762066783483421 0.00695398315681476 -0.117546986908703
FR02 0.0452085553063454 -0.056884631253324 -0.0424762514958487 0.0227700266621729 0.00391854944740503 -0.0615136286641423 0.0118934312450204
FR03 0.106833614260596 0.0541112234577517 0.0410997818599741 -0.00474799212603079 -0.0263145663787479 0.0780276608189035 -0.0709811132851086
FR04 -0.0759919359107132 0.0554495897615644 -0.0375505443862794 -0.125434675061589 0.174399136111431 0.0922876060441708 0.0979639430112267
FR05 -0.114999293428893 0.0190114224296386 -0.0553618212306412 0.162420829754949 0.147154482845502 0.0731700024719222 -0.0918366629514096
FR06 -0.00879993319587136 -0.067381232430704 0.070555880237465 0.0486287130668719 0.102346954531048 0.160835210282939 0.0309115455843019
FR08 0.0349432582798248 0.0142986814457848 0.00534902410153742 -0.00747696074462256 0.0625770535713704 -0.148468579844847 0.0877008575594168
FR10 0.0261558158830349 -0.000608943927157842 -0.0596159297116154 0.0483508433066229 -0.0806694256401946 -0.0246685232228973 -0.108790065404519
FR12 -0.0417341086410098 -0.0777451335664269 -0.00458530122601749 -0.108507256642815 0.0325121584359124 -0.038751544028247 0.0343779771256977
FR13 -0.0543625705940385 0.0986896577353611 0.101698306807808 0.067481102703593 0.111604740334166 -0.0721447193851631 -0.076403202518493
FR15 0.0561282594905874 -0.0265792876762534 0.110676438088229 0.0424004417912604 -0.00479281335746393 0.0445449882460303 -0.0022783962260383
FR16 -0.0711420258175523 0.146182669771235 -0.0605543042894913 -0.0325148999799083 0.0252494999927896 0.000962395244804584 -0.0506688495063411
FR17 0.0876659618269213 -0.00407860963834759 0.0469384120092517 0.0612562181346538 0.0927451427583875 0.0435017743681127 0.000853330284495247
FR19 0.00956431337439455 0.0387213419820516 -0.0990027638136884 0.0616008274208465 -0.10429388949038 -0.0437551871844252 -0.00411384386871541
FR20 0.0735884866544715 -0.132412086097677 0.00376266422442688 0.00334196204315042 0.042923841237339 -0.00215419006483985 0.0632575733831481
FY01 0.0585057477555318 -0.00250295340733377 0.0323130420736232 0.0033372019807723 0.0848618945058778 0.0609364114300419 -0.000471156500348683
FY02 0.0938305782566668 -0.0125114665968153 0.0634989263103291 -0.0336541910409631 0.0383634265181599 -0.0426222842679101 0.0196817407007377
FY03 0.0211780561905833 0.0583333112934434 -0.0686644064796653 0.00632731103387946 -0.0257597214717561 -0.0644694685353683 0.0937329178587395
FY04 -0.161551524002353 -0.0403785644946451 -0.0530244242343278 -0.136362883791182 -0.0123772999024665 0.033031481382335 -0.0685040237061745
FY05 -0.0195149761766184 -0.0375950232663178 -0.0902634591445924 0.0921807170347389 -0.0990188176257965 0.100351682708164 -0.00725156014743052
FY06 -0.0507745625772677 -0.0439584214675182 -0.0930939329282448 0.0864742702971309 0.0130158402519449 0.0028074340499878 -0.0101104484843123
FY07 -0.125860370019676 0.0143079466777688 -0.0360660785140283 0.00485865592033511 0.0436090285352849 -0.100827076360344 0.04050454302707
FY09 0.0289633026734215 -0.00684814754773862 -0.0632111765957429 -0.091573342870395 -0.0636072309758995 -0.075214379855276 0.0223557879639762
FY10 0.0201807908969232 -0.0588362068736664 -0.0705564532716121 0.138542129043543 0.0818640919028839 -0.0122307145049546 0.0583826726333763
FY11 0.00696742842116922 0.104030114420115 -0.033824977805966 -0.0808865300785621 0.0244520509654172 -0.00635801014418297 -0.0776443126052436
FY12 -0.0023225316286491 -0.00799394689980587 0.0856992067740953 -0.00341178637921189 -0.0630491439309766 -0.160566925514364 -0.0335155763647504
FY14 0.0361526930548295 -0.050077270243852 -0.0139215281750432 0.0243966208706205 -0.0214565342033313 -0.147190444630698 0.0326032318490899
FY15 0.0758646614096627 -0.0295156525478898 0.0901769751070113 -0.0174363249429212 -0.0901161412788349 0.0571326614548354 0.0563175725230158
FY16 0.0576222799005912 -0.0480437928946411 -0.0520418883063731 0.0350285397332292 0.0346052918626597 -0.0867173460696546 0.013521303250218
FY17 0.0170667728112736 -0.0311076831506619 -0.00106633124141565 -0.0530864427142527 -0.0143710704833054 0.0850388420881818 0.0518077668736667
FY18 -0.0105237566346681 0.0354581673940818 0.012411490787097 0.0750899761733707 -0.0889414542879858 0.0748000181886733 0.0844595852220441
HH01 -0.0312614046049789 -0.138289924856612 0.0634753486597018 -0.0880037977040473 0.0786521292186221 0.0020676184510945 -0.156656062507881
HH03 0.0243466090131268 0.00422691419314439 0.00583092567109051 -0.0608058470193957 -0.00373546219817563 -0.00100912818996968 -0.0678818328771572
HH04 0.0500144197978815 0.0823497172130231 0.0273539320627234 0.0180308398340798 0.0554449740901247 0.106450289841358 -0.0240317931980504
HH05 -0.00539105608764977 -0.0157848669583664 0.031405946110542 0.035021085675539 -0.00523463365795162 0.10938446041732 0.048358460724702
HH07 -0.104229713106902 0.0184065817905958 0.0154265144471862 0.0731550490376315 0.0777456745879207 -0.0011093043120524 -0.0041601539065364
HH08 -0.056223971792233 0.042973552688312 -0.045209758013664 -0.00893101890925771 0.0104919782794773 0.0132733249931212 -0.000536009259035838
HH09 0.0100838270732949 -0.0286134306077773 0.045116962080086 0.0363941161024384 -0.061564605823715 -0.0166269416121319 -0.089642793603453
HH10 0.0445194993184774 0.0883327391437693 -0.0458424427875515 -0.13060226507747 -0.145469877843909 -0.0279863167637659 -0.0742569626572531
HH11 0.0128586748898007 0.0187885648563343 -0.0484722665096398 -0.0510233687570601 0.108183401302629 0.132163731943057 -0.0489597031233904
HH12 0.0170840731142812 0.00333387887776681 0.00996743831512073 -0.0164451579266416 -0.0974688832581735 0.123657492034712 0.0083403729201138
HH13 -0.0266424272822163 -0.0319435919884859 -0.074095991654497 0.0383556344158701 0.0556696856064301 0.0287737766299401 -0.0372509736344382
HH16 0.0598549269667881 -0.0229048321861309 -0.0715904759425951 0.039302288913 -0.0453845365607625 -0.0832308230594851 0.0167484431032334
HH18 0.0115703794064306 0.10504553143324 0.0277696967759342 -0.0198364092622229 0.116368390959058 0.0339866805330108 0.0127345913827657
JB02 0.0612579522561598 0.0623647277941968 0.042117334109308 -0.115729212784614 -0.0468330265007677 -0.0508692004212345 -0.142690566578454
JB03 -0.0859254621427921 -0.0283826388685176 -0.0716255954471466 0.0185194491832988 0.0967480797677174 0.0220338800891619 0.0656083822266569
JB04 0.0134583523725519 -0.00321711196953849 -0.112030824699053 0.0729420488469451 0.00167054301314703 -0.0528152173754219 0.0296161395065088
JB05 -0.00624703158257989 -0.0189357000058858 -0.0801585809087905 -0.142156447293714 -0.155544767611789 0.0413791253151752 -0.0687069436993714
JB07 0.00410251952967475 0.0153603764032978 0.0434561260198305 0.0291450798109078 0.00516936826429073 -0.0129621004746855 0.0649868438684271
JB10 -0.056938514398902 0.0628637267644119 -0.0958779850145193 0.0302669252058697 0.0269993009310971 -0.00298791850382257 0.00527762222249176
JB13 0.000914599595500807 0.0335742931339237 0.0559380649038921 0.0997939856837042 -0.0662742308596158 0.0241453082990174 0.0481393076826789
JB15 -0.0451887386586898 -0.157036445338963 -0.0458984164887484 -0.0110855716809706 0.0190742134776672 0.0916052397220552 0.0110693160606638
JB16 -0.0181226764263134 -0.0483456693259883 0.0674861083554846 0.000552558679596924 0.00358960115713472 -0.0456551104616473 -0.0520997240590958
JB17 -0.0509144106033911 -0.0596540306392502 -0.127705194266129 0.00921485933200772 0.117811242549926 -0.0130791503164421 -0.0844183792684312
NB01 0.0197801006378126 -0.0505326092823086 -0.00817199989128547 -0.0651447794595963 0.0138541843166831 0.0907493449101668 0.0363987814760661
NB02 0.0406601143741864 -0.0348125895344336 0.0211982599540285 0.0696798543858426 -0.0886290901520428 0.104344733096916 0.154309814749474
NB03 0.0085475296900068 0.0555414836017986 0.0276569186527372 0.0705506262227098 0.114520507916877 -0.0396685060725749 0.120425684594603
NB04 -0.0261504255614545 -0.00353575466918911 0.00180257746844615 -0.00359465736171877 0.06485318127292 0.0220947504881668 -0.0665354004540095
NB05 0.0786186855355492 -0.0116999690688047 0.0553708778266324 0.153176286212752 -0.0604649385175672 -0.0448682248665637 0.0550285041024668
NB06 0.0754281134830493 0.0363468852190138 0.045555996021789 0.0564120572803115 0.0464958966193814 0.100821304780898 0.0403896839242689
NB07 -0.0143479142819735 0.111156602682274 -0.028957063152324 0.0440879821512131 0.0203046797496989 0.116334174380451 -0.0117218050423704
NB10 -0.0176997057149755 0.148584416762729 -0.155517492778444 0.0417491544481664 0.106502942734674 -0.0668144888694445 -0.133396642796521
NB11 -0.0321298380356042 0.00494502290943159 0.0287647606323813 0.138612764593919 -0.0870340896038566 -0.0572963940924259 0.0450450519986978
NB12 0.0526868750838278 0.0733658612032204 0.0389084381301112 -0.0716421184189043 0.0375152711302652 0.0590244207829625 -0.00685959902455252
NB13 -0.00416997117578153 0.079339659443015 0.0365182664097623 -0.042865752128157 0.108364785954605 0.0362493211078443 0.108743849319446
NB14 0.103295229134553 0.0919318673529831 0.0715422569570487 -0.0687127940967903 -0.124787223148247 -0.00908220402267929 0.0347042628590519
NB15 0.0494886740691607 -0.012179609131595 0.00810829323491669 0.0318975285190965 0.013114900020148 -0.0139106983503535 0.0886224409574556
NB16 0.0232814791687489 -0.0858562307846733 0.0394304424379972 -0.0493504081088971 0.0305370322036795 -0.0725791823121928 0.0276317044793125
NB17 -0.00124828301452734 -0.0170446411123196 -0.0698303739564458 0.0693308858281169 -0.0311498930953104 0.0328491686447414 -0.00522040721528881
PA01 -0.121729426667451 -0.0979516439905009 -0.00543748053161509 -0.0423685021125429 -0.0080424059164034 0.0472954677483027 0.0675110567518717
PA02 -0.0554934683158765 -0.0662154935100516 -0.0890272421788971 -0.106441520635921 0.0137799096456149 -0.0057084927734881 -0.00604652018758083
PA03 0.00018848199857116 -0.0416104923580671 0.0459741864506013 -0.100261382671621 0.00874702677150155 0.0738653707653873 -0.00132333299393592
PA04 0.0331338809597137 -0.077785625409106 0.0349403047446737 0.081050065438471 -0.00563027387533891 0.0867963334647144 -0.00968940366624554
PA05 0.0708088528483336 -0.0446369220901166 0.0753472791327734 -0.102110010687416 0.000443373175268847 0.0147015941136564 -0.0881540770846013
PA07 0.120171315633757 0.109924850767667 -0.0959990018188066 0.0505343373016406 -0.00661748820135415 -0.0171414027233315 0.0216436253382478
PA08 0.0262622432655162 -0.0825137079540147 0.0786635242095623 0.0361037606963114 -0.0689389746333461 0.0106556955786432 -0.0689759888759823
PA09 -0.110988739914074 0.0301660759053925 -0.0483975682361182 0.0213365572420354 0.135505423452575 -0.143578056062014 -0.0180446222129233
PA10 -0.0590531536438198 -0.0342346422971455 0.0641441793926063 -0.0614046692965865 0.0319390399414616 0.125774955881992 0.0612902190320451
PA11 -0.0332530720058602 0.130468086025466 -0.0940407003360255 -0.0645934985833512 0.00732812870748275 0.159144605314895 -0.0420780069229306
PA12 -0.00263007873677359 0.0316047566493722 0.0392430816686532 0.0676544157838152 0.00437216458315603 0.138231600842983 0.0370129932218996
PA13 -0.00615827399005728 -0.0389954788465352 0.0203881343418799 0.107216098872571 7.89804003087727e-06 0.0905140303723354 -0.122782718220625
PA14 0.0157625122221787 -0.0654658089564744 0.0847130371794259 0.10256666974291 0.03182518996819 -0.0151228177803607 -0.112129218408497
PA15 0.05389062950198 0.037401171820975 -0.0106652585763054 -0.140268273790445 -0.126822511349121 -0.0452040150781525 -0.093760233404964
PA17 0.0688916203571861 0.00486056484949743 0.036977711864515 0.0137852408821901 0.0511924376430931 0.0516042868514922 -0.037756803526902
PA18 -0.0294284160476882 0.0168430446325694 -0.109292883577892 -0.0686996984377101 -0.0522673002670662 -0.105912652650658 -0.0601073219809262
PA19 -0.0701271411990554 0.184716885126753 0.0539176294048007 0.0229078276039115 -0.128083917162535 0.0505760365719944 0.000148690350434687
PA20 -0.0216941182794454 -0.0166917395687052 0.0987948907786153 0.0507973795820063 0.0143072942218751 0.00232608823370137 0.0807752696338268
PA21 0.0752268269843631 0.0383748696585939 0.0774742994846614 0.0684980440814755 0.0195768369574074 -0.0666332544776649 -0.0175427820829338
PA22 -0.0591996547174265 0.0343808054562081 0.099610053266586 0.0136622570553695 0.0831211721921639 -0.0652101943090686 -0.0725963221809613
PA23 0.0593732446853677 -0.0151682295776379 0.0126170842113033 -0.078493732662356 0.00266834881945285 -0.0343595149737908 0.0229221289577495
PA24 -0.0201947440466894 0.100179903411017 0.0698957070842814 0.000195293547640961 -0.212666211652189 0.0893777797844887 -0.0180767092778185
PA25 0.0298786939599531 0.0100224233356294 0.00628630194649744 0.0482541769185739 0.0215964338681855 0.115883565378446 -0.0944952503300829
PA26 -0.0304522831392443 -0.00373473698538832 0.0342721665619733 0.0319694503478064 0.0412515631233934 -0.0899492037609505 -0.0379024171979496
PA27 -0.0246602156871402 0.106460759409097 -0.0280359087213736 0.0215744859401837 -0.0236380616093891 0.00389777775500391 -0.176498942521369
RB01 0.0465081389698611 -0.127211343951489 -0.0475528116331967 0.0135252337806937 -0.0759052700105269 0.154266550302554 -0.0648560060143244
RB03 -0.0218498720495833 -0.0862711656233981 0.0279765002055956 -0.016948853755778 -0.00653777041148909 0.0771840676580429 -0.206471567658026
RB04 0.00174587783709628 -0.112829863507376 -0.0207055423247829 -0.00996530209919855 -0.0459267982521471 0.00877667569426308 -0.0376459497878315
RB06 -0.0501775265522033 -0.10146157553522 -0.106537498246225 0.0778813354257867 0.00424789254879234 -0.0909675188088555 0.0263230989621906
RB07 0.0498222921831767 0.0226351259670391 0.0315157625677712 -0.0511842447999883 -0.0749138444921661 -0.104101660885307 -0.000526281966880936
RB09 -0.0795026831844376 -0.0516253838676837 0.0574286184777285 0.0175764413096203 0.076321963719327 -0.142653131747996 -0.0473744120417807
RB10 0.0227608754490481 -0.0288590240811688 -0.0845285440481603 0.151615616323759 -0.0517475329599799 -0.0953621896713629 -0.0612050635009983
RB12 0.129284019462339 -0.0601478898686161 -0.0798578072620158 -0.0376930601813969 -0.0790172238158872 -0.0761044553038675 -0.00605623225653987
RB13 0.0141672047448765 -0.0956457636346732 -0.0391921493729844 -0.00265842425393319 0.0953386405895058 -0.0893799954879325 0.0255060609009648
RB14 0.0199378380088194 0.00051632568215016 0.0201129357266896 -0.014646652391606 -0.00888273229656033 0.00224236320179922 0.0053214464634205
RB15 -0.0260821156680706 0.0256339379095481 -0.0409252373795772 -0.00243946143459046 0.0866934754847755 -0.103297043594162 0.0263798794315188
RB16 0.0222320264542377 -0.108116736036993 -0.0452527525114467 0.0899401715051865 -0.0537381684318969 0.0133395081953585 0.0257124648868207
RB17 -0.12169013648087 0.0857901527605636 0.0155668028891483 -0.0326120424068706 0.0481708427981487 -0.0797342285546467 0.0210898677665239
RB19 0.0340475301764321 -0.123650936820725 -0.142339139439442 -0.0183309932844822 0.0936600011285226 0.0671063349012011 0.150113506314251
RB20 -0.0232942220410344 -0.0088541398282567 -0.0555506728354153 -0.0192354062181667 -0.0092890829122139 0.0919511240940809 0.0807537830108954
RL01 -0.0160653573253294 0.117960449713022 -0.15451589796796 0.00620724500185436 0.0205716710257408 -0.0810470423819963 0.0235951276746835
RL02 -0.00497342554525092 -0.0259668755248495 -0.0839708179544817 -0.0592500273718003 -0.0713632705651164 -0.0408498272617478 -0.0404344880106845
RL03 -0.00689997391658114 -0.0934071554447171 -0.016051862289728 0.00648221345937891 -0.0374905793924388 0.013834000195476 0.0996332421722521
RL04 -0.016681788575184 -0.112595229121041 0.0462718547144349 0.0180371065745601 0.0396500858530615 0.0816700770098151 -0.0578483481827058
RL06 0.0447129960918939 -0.109177594128843 0.0307429257168722 -0.00478063792466905 -0.0230746123795991 0.0453730754428166 -0.0640580781170692
RL07 -0.0791073806078007 -0.0557612527126966 0.00226360930400455 0.014561638208531 0.0285181359323085 0.014115842295071 -0.00206487694665496
RL09 0.0329734471119296 -0.0368854607446426 0.0711453910968991 -0.0360425322054476 0.00664502528492707 -0.0301313466495711 -0.0977327478346653
RL10 0.00591094149392855 -0.125852301243771 -0.0763074896193028 0.0311743798443722 0.0487675056529516 0.166235654020388 -0.0154733700748224
RL11 -0.0292988591284136 -0.175367790872842 -0.00670954152992106 -0.0989370909798244 -0.0631314341461929 -0.036075776970445 -0.103586685250087
RL12 -0.11869242963096 -0.0514584392765547 -0.0194893544308106 0.0277144458408983 -0.0128236228724771 -0.0248016195997372 -0.0943424481698248
RL13 -0.144645900029467 -0.0667154874140736 -0.0763963412617946 -0.0104799459330887 -0.019682772730451 0.156449918349145 -0.0434604646366415
RL15 -0.01932282032907 -0.159726642871159 -0.00359474335252193 -0.0891543292597535 -0.0610559316050646 -0.0702123069683111 -0.0163216026259679
RL17 0.0343350352932645 -0.0199365600076837 -0.0266550748116767 0.0131279472103024 -0.0262428435181395 0.0305391407101107 -0.143246316850481
RL18 -0.0707350545307152 0.185227582212865 -0.10720811282198 0.0233804295705911 -0.0318468196216347 0.0751947441618209 -0.0301625574619131
RL20 -0.0287912357244358 -0.0668387710996322 -0.0443169454153764 0.0871441262591509 0.0243362513099805 -0.0943759398402201 -0.0315473879491876
RL21 0.0433102332691498 -0.0615384331835025 0.0721359986533404 -0.0468825181417089 0.0554952797656942 0.0175605828395396 -0.0492820418271451
RL22 -0.189970708647598 -0.00817334372104747 -0.134938937207681 -0.00601789049487449 -0.183027252511846 -0.0304135864826591 0.285999421691002
RL23 -0.0236229736718502 -0.132152880422318 -0.067869838749634 -0.0854156944603008 0.0552373659390156 0.0693189785669578 -0.0247208012823511
TR01 0.0630355474474298 -0.0563994115970639 -0.0496217806953855 0.0741869875180824 0.0144996742858144 -0.0961896326619742 0.00189231873958422
TR02 0.0440878431344839 -0.0315411713465632 0.0426514503772538 0.0433805391031449 0.028972956492713 0.00659812571955985 0.0125286854537549
TR03 0.0247675619241674 -0.0555629930970594 0.0961519208686366 -0.0405862385720274 0.120814588309442 0.0128510725934646 -0.0240094439754743
TR04 0.0674611548473331 -0.0788608284046378 0.00980410592668267 -0.152646669695701 0.0507459981131856 -0.0541840373247889 0.0195069416435663
TR05 0.000190560494963533 0.0655538138309378 0.0836356214591055 0.0670287460877326 0.0876492305296999 -0.128671058076226 -0.0697702058320797
TR06 0.101276559499337 0.0526811917372165 0.190766132401586 0.00265012813968247 -0.0760443930622491 -0.0464176200326647 -0.00114615502624176
TR07 -0.0203019430356622 0.00611141075702347 -0.0109529676290625 0.147407506733622 0.0170628250235706 -0.0453918562294262 -0.0556660295801984
TR08 0.0739061029763705 -0.0194683121613983 -0.0522213687914126 0.0301579396527822 0.105613101479621 0.0218803118082484 -0.0928333062897194
TR09 0.00475307462083944 -0.112952919234561 0.069498037359279 -0.0361106708499436 0.0641884097425218 -0.0127039610989953 -0.0365300854247608
TR10 0.0691196934444026 -0.0352328359078547 0.0834459343282077 0.117352301847973 0.021506027295932 0.0121924469424051 -0.0981615073979947
TR11 0.0356214667744468 -0.0434756499123497 0.04886868521355 0.0535649669616464 0.0344224513072286 -0.0246021538562735 0.0553789559800254
TR12 0.0332568444606245 -0.0136323848416316 0.0147179416624839 -0.0776561315695289 -0.00644075258176501 0.0751768535906845 -0.034380367592148
TR13 0.0584380986859458 0.0826338664980258 0.0615193212975582 -0.195492255525333 -0.0376202563800716 0.113716763883643 0.023441226262718
TR14 -0.0827860714910514 0.126478638881422 -0.18191504370138 -0.063298249895162 -0.00445913891391558 0.16989284434006 0.00350976054075519
TR15 0.0452263101295083 0.0134837796008618 -0.0784601930959944 0.11641508852445 -0.0837651635863348 0.0128235699134518 -0.0759151985842537
TR16 0.0361574908184746 -0.0364651332098293 -0.138335614119482 -0.0420132697811402 0.00493385097816781 -0.0729310315227559 0.0153517981831919
TR17 -0.0424753168776595 -0.0305120047577937 -0.0702396884215828 0.0719554777138934 0.104260859973001 0.00573336849907471 0.154704143097818
