sample MDS1 MDS2 MDS3 MDS4 MDS5 MDS6 MDS7
AN03 -0.00600078599480147 0.0420311129664555 0.0286142199302696 0.00680016629702489 0.0500249645097354 -0.018118953327889 0.0165681447087224
AN04 0.0500971248789896 -0.04805796306627 0.0204896302372876 -0.0109876285762195 0.052358727652476 0.00156799495702944 -0.0617007885780823
CS01 0.0726503771056542 -0.0284443431556819 0.163658334508054 -0.13213529868845 -0.00352666879435931 -0.0381535932708672 0.0112662571307244
CS02 0.0512503556439348 0.0410623735197518 -0.110161389164026 0.0504776046730801 -0.021287614947749 -0.0620993829992733 -0.0826750225957569
CS03 0.038860003546984 0.0158451119205099 -0.00520099384838121 0.0378818073005459 0.00161350755751602 0.0159997996626768 -0.0992072779020838
CS04 0.0221612586636148 0.0161563390756339 0.0639333043418274 0.0105442807914198 0.00881457266884286 -0.136271859441734 0.0405274249978112
CS05 -0.0351037830256021 0.0796090195990517 0.166513138290237 -0.0232940030629721 -0.00572405535010556 -0.0478194115980881 0.0328704851416849
CS07 -0.0866217234759665 0.127808214461666 0.0714789386432558 0.114604265376255 0.0431518446042355 0.0605905814630423 0.0419361887339796
CS08 0.061723361486215 -0.0122584503571785 0.0968248233916767 0.0735596312597895 0.00560834942931521 -0.0367765563431648 -0.0653401166856473
CS09 0.0820881469534842 -0.0548557634076001 0.040541592611596 -0.102238801848544 0.0386809503682366 0.0140435400619874 0.134207157134496
CS10 -0.0161081569034412 0.0274790320174535 -0.0835734047119074 0.0576183234923746 -0.0406788304084969 0.0342056003391441 0.0091097808174235
CS11 0.106463366897761 0.0495767510811446 -0.0974119391354979 0.0451414520408781 0.0642878135625834 0.0264347387229923 0.00687206691736109
CS12 -0.0533552986430251 0.0163135070059397 -0.0240609134103774 0.0537964313577802 0.0856706734732322 -0.000910928010848164 -0.0128155380527692
CS13 -0.0299697426932531 -0.0234863805652849 -0.127733903553191 0.087702805269982 0.00642855071223325 -0.0733406028789483 0.00956964542505906
CS14 0.024646473739451 0.0492863299274438 0.00961403472521655 -0.058222166130265 0.0213141134700785 0.0356168190429086 -0.00971485849413189
CS15 0.0288022840160285 0.0605696544328723 0.0146576446544293 0.0153361839166332 0.0691920492366954 -0.0921191384252475 -0.0807974213513229
CS16 0.0379134562662291 0.126291629125293 -0.05967081733804 -0.0432310085112624 0.112587362231362 0.0265415128979992 -0.0453991281146257
CS17 0.119184499008023 0.0174415583231955 0.051519985782775 -0.0583629746887132 -0.0730836854525344 -0.0159001974899829 0.0128800422353336
CS18 0.00216487576232611 0.107628661316725 -0.00837661083925411 -0.106790002547351 0.0503195106817967 -0.0448110704511178 -0.0475960533584445
DK01 0.0423042075002399 0.012087660330473 -0.0476996800702695 -0.0155423348050421 0.0422595612736 -0.0320702345805371 0.110842102431529
DK02 -0.0487978721752817 0.0348050319215776 0.0276569201524288 -0.0505899584006009 -0.0800023421335804 -0.0162646318011578 0.129418392650433
DK03 -0.108355657804219 0.108135984603646 0.0415267419000374 0.0113550143500301 -0.0263402419850239 -0.0167266104526241 -0.0474672018621866
DK04 0.0267651194331449 0.103612973880563 0.0117497694531477 -0.0941255207491868 0.00811702065283704 -0.155191311274909 -0.0210094934663818
DK06 0.0304063807445271 -0.0391120835532438 -0.0305228352685359 -0.0858491300782309 -0.0461054330141731 0.0390321619703028 0.00363089847376585
DK07 -0.0518082814262388 -0.0220299863280048 -0.156767249569073 -0.0727331996110949 -0.0360738081200451 0.023753843425759 -0.00596851995471348
DK08 -0.109572736546669 -0.0132978306051562 -0.00409473873750833 0.073974234323982 -0.0386645110414266 -0.10038610524219 0.0245277800417889
DK09 0.0244392312974409 0.0104058707030369 -0.0658682700714549 0.0328740781641191 -0.00574639054824326 -0.0318145457938797 -0.0354497800798197
DK10 -0.20960927039134 -0.0714825249281917 -0.0368373802614256 0.00531118033488842 -0.0572060579255249 -0.0392175489731518 0.0339856754797681
DK11 0.0718671522964041 0.0525352349990691 -0.0485814221585812 -0.0850568359485755 0.124772279471134 -0.0182493166671949 0.0351390997257879
DK12 0.0670120343433262 0.0032698553129989 0.0257504127805306 -0.0386450521966257 0.0707091520398433 -0.00661409659740431 -0.019194738793388
DK13 0.0228813580323339 0.0271794145614547 0.00311843201628804 -0.0503313180917576 0.0161023765879021 0.104601178210039 0.0362367792953731
DK14 -0.0729046729932463 -0.0202669557825135 -0.00333293289711717 -0.0760511356540117 0.106769750508789 0.136242618530728 0.101298152435988
DK15 0.0968503081634991 0.0799210614664367 -0.00192013989774002 0.0401359033888658 0.0140751260525339 -0.0922141931846451 -0.0824006244576376
DK16 -0.0220575280380748 0.0621842985620037 0.0109225165251805 -0.0615332923352439 -0.0110998562590147 0.0440929530536945 0.0719725938805182
DK17 -0.0420261212339076 0.0296985976464753 -0.0658303952134212 -0.0135609954882434 0.0418251154131985 -0.0151462009123355 0.145181418399676
DK19 0.0383487197446081 0.0908301238360504 0.0639621489933089 -0.0144157136000239 0.0443915039855465 0.0225054210905365 0.0438231979442597
DK20 0.0803441483099162 -0.0194363182794758 -0.0522395142531669 -0.107864321728432 0.0624924886732155 0.0543653268960562 0.0738701706063823
DK21 -0.0524150790597993 0.0831455927592348 -0.107140978616514 0.0746336760529237 -0.107878238995198 -0.063036963450979 -0.0185560638925673
DK22 -0.0383993697065768 -0.054964049968231 -0.18367341100776 0.036377387807757 0.0321078112906362 -0.0330103595526882 -0.0462451880897944
DK23 -0.0682096368377701 0.0898893374074953 -0.0699432225290639 0.0204106053445478 0.0400938675534198 -0.0316243070835837 0.0155417468996587
DK24 -0.0482024758309073 0.0304315945913518 0.191377513170038 -0.0526062642685285 0.13588764391141 0.0175286059404347 0.0245995683794688
DK25 0.0275635852747494 -0.0109274443446482 -0.0143382495920364 0.00425324665558298 0.0560894886699584 -0.0934773255823829 -0.0277134478257667
DK26 -0.120099005542901 -0.0342475367578487 0.060459043433353 0.0643358360926403 0.121558804870658 0.0778743655620298 0.0894520406424589
DK27 -0.106069848852907 0.134670313389911 -0.0126463211001598 -0.0404162362574162 -0.0734372414357413 -0.0347087126251126 -0.08562770538798
DK28 -0.14483070957346 -0.129063116893155 -0.103660648924731 0.03108992098 0.0627280575307416 -0.0380813381706541 0.0527199975207725
DK29 0.0831243006406783 0.0210885710020006 0.0776125482321628 -0.0807464111990525 0.0491706664262666 -0.0613041601492207 0.0889600859484915
DK30 -0.141872351458898 -0.0464956463883322 -0.0566063859160007 -0.196756413811544 -0.0116235862487108 0.0719934058374396 -0.0349687105294629
DK31 0.0162785249647119 0.142279778586951 0.045288530100638 0.0379419687152781 0.000320203418584567 0.0445587991367899 -0.0974391970364592
DK32 0.0324842106634141 0.0271954802531953 0.0131048704332406 -0.0840172123733438 0.0321902209493717 -0.0513529985782104 0.149542176080536
DK33 -0.106273477699078 0.0644896238920903 0.119947473485373 -0.121833272480128 0.0598344000311464 0.0177803375559131 0.00108379670438423
DK34 -0.0695068640796344 0.101049854946989 -0.0331033357631171 0.113315295440483 0.0516094793184804 -0.0769293466384507 0.0512821851878908
DK35 0.017474283350506 0.143852517607103 0.0408674619547696 -0.00892928395504952 0.0527859041524316 -0.0757459388447347 0.00477125145009252
DK36 0.0611265688212842 0.0962029510247666 0.0586957898650695 0.00913155086278954 0.0106409166340711 0.0209891754718459 0.0520460673136066
DK37 0.0146799529101421 -0.0663999253548262 -0.0238089498418327 -0.0599102963740136 0.102827439264337 -0.228403382084479 -0.193675452344028
DK38 -0.0117522149550316 0.0556296180459153 -0.0764046261671067 -0.121584213813947 0.166410065675675 0.00271817051728276 -0.105076199367867
DK39 -0.0413884046784488 0.124605699721607 0.0501764199935647 -0.00429660628456135 -0.0225469939315115 0.039538559104364 0.0205754913723782
FR01 -0.0580579415137992 -0.117771635532472 -0.0767761104968553 -0.175062095193242 -0.135946230378898 0.013794734894566 0.076661766365915
FR02 0.0506553556570449 -0.0317134371418027 -0.0214625360899151 0.00683765769444497 0.0422095097489125 0.0212670755641825 -0.089245586624586
FR04 -0.0712588629885967 -0.029754775609414 0.236713022708757 0.00093888913002001 0.0654783134780562 -0.0292754668780872 0.0480199451540563
FR05 -0.0956836402169578 -0.0865993439344909 0.0441199624945818 0.198931470876658 -0.0202471623962372 0.143161979062048 -0.0201404816791185
FR06 0.0380100546628389 -0.00553473281179354 0.0863393939442516 0.167769135430405 -0.0415945765511711 -0.0634154909647357 0.0706360486635094
FR07 -0.142754113260154 -0.0223080768093667 0.152929693914357 0.129135689472191 -0.0264831838831219 -0.0240199972039989 -0.0458534842393228
FR08 0.0392204607859142 0.0656004838614687 0.00011286263742581 -0.0524635166503367 0.158044972064236 0.0642350902150885 0.0112326382996096
FR10 -0.0355906670439114 -0.0460138405045579 -0.0898752371861423 0.000480669834169569 -0.0799152975536759 0.0432017928993615 -0.100148454643845
FR12 0.0430897005400931 -0.0579800783867932 0.0887816019504032 -0.0565856804344847 -0.0130574886904858 0.00797636355581194 -0.0242921275669104
FR13 -0.0609372640021638 0.121501515170204 0.103117793061718 0.110658244871009 -0.0032604985266971 0.123152381167233 -0.158826203708242
FR15 0.0450251703228122 0.0675747459694583 0.00095054620760856 0.0857739786477241 -0.0851226295426056 -0.0244770302365654 0.00256086240583167
FR16 -0.162964186540365 0.000539771315319383 0.0419138744259552 -0.0247869388164252 0.0161531882870534 0.0350496452697428 0.0125965518201088
FR17 0.0325890012315869 0.0523452454386674 0.0174970708198554 0.10998599198065 -0.0245064101206149 0.00597486325133963 0.0520346732557133
FR19 -0.0461784226144758 -0.0367962404083255 -0.169729475413764 -0.0566028436019158 0.0560615987616285 0.000467673610047243 0.0687261911017349
FR20 0.132647244615739 -0.0200764934369703 -0.00678047012704444 0.00751079955868402 0.0453167698254295 -0.00777716290038255 0.0919782995746681
FY01 0.0224653459016677 0.0296466842796495 0.0285616186543865 0.0589249485372891 -0.0674257652980557 0.00534475248170986 0.0590871822709729
FY02 0.0638557949064531 0.0921299996402922 0.00253817524562295 -0.0206879165131377 -0.0120852803418291 0.0202022461754094 0.0194022221554121
FY03 -0.05561989712362 0.00229891486722482 -0.0686537877891749 -0.0607225943301716 0.10672356524783 -0.00575142772989269 0.00700440859756469
FY04 -0.0120248140848522 -0.130729286642635 0.124694942618921 -0.0919755030176512 -0.0365021904490341 0.00293916102873992 -0.0586180584221288
FY05 0.00925505070460801 -0.0972679775676131 -0.109120628893978 0.0555130493996716 0.00716703309822922 -0.0859767594063565 -0.00282561541833011
FY06 0.00598276289127864 -0.100429206133156 -0.0502190652764786 0.0461238841822513 0.0426683002499097 0.0509776849287865 0.0155047896941429
FY07 -0.0323568455363864 -0.0471851195573721 0.0587519733733249 -0.0159489024568652 0.150015007535379 0.0791158692707119 -0.0475079249393954
FY09 0.0154056618928995 -0.0384881076885986 -0.0295409315447757 -0.148137651648346 0.0212877740976229 0.0142690798349288 -0.0482222325037418
FY10 0.0445399045943598 -0.062218894553718 -0.064264633596181 0.10754765333715 0.0894080331066274 0.0553915088546431 0.109618508544319
FY11 -0.0967931522029868 0.0387636766434992 0.0334374139164668 -0.080481194454806 -0.066610348986183 0.0351661230499006 0.00530623977837986
FY12 0.060451430600865 0.0988627159168457 -0.0112603886664899 -0.0357207019421949 0.0263047863061304 0.0453128117518219 -0.174194414860373
FY13 -0.0525525651293724 -0.150916489719759 0.0202003002898066 0.0852535215721896 -0.170175151883824 -0.0121648596465998 -0.0336615067931791
FY14 0.055898316202534 -0.0187068572072162 -0.0344002692107047 -0.0322559440508074 0.0824876573716578 0.0726361975893713 -0.142895167521232
FY15 0.0643819841768021 0.0624884248326347 -0.0319945804637821 0.00183425480034598 -0.0617698054935776 -0.117068382648828 -0.0273896028053643
FY17 0.0369303525556973 -0.0259963977252139 0.0480551693500512 -0.0112228668135174 -0.00441086670939041 -0.126915446715522 0.0245662093234556
FY18 -0.0410690035137826 0.00511153507590305 -0.0585569596577171 0.070769825517321 -0.0106942078693505 -0.118176646304823 -0.0114310116958914
HH01 0.112880949480015 -0.0404587625556256 0.132438102250046 -0.00466235914476642 -0.142840949850312 0.11638031915723 -0.0623089657807322
HH02 -0.171961716627431 -0.0233088050765005 0.0233999720308154 -0.0957393681743892 -0.112061316977384 0.0870553828230105 -0.0099194119379718
HH03 -0.00619657796838408 0.00337889678003563 0.0153999839678166 -0.0380172939255462 -0.0881065708157272 0.0237127935065085 -0.0249634974715569
HH04 -0.0773248549276141 0.0728081490270692 0.0454046715133449 0.0747988463944685 -0.0547240395962596 -0.0267405155745093 -0.0267085896117397
HH05 0.0247205906172806 -0.00616409281456887 -0.013342760875016 0.0755551125894133 0.00812835628166235 -0.0596269597177597 0.0924027892315682
HH08 -0.0660831816169223 -0.0370694709178077 0.0395382158149261 0.00629428756822371 0.0559059316095019 -0.00499167481995494 -0.0514307751929722
HH09 0.0550381320322027 0.0235231188788554 -0.0544310148316053 0.0203960758369898 -0.0572120089834831 0.0150470489172555 -0.0487878617105423
HH10 -0.0695816270128055 0.0338610117204229 -0.0754245313679885 -0.185255407164274 -0.0582179346979511 -0.0514370364837105 0.04369744651511
HH11 -0.0310455338776319 -0.0376062870914977 0.0701979206307315 0.0355896600280845 -0.0520077823963448 0.024856601903385 0.133269741844458
HH12 -0.0131730689054581 -0.000758548144258172 -0.0484520394518489 -0.00561630674958417 -0.0467009776409414 -0.115022678494682 0.0268736216186833
HH13 -0.0102099604643671 -0.0799676033923777 -0.0263742054763021 0.0142528724587286 0.0258901057442123 0.0668577383252641 0.123574553718559
HH18 -0.0642818722398733 0.0909971908371514 0.0941280760280607 0.035160266258617 0.0400432259856471 0.024790979102812 0.0435925024488441
JB02 -0.056500676976546 0.0652339275750724 0.00584705413581009 -0.119591985890594 -0.169755333080148 0.0584975426871953 -0.104202266005266
JB03 -0.0124118710834899 -0.103817348398241 0.116963003421208 0.081781088380612 0.127661351867276 0.0050828787272611 -0.0624254753997584
JB04 -0.0374690500578297 -0.0788139527705617 -0.0725307742688873 0.0286993954890374 0.0645350183097396 0.0337937544049924 -0.0175998883620969
JB05 -0.0340899740590354 -0.110708398423445 -0.0453393223499927 -0.167906815011118 -0.128928640099581 -0.07227939718926 0.00583626137502995
JB07 0.00771571482074351 0.0456494258412569 0.0126906425338317 0.0468371117082337 0.0319595818876576 -0.043627043398785 -0.0153017329317926
JB10 -0.101593947173844 -0.0498056996401323 0.0212363106401274 0.0226272587011427 0.0552360604213967 0.0267927969061664 -0.0565407709566227
JB13 0.030008759740281 0.0757831813839942 -0.0706961155815447 0.0689694832997101 0.0621609544193626 -0.0888129085984264 -0.0153607130483294
JB15 0.0911206565434971 -0.161993944257199 0.0573676182101036 0.0607837272141912 -0.0472464650554182 -0.0426967401978853 0.00156909347846535
JB16 0.0806572047258385 0.0322349636555912 0.0199325674239576 0.0141857854693394 -0.0138719797358948 0.029915688996465 -0.0729559323107142
NB01 0.0236020778629741 -0.0370245670289803 0.0297111209897279 -0.014500142606605 -0.0464659606607331 -0.0573167892406095 0.0872376355845936
NB02 0.0465503487325039 0.0113108776589992 -0.0604622498318404 0.0688091753658755 0.0755151320344593 -0.191462226959529 0.0269184388312561
NB03 -0.0468683682029348 0.0436388868812195 0.0230121413718788 0.0748820818637513 0.0736751277659736 0.0746717118936344 -0.00342489482057583
NB04 -0.000775675817634353 -0.0125406232555496 0.0262496976569039 0.0235857130315148 -0.0277734821314564 0.0680813961042686 0.0670797186150406
NB05 0.0535762418483314 0.0647735143055852 -0.149124625353609 0.0727006481018169 0.0618462912840506 0.00420689515972701 0.0313827133667813
NB06 -0.0145953320040666 0.0476381393079652 -0.0125611871799502 0.0931364075620757 -0.0190965125270397 -0.0350379693523522 0.0593314054736844
NB07 -0.130128940619026 0.0159833884109726 -0.00192595586181311 0.0574556398452199 -0.00530508613845882 -0.0322509364601825 0.0278663508712542
NB10 -0.178741493691318 -0.0338838256777034 -0.0118101665890198 0.000903369425313332 0.0382330520265268 0.176103075904268 -0.0170781892104106
NB11 0.00503324614449004 0.00674534344602565 -0.104512954599443 0.0807628173432763 0.0807200949583609 -0.0174616644043863 -0.0838666899090533
NB12 -0.0383025792840578 0.0657538866565521 0.0192876727694183 -0.0488997553968688 -0.0568790901133824 -3.27118779577997e-05 0.135590553158457
NB13 -0.0408192508631197 0.0696090613873831 0.105252480879009 0.0398089159335299 0.0962966635700644 -0.0278634473221009 0.062162333624284
NB14 -0.0101137778729075 0.139736352794303 -0.0630277177410234 -0.0954155906078414 -0.00745124907808717 -0.106607928616718 -0.0107925401028148
NB15 0.0442276756702655 0.0228416686697955 -0.0523880312537679 -0.0103467643413464 0.0731499736682626 0.000980484991122278 0.0799218366697732
NB16 0.130997631229439 0.0418840614396543 0.0234724253953857 -0.0600349294283683 0.0602970354170372 0.0122934125832062 0.0583398579401347
NB17 0.00602639472310831 -0.0469290674283682 -0.07616060184982 0.0290248036941076 0.0530692687421664 -0.0177227082740811 0.023160644853281
PA01 0.0502375258976801 -0.0948971808610437 0.108631503673914 0.0161143362476188 0.0612794441697892 -0.0915738635826042 -0.00949520628400097
PA02 -0.00337560850472867 -0.134929444427072 0.101035792584576 -0.0669083533812023 -0.0217461537562813 0.0041848756471428 -0.073991479633421
PA03 0.0534963365697305 0.0214181722023959 0.066042795481639 -0.042522307526643 -0.0560335436959263 -0.0691188749519363 0.120685518628538
PA04 0.0453277783962126 -0.0254822664787591 -0.0281781795883556 0.107151448437646 -0.0862628803230229 -0.0362453106961378 -0.0152630919955329
PA05 0.078799599439975 0.0630634073169403 0.045589200069091 -0.0635603777183951 -0.112847470187963 0.00322228438905241 -0.0336942050896392
PA07 -0.111807332248537 0.0225803155957512 -0.109750427815707 -0.00430110214609779 0.0168856362932117 0.0204586845037073 -0.0228696251892892
PA08 0.0834628839100943 0.0211241753739176 -0.0485189107520127 0.0436727365287218 -0.108409913844035 -0.0165837155107664 -0.0339014589175233
PA09 -0.0412427637274252 -0.0296421841957797 0.0441246576235935 -0.0183695208768092 0.0873994479155325 0.203314603321057 0.031292490044331
PA10 0.025173507599166 -0.00565918880192596 0.104998789099369 0.0493421112621965 -0.0196801104307505 -0.11278616007903 0.0724010275790904
PA11 -0.15633779084668 -0.0345894748328666 0.0522977699410629 -0.000157720005857018 -0.0316225125311843 -0.0855184917424772 0.0699426135092108
PA12 -0.00952759621711035 0.0412035570047903 0.0069655752517384 0.11881461029951 0.00843298347684766 -0.131770945505424 0.0766619698477166
PA13 0.0174452404030775 -0.0192918679691264 -0.0494468097343422 0.127389677240952 -0.105273486940535 0.0274500828684698 0.0109208972662286
PA14 0.0856673410750315 0.0443984599994393 -0.0438558383788643 0.105483901942496 -0.0416769065535759 0.101708222158585 -0.0136708647213498
PA15 -0.0194202785535301 0.0222864908428835 -0.0499369565606872 -0.192337022117007 -0.100911696213254 -0.0188907014012311 -0.0379727377544164
PA17 0.00965171377092309 0.0387985872467632 -0.0218928489996515 0.0185360972037714 -0.0613988631198361 0.0297890006735202 0.143205091534177
PA18 -0.0535597242802737 -0.0719666962139949 -0.0338083554164191 -0.128050851324029 0.0370802617867524 0.0675335918477997 -0.0294649002721966
PA19 -0.141407182286298 0.107779720987324 -0.0286900587382158 0.0120408066854584 0.00167175371004996 -0.128113463951226 -0.0693231959472722
PA21 0.00400447921949631 0.108452028618644 -0.0708095173707616 0.0448941781414646 -0.0390598615651021 0.0639066534345276 0.024197991946021
PA22 0.0245726375304222 0.0957807485852456 0.0713289193273952 0.0378201115008656 0.0195718786216938 0.110591817050816 -0.0616183125139607
PA23 0.00625947008066171 0.0178731771606903 -0.00895626673061756 -0.0761277344423645 -0.0524937002567136 0.00309720776177264 0.0777154196570301
PA24 -0.0504896871804725 0.0854295980102746 -0.0992789253776804 -0.0373949427018467 -0.0603496788787575 -0.173410427360175 -0.0274629370503655
PA25 -0.0110049589977256 -0.00330225681707761 -0.0358009592642968 0.0766822293853479 -0.0848737960163 0.0183304062011758 0.060089475550041
PA26 0.00284173451604201 0.0213613867256516 0.017624517787136 0.0259863652963805 -0.00550617776762874 0.0951729995129902 -0.115467957256694
PA27 -0.10064751137889 0.0185310269361925 -0.0509747407136181 -0.00525614990631811 -0.0984097865764669 0.0775480911915867 -0.0342946035564938
RB01 0.0653395866419857 -0.116310903451272 -0.0822745318272306 0.0220484624481246 -0.120343956939639 -0.0863058849700865 0.0734487419644862
RB02 -0.0778482945127508 0.0163219676024015 -0.0748489765303381 0.00474865161484044 -0.142210511824448 0.125649139127061 -0.0339852778929902
RB03 0.0650386361990321 -0.0432558476257281 0.0122709514906092 0.02346706262791 -0.193414349374001 0.0339051060213445 -0.00670078066971805
RB04 0.0496449079265014 -0.0918418358143445 0.00807046990101294 0.0152719500415357 -0.0826950463587711 -0.0023772687384154 -0.104910242478201
RB05 0.0389180953660343 -0.0301339495298621 0.0282377774334923 0.0186522201196466 -0.0389133005557063 0.108948275186816 -0.0484254526970712
RB06 0.050389713667347 -0.129514045549596 -0.0440691627041782 0.0294029418346393 0.0990393686181472 0.0656567582540891 -0.04205064786841
RB07 0.000301435580309547 0.0489168577990703 -0.0287874067882623 -0.10395122083291 0.00767483586231832 0.00572655014368788 -0.0701523555869594
RB09 0.0791932592475379 0.0357638426919778 0.0750431507882802 0.026705469855736 0.0349371383599255 0.0981165696029604 -0.104963993721912
RB10 0.026527771629178 -0.0570568903506611 -0.185717131443321 0.00996188277686422 0.0469275019659864 0.119234267016089 0.0270127652278041
RB12 0.058444973827697 -0.0412517631671626 -0.139132321798668 -0.133780909866564 -0.0192470539902075 0.0487344038329832 0.0316852690560805
RB13 0.081716925637076 -0.0535243027161188 0.0198745618441669 0.00601701128016253 0.0587642801324012 0.109921323394678 0.042958508511185
RB15 -0.0335152634334157 -0.00369472184526955 0.00789011643378681 -0.0522485288130843 0.109004606183078 0.121060956626632 0.0806034373208479
RB16 0.0752155896799416 -0.0905478755265097 -0.103913353317349 0.047925499243571 0.0410139835334128 -0.0137731811863565 0.0318899945355847
RB17 -0.071641207323834 0.0372565291358866 0.106288440309105 -0.0339661014454245 0.0956134949970995 0.0383151225365118 -0.0456913529905127
RB19 0.079244032497461 -0.142267685530642 0.019398144366973 -0.00344572117903312 0.124570495942258 -0.0438977506911365 0.177607555609806
RB20 -0.0238141621692046 -0.0733275850150237 -0.00275006729583965 -0.000557059723585592 0.0230013103769813 -0.0816723891557946 0.0973841052143465
RL02 0.0445185454163004 -0.0536656285713016 -0.0145367616486055 -0.0753691352249831 -0.00313279265345498 -0.0467607091603389 -0.0625259813043262
RL03 0.0981473559531597 -0.0577879627846995 -0.0224316432217261 -0.0140775523102515 0.106322405315807 -0.0458805906682971 0.0548446876519532
RL04 0.0787063503730494 -0.0518861003742344 0.047726761135467 0.0865785594510549 -0.104604197086572 0.0116445538538762 -0.0266063858081888
RL06 0.0870406783320421 -0.0383792232810937 -0.00440502818531684 0.0318809204735064 -0.122071821985524 -0.0137350178716176 -0.0722605782415048
RL07 0.032029925940244 -0.0411173483662611 0.0761398021164671 0.050248663962825 0.00907705037628868 -0.0194353064429039 -0.0679426149654531
RL09 0.0558069747382092 0.038682574148377 0.0256708488357255 -0.0198525440610792 -0.116632591597919 0.0669339070080008 -0.0947372237077278
RL10 0.0526729123677386 -0.150440670668107 0.0280669995739382 0.0950247812442665 -0.0372519491015648 -0.0403024648310942 0.0565722323760563
RL11 0.119979309658882 -0.11443200514159 0.0225850785312733 -0.0990930014804789 -0.0962441798026507 0.0471609538119874 -0.0688079099603619
RL12 0.0136072182907165 -0.0592459428426685 0.0445633308114968 0.0382261682786141 0.00522016446428449 0.0341736104154985 -0.174638282482273
RL13 -0.0251154972077572 -0.172340054949917 0.096728290827094 0.0678952189792065 -0.0573709099434447 -0.0808086419659563 -0.0111910517261455
RL15 0.145358740447739 -0.0714041540971045 0.0353038421383299 -0.0938288135884175 0.0122152128628681 -0.0220739750346544 -0.101438410813069
RL17 0.000141055662991461 -0.0213985594087738 -0.0451046258619631 0.00172912587236683 -0.119044749596997 0.0418046675269031 -0.0227299234032925
RL18 -0.228637931864904 -0.0387782560764069 0.00900557796987573 0.0258359141189362 -0.0124217335243558 -0.0406022146594734 -0.0411907100897757
RL20 0.0301549570574908 -0.082687834100144 -0.0360831458955395 0.0455984731676253 -0.000455848914122486 0.119500623032272 -0.082043380967132
RL21 0.0576537526235306 0.0332469376571564 0.076335925238422 0.0200994070498667 -0.0749342114727927 0.00555248152232064 0.00232763742941975
RL22 -0.0421129112622019 -0.171822758765632 0.0159531350918657 -0.0406093005297774 0.197978470467774 -0.203790143265899 -0.348869822954293
RL23 0.057624950706689 -0.137875006209588 0.107035627757225 -0.0062000978104946 -0.0963311525077571 -0.0176867282272436 0.0107959477347941
TR01 0.0421436767367767 -0.024469253607854 -0.0851607230318296 0.00216936241535446 0.0733131504863692 0.0781988275964805 -0.00766141124109549
TR02 0.0580372168203022 0.0333038368613778 -0.0220510376913444 0.0404020302812412 0.0315578855052743 -0.00955898148633786 0.069313395095064
TR03 0.0711484218194484 0.04967088421502 0.106674664035605 0.0208566697084606 -0.0602613590740696 0.0643511843959031 0.0290475018107689
TR04 0.107001637022855 0.0196930748083798 0.0722178230497385 -0.139113087747855 0.0103180336725648 0.0276077326586514 0.0573837583054365
TR05 -0.0101062295717278 0.12501374266367 -0.00606139317535747 0.0351106844265023 0.00705207478090036 0.149239938252926 -0.0199796393265018
TR06 0.0319902054366702 0.190912106319645 -0.0505275849540439 -0.00630263335613327 -0.0737019386047295 -0.0287529228904956 -0.0628684614723068
TR07 0.0115404692264815 -0.00201628366688903 -0.060427440165307 0.127838098643873 0.0290512525219218 0.0689996670609932 -0.0728803948891838
TR08 -0.0101626384314743 -0.0186147038371598 -0.0192170745917984 0.0343052988619334 -0.0483783761306132 0.111119522431184 0.119150796929033
TR09 0.130609901377971 0.00733627477908681 0.0474450436665443 0.00686142361883573 -0.0129755431036859 0.0412130871963262 0.0485942698126163
TR10 0.0765906263613535 0.0634762837746285 -0.0739156773230964 0.107588670799959 -0.0636547967610993 0.0700726750318573 -0.0205842175643638
TR11 0.0648082101073988 0.0399774353883163 -0.0244457992857002 0.0356104657083078 0.0259837888431962 0.0253979616608427 0.0256009362828882
TR12 0.0144307847751889 -0.0066551414910802 0.0492766207855529 -0.0214234439658816 -0.099625844351205 -0.0356741156362987 -0.010974047864081
TR13 -0.0427359675241568 0.0888828024082352 0.0816936328756012 -0.133403172972128 -0.0750965112598183 -0.129007442269674 0.0804236876887855
TR14 -0.234080615890976 -0.133022825332983 0.0874987301798015 0.00545562527920461 -0.0132282907862184 -0.104885150001558 -0.00315298789977388
TR15 -0.0349410817714939 -0.03970309785967 -0.184180981968589 0.0361623260165826 -0.0186310303367851 0.0288405674312717 0.045169515415947
TR16 -0.00153321583894234 -0.131231750731458 -0.0533105692751752 -0.0891635199199731 0.0293518842980923 0.0915169814978925 0.0350768925222162
TR17 -0.0106867126729179 -0.0814542614905586 0.049719021246257 0.0994691898291771 0.125126751913269 0.00865518334055317 0.0383566827845462
