sample MDS1 MDS2 MDS3 MDS4 MDS5 MDS6 MDS7
AN03 -0.000231303580017883 -0.0509950264908489 0.0400855321593139 -0.0136422686326635 -0.0350568856715186 -0.00136777162628914 -0.0139534386653258
AN04 -0.062075486520933 0.015475114850132 -0.0306472871399649 -0.0025927106258684 -0.0251422896965987 0.0280102727009745 0.0266064192823878
CS01 -0.0935578407960934 -0.00930150279768754 -0.0436956205482214 -0.160653227175552 0.0618642716939484 0.0729057062878757 0.0748585811287433
CS02 -0.0541206527753176 -0.0125432578545261 0.0680465862952901 0.137454622284065 -0.0374659834421384 0.0126436857085335 0.0112491032055245
CS03 -0.0465989311052837 -0.0441897813270867 0.0350716439409567 0.0714960109705466 0.00934989369840845 -0.035011992395138 0.0334344401078669
CS04 -0.0358779854046852 -0.0289172072535031 0.0249636593376232 -0.000886249474487219 0.0199417896762115 0.135821449662094 -0.00650218921835202
CS05 0.0133064399317578 -0.114770700934694 0.0563563942869661 -0.11708045293629 0.0867733785615346 0.0360272839151454 -0.0509240720661477
CS07 0.0884944394950066 -0.0315821047773969 0.127270163068282 -0.0456096819010018 0.0446406205665897 -0.0304964690786014 -0.122299622978504
CS08 -0.118168959955776 -0.371033117460418 -0.0282186883045653 0.130634921828779 0.0340765347781687 -0.0333869156704275 -0.0302575888728063
CS09 -0.103230000994782 0.0124346983700149 -0.0603454396895111 -0.096364653117557 -0.0600087910278897 0.0448678452680347 -0.0444697687763959
CS10 0.0305661032680202 0.0655912392575999 0.049876856161141 0.0795161652481702 0.00278434600054872 -0.0319321184383951 -0.00723441396988334
CS11 -0.0684673870415998 0.0669528090296023 0.0431400177289362 0.0361537025230965 -0.0963695289979986 -0.0460337359630248 -0.0132452980628487
CS12 0.0704706634176881 -0.0538694272669196 0.00546323088401945 0.0145501617458006 -0.0789818747394351 -0.0430996197114445 -0.0580473907582337
CS13 0.0465576087762493 0.0930322449617927 0.0334382257240685 0.140001923585511 -0.0469848717903512 0.0959739572370074 -0.035844964067703
CS14 -0.0158677611227494 0.0221781800915841 0.0268390340727361 -0.0752942174350847 0.00219254805972702 -0.0333127096785219 0.0450191723713499
CS15 -0.0240177859408777 -0.044579748074765 0.0785525266564267 0.0170580606880336 -0.0236437101131617 0.0803538237626536 0.0486152821709243
CS16 -0.0290615645369908 -0.00811211177402292 0.11841794387269 -0.0427703927605042 -0.134655020853451 -0.058369914160126 0.050247676511344
CS17 -0.155353422826828 -0.039104335432414 0.0141027385869887 -0.0309675128034813 0.0667546375387243 0.0046187448183049 0.0197909009988042
CS18 -0.0128813915752382 -0.0227205474374704 0.0834764176736781 -0.0658114773243303 -0.0586281141182287 0.0493794629321116 0.12652295492513
DK01 -0.0207731197444124 0.0591807269494177 0.00820178790657352 -0.0302889219998425 -0.0778350330124353 0.0379812287329349 -0.0108883042149345
DK02 0.0560384772203439 0.018095017404889 0.027665460836672 -0.0650995417268681 0.0783910794497102 0.00881272243603529 0.00106687246410953
DK03 0.0915994314595093 -0.0353654379543594 0.124401166301782 -0.0328254996289161 0.0811099346854589 0.0216175083224862 0.0412525657500052
DK04 -0.0552708660466432 -0.108646967955202 0.0995740226363726 0.0191444562043133 -0.026671103400409 0.103703977268036 0.124505362424664
DK05 -0.0910095035695488 -0.545553055178551 -0.019988328182241 0.131840323080655 -0.0112820690858061 -0.0714669423849357 0.0159595916936547
DK06 -0.0358264950228782 -0.047275330157892 -0.0764372699051802 0.010102455386112 -0.0118824490991367 -0.097618737843626 0.0743235882485709
DK07 0.0577724550165602 0.0426243018547509 -0.0101184785850734 0.0648493456816204 -0.054668009871828 -0.0484516547136578 0.117371193465886
DK08 0.0958705648420681 -0.00911849606779458 0.0161167794038511 0.0745408464885931 0.0174150259145624 0.110468252553407 -0.0920355218174335
DK09 -0.0218852038653272 0.033443911461138 0.0319551526122354 0.0666022239623901 -0.0251744356125668 0.0339335786718394 -0.00352175110057953
DK10 0.212940067660579 0.0236677360625631 -0.0575499791130418 0.0315898271819233 0.0698286350312298 0.0109978801662712 0.0435980090736744
DK11 -0.0688683549342202 -0.015701278876845 0.0464272404045202 -0.0442763320609195 -0.174341758285448 0.0461184823312808 0.067435199401151
DK12 -0.0675810372466223 -0.0323957323262347 -0.00140984202192179 -0.0260605004680748 -0.0564258847885622 0.0167834622530676 0.0136653603411328
DK13 -0.0153458303007495 0.0410998858622954 0.0363822438850273 -0.0808344373999581 -0.012887038804138 -0.0282991464052831 0.0184858593960222
DK14 0.0920679497180275 0.0232654552975803 -0.0454587757854192 -0.152620808476323 -0.053940512358507 -0.0809986358524085 -0.00636114268725334
DK15 -0.108592005336949 -0.0339068681913887 0.0945721135955416 0.0694462557100166 -0.0362826383130874 0.0653372578230152 0.00561634793096152
DK16 0.00434454481005275 -0.0142149615607432 0.0614625751946996 -0.0757993241843862 -0.0245163994325116 -0.0215603571581153 -0.00539996244007346
DK17 0.0653562883046381 0.0928901557994565 0.0623314908252523 -0.0345865352699372 -0.0451270621458277 0.0681612877427109 -0.05712619039141
DK20 -0.0673056659812101 -0.00750825662794644 -0.038874468740063 -0.0549140653419077 -0.122829786370436 -0.0498137826856567 0.0359566218364269
DK21 0.0585548545186263 0.0647356700920934 0.12235724846735 0.131598978911546 0.0384051886918061 0.00151201705845681 0.0229504916556962
DK22 0.0787291230445057 0.0487268747650978 -0.0409646890725112 0.143946241287447 -0.113685644068265 -0.0173214278095792 0.0233333691313414
DK23 0.0843136289480698 0.0313087327426005 0.0840559509705124 0.0447809068402907 -0.070420533883361 0.00282263995970216 0.00184834395064843
DK24 0.0192181950220538 -0.121478931835261 0.0179179375803812 -0.203122481985178 -0.00917089901859132 0.0801628560837537 -0.0716288134625295
DK25 -0.0329957902708449 -0.057477250888764 -0.00674794838702354 0.0488635242769587 -0.0558185146158317 0.0860302609095271 0.00135059853621853
DK26 0.120962453475145 -0.0553135216159131 -0.0172593298746555 -0.0615126702634858 -0.0111989593906715 0.00638108724709254 -0.103157917056665
DK27 0.0883524896317194 -0.0438017052227134 0.126154905900268 -0.00804193311843945 0.0565663746959103 0.00684479155874022 0.10663507431269
DK28 0.15834859163609 -0.00650813459831891 -0.11142779001064 0.077439250503244 -0.0664807762803698 0.0314352379353346 -0.0193471593060794
DK29 -0.0925004726166555 -0.00437852421642122 0.0271501883126687 -0.110019568856289 -0.0164663084782723 0.11962919936345 -0.00484820694657626
DK30 0.131382458808496 0.0282822815974469 -0.0751824723713671 -0.1085185777564 -0.0335084300169296 -0.0430439218855187 0.168086472298259
DK31 -0.0149964393174706 -0.0474527194397142 0.134485661056937 -0.0113057567226382 0.0436722244870717 -0.0781608434617883 0.0200785243800167
DK32 -0.0280592028248499 0.0726522174313093 0.0336043887419867 -0.110426460720474 -0.027485970370028 0.0899711824339355 -0.00246394721913025
DK33 0.0794650328729838 -0.085745744774461 0.0665482292497765 -0.158201903100692 0.00458448852059585 0.0631772503804399 0.0247711635562777
DK34 0.0774811691720394 0.0415090121153099 0.125093554386444 0.0574419542532062 -0.0328975377169214 0.0984859242705283 -0.108451128128522
DK35 -0.0268718889720645 -0.0446634287756806 0.153880585903558 -0.0239941436324836 -0.0216862599494537 0.0537521553614295 0.000892357653945265
DK36 -0.0497473560891044 0.0377047457594153 0.0889279892868598 -0.0902295265357762 0.0149722231241337 -0.00895817332667258 -0.0658102345852314
DK37 0.00289930395761339 -0.00780598856679592 -0.0575250034502553 0.0934247397708331 -0.0723726362693985 0.19347305911674 0.241076898770602
DK38 0.0246017608176844 -0.0367980606510769 0.0285230175433022 -0.0459964748694918 -0.204552259398893 -0.00658515615128951 0.105196784824714
DK39 0.0282571218207948 -0.0134746767520544 0.138468074280335 -0.0563563031700547 0.0595754911168558 -0.0213583189434556 -0.00886258146684589
FR01 0.0575354845631825 0.129034225339732 -0.102044907284522 -0.0353442832089966 0.0568972519920443 -0.0123806956767133 0.124207170631454
FR02 -0.0297754346751393 0.0644375808576899 -0.0424705599877626 -0.00481587311418945 -0.0430059789526746 -0.0277291180560221 0.0296927474994316
FR03 0.0310641539897744 0.076461163337676 0.0887473497820462 0.0158341576720717 0.0906628629851856 0.0150138652550252 0.0165077751805407
FR04 0.0536918893559766 -0.0575228265820562 -0.0297382611264956 -0.173116942028003 0.0899034530482804 0.12728747655814 -0.0918440914928354
FR05 0.100717476942693 -0.06349528154071 -0.0637440547540929 0.0855022761621547 0.0703707722575436 -0.131409907053796 -0.169411671127224
FR06 -0.0499731577307135 0.0109781726685919 0.0224715749497843 0.0593041184763943 0.0978218429771943 0.0479122459704964 -0.165249834168011
FR08 -0.0188569621038887 0.0116086689248683 0.0413433994874365 -0.118428641665727 -0.141162265912936 -0.0151054129565146 -0.0241154695450041
FR10 0.0402878966180257 0.0408205966553566 -0.0352021360305509 0.0810196817192902 0.0249307329639262 -0.0632092051139038 0.0942557893940079
FR12 -0.052088004275176 -0.0187909974652706 -0.0744917556397791 -0.0601598054952989 0.0596525695587808 -0.0342679869679668 0.0610221389861883
FR13 0.0502774697456761 -0.0892078932552807 0.10360512333011 -0.0175288381901916 0.0682165878427985 -0.167738959499488 -0.0335434000905401
FR15 -0.0551403144997109 0.0360520045671763 0.0894538932874131 0.0681623133424507 0.0435929634377398 0.0123703179154178 -0.0475186953018861
FR16 0.154872484290291 -0.0825589240807084 -0.00619617909160864 -0.055142461012409 0.0328198987327047 -0.047940190755723 0.0010942954881601
FR17 -0.0119802889829141 0.0762037972920309 0.0727377733755003 0.00883985750533556 0.0364163396060195 -0.0055676509402041 -0.135912869041046
FR19 0.0586987962118868 0.0185791128084483 -0.0279725277842541 0.0519512089715465 -0.140965211430018 -0.0337422582549914 0.0350567687912604
FR20 -0.122557912670954 0.0813799259335632 -0.0132129761877481 -0.0414375929422792 -0.0651366577555397 0.0334809293066573 -0.0732952675741624
FY01 -0.00182744973566458 0.0622045785790221 0.0410538753682741 0.000929674103539532 0.0901898740160351 -0.0195528138671809 -0.0589452850208013
FY02 -0.048255132886696 0.0726710871512056 0.0746110656597862 -0.0487716732441501 -0.00517385199566773 -0.0264637116163313 0.030193764638793
FY03 0.0720058626918237 0.0225700952200398 -0.0136273708878208 -0.0393101368301495 -0.105974964010423 0.0207358601227548 0.0908829161570779
FY04 -0.0201005944230982 -0.119250849156107 -0.134649570371573 -0.0526094957977365 0.115837324514617 -0.00379678882666783 0.0909153066087747
FY05 0.0213643340942503 0.01789720891907 -0.0984826072895925 0.12755537969249 -0.0323457458880688 0.0379703481695192 0.0124123342451669
FY06 0.0137515798149362 -0.00280819401002968 -0.105406658786469 0.0545057591772954 -0.0558335700581538 -0.0619932341462881 -0.0385636806558065
FY07 0.0166656005525311 -0.120608530182902 -0.0544808157387061 -0.0680150236290963 -0.0862306272336786 -0.00636003672831218 -0.0469296356693279
FY09 -0.00942087085357522 0.0303968347512154 -0.0385144825507583 -0.0685236586637368 -0.0357419294145171 0.0273697779355473 0.129983550520156
FY10 -0.0164323718924507 0.052814721857659 -0.0505481090751794 0.0170120252742269 -0.116948664284272 -0.0261180640530234 -0.210445782555403
FY11 0.0971966378061827 -0.00571051098919172 0.0171467541061774 -0.0838246275878953 0.068980781398918 -0.0449609786113827 0.0913548159738778
FY12 -0.0647468579641146 -0.0366630792373494 0.0720020840616208 -0.00146169215059639 -0.0490488613140652 -0.0940697932223005 0.121209050793344
FY13 0.0605206719005448 0.127990018016724 -0.101790428499009 0.0890289995441768 0.191469272506053 0.0227338314617841 -0.00140233556885985
FY15 -0.0692431121022761 0.054802068789234 0.0844427213090683 0.065895470321114 0.0186160938654865 0.107130203343908 0.0413009080240878
FY16 -0.0117794232409798 0.0770743057017542 -0.0297436972797799 -0.00844725838359618 -0.0554096357272058 -0.0869455257590987 0.00587860766902771
FY17 -0.0401404984289581 0.0260796286971968 -0.00616073448026518 -0.0068609427354158 0.0274635088358058 0.144133336075846 -0.0163763727602719
FY18 0.0368380140569791 -0.0127033086082588 0.0306531955365189 0.128967367352671 -0.024394996520036 0.0481416160047061 0.0229936696600903
HH01 -0.143805912837811 -0.00394750259887958 -0.0470819751148099 -0.0455133535395213 0.170009352912373 -0.0975910257162867 0.0263956741100824
HH03 0.00459366863191913 0.0235281765264439 0.00318834983730063 -0.0154952380658406 0.0856542399215869 -0.0447635539733704 0.0698869818921232
HH04 0.0692298319820286 0.0294930107512682 0.0825163368333051 0.00814830482234348 0.0965163891034052 0.0464733205391226 -0.0490973181609533
HH05 -0.0142253934320515 -0.00171474972177421 0.00798568000898873 0.0494613780623649 0.018235394988901 0.0730320779149166 -0.0632643324199223
HH07 0.0215126774550302 -0.0941132217269638 -0.0114087508679715 0.0248135601737088 0.00649443800240967 -0.0836785360088165 -0.0973302851768904
HH08 0.0532277976161185 -0.0390407669943341 -0.0349171213466309 -0.033061501820203 0.00906290477114529 0.0343243289754657 0.0365067418057196
HH09 -0.0432802448853986 -0.00791427825724018 0.0239695090253911 0.0625491289934247 0.0214101910342606 -0.0342039439924572 0.0557506034896207
HH11 0.0504904893734858 0.0485515700524415 -0.0407868798319139 -0.0584391014243325 0.1016877148974 0.0163611299418091 -0.0822705489089306
HH12 0.0151703173118304 0.00866601077433765 0.0112906916175355 0.0698378916847842 0.0362924885527215 0.0718060723305285 0.0700288007672178
HH13 0.00915673448570372 0.00393055404729474 -0.0646750936796271 0.0047491591147536 -0.0277780554942496 -0.0236069838235861 -0.118797940161418
HH16 0.0215552782271211 0.0694549620317683 -0.0313351783261735 0.0172150368256915 -0.105325796152377 -0.0500305066356983 0.0487397893003785
HH18 0.0617119108158611 -0.0183097375386775 0.0872430271345057 -0.0979338463963071 0.0321921085852772 0.0288455952925841 -0.0674969683138373
JB02 0.0316552249710906 0.0305281966432816 0.0660581881190479 -0.0364660151969714 0.131320608379417 -0.082870030999212 0.165392647172444
JB03 0.0127999551608543 -0.0472878095118284 -0.105291498523555 -0.0531553788071869 0.00957714987516613 0.0603632460899586 -0.121723599321449
JB04 0.0671022425556216 0.0439091187512287 -0.0799263167992176 0.0248817339312465 -0.0736165510845283 -0.0393269284639004 -0.00632610505850323
JB05 0.0148139118171042 0.0204150729258359 -0.0822867372967525 0.017113925265346 0.0837630002755181 0.0455259898917313 0.209533396187894
JB07 -0.00256661286348525 -0.0137455593321336 0.0420349071152209 0.0179080453578158 -0.0415990308191361 0.0317583806493413 -0.06411188042899
JB10 0.0880279749871952 -0.0299803536954614 -0.0572898983811896 -0.0151368312701354 -0.0220309443368207 -0.00302451618900335 0.00109416043683011
JB13 -0.00198078276134959 -0.0263747405040834 0.0716888123718405 0.0868258755485747 -0.0778268725226567 0.0426026177451762 0.0106288825574253
JB15 -0.0901068119668841 0.0242384815905757 -0.135746037552293 0.037858746739282 0.0829041993620867 0.0613399302052084 -0.0517205141862807
JB16 -0.0765816248808256 -0.0212164732503731 0.0234925074147141 0.0121072640507542 0.0265351799360061 -0.0708256957300534 0.0614446012064418
JB17 0.0364613706363214 0.0169773177077456 -0.141641214104821 -0.037998545454744 0.0621912895816521 -0.0887168089000032 -0.0456283961882852
NB01 -0.0190658679279908 0.0392309716078737 -0.0326292952833436 -0.0060478542690219 0.0493874126323981 0.0529800801379027 0.00540083290620712
NB02 -0.0361537903408501 0.0305561241714627 0.0343254554390641 0.0908462437887445 -0.0872096911029216 0.179631060102606 -0.0284169894883167
NB03 0.0590717587426703 0.0119119225385007 0.0593120427033672 -0.00233096715445066 -0.0188761411919854 -0.0543922029135538 -0.0580233718819742
NB04 0.00573801549057737 -0.0111634001941031 -0.013390371718896 -0.0275375061722307 0.0467664148440248 -0.0583034164101138 -0.0521718559766998
NB05 -0.0301279090090142 0.0414053199635897 0.0871554958493126 0.107034750760993 -0.143990474523273 -0.0153901940294193 -0.0580721705296986
NB06 0.0285936622484286 0.0643881451798171 0.0794074066091977 0.0360231247290666 0.0555239066231017 0.0520945599923409 -0.0813965278535206
NB07 0.125344102684556 -0.0215360045108368 0.0272072575860636 0.0247427671452246 0.0426287350743411 0.0633605466376593 -0.0428676259443897
NB10 0.202499911275228 0.00679894216735177 -0.0631112064029592 -0.0705837587451872 0.0103867742105909 -0.148039840341894 0.0177190621886028
NB11 0.010481600469359 -0.0430426154682808 0.0313295820111244 0.128976677567598 -0.104612875084106 -0.00622712770837214 -0.00588522172745628
NB12 0.0281809209030044 0.0226370469029559 0.074369091211648 -0.0652534644796608 0.0618420521632684 0.0124923290817659 -0.0182003503994894
NB13 0.040134301048279 -0.0237607772606056 0.0690005117298075 -0.105305122101353 0.01072916189453 0.0845040051874658 -0.0738394278982064
NB15 -0.0363750907020671 0.0365218171194645 0.0436608830025078 -0.0331308932741944 -0.0913082817552904 0.0473828833014286 -0.0347554047972609
NB16 -0.125795371419365 0.00850618185440293 0.00611380287765776 -0.0833619111940153 -0.0767384069689369 -0.0403562168399328 -0.00445239671469612
NB17 0.0143897187528705 0.0185164416550922 -0.0545109333189024 0.0531587954799788 -0.0661409503425834 0.0397062651373189 -0.0353348459609699
PA01 -0.083128517754295 -0.0915668105845964 -0.0949064952394985 -0.0111614577066524 -0.00728100164107677 0.115058390901392 -0.0835340311570701
PA02 -0.0213773684026946 -0.0066414740212172 -0.137950897212856 -0.0548650483687613 0.0671436030885496 0.0374879936232542 0.0261380214681941
PA03 -0.0674622171080846 -0.00728237613063372 -0.00352702854345017 -0.0515231392702922 0.0499784899469551 0.0291777589213365 -0.0218373414782253
PA04 -0.0519854032714422 0.056075168571191 0.0188891543280459 0.112838085015153 0.0363085650301722 0.0486682309848919 -0.0744481878335032
PA05 -0.0875138772054738 0.051516825910797 0.0592371950623953 -0.0659197218043321 0.103397707311722 -0.0232263574208419 0.124864731729726
PA07 0.14941440617794 0.120101505122828 0.0336350894198263 0.0164688724596254 -0.0398027184506039 -0.00672633633588443 0.0452071874473063
PA08 -0.0822789435892066 0.0257823389475351 0.0209319470506411 0.113376454058169 0.0370699303664951 -0.0697806730465655 0.0302660857657192
PA09 0.0358259918030821 -0.088275941648235 -0.0525845035873959 -0.111532031121864 -0.0533765554404072 -0.144669546885509 -0.061186881337303
PA11 0.149924698514227 -0.0170810551660165 -0.0309532631719874 -0.0333506422032799 0.0923287304711969 0.0993993182008181 0.00432220419406896
PA12 0.0182637701822164 -0.0139193408338491 0.0424966929818196 0.071955570127692 0.00373769551496092 0.0861539391433281 -0.137947688686098
PA13 -0.00292413109443492 0.0125346241738241 -0.0104600776918516 0.122972287398324 0.0707628012939989 -0.0661998898021866 -0.0663738615010349
PA17 -0.00908095310483427 0.0641601097930155 0.0622794037816252 -0.000471697059663828 0.0248833093308079 -0.0349285881072334 -0.0632432810534785
PA18 0.0451415610032439 -0.0194910649566582 -0.0850633347312624 -0.0654387558518765 -0.066496281345439 -0.0604281241899194 0.063164981985884
PA19 0.11973258787154 -0.125391436746267 0.102749938677437 0.0747733051749174 0.000899511075225427 0.0702526662950943 0.0573440208696718
PA20 -0.0476497770994989 -0.0485564464846942 0.0853279809490644 0.0376614776825918 -0.0253108909640203 0.0641263474368727 -0.0645385311746408
PA21 0.00738233086843009 0.0423954297067482 0.0982424325772819 0.0330248000515391 -0.0242819802567203 -0.113032954299309 -0.00637923963864641
PA23 -0.00177152286806237 0.0521884874297624 0.00700007672087961 -0.0410407920908082 0.00718259788830182 -0.0569321707808338 0.0470407448114266
PA24 0.0371870084843966 -0.0780710586364039 0.0924892603624837 0.11154241568723 -0.00876746215637487 0.0756669126692055 0.110324522923599
PA25 0.02291147547967 0.0442170028939515 0.0117322181484578 0.0548440907324549 0.100609072169123 -0.0134938559296859 -0.0215886541623026
PA26 -0.00825502831357488 -0.0221845443850717 0.0114197197640193 0.00980295779766063 0.00902605507919888 -0.0897114324240503 0.00591494579291262
PA27 0.110872564858976 -0.0246383385927384 0.00388769951218686 0.0373161022181221 0.0742696176419538 -0.132515158979068 0.0824490651278629
RB01 -0.057368372937319 0.0942759519302967 -0.0779674921771241 0.123958544587479 0.0739770502040826 0.0610654309617659 0.00701753965746103
RB02 0.0812896421323324 0.00675828689882039 0.00820788010111008 0.0646732863222938 0.0803051160396369 -0.18241219357326 0.0655219993728881
RB03 -0.0762162721771932 0.00219920085184225 -0.0361254143199423 0.0644236327602823 0.157285586833964 -0.0929819417521037 -0.0189261595809442
RB04 -0.0718485078645232 0.0360559646465179 -0.076969172499908 0.0780669613705043 0.0612570314266831 0.00300122680897793 0.0127772071674974
RB05 -0.0464307715328519 0.0097870656381927 -0.0381251504657542 -0.0129905128322016 0.0299776847711063 -0.0706384220154767 0.00167810549197841
RB06 -0.0333800374003279 0.00188500441772578 -0.14321516679873 0.0292763677930354 -0.11249318526119 -0.063321147980958 -0.0618366844403413
RB07 -0.0203195824935105 0.0165671989172277 0.0669647380393122 -0.036932632817542 -0.0484589035286404 0.0248322375289198 0.085081833155992
RB08 -0.0934205811308025 -0.0186194811872512 -0.0275816765878169 -0.137283954011341 -0.0281902293063245 -0.0161515326516998 -0.0420235983827791
RB09 -0.0709012215097564 -0.0865755681739383 -0.00119126522198476 -0.0395708664948583 -0.0214651864548152 -0.129277583683498 -0.0787193955534822
RB10 0.00703437258571251 0.0425847541920984 -0.0503498290887735 0.0858163663093057 -0.143870594550804 -0.106975873453301 -0.0229627446778782
RB12 -0.0308369749517952 0.135009854887162 -0.0463652703841462 -0.0235913617812892 -0.0765938964685571 -0.0420131911973963 0.139046135776566
RB13 -0.0548405391201055 0.0544656021677774 -0.0725730699054925 -0.06635833634822 -0.0619535144042094 -0.103960610223058 -0.0355430495084232
RB14 -0.0043373530526446 0.00892021680927657 0.0313492086249721 -0.00040641034644573 0.00533715273932503 0.00167127828560848 0.0314885186284763
RB15 0.0305049653846383 -0.0231784530083041 -0.0180764622303019 -0.108637493111535 -0.0966893532348055 -0.0460272535411579 -0.0535949376255818
RB16 -0.052784913501097 0.0574624347116134 -0.0669202036493878 0.0990663246571258 -0.0578554360340948 0.00598145444664171 -0.020103397569001
RB17 0.0364045114695257 -0.148107635208787 0.00134199606186839 -0.0844053693171074 -0.0353203899879925 -0.0147820956321786 -0.0455591776614843
RB19 -0.0472838613890845 0.095745513174758 -0.147874648148135 -0.0870674776732901 -0.0865941171511856 0.11556309104748 -0.116115760567094
RB20 0.0300119934880712 -0.000134472122726157 -0.0614313411635426 0.0134428415883692 7.47197905682465e-05 0.103873616718692 -0.0289558486352012
RL01 0.152374803297112 -0.00566240706363634 -0.0606618717333209 -0.0791970300172667 -0.120566961560658 -0.0259966049830986 -0.00688016595228735
RL02 -0.0135593605406934 0.00942219926401491 -0.0835288962263673 -0.0212098172760705 -0.032440349839158 0.0132677016729972 0.043795600218213
RL03 -0.0976203830621094 0.00108325823824536 -0.043202239073391 -0.00270823581256168 -0.0924172734323468 0.102488218332796 -0.042761437182773
RL04 -0.082848091675343 0.0157858024779542 -0.0418396501803581 0.0744128745422146 0.128738830174026 -0.0377902085437058 -0.0514476622355512
RL06 -0.0832702732315035 0.0701071212292754 -0.029267328476317 0.0762215393379777 0.105093528896419 -0.0065366058129893 0.0377744776227647
RL07 -0.0412585319276381 -0.0628573528263344 -0.0526853413310023 0.0156374287863052 0.0172110920338174 -0.0176944671526826 -0.0553524981446829
RL09 -0.0686408552327798 0.0242375256988711 0.0406434286238856 0.00742326448748723 0.0968644039355767 -0.0772843899298271 0.0588737252402978
RL10 -0.0424907909019132 0.0799434393446832 -0.111864429594076 0.0546983232093096 0.0777793022061136 0.0903462076156098 -0.0757256658539122
RL11 -0.148689079782835 0.00606807537869714 -0.118994465054413 -0.00405692994690415 0.0684482065834423 -0.0645910216078362 0.115831341704007
RL12 -0.0268742980407262 -0.0889396792239519 -0.0927808100912797 0.051139067536422 0.0342435293943492 -0.0555333968091807 0.0287720653645857
RL13 -0.0105185663951861 -0.0885388013683039 -0.15685017977147 0.0632435082512879 0.109059896821204 0.0920687577649821 -0.0668623848123863
RL15 -0.156450987131392 -0.000159462821756925 -0.0868267630111226 -0.0267240960795014 -0.00782377029110079 0.0261677913011875 0.0979924405254708
RL17 -0.00184178222873095 0.0478740880333517 -0.0175372633903153 0.0598880164379864 0.0635965588486141 -0.0654068913961846 0.0252745597181394
RL18 0.21791675542216 -0.0709953356588197 -0.0300545654221565 0.0225596110627192 0.0539341323959959 0.0496748114154162 0.00600924358250227
RL20 -0.00914599851203831 0.00901596159456337 -0.0702856614552044 0.0579334951131831 -0.0146166762433818 -0.128060586411559 -0.000409188627068192
RL21 -0.0716660149201202 0.0419805874584207 0.0372986809016395 -0.0256601785801931 0.0826463158390672 -0.0152411999663701 -0.0145495701640773
RL22 0.0502143426738774 -0.140772473173629 -0.183009246331193 0.101247208216914 -0.098315854149171 0.196242945281613 0.21035962140656
RL23 -0.070699111812005 0.0412168077465134 -0.137839583189119 -0.0291281278458402 0.104935985192814 0.0246464742641019 -0.0381168153827588
TR01 -0.028057249544254 0.0751323313620239 -0.0125359642573757 0.00950047885674175 -0.118698578294404 -0.0646952792993877 -0.0247670018336817
TR02 -0.0463123327964036 0.0297364055940458 0.0430611334354249 -0.00586908464371046 -0.0321265316796668 0.0218527290587877 -0.0917225991509329
TR03 -0.0838711934992355 0.0199941416595451 0.0612399992460805 -0.0571680360194803 0.0818481646759531 -0.0424526510686583 -0.0457395840757138
TR04 -0.11805586176447 0.0548364550492952 0.00427813463098132 -0.162189635756131 -0.00105113912993782 0.030859374463316 0.0413348363993012
TR05 0.00729277488672179 -0.0376354555574315 0.113286865295359 -0.0560567835134448 -0.0455524809703578 -0.166287587713238 -0.00624620664439982
TR06 -0.0468939401723595 0.0231874038828474 0.215268346223049 0.058073203455007 0.0253402518631757 -0.0256477074867598 0.0921005373312195
TR07 0.0266120409421316 -0.00768518886167699 0.00410408020791075 0.0906158098297834 -0.0358226666001007 -0.105533052347546 -0.068711693452725
TR08 0.0116995733076379 0.098173142299801 -0.00921334737958214 -0.0255167360161865 0.0128346605224403 -0.0730815527425269 -0.0978577095810155
TR09 -0.12188278540663 0.012455479954663 -0.0137408576970965 -0.0425914301052035 0.0383132676859621 -0.0460252251996539 -0.0299023025591858
TR10 -0.0518988111048041 0.0514685615099847 0.0781954074765308 0.0951075001130405 0.0363574621689749 -0.10023505045974 -0.0415896457911727
TR11 -0.0572328626832583 0.0217341235235233 0.0425369410196528 0.0157252630943038 -0.0574764078669633 -0.0252840190936244 -0.0457114505812373
TR12 -0.0305128097765382 0.0381557390963394 0.00117131528432331 -0.0206519142485921 0.130920287051858 0.0700888151970172 0.0433917088900678
TR13 0.0138012375658239 0.00546900167199983 0.101281933488827 -0.104962175654472 0.110067465620188 0.178362083011139 0.101402767834395
TR14 0.211594536739824 -0.0394500287467668 -0.115931084758236 -0.0208746766457928 0.089614822106167 0.148732199119184 -0.0248755728643784
TR15 0.0622541436991679 0.0577312481219725 -0.0306534704739536 0.0996171219094694 -0.0595732240507671 -0.0502597884951786 0.0128233350291257
TR16 0.0149533075369097 0.0935263915842418 -0.130678421525644 -0.0698165118048579 -0.0380024337826787 -0.0211885530418218 0.0378838274179376
TR17 0.0272138625270048 -0.0029120163758921 -0.0749750266614359 -0.0353981081038827 -0.0712530595895603 0.0385232175727777 -0.110485222289756
