sample MDS1 MDS2 MDS3 MDS4 MDS5 MDS6 MDS7
AN03 -0.0337101391839345 -0.031364366207561 0.0420737034322309 -0.0109156159366497 -0.0672701570736898 0.0333744559490379 0.0149938441476915
AN04 0.042815844209883 -0.0370163626051684 -0.0319228110612554 -0.0279764310043838 -0.102123728761116 -0.000522930985469586 -0.102726606037676
CS01 0.0168999601583621 -0.0910416127835531 -0.0376279904273245 0.0906156232896126 -0.0211752302613896 0.115765156760785 -0.100863949955705
CS02 0.0205483477110195 -0.0426428163494353 0.0645984171137055 -0.128256297102146 0.0302489655728668 -0.0652594788603909 0.03870359140765
CS03 -0.0100562365943358 -0.0504543524911407 0.0356963638367469 -0.0582697099807689 -0.0523560770369492 -0.0716577470212402 -0.0793032108285758
CS04 -0.0113713271346742 -0.0247498690324339 0.00307366991649466 -0.015964171196505 0.0394989825839972 0.123605796317332 0.0561100430453687
CS05 -0.0986270909919898 -0.031278431660566 0.0553843117950537 0.125501230912356 0.0407208930076899 0.089378516407788 -0.00717700957672557
CS07 -0.0672185560967378 0.112727910791387 0.117315668270835 0.102251925723929 0.0118547976623984 -0.0552575023592785 0.0363515496726454
CS08 -0.281550334363879 -0.279028877632318 0.0498964039628946 -0.103991989695975 0.070980579109904 -0.0561769088283626 0.0447266285556879
CS09 0.0598478766469117 -0.0925191925442084 -0.0563125222057526 0.0634341903995104 -0.0530305604282085 0.0904249263465632 0.123250702870687
CS10 0.0460285880030173 0.0593894033276753 0.0375824173057864 -0.0315776865699538 0.047800987434012 -0.0820109355477111 0.0326483888983601
CS11 0.0959010670596214 -0.0194062156387091 0.0305931468571705 -0.026888118163 -0.0226112216862563 -0.0760833210406714 0.0293914318774574
CS12 -0.0665550455415362 0.0293623533482983 0.0113440614685687 -0.043549603778589 -0.0250670928689604 -0.10428943814671 -0.0141532322249593
CS13 0.0727113789956463 0.0859495541146434 -0.0095166687502578 -0.132128862160179 0.0252236798380069 -0.0557076896798168 0.0600103081041253
CS14 0.0393861841939187 -0.0109176014521896 0.0329740019436123 0.0753258326364981 -0.0160646857801535 0.0305099120453322 -0.0430389928960002
CS15 -0.0109706145409763 -0.016063565079799 0.0741915072816576 -0.0734875695172241 -0.0588403388157942 0.0114121215449093 -0.122298799226393
CS16 0.0433655806187649 -0.0157802414896425 0.128737291441033 -0.0262266307158449 -0.145065580343592 -0.0424600129683383 0.00989930422743239
CS17 0.0261330736077635 -0.158904772446588 0.0130269828639542 0.0639346525972715 0.0882730126534645 0.0750141505289537 0.0462241741874721
DK01 0.0816152455421371 -0.000331093930146361 -0.0126739764808329 -0.0233225303304082 -0.0238289240087406 0.0614397430096878 0.0819325883024001
DK02 -0.00669043564556482 0.0506022860219755 0.0203118277581238 0.0936690043597193 0.0632829848468347 0.0837282594812553 0.0157385333753129
DK03 -0.0595890134420743 0.101268767275969 0.121881840607069 0.0447579631104901 0.00516477254980389 0.0335498504422139 -0.112134159948739
DK04 -0.0288845000323133 -0.0938124605656135 0.137246889353349 -0.103658732824901 0.00840558116764216 0.183406746333619 0.024121293002053
DK05 -0.437837332918056 -0.336544473921719 0.0878578830194853 -0.124050744348043 0.0322367692562436 -0.0352666725569062 0.0597677784699351
DK08 -0.0424502338609858 0.0874336920858785 0.00315357943835877 -0.0747585147921891 0.117381513134291 0.00933087912537128 0.1167751657497
DK09 0.045617045221586 0.00443829599318502 0.00443896368023148 -0.053049021909032 0.036376459739726 -0.0682706100841271 0.00695846567185067
DK10 -0.0949628101050434 0.213788694615181 -0.062530145542533 -0.0264488536773766 -0.00958977864828315 0.0568282947304925 -0.0133044297155451
DK11 0.0391072099750568 -0.0882043875160381 0.0510348362214365 -0.0666039968006504 -0.138084450159011 0.0151701679748369 0.141150421460947
DK12 0.0172094049412808 -0.0859326333813093 0.0192430844772815 -0.0295396372675869 -0.0978780098649918 0.00673581904145951 -0.00195858747009664
DK13 0.0561202731830746 -0.0125048405806259 0.026469495158235 0.0763356175976683 -0.0552198278937498 -0.0380878706541086 0.0451364462533999
DK14 -0.0204923407195688 0.0780791295160344 -0.0389344658369356 0.135074282927931 -0.200080677828124 0.00070278504966792 0.0418334693186151
DK15 0.0333795502123682 -0.0881644323970905 0.0987445987099713 -0.0807729309632331 0.0444585474946698 -0.0376643210302147 -0.0181498693450698
DK16 0.0035601305368444 -0.0170044260571488 0.0684513387037674 0.0460926731545285 -0.0217894150556705 0.0406306042436891 0.093524186642876
DK17 0.0643162287537133 0.107453613990636 0.0234621675539085 0.0222437257548957 -0.0176124197859582 0.0152974947481036 0.0933393546836787
DK20 0.0388550560867155 -0.0902807849382072 -0.00578434276356597 -0.00678206259729342 -0.126013867538939 0.0270713398051829 0.0661837080700988
DK21 0.0404330406259889 0.105290516160261 0.0957524816828106 -0.0894483663119853 0.126080302233521 -0.0264463545239916 -0.0109786323163155
DK22 0.0337880304698721 0.0725558509927614 -0.0377293804988752 -0.166466713814511 -0.0286115262475261 -0.0540248695555984 0.0190354148518419
DK23 0.0118391390697956 0.103719919487606 0.0795882150292782 -0.063324098259439 -0.0716063537815893 -0.0371152511337231 0.0435391159182185
DK24 -0.122920944800915 -0.0428324609581046 0.0226481036601512 0.13737452585982 -0.0646588962848009 0.0790240683796167 0.0634098076319042
DK25 -0.0227336756396947 -0.0647390119609631 -0.00154968481388587 -0.107838987466751 0.0431777231766204 0.0188155515982071 0.0749475571939619
DK26 -0.110653682807077 0.0824430886222797 -0.020571467360194 0.0534281980206975 -0.108924322416444 -0.055546528758326 0.0576612070440536
DK27 -0.0615359030345309 0.0775015658901383 0.148801938628651 -0.00346211046693654 0.072737601477413 0.0881437334662172 -0.0651563488041548
DK28 -0.0818622013761915 0.1342480045022 -0.113876461540141 -0.0985609812610121 -0.0821318733213968 -0.0295468536074849 0.0417401057649879
DK29 0.0569042688572022 -0.0957698631478746 0.0159478015509496 0.0472572628150251 -0.0310825315847344 0.17270566469848 0.0581301289430728
DK31 -0.0259806768364988 -0.00553940570667598 0.137941823361655 0.0433291018516478 -0.00889241087811098 -0.0494542028746093 -0.130245295747771
DK32 0.0878663473841968 0.00440884107312877 0.0180992328379026 0.0668594630060391 -0.0110588836914339 0.0955830102189647 0.0504377198284417
DK33 -0.0920958490215664 0.0261107726649011 0.0909599195174784 0.0634022077914171 -0.123820797156094 0.168041181764998 0.0777404418416265
DK34 0.0211544114522697 0.122136743292705 0.0922131799102154 -0.0479449661850627 0.0566861029115447 -0.00485129338392898 0.138508020898982
DK35 -0.000283363417160501 -0.0228348526064549 0.151512268977375 -0.0046154128055433 -0.0403175287595152 0.0261690037709679 -0.0372031495335878
DK36 0.0724977812989913 -0.0221649102200369 0.0727135282507114 0.0957404647216968 -0.0299322941665322 0.0147013797800526 -0.0240942761747339
DK37 0.0228142865775107 0.00188420740577404 -0.065067529792834 -0.245564296255167 -0.119414391281615 0.165124490594101 -0.266523660043897
DK38 0.00263565361543305 -0.0255407322252673 0.0602656894009699 -0.0756263041105894 -0.157938109029398 -0.00754310491496381 0.03288268314924
DK39 -0.0105001290430041 0.0360251902566708 0.116198577990501 0.0925422502887555 -0.0217609244735566 0.0231905466797244 0.00964347342394945
FR02 0.0763051311325352 -0.00255336629126584 -0.0522304185132191 0.000515049460767198 -0.0565338511135387 -0.074541838128104 -0.107672720161829
FR03 0.055298122845712 0.0860761640809374 0.0614706215927954 0.0324461945689899 0.0831177792034782 0.0524279692447904 -0.0148543684685546
FR04 -0.0899460233862571 0.0313061004336927 -0.0623240441958669 0.160200516946703 -0.0181021963345974 0.090473942055531 -0.0290212933761474
FR05 -0.129654948818698 0.0695562017026245 -0.0792948132980597 0.0307124447559371 0.0258706012668448 -0.167190471127282 0.0342410231207849
FR06 0.00195687028640713 -0.0110988810144384 -0.0208920091458606 0.0262911536437469 0.107312982680762 -0.0370524677042642 0.0460029834872476
FR07 -0.195713990550051 0.067438513338827 -0.0344922824287089 0.0670638955979582 0.115764636588187 -0.0462472237714658 -0.010334019579722
FR10 0.0139246571292313 0.050418140119115 -0.0379205768696382 -0.0359337311461863 0.0371959384513017 -0.0769100634301609 -0.112895545719784
FR12 -0.01647885336036 -0.0501227813026291 -0.0723973908734494 0.0452220482844078 -0.0626186631602589 0.0687417500267824 -0.123862133615951
FR13 -0.102332982223471 0.0375940125547016 0.115467278694177 0.100110986124851 -0.00231970261843876 -0.131037363349421 -0.172122650319599
FR15 0.0502559830540394 -0.00854539434260897 0.0675715012679343 -0.0164028804879327 0.0937478720341151 -0.0360848167921598 -0.00516229731131315
FR16 -0.147434304137256 0.114762218319991 0.0171518810637622 0.0480982890702888 -0.0360003839242318 0.0354495518788972 0.0356839888988914
FR17 0.0717894897746626 0.0518112456090614 0.0255124465097118 0.0636990060273654 0.092689716607638 -0.0760151409537421 -0.00150141144284519
FR19 0.0222060088245599 0.0299068065569782 -0.017766396144344 -0.0932958484856457 -0.073812468907986 -0.0203080739147503 0.126794741802365
FR20 0.114787507496731 -0.0830496041352881 -0.0509262747601434 0.0266376355935675 -0.0144426923709291 -0.0274653001723699 0.0664838187805191
FY01 0.056001795975672 0.0356545776554265 0.014908639047705 0.0630496422398328 0.0546944129560124 0.00269620291107408 -0.054987906082943
FY02 0.108676618073979 -0.00764019129869114 0.0652562938793396 0.0439663483849959 -0.00792168454309296 0.0181440425366076 -0.0481138410718487
FY03 0.00317155192507791 0.0741105993118616 -0.00868392741591147 -0.0410449522959934 -0.141256699869654 -0.0142949016700561 -0.0820413593754963
FY04 -0.114397033341032 -0.0925324475616022 -0.11062873543893 0.0458512142125984 -0.0338570851302061 0.110508701272248 -0.0652050039300934
FY05 0.0166474508924224 0.0220440192396207 -0.102718491383126 -0.121792006106105 0.0508938849075317 0.0100017280828751 0.024878291029353
FY06 -0.0186039259166472 0.000723975903995293 -0.0925008950435155 -0.036068418512666 -0.0187718875673729 -0.0685569314538789 0.0439846100535447
FY07 -0.120324063169978 -0.0480895283073991 -0.039109054126058 0.0149021628408301 -0.112337356441684 -0.0496733075362737 0.102684689014711
FY10 0.0575039620454608 -0.00370582422022571 -0.0643795653017629 -0.000673411775828794 0.0185774678903145 -0.100596906290088 0.189384318980891
FY11 -0.0465163314300982 0.0843201929018084 0.0314222537759721 0.0817399620748588 -0.00591635892659534 0.0414530626516046 -0.0920957357174831
FY12 0.00704732536238651 -0.0714631387103985 0.107614869770777 -0.000624309928250667 -0.0394259442385772 -0.0595902851505221 -0.126744084841642
FY13 0.0398195547213787 0.120693778440042 -0.143003823640163 0.00519913719679159 0.129209338840687 0.0339042830422471 -0.143196157901961
FY14 0.0475964665573495 -0.0406597025522128 -0.0192504575304705 -0.0100665623761198 -0.119354759705596 -0.0779826854527377 -0.0837038255995708
FY15 0.0884527421778128 -0.0204678824040055 0.0719475810822087 -0.0749223052784336 0.0946457440248318 0.069379066519673 -0.0174072474931917
FY16 0.0823769132052042 0.0186963747501875 -0.0323408315285351 0.0129230909077886 -0.0600644236058241 -0.0941441032813585 -0.0621592358469074
FY17 0.0381521682276159 -0.00928948543706049 -0.0432207365805422 -0.0141540319899476 0.0665503233843769 0.0912086350261951 0.0063351200238422
FY18 -0.0217733011060734 0.0457812630747611 0.0241612349842409 -0.143702255417771 0.0144642710921139 0.018266453544805 -0.0154278799650107
HH01 0.021713025669021 -0.142357480967472 -0.0440243136865158 0.141959869759805 0.0975575791363334 -0.0423710497970251 -0.12395092765909
HH04 -0.011273072591294 0.103937811168684 0.0453693708985052 0.0492119003473745 0.0857422347274551 -0.00292926490063052 -0.012484088188154
HH05 0.0102407906859733 -0.00681941647011373 0.00486397253221015 -0.0344424019971235 0.0508385482036743 0.0467222026189763 0.068034129388736
HH07 -0.0957510201456381 -0.0240974917549762 -0.00810678624046138 0.0208589637845272 -0.0122916147462359 -0.0712102693507824 -0.0323941811249282
HH08 -0.069558996670509 0.0323150373057537 -0.0367656920187198 0.012463553793208 -0.0492666332201296 -0.0218164358031976 -0.0290068208660991
HH09 0.0232594818018832 -0.0467258572235095 0.0393723551843486 -0.0364942555484166 0.0763128296821358 -0.0382115875424749 -0.0539739424928295
HH11 0.0165077122859616 0.0682835855064428 -0.0552534295796482 0.104287837302482 0.0872670828402743 0.0570608590216284 0.0678358336239853
HH12 0.000877715330681302 0.0351425510723324 -7.09434250043008e-05 -0.072782581141613 0.0490661739126525 0.0808625555159885 -0.0235420839673261
HH13 -0.00796295711592115 -0.00748156739109376 -0.0665050895847382 0.020650442035267 0.0149961333743396 -0.0306956048156783 0.184297242157293
HH16 0.0693533612462651 0.0316724423319753 -0.0238284024987781 -0.0611835753604521 -0.0652233090752753 -0.0647674664352308 -0.0285778773241815
HH18 -0.0446492714895892 0.0592664527874738 0.0706388021645398 0.106101297242709 0.0217998058160378 0.0250857068513503 0.0371234862304575
JB02 0.0209911531575742 0.0399867090342463 0.0779742511217389 0.0647056258799873 0.0169911518420497 0.0718937915463416 -0.143074405949689
JB03 -0.075879982819332 0.00351838895240021 -0.124884292681297 0.0529421581157268 -0.0191314035190062 -0.0246835068010948 -0.00925604872830654
JB04 0.00812281556528361 0.0681791190790595 -0.0815458261199154 -0.0408469087781117 -0.0918444742577442 -0.0652627779859058 -0.0538114441816126
JB05 0.00219158938369245 0.00314893292169158 -0.0739460091590438 -0.0432192922141516 -0.00457835742838093 0.161866210138153 -0.118661137081998
JB07 0.00237201676534154 0.00045096679382228 0.044079475211843 -0.0412005962966993 0.0128963756189098 0.0164225328921997 0.0286345650449396
JB13 0.0111948119844844 -0.00718501544323035 0.0691620257924768 -0.112238794997765 0.0320502173144449 -0.0207390645276905 -0.0140136726486545
JB15 0.0193045236774541 -0.0679685590340814 -0.16148718987317 -0.00493322447100007 0.089806930414933 -0.00697397566902445 -0.0318063545003279
JB16 0.00950460337846308 -0.0679410263327745 0.021144331941612 0.0230939511804756 0.0130823316663849 -0.0630543786844483 -0.116403735172829
JB17 -0.0485067435263862 0.0381995613557924 -0.151783633067514 0.10810585985956 0.0425578152271813 -0.110407629681288 -0.0842719992662318
NB01 0.0409230698527149 -0.0107628043456526 -0.0462324393479743 -0.00125117759608522 0.0194070100878718 0.0577003360489907 -0.00497662898948546
NB02 0.0682197093691381 0.00269009759432003 0.00919778449366898 -0.141916727478472 0.0345865115770901 0.0431155629627089 0.0477633370921098
NB03 0.00188285200218572 0.0637563473926739 0.0471225500818222 0.0187430308522305 -0.148360754936348 -0.0803380369241727 -0.0811710050433057
NB04 -0.00439386110290005 -0.0108227427513336 -0.00664939469614096 0.075593449092562 -0.000119725476745281 -0.0257755070515511 0.0330894029019654
NB05 0.0849524127414127 -0.00675783314723379 0.0842668394506987 -0.125169244228652 -0.0361748169603041 -0.104623525649616 0.103455279646562
NB06 0.0518509026964509 0.0741843480572787 0.0442986133530448 0.0170609120802144 0.0471179892561299 -0.0256370497452321 -0.0177070053765929
NB07 -0.0611804683914442 0.11159158579777 0.0119871866488125 0.0140698814093066 0.054315697948905 0.0243046826253412 0.0235384013668174
NB10 -0.101606692545329 0.165378039928051 -0.0544547601191854 0.114330543183288 -0.100037740050465 -0.0821106564831533 -0.0464132292268565
NB11 -0.0332550840981551 -0.00350383335775885 0.0375172949879189 -0.140560569348563 -0.0265842614458396 -0.0823553746027842 -0.000835245241877627
NB12 0.0270777773740425 0.0310608844601074 0.0553508578395404 0.0686434080802276 -0.0213958909005698 0.131938542396769 0.0802292386201312
NB13 -0.0275946432321694 0.0411483011243836 0.0421445760440976 0.0834815362856315 -0.0241508291903193 0.0614107714834825 0.0416326990306452
NB14 0.0593184944760006 0.0443191406978474 0.140597534402901 -0.0675364618409954 -0.0341307139756135 0.145254501001501 -0.0286706645875148
NB15 0.0687025068737773 -0.018187921143578 0.030513324244269 0.00621964759490688 -0.061973804607595 0.0225399411871219 0.0697666831213473
NB16 0.080977154541451 -0.118936126574428 0.0108823894444814 0.0589561475626101 -0.0410438826995992 0.0164252185333372 -1.26949626136352e-06
NB17 0.0198716203130772 0.0110364902389477 -0.058071653314514 -0.061944348257905 0.0162440689675089 -0.0571542665649682 0.0650566509075494
PA01 -0.0523464890384639 -0.118908138700403 -0.0904550740920382 -0.00473042157360449 0.0375730708814924 0.0462489005337073 0.0505825301739865
PA02 -0.0156017791838282 -0.0355459677399052 -0.134157315008664 0.0425336264519343 -0.00691365290697779 0.0844040001239063 -0.0431434292394485
PA03 0.0420896719868918 -0.0733405814397374 0.00525754580448381 0.0507113964901236 0.0594860101413921 0.0933986103239728 0.0333821885641441
PA04 0.059836284748541 -0.00923905768794544 -0.0104694928773394 -0.0389699821896409 0.121337468538372 -0.0966775691594715 0.00428395036527065
PA05 0.0947147642968783 -0.0460205813835655 0.0589057142479564 0.0991441238530623 0.0702572205671362 0.0503344348232122 -0.152079807693355
PA07 0.049810719131862 0.182389430282599 0.0109432004334322 -0.028310123033449 -0.0865787896158623 -0.0306384519673201 -0.0457980280497986
PA08 0.0647557983135769 -0.0610065096084104 0.0308568091534935 -0.0804403996550855 0.0778149010915817 -0.0492413883192109 -0.0302754294283763
PA09 -0.0899031862782331 -0.033884292572092 -0.0146329789186452 0.128591425165169 -0.149451382894529 -0.103619074497831 0.0307315664641574
PA11 -0.0982447720987128 0.135730386844386 -0.0398668505267078 0.0386814983521406 0.0705089178067101 0.115592672636759 0.0359000187025259
PA12 -0.00957297372088953 0.0286174416280742 0.0232182526950283 -0.0465389332876528 0.120023058746079 0.017564285036566 0.104065428070227
PA13 0.0132197457881691 0.00280070594600056 -0.011224688197986 -0.0210911250053216 0.171693213400752 -0.0950220596411237 -0.00351680057065137
PA14 0.0346232813424753 -0.0564809867017244 0.0345228099976829 0.00994008076437466 0.0954276983284981 -0.153958492204746 -0.013598886506629
PA15 0.0337324823313696 -0.0138042335549503 0.0392631897952082 0.0114983993950345 0.00996946805939695 0.149287435806679 -0.00899277785492793
PA17 0.0596374322529193 0.0222935851124554 0.0534212458801728 0.0480471054316999 0.0199230061571134 0.0327832060686096 0.104208112134965
PA18 -0.0314121842579466 -0.00792530610858133 -0.0555061464984342 -0.0069085579408795 -0.106234903324915 0.0247118261394464 0.0963015826546826
PA19 -0.136727007429503 0.0813717397345543 0.130899315833915 -0.112845176854396 0.071711047531219 0.0786915256896427 0.00226717306520949
PA20 -0.0129894262179999 -0.046691287375955 0.0724369080775451 -0.0439292436703171 0.0135564421621765 -0.0833906121425877 0.0299473689590355
PA21 0.0439479709209208 0.0356056754771382 0.104720220509532 -0.0186978996268313 -0.0234842122097273 -0.0418847136721062 0.00277567767018413
PA22 -0.0507755314480193 -0.0450551094673668 0.0956221201392019 0.0770005189423456 0.0129400748173123 -0.0849577823538241 -0.0180303073183106
PA23 0.0565849637451265 0.0235708689562231 0.0196615680441855 0.0163703661822829 -0.0844510449147212 0.0819073939537813 -0.0308804477902721
PA24 -0.0320463768558224 0.00540086504820874 0.115881899096778 -0.171372003053472 0.097563425892244 0.152113059941014 0.0661853853640259
PA25 0.00605243725175895 0.0518857929677119 -0.0122527855023455 0.0352904270712281 0.125811327709507 -0.0216860447245408 -0.0299089093132244
PA26 -0.0135049073828236 -0.017779062594858 0.0261603038263607 0.0309452326686465 -0.0093453906368169 -0.110373349380493 -0.104837311114295
PA27 -0.0624814979736627 0.0743057145889995 0.0401500834166873 0.0107155771958962 0.0251366056351186 -0.0194729574107997 -0.0541218931796547
RB01 0.0897841917717238 -0.00415207585041991 -0.103370105268975 -0.0744348757266148 0.105562477250962 0.00684013320862633 -0.000349737599167184
RB03 0.0211367554831474 -0.0686999132643277 -0.0321278080835999 0.0552232137494384 0.19505890054063 0.00573208231362958 0.00352343124567232
RB04 0.0397133071234832 -0.0387939724814287 -0.0841531776976137 -0.0511460232842618 0.0908837332663057 -0.0129704254586814 -0.0367021923283021
RB06 0.0128367128394676 -0.0508279051301052 -0.126801825118861 -0.0510698675164227 -0.0811801515730183 -0.113338486135819 0.0470754928308939
RB07 0.0331392886007044 -0.0147680405307018 0.0730616124051027 -0.0106404775033164 -0.0501881922403881 0.0354254048581651 0.0323129066191801
RB08 0.0364378256192225 -0.11433852187423 -0.0266649473750802 0.10371316325988 -0.0365022512555696 0.0445489104238267 0.0808731795930698
RB09 -0.0282559484276107 -0.118068425126288 0.0396820702420573 0.0791488703142813 0.00248066061884522 -0.125976287075417 -0.0361044324954051
RB12 0.139039389571847 0.0136813151308006 -0.0501685702643155 -0.0316262329726675 -0.107712441056898 0.0806876225699096 -0.0299927277476256
RB15 -0.0139891133256204 5.37061028588618e-05 0.007183125459483 0.0834077271153095 -0.139105280424267 -0.0200445871986434 0.104225537329659
RB16 0.0667371046494977 -0.0240867116781403 -0.0758453481227639 -0.0817674336966173 -0.0158771581898295 -0.0675399414234569 0.0309295114661747
RB17 -0.143380760932085 -0.0282829098522943 0.0370128744060984 0.0435809433476065 -0.0734447728183487 0.0153390242440132 0.0847147166720513
RB19 0.0956959651647445 -0.0132565958833968 -0.18850759551938 0.0284336517190347 -0.0774094624369927 0.0349314363229151 0.0962055358899636
RB20 -0.0162227043397419 0.0288267732487073 -0.0843696035855883 -0.0532407875521039 -0.0259008647523845 0.0963560486751532 0.0925497813337887
RL02 0.0298518024865338 -0.0469480684617867 -0.0592434841974838 -0.0322755147101956 0.0243711205149297 0.0691027287682508 0.0235703567060225
RL03 0.0516616484383946 -0.0942569537083306 -0.0672097132457975 -0.049428366837235 -0.0484023889851017 0.026516785677294 0.121811398161325
RL06 0.085411357438241 -0.0391422315702963 -0.0492480867457998 -0.0104731821041861 0.107355812773395 -0.0161555277569839 -0.133353413307009
RL07 -0.0450612252279094 -0.0625266647816827 -0.0458485698137987 0.00662944202078542 0.0362684685427507 -0.0102449423890752 -0.0264007165037259
RL10 0.0465986748507198 -0.00261164304961531 -0.16673812828853 0.0125192039928301 0.106930553064477 -0.0329006715209819 0.030723637991189
RL11 0.0480297671737623 -0.143684308288231 -0.0931647594653904 0.0221852673733722 0.0257986856747729 0.0262623821012531 -0.0809858552726632
RL12 -0.0911480416374927 -0.0591948993675676 -0.0689156237691701 -0.0122285458339115 0.047742981336788 -0.0952896473908018 -0.0950616444104927
RL13 -0.11280507950614 -0.0459627708519012 -0.16499278426792 -0.0216383588960116 0.140916869997693 0.0136835355029719 0.0247499256943822
RL17 0.0242440367791711 0.0245224088865837 -0.0148070327863744 0.000494638671398652 0.115806113970743 -0.0294387701253574 -0.00135333885672876
RL18 -0.166422047131304 0.170989810042697 -0.0252486167310328 -0.0343718854346386 0.0272871718510858 0.0511504019526945 -0.0140184549007215
RL20 0.00349628243662589 -0.0144258063833593 -0.071846948751762 -0.0218089880452139 -0.0807154663342391 -0.117760939998049 -0.094942106958037
RL21 0.0531052459491652 -0.0340856346046109 0.0178483084985054 0.0721307650931008 0.0670798485144516 -0.0256548002749479 -0.0379617923465715
RL22 -0.122867534937802 -0.011096506014591 -0.166384181752342 -0.270583499197778 -0.159767011357199 0.155685672627094 -0.256714717823084
RL23 0.0376694429110533 -0.057507661473834 -0.160270668291202 0.0655480935654307 0.0774667777210325 0.0541188760415425 -0.016283011894199
TR01 0.0851389997020841 -0.00411209484058287 -0.0121988848797696 -0.0242905205165705 -0.103344256509298 -0.129047666600341 0.0655425034750537
TR03 0.0450139421645403 -0.0457721745705679 0.0339918113628305 0.114690941061363 0.012940244337384 -0.0220439839507074 -0.0655213693942066
TR04 0.108821484821237 -0.0967586809740805 -0.00939984231335352 0.130942419197125 -0.0665423401783836 0.0716538914333995 0.00682600096973752
TR05 -0.013702880509469 -0.0192877659702694 0.123550914973822 0.0899179046635566 -0.0374527178114407 -0.148086874677568 -0.0204574374513565
TR06 0.0641866428149476 -6.13740292061609e-05 0.208787895179323 -0.0477600607048264 0.0030414528259024 0.01362486353613 -0.0411156051834677
TR07 -0.0207697981698999 0.0212574610778512 0.00260622718476938 -0.0509338221328608 0.0576209565623887 -0.146108471752457 0.0210971646932905
TR08 0.0637423995261696 0.0569375845799228 -0.042647344245805 0.105890992623391 0.0497505571421574 -0.10282543119118 0.129602353416689
TR09 0.0624035018236073 -0.099268196622031 -0.0168397642682661 0.0718159090668392 0.0259216137683375 -0.0152520326322108 -0.0144377824589084
TR11 0.0586753293745977 -0.0361811235907425 0.0284835940775506 -0.00897198178024259 -0.0132646141996261 -0.0342107356066355 -0.0087252087350959
TR12 0.0294873401168351 0.00429205835696298 -0.0254855631109284 0.0624360873335184 0.0777764019222727 0.0811205623514358 -0.0717581222900277
TR14 -0.160675431930532 0.179430875130494 -0.145007731475633 -0.00625223310752251 0.0569627936568468 0.110694783916704 0.0630893909603076
TR15 0.0277698024776412 0.0793616190122593 -0.0389196872514914 -0.0806559045142562 0.0146214613690975 -0.0506657376214432 0.0993718800830002
TR16 0.063332877390286 0.0339870224175022 -0.131940303543626 0.0316357433416459 -0.0961455900936092 0.0532886342861868 0.00933030534936142
TR17 -0.0216704112210438 0.0116834772048005 -0.0958049126588407 -0.0041884960838093 -0.106028733501287 -0.0954039223779537 -0.0118871906819156
