sample MDS1 MDS2 MDS3 MDS4 MDS5 MDS6 MDS7
AN03 -0.0147598934661091 -0.0393861331292736 0.0602636232372349 -0.0225081885170659 0.0484687041570788 0.0413221121647296 0.0374225239218076
CS01 0.0669500202052522 -0.00982739578515951 -0.0104629878588584 -0.194200291553936 -0.0177207346241019 0.00704290053224587 -0.0958135849681384
CS02 0.0489848869867007 -0.0189026718460394 0.0340459451816955 0.086833920221427 -0.00669672695234305 -0.134928347232318 0.0225675710983571
CS03 0.0148115851998378 -0.040709251264438 0.0293815460702004 0.0475678332442342 -0.0103728055135013 -0.0449310606757081 0.0352639700825552
CS04 0.0221447596573177 -0.0383152549331999 0.0573216576861532 -0.0365440270697088 0.0473922420472956 -0.0581044472811513 -0.105937240592031
CS05 -0.0657911256083565 -0.0737001092979626 0.102365377247191 -0.092541347190722 -0.0488581564250999 0.0398595928159613 -0.103144963459931
CS07 -0.103211916494789 0.00432273767081057 0.107352335219086 0.0749733886145073 -0.00844813313541759 0.134168892891868 -0.0820113154161715
CS08 -0.0295760230303699 -0.416091746815976 0.0430017963744929 0.0170086326131341 -0.0406985537542326 -0.0855379720430581 0.0511025916029765
CS09 0.106680761104677 -0.020815033349924 -0.0303328872844536 -0.0986429868548524 0.0228547709366859 0.0418912288786887 -0.0133837834407748
CS10 -0.0108548327502154 0.0694937624302181 0.000953584523211592 0.101223222767409 -0.0215134112828801 -0.0222030171427199 0.00677035816023072
CS11 0.116303199181245 0.0281803025711185 0.00841364610348616 0.0950245547096438 0.0251896735090025 0.0461141871831137 0.0192808151284629
CS12 -0.0585046787797189 -0.0326132071666916 -0.0172395364193259 0.0636317843249005 0.061612840299854 0.0881084855778317 -0.000606860779514065
CS13 -0.0235752808855929 0.0861872417756559 -0.0351510115332247 0.125432616038987 0.071679435181065 -0.0948496996572336 -0.0288780021231541
CS14 0.0317930597074829 0.00981429305663669 0.0342192051194951 -0.05690132625174 -0.0202713690364052 0.0539987305557548 0.00649064775538977
CS15 0.0128962902917532 -0.0314492579317883 0.0658055357084155 0.00624189389587135 0.0909977578594483 -0.0262371345165972 -0.0381556121584164
CS16 0.054153483132369 0.0108644182135841 0.118314969254187 0.00316440143716726 0.0677024358177285 0.0721750862712577 0.0841444655476113
CS17 0.113353684505674 -0.0868752874354844 0.0459099125745445 -0.0822907792627969 -0.0972443448730572 -0.0713077882021466 -0.0178581879951697
CS18 0.00838718930350135 0.00389083686144157 0.11363651312624 -0.0500057441279427 0.0731332285359728 -0.0178828242249955 0.0405773890581889
DK01 0.0728002477452405 0.0429530160785884 0.0198733327121028 -0.0198583352565772 0.0831582008214436 0.0376023033325872 -0.00334926254660814
DK02 -0.0377004013615686 0.0430508666047589 0.0547473350674309 -0.0683104959167732 -0.0611988701408713 0.00390522048677069 -0.039446615632942
DK03 -0.129695037649461 0.0214753946630559 0.101968947719329 -0.00382006743287761 -0.0412884455434027 -0.0131414529636279 -0.0645297547723965
DK04 0.0162963082353199 -0.0973059330522611 0.152781453464851 -0.0699798149124748 0.108052888136726 -0.118914369766412 0.0522632207288732
DK05 -0.113373252825242 -0.555151080718405 0.0609512004463908 -0.00730667515646594 -0.0266776551981901 -0.0761970315015199 0.150338471423639
DK07 -0.0276905215955416 0.0711149162445552 -0.0270772149605902 0.00248071890459511 0.0172402673555725 -0.0667619599195797 0.14821473561758
DK08 -0.102489925143 0.0326615533761208 -0.00118364889345305 0.0675305177176167 0.0239457793248173 -0.0805406023594445 -0.0923144926790213
DK09 0.0214329855575921 0.0074550937718099 0.00461582587978638 0.0649796873974821 -0.0143189087930189 -0.0485876527564668 -0.0312353110591212
DK10 -0.199152763411851 0.0929011073342206 -0.0834253644657525 -0.000851279066180183 0.0174722097095035 -0.0623851420052013 0.0170146461128083
DK11 0.0915581193416561 -0.024320801552692 0.0834073582403903 -0.0511987464219681 0.110313457734082 0.0162647315437624 0.114375618951992
DK12 0.0575367626153625 -0.0409047474481139 0.0150071141228981 -0.0341337802855916 0.0461464583430057 0.00726373583005069 0.0255664623758956
DK13 0.0290317306180582 0.0396261960417373 0.0173329445683894 -0.0313517025601999 -0.0386838246772773 0.051597917040938 0.0460775593087691
DK14 -0.0565836776304829 0.0587816172654955 -0.0350784780881447 -0.110504391948893 0.00432662239272211 0.168414081004857 0.0736646083531731
DK16 -0.004866675402565 0.0229996593210178 0.0599983591780394 -0.043178452583156 -0.0245751436576925 0.0153280692038944 0.0421508784329254
DK19 0.0459838410946217 0.0296609063280237 0.0918123298337102 -0.0193614983556329 0.0255862435098518 0.0829932774178395 -0.0467201162391613
DK20 0.1018129003349 -0.0232560565614213 -0.00848977414027534 -0.0751776387602256 0.0156413619141188 0.0511260004112281 0.101501612957974
DK21 -0.0418643246512739 0.0851594549082585 0.0731800275163831 0.14003370188734 -0.0189507144814518 -0.109667808692742 -0.0194416285005488
DK23 -0.0526713830771436 0.0738053517649967 0.0802486864441275 0.0936236753984373 0.0792826151531933 0.0219074224755593 0.0194584218103215
DK24 -0.0607745961761234 -0.0748341909392232 0.0493936558500778 -0.164930919045913 0.0238086731664953 0.114837306657011 -0.0974348518367964
DK25 0.0381958824198521 -0.0744790263179214 0.0192328064761103 -0.00813480708665831 0.0740549214911764 -0.0848640329555067 -0.00553402464209987
DK26 -0.124393449175039 -0.0173721511086245 -0.0456668085534729 -0.0242888422671072 0.0536790037835332 0.153475563548061 -0.0274830492690906
DK27 -0.116977414977845 0.0230424118915674 0.130421433182141 -0.00483748434487845 -0.0458717000350447 -0.061861835330645 0.0423490371382544
DK29 0.0961770050505199 -0.0318067601105114 0.059283673788022 -0.131848928995501 0.0494780076472134 0.00702058781838002 -0.0459091148625547
DK30 -0.0975373018584114 0.100153678088233 -0.0501746456839255 -0.132366431452813 0.0176504345190752 0.00050943013328296 0.143748888432221
DK32 0.0502580078397302 0.0543203669005021 0.0388882437316511 -0.095378504747022 0.0344647769290284 0.0306735682765789 -0.0652244706315837
DK33 -0.0999160058812917 -0.000530433725566037 0.117099780091523 -0.152478420408961 0.0384152431666091 0.0163637801027102 0.0461799168718326
DK34 -0.0569482709241109 0.0690669118720544 0.0897774258979388 0.11740273418219 0.0858606383093876 0.00459429813666827 -0.0764644230952827
DK35 0.00801772672105908 -0.00500669502917526 0.171019910367506 0.00710292468958472 0.0579146781865851 0.0275482197778738 -0.0586825397546696
DK36 0.0573352905977604 0.0313462050537757 0.0890279379314539 -0.0260045800729837 -0.0295283513422189 0.0872799119642439 -0.0739021398529764
DK37 0.00245420794547057 -0.0195800094964316 -0.0581369367866256 0.00200139438318954 0.293639288322859 -0.130521696901144 -0.00157510179796645
DK38 0.00953385916815523 0.00157352833909475 0.0424636213483525 -0.0328623355064068 0.140389319275471 0.0569144480958442 0.135473701479359
DK39 -0.051561363547131 0.0277462523003486 0.125053039651024 -0.0286288610112217 -0.0585287810668458 0.0153559907709774 -0.022517041110948
FR01 -0.0232397838310905 0.16519028044794 -0.113539328172836 -0.148286237908039 -0.0569894452327101 -0.118402826383532 0.0692612256623419
FR03 0.000320520267515771 0.0829344278334394 0.0588676961184593 0.016369416901055 -0.072260392000263 -0.074899065373359 -0.0367597030242064
FR04 -0.0865369317613489 -0.0199146741417343 -0.013748469559776 -0.136842915905749 0.00146310349731841 0.0943743189710781 -0.206102888839336
FR05 -0.127713508951778 -0.0653142075699765 -0.113926229190085 0.135175523478927 -0.0990387458514475 0.0839176385427374 0.00851360100958417
FR07 -0.19008290001887 -0.0909209758686364 -0.0473997831995123 0.0177462063077226 -0.076907266674803 0.0159822450901888 -0.150315091167746
FR08 0.0560872515871222 0.0202202198938382 0.0417869102774439 -0.0298914630000266 0.0884512488500761 0.135627989147581 0.0139925529655195
FR10 -0.0372697968354306 0.0452643838171864 -0.0770243374879162 0.0525129679089519 -0.0705603337280125 -0.0634989757999091 0.0538273459747598
FR13 -0.102679382677626 -0.0455567038177387 0.0833427908027955 0.0883276498363997 -0.109465081728308 0.128484902988886 0.0152716831784884
FR15 0.0338673622519007 0.0140868246367276 0.0678972642675169 0.106927237203611 -0.0599717348273945 -0.0477301071225663 -0.0589472955150443
FR16 -0.175762975411712 -0.0115928634668074 0.00455037257049957 -0.0456740088490361 -0.00272885855603114 0.038463662195067 0.05079405106337
FR17 0.0402948811821599 0.055006175431088 0.0335657287617648 0.108055677893484 -0.0338925843285493 0.0453950720009433 -0.148772668450308
FR19 -0.00857572079116263 0.0312567702787286 -0.0308851087124598 0.0240001239946392 0.0931146946455346 -0.0016498746066019 0.171026937499586
FR20 0.15410992591816 0.0145029782538272 -0.0255279482629159 -0.0235911630031463 -0.00149510512026707 0.0503691572133026 -0.0699312528014704
FY01 0.0215536159496691 0.0514425673898067 0.0191368870961447 0.0440206920039074 -0.0404763427802516 0.0263817370613526 -0.0975791486310387
FY02 0.0756004401249348 0.0630488973419159 0.071234370007239 0.00512815183654546 0.00293953226738168 0.053528939569633 0.0213105540869983
FY03 -0.0439959089410367 0.062697576429418 -0.024093212623437 -0.0222153994471084 0.13934318398905 0.0550556604448409 0.0549000224241099
FY04 -0.0389473429411499 -0.110317099983642 -0.0866212233811017 -0.177242692988081 -0.0526787250818653 -0.0717462556771858 0.0369806121471088
FY05 0.0219166134619611 -0.0290772832789758 -0.117356276931924 0.0561573586443822 0.0712362894537792 -0.0890846643212747 0.00337237308845515
FY06 0.0140202042473771 -0.0335698763983949 -0.121501491237749 0.0569742239865762 0.0386284346564207 0.037320762329412 0.0700905613349919
FY09 0.0330142738630732 0.0383909277686749 -0.0259845045911234 -0.124490686573654 0.031882637288326 -0.0570514803472953 0.118712527254588
FY10 0.0618385416097148 0.00122041942212003 -0.0832848287487911 0.11843235344847 0.0578901030580548 0.115312367021058 -0.0111337402624089
FY11 -0.0884216829200147 0.0449758060604307 0.0231581410799479 -0.0795983722926069 -0.0676282322421052 0.0215597769546182 0.0381592116825925
FY12 0.0339323663447508 -0.0540074503552009 0.072909465137243 0.0215876986655046 -0.0444154932312066 0.0152112171006318 0.108070330062759
FY13 -0.0566591191157879 0.11041743909562 -0.161398014542755 0.040009364297352 -0.0874932200429057 -0.116635587570686 -0.100672792709235
FY15 0.0690478316821866 0.0272949848233541 0.0671529483205273 0.0483815410023666 0.0174916774547418 -0.113319842394505 -0.0342262461417298
FY16 0.0346319330517408 0.0666062741867094 -0.0575111335020166 0.0473891797418461 0.0138572059330837 0.0832630805597942 0.0508400403946212
FY17 0.0395018930491797 0.0128001152175496 -0.00578066791719385 -0.0488575857610767 0.0607904732235702 -0.0688603664908448 -0.147958628274428
FY18 -0.0478657074170165 -0.00851397574427609 0.0006082612380622 0.11456411234697 0.111686910199361 -0.0825085496629944 0.00771622174643253
HH01 0.0782715145677149 -0.0665065648452458 -0.049958503036372 -0.0731444533407781 -0.219152875971209 -0.00979832157354443 -0.0231207547259292
HH02 -0.167512704898307 0.0722413157940864 -0.0110826324697818 -0.0850642564585909 -0.115670540286709 -0.0310541658054765 0.0823821808602084
HH03 -0.0142149425659852 0.0329265181676072 -0.00302447867815305 -0.00037673616232798 -0.0437581928922372 -0.0229247428521478 0.0186118025079469
HH04 -0.0850886618613448 0.0584452231436658 0.0495471457342209 0.040697199796346 -0.0687521199580887 -0.0133115488576392 -0.102805874987559
HH05 0.0244172933113442 -0.0402012141319923 0.00156288385074834 0.0365951137218876 0.0500088018961532 -0.0167580696614217 -0.0556127496241929
HH07 -0.0351184986389075 -0.0937316869910853 -0.0233238411296991 0.0520786757150134 -0.0196523520266924 0.09777885873758 -0.00672999802222075
HH08 -0.0697324415249147 -0.0269756874544604 -0.0423261345029287 -0.0517703322633428 0.013940573557053 0.0134739588509686 -0.0156461777394975
HH09 0.0502122174004885 -0.023981727306836 0.0183766781644528 0.0410819045673875 -0.0573782063838741 -0.0518216708979102 0.00814275554189047
HH16 0.025250342153043 0.0745230208573688 -0.0477034330499024 0.0371049327368751 0.0666728345441654 0.0395801963536708 0.0728060508124899
HH18 -0.0662482270760433 0.0242472380762338 0.0771872230094095 -0.0173459611027978 -0.0133809395130084 0.0899339231771341 -0.0955517483496491
JB02 -0.0629854644353675 0.0929164854380276 0.0589924433375785 -0.0585123840789798 -0.127408937505542 -0.0921070294706087 0.107030189456836
JB03 -0.0235917457526566 -0.0668118407053617 -0.0889016515891287 -0.0290993388455853 0.049888362739762 0.0783188242588582 -0.116985800492891
JB04 -0.0138101868686726 0.0512326897693997 -0.0983079212592919 0.050998691031221 0.0679080391781049 0.0466551759645242 0.01590400960276
JB05 -0.0231475855730551 0.0437676823852339 -0.0780972362864253 -0.131125712031351 -0.0145361905486934 -0.19515592750625 0.0569590534407534
JB07 0.00935885045396485 -0.00842787480018577 0.0528799493284157 0.0583685468521589 0.0488468007812048 -0.000161530687887166 -0.0440665380481759
JB10 -0.0960808824757683 -0.00106541230167448 -0.0639125993888765 0.00105627443167757 0.0370283005011386 0.0516209935199702 0.023093070083171
JB13 0.0346331358131068 -0.034768881768628 0.0724999531217131 0.0850331599061536 0.100507573652501 -0.013833007852967 -0.0164589868919757
JB15 0.0771157380201779 -0.052986122461483 -0.164267375239553 -0.0176736133057188 -0.041294726416174 -0.0592290296419938 -0.121297721777966
JB17 -0.0645735184662974 0.000254835666806696 -0.179736517086078 -0.000714257987953898 -0.088987800118449 0.0849559501009292 -0.0415052747671804
NB01 0.0302900780879117 0.0184220015713481 -0.0273981655733383 -0.0567436995537035 0.0164620373659225 -0.0250080239759355 -0.03746136251705
NB02 0.059877747510433 -0.00605207850102275 0.0187536343037809 0.0771781692139402 0.159141069344972 -0.0642974830218869 -0.106594531298006
NB03 -0.0505806808215624 0.0271904891274273 0.0212646990003244 0.0878684266702405 0.049490530208717 0.135463961114001 0.0213694183833109
NB04 -0.00711857542995243 -0.0245003583859525 -0.0324149058428217 0.00488187930283769 -0.0544735643096016 0.0560248726810246 0.0113330830100601
NB05 0.0757047410951042 0.0238304212200107 0.0605659034138219 0.156030336664616 0.0735509826034776 -0.00715844223114855 0.0528835553498426
NB06 -0.0054941135682855 0.0671193118278409 0.042025325651031 0.0653906843532434 -0.0101755091689685 0.00974598798207976 -0.117660759709256
NB07 -0.131919209471014 0.0236740672575061 -0.00012515212722741 0.025955931822022 0.00863097035335348 0.0149036955115529 -0.0520242464892237
NB10 -0.161621065902518 0.0738056924183377 -0.0775610996541674 -0.0301390824654751 -0.03957127670707 0.131264940481131 0.0794158967642641
NB11 -0.00494165985733929 -0.0512176488146658 0.0118522683154094 0.1135751260231 0.0753207619007882 -0.0348769523408965 0.0595601596374016
NB12 -0.00809373365987714 0.0659365673374619 0.103285900911408 -0.0730129586630588 -0.0251018042090025 -0.0209327785023651 -0.0232123239119511
NB13 -0.0371747530147245 -0.0105806998081127 0.0697438140837419 -0.0499391913130247 0.062891441738862 0.114557246288618 -0.11510624367272
NB14 0.0138458979502847 0.0847523010868975 0.165653344259978 -0.0327776874985879 0.0728332695963035 -0.0906515229253182 0.019644216088668
NB15 0.0594193171668648 0.0199224909415309 0.0330555407271537 0.0114612168262447 0.0667931694144166 0.0356541275383821 0.00743745052848448
NB16 0.135142552099142 -0.0271610488945189 0.0348446900317281 -0.0625288390675427 0.0168354631232187 0.100602617110376 0.0156853960418787
NB17 0.0119198558885505 -0.00436581755318517 -0.063967273920112 0.0466602193233426 0.070717202131254 0.0127057488017073 -0.00908631097110961
PA01 0.0279781492525091 -0.119437606759387 -0.0567998047043617 -0.0735485501898555 0.0317601002727564 -0.0151917403950107 -0.103198478403888
PA03 0.0623900334736876 -0.0223256425614863 0.0276287644606223 -0.0584016366979867 0.000723231480665071 -0.00317263885557071 -0.0465234735843986
PA04 0.029361014027734 0.0130211756817909 -0.0356629831765173 0.119783678127168 -0.0716131713584361 -0.080994909828697 -0.0697758075646249
PA05 0.072439734827276 0.0380038393905858 0.0524722574350726 -0.0707747402375708 -0.12192720465294 -0.0205744704339024 -0.0292619936188722
PA07 -0.079928631558713 0.158763621558536 -0.0147359535811498 0.0464935919907594 0.0480447727935816 0.0290351554318723 0.0276745007012074
PA08 0.0728341808925697 -0.0105280307283466 0.0121000782638871 0.0950070256698595 -0.0646649651676022 -0.0815097072183137 0.0343099827078014
PA09 -0.0646864689427249 -0.0861234077019952 -0.0620372002727228 -0.0269111219498456 -0.0449179766879751 0.202634362935132 0.104852780153955
PA11 -0.145994317779697 0.0289901107771526 -0.034936268721698 -0.0786546198131373 0.0244136770307163 -0.0366603142267641 -0.107857282154979
PA12 -0.00684314439038671 -0.0186504170375689 0.0416506169209889 0.0834296975165781 0.0479826414123168 -0.0206484293046358 -0.163091683591642
PA13 0.0110858594131285 -0.0256067617828235 -0.0421801200078176 0.119328737574278 -0.0915867800712502 -0.0184532937473436 -0.0232666798885077
PA14 0.0801422083951899 -0.0512587457432739 0.00712374345388695 0.121564318358756 -0.102311989105813 0.0486776479965741 0.00622874261345358
PA15 1.21976231281906e-05 0.0617715229837629 0.0604530503659512 -0.124490669655458 -0.0517292035579441 -0.127652916105641 0.116931493961681
PA17 0.0255365717054653 0.067639904268929 0.0412395366088871 0.0105338062317154 -0.0570935301224447 0.00630338362750433 0.0246622844551512
PA18 -0.0438981658239471 0.0201406564244134 -0.0615978781990278 -0.108148063606141 0.0256829865217759 9.0341537414957e-05 0.148557829611784
PA19 -0.16010606384221 -0.0633547360928472 0.113441161736958 0.0511158773995097 0.0934252323848005 -0.0760445616583037 0.0042928155316339
PA20 0.010329902530297 -0.0502237415992258 0.0625253083354417 0.0815086050653337 0.0207522163889339 -0.00681085373738475 -0.0676796947856455
PA22 -0.00372851783054997 -0.082332217682968 0.0767337954916149 0.0459210260420643 -0.0620364333612172 0.0949365192802673 0.0460214296155525
PA23 0.0184249822134543 0.0782380819418379 0.0357835198908525 -0.0557823164153006 -0.00843009246441085 0.00273899981350293 0.0612780855117769
PA24 -0.051200696600115 -0.0298487575356812 0.125667564806186 0.0348986822535955 0.102896301997065 -0.185371466293112 0.0920310838262108
PA26 -0.0223238846724269 -0.0347932908586126 -0.00315412497993412 0.0576756447026271 -0.0642921622312853 0.0647014664486208 0.0361468417243558
PA27 -0.106264149056168 0.0170634717352398 0.00497741047533258 0.0186505729066236 -0.0705402976809841 -0.0274100877468532 0.131019834398431
RB01 0.0815393024039746 0.0393224041668062 -0.108236028606731 0.0146948377053747 -0.0360301588197882 -0.152190001403693 -0.0699216102215307
RB02 -0.0747505875586889 0.0331768826490627 -0.0194227086152503 0.0844709691662859 -0.129940899220544 -0.00216577263235678 0.162112931021178
RB03 0.0443795602200065 -0.0310012485724231 -0.0370263096052227 0.019968493657876 -0.170978156575673 -0.103209496838909 0.0272185462680767
RB04 0.0366937558500536 -0.00901128013915097 -0.105778501853486 0.0317687538084852 -0.0327867550457844 -0.0932789651820754 -0.0309833325403536
RB05 0.0220968530776452 -0.0274545578003248 -0.0614012494315352 0.0233624205952411 -0.0955607600920159 0.00972813014013467 0.0326848470859717
RB06 0.0609233743665284 -0.0350626394225256 -0.146115158973226 0.0285338750339508 0.0479163469301552 0.0616691037805128 0.0523579661480029
RB07 0.00921363264729774 0.046539803206372 0.0700174009810573 -0.0446717661977399 -0.00572995291760276 -0.0725722711327127 0.0768897923959301
RB08 0.0790368650527047 -0.0322341398037567 -0.00443819248961852 -0.140579403511793 -0.0168923753473956 0.0596028782631879 0.0124248861090528
RB09 0.0440414501261003 -0.11667426107764 0.0311432528009236 0.03837047326369 -0.0884409919803564 0.110714045976494 0.0473317873561654
RB10 0.0488716289498651 0.0135192106459573 -0.0675390017860369 0.0818216346865389 -0.003871927163113 0.0232154403276668 0.15924487522534
RB12 0.103163601902257 0.1128654008295 -0.0491839239146695 -0.0567456290503887 0.0213211129907979 -0.0322933023991156 0.124261931921456
RB13 0.091538695843631 0.00569511981854967 -0.0915874979300125 -0.00519442566442479 0.0159311239847366 0.138360300127325 0.0531096207472386
RB14 0.00437667449493984 0.021995094134729 0.0407737031728909 0.0026043851473162 0.0257848332709793 -0.00965508159625553 -0.014335831518504
RB15 -0.0184107694595515 0.00357873037723839 -0.0131084232602997 -0.04896835479011 0.0318613743434534 0.155477401059609 0.0704124659454385
RB16 0.0737862063361868 -0.00985566401584149 -0.0863746619073821 0.0524120451635153 0.0432348787387095 -0.0348581295465562 0.0308095321294866
RB19 0.116597653854865 0.0375201780420049 -0.14768627009888 -0.0777106245638352 0.134225140449772 0.0931009324517195 -0.105599641859551
RB20 -0.0118818714970222 -0.00861780083473908 -0.0354148393234984 -0.00706476335508041 0.102663198037132 -0.0449954724451528 -0.0432412364285592
RL02 0.0551590145036488 0.00351886108299582 -0.0443680629103719 -0.0760792900774261 0.0061077742914291 -0.0850041680127642 -0.000565803795605166
RL03 0.114313185437641 -0.0587868993579533 -0.053635552648866 -0.0298587215576349 0.0883225290223839 -0.00348959526101773 -0.0355833552019424
RL04 0.0584500124829367 -0.042197777753577 -0.055126894813954 0.0510547595025972 -0.110734718881305 -0.0583070703172778 -0.07390941305438
RL06 0.0730753352838879 0.0237731806925633 -0.0531067335008093 0.0403280954757974 -0.0791536834593171 -0.0785467464967848 -0.0530098978290769
RL09 0.0405769756990392 0.0167714298899651 0.0330300135087114 0.0213475653783656 -0.130395648830302 -0.0576138626557592 0.045679631705766
RL10 0.0537035905427422 0.0152941354421115 -0.147368914647139 0.0181036507568575 -0.032791537700095 -0.0385212359550709 -0.137065454284563
RL11 0.104162379394333 -0.0500918480360715 -0.0980934723955617 -0.0879103992164834 -0.105843471064739 -0.0801685572134081 0.0909891979544796
RL12 -0.0228765487431455 -0.119054946634767 -0.0798113263223581 0.0274457312456304 -0.0467921580677924 0.0167162107254678 0.0331326489861389
RL13 -0.0477408366731675 -0.131081970368061 -0.13833862038618 -0.0378617005297698 -0.0381450973899341 -0.0890988868660862 -0.136458899624324
RL15 0.145550499162391 -0.0510167579809946 -0.0670959090093078 -0.0828866911754315 -0.0208826165866058 -0.0467340528900832 0.00762754246429577
RL17 0.00825282967995915 0.0293004288772479 -0.0511294517878504 0.0487485704677478 -0.0958324036881844 -0.0599204557983887 0.0420765889135104
RL18 -0.228691386008479 0.0160150261440896 -0.036837173020942 -0.00714360788205905 0.0221356788924729 -0.0475325653803431 -0.0468107091455035
RL20 0.021727460487871 -0.029987139893836 -0.0993014210489992 0.0800383741538374 -0.0467028594230531 0.0265199809125531 0.0798199732956289
RL21 0.0486947204887256 0.0220010049808551 0.0426801028098333 0.0034567680437587 -0.0954905017215871 -0.00209518287348429 -0.0790695848440949
RL22 -0.0779834056690782 -0.116154901385174 -0.16395983181959 -0.0120011495106908 0.343734146725528 -0.113417714681982 0.039079130052069
TR01 0.0742208069950154 0.0647012919837348 -0.0395326160266657 0.0349144384718298 0.0161738569104916 0.0623290137038782 0.060611371559183
TR02 0.0710901468770529 0.0157248288741224 0.0417674126644422 -0.000382892033981239 -0.0119329443510888 0.0194312742296509 -0.0594156583560575
TR03 0.0511789192031043 -0.00298236769140244 0.0574563702434979 -0.000540353943944236 -0.113994656922548 0.0577336696773237 -0.0439888757218378
TR04 0.116916488307994 0.0258458104009212 0.0284736067677558 -0.154773380176068 -0.04743524622688 0.0469002806638789 -0.0180549842617113
TR05 -0.00659455281881666 -0.0135892534714237 0.0844757539644129 0.0424024858337703 -0.0960102673808431 0.138364531227465 0.0852954578800446
TR06 0.0284588868762813 0.0557163050563199 0.199917218685855 0.063325814326735 -0.0423872261426233 -0.0961029159966209 0.070394936350046
TR07 0.0021929964659766 -0.0239920002453875 -0.0374076244824902 0.143290680543499 -0.0159232625213756 0.0355464151448564 0.0383280690227017
TR08 0.011801576931536 0.0880079182599533 -0.0394113714528394 0.0635497347757472 -0.0725045520010234 0.0733243924997487 0.00413261049856617
TR09 0.123332222817299 -0.0348472513105402 -0.00174124928064344 -0.0222728373797272 -0.044562894164004 0.0628802479537842 -0.0541433328948763
TR10 0.07436366261565 0.0204166057319559 0.0315451645488358 0.134480580034967 -0.0909473278370551 0.00158667080253793 -0.00788111293805916
TR11 0.0713136743111336 0.00234799350212716 0.0326794202065272 0.0791127804750716 0.0384503512333522 0.0569452748385227 0.00754590728900404
TR12 0.00521919132008084 0.0226223041678455 -0.0106364625119976 -0.0616223749944399 -0.0639642599867951 -0.088064147622789 -0.0870750078400445
TR13 -0.0303058692853295 0.0566057245368216 0.144445373543851 -0.172855491622871 -0.0128407250481906 -0.103589180844477 -0.10893135004209
TR14 -0.233740463733079 0.0396530876676005 -0.12307944960703 -0.078526229432987 0.0394155434413142 -0.0638615764908941 -0.105671841805296
TR15 -0.00262878552416692 0.0438465859363512 -0.0709402987033725 0.112042966692233 0.0299087424776833 -0.0393102308519319 0.0955186839064102
TR16 0.03298620540529 0.0870592629283727 -0.152034597534174 -0.0822408317264636 0.0349920190094774 0.0315543031812682 0.0619786039797342
TR17 -0.00576695419345818 -0.0317494236853841 -0.0975910170883231 0.0240936321209144 0.069731403277263 0.12102068729921 -0.108921116230294
