sample MDS1 MDS2 MDS3 MDS4 MDS5 MDS6 MDS7
AN03 -0.00741540956220588 -0.0383477192658054 0.0513356977502377 0.0239259376985154 -0.0294034787782808 0.0157886278070228 0.0203154193652408
AN04 -0.0443181161718281 0.0307090334598916 -0.043940530769288 0.0224422588894145 -0.0257343875126244 0.0295484061719943 0.0288091794332173
CS01 -0.0744767666231379 0.00503269716655841 -0.0399137611162874 0.0788272011383677 0.117426902478378 -0.0472416398925671 0.13434907913789
CS02 -0.0490500274348964 0.00876468887691123 0.0650376722009697 -0.00812841512757168 -0.0193159091132528 0.0865001978442545 -0.111079335105168
CS03 -0.0516386927050502 -0.0243507271942317 0.0301163173581532 -0.0182842231945322 -0.0365631297247523 0.00150050687330297 -0.0548939789876557
CS04 -0.0358685876726194 -0.0336172742670811 0.0365519926285781 0.00750789415365853 0.0642234668758726 0.0922302595751419 0.0841631942448426
CS05 0.00394935996750062 -0.0938224027291066 0.064973493914671 0.00862933203194638 0.0876635898707975 -0.0292868583569224 0.111751100258204
CS07 0.0696151479786823 -0.0476081078612803 0.115422510873292 -0.113335387155707 -0.0623157637687293 -0.062427970726849 0.100379086086071
CS08 -0.187420307008726 -0.345009416487679 0.0351493276428118 0.0257244434467269 0.0225556749609515 0.0141465314589524 -0.0894471018190498
CS09 -0.0784509352456539 0.0257223702870296 -0.061423613672114 0.0917284106812924 0.0445795347711021 -0.0446650989394467 0.0949755629463517
CS10 0.0283984483170242 0.0531453229845077 0.0363451202245837 -0.0645721958216833 -0.0199410106092968 0.0100059970371422 -0.0693873608916087
CS11 -0.0819182982629315 0.0922004194730949 0.0246057413032681 -0.022330774172037 -0.125558265125362 0.0170482989545898 -0.0134734776208524
CS12 0.045384773995329 -0.0652238785682231 0.00284309372374453 -0.00597714031258856 -0.116069486716365 0.0135423736458774 0.00189226069876623
CS13 0.0550849154026974 0.067985925274868 -0.00733465697879154 -0.0611967963945804 -0.0339487762046669 0.135345314782821 -0.0298102713087225
CS14 -0.0163305070163339 0.0486133531529162 0.03355266503235 0.0409474149910316 -0.0091826624582669 -0.052219824922781 0.0233030294674109
CS15 -0.0382725200014616 -0.0131509784971406 0.0771734528148892 0.0113260429336214 -0.0337205308268265 0.103504475418065 0.0306384458262359
CS16 -0.0305602404780472 0.0444145819820167 0.116441409708014 0.0801739176072862 -0.157329707766797 -0.0238796052982083 -0.0119185879474953
CS17 -0.128818772593293 -0.00757820738395881 0.0162836058802191 0.0389011715426262 0.11857730944837 -0.0323996029551366 -0.0131121037372162
CS18 -0.0127240782879559 0.0145140826051216 0.109072287367489 0.112831091916857 0.0102541484652555 -0.0053805697233268 0.0158579555342431
DK02 0.062953307122915 0.0105017182340403 0.0401629984037899 0.0016824148728303 0.0846208175102129 -0.0372564226078706 0.0294636207164827
DK03 0.0961999437877227 -0.0347219947130402 0.1077109681506 -0.0368918129643596 0.0210043302463316 0.000312394744063922 0.0351156403688403
DK04 -0.0579383398551258 -0.0655730478272792 0.142317014423922 0.1414028535614 0.0688106467300417 0.0865408335803037 -0.0279741574167487
DK05 -0.181728360564759 -0.512794203338697 0.0637239594813992 0.101403001191617 0.00142167380798607 -0.0186517777737616 -0.133863147313937
DK06 -0.0300288482616688 -0.0353554827385737 -0.0427851954992318 0.0972083822560958 -0.015596207378976 -0.0643931495642688 -0.0990160250178808
DK07 0.0652554985061631 0.0516477685470413 -0.0110786953672257 0.0706987407171596 -0.0428602394063644 0.0146284870010252 -0.125357093571693
DK08 0.11052348124289 -0.0477271076905372 0.00666568047908418 -0.0512217266572948 0.0419664285699217 0.0980173447736055 -0.000198366720236297
DK09 -0.0126408718447931 0.0319384798131248 0.0142752607483448 -0.0220871775549402 -0.0208403998029542 0.0568183516643209 -0.0331780036129483
DK10 0.206985633869617 -0.0247526204901832 -0.0620065445741623 -0.0126125939490323 0.0657379828325487 0.0547061923842311 -0.0396427120641052
DK11 -0.0759386302220333 0.0187467405125266 0.0563611139473426 0.135011661870619 -0.0700843616237317 0.0128465999984454 0.0405579052620495
DK12 -0.0788324328323424 -0.0106173469079934 0.0101481268065587 0.0599938111428271 -0.0243287643633979 -0.00246844004573959 0.0328792054578244
DK13 -0.00609682856631964 0.0529096384672243 0.00913194410159433 0.0155821330176717 -0.0112016172334105 -0.0863793758204476 0.0283052820120581
DK14 0.0820127720998524 0.0147034103317565 -0.0517695765218444 0.050300294655865 -0.0836234043553144 -0.125671583669068 0.100103551187232
DK15 -0.109529139423858 0.0020058295968957 0.0885754756898775 -0.00595943810042392 -0.0214743787712791 0.0879984784732462 -0.0145080515161834
DK16 0.0211797673818465 0.0137303269768731 0.0554291878433431 0.0424867823957037 0.0222311313429186 -0.0770454392076175 0.0468449814144614
DK17 0.0692084987511222 0.102670871939966 0.0370524288408037 -0.00516468689621003 -0.0295337596885367 0.0348985298197807 0.0852966288401794
DK19 -0.0309784198037529 0.044575910707333 0.072607614065623 -0.000436561318487635 -0.00960884872695967 -0.0486347282062438 0.0918083112857154
DK20 -0.067954998674434 0.024073984555038 -0.0294670401214356 0.12472262277745 -0.0537543167155505 -0.0540211316284619 0.00336092871840122
DK21 0.0676083289271614 0.0575382085052043 0.115205092662871 -0.0785103235759387 0.0188660515974122 0.0825134975179324 -0.128484060393877
DK22 0.0709995079116427 0.0320153243341157 -0.0456547310678784 0.0270817579027713 -0.119061715010476 0.100589393802184 -0.140122501438018
DK23 0.0790456120268468 0.0193580895278596 0.0898949236187195 0.00363835051459294 -0.0734300550919167 0.0282777594102793 -0.000398971475247088
DK24 0.0189706931336805 -0.109627866888794 0.00958074826622559 0.0545627121529193 0.0122646866515283 -0.0645503458967516 0.216505913188017
DK25 -0.0413786403558089 -0.0379026698495654 0.0149517603545189 0.0603870869659189 -0.0185798007378001 0.0958652945788892 -0.00881185912006414
DK26 0.0944794543150799 -0.069976956165113 -0.0279030360163795 -0.0473567278453907 -0.0914195166275467 -0.0330582166292809 0.122813597332689
DK27 0.0985981938646822 -0.039298583598131 0.134010204218575 0.021891811641919 0.0652193989365165 -0.0130069209788396 -0.0497963042381031
DK28 0.144452568035114 -0.0449885921768172 -0.0973717544752959 0.020298117049039 -0.0969420040149361 0.0907827289796217 -0.0164887577052227
DK29 -0.0784587624698647 0.025226028152448 0.0234952094735463 0.0801834344680465 0.061170917813911 0.0207559144230405 0.124942642371378
DK30 0.158265548831937 0.0261055352370435 -0.0595330017014356 0.16765842724615 0.0342540505942409 -0.0968409412258597 -0.0655020792981393
DK31 -0.0287622858593301 -0.0241246844200755 0.140804281511542 -0.0432063639156631 -0.0408405666452354 -0.0601707439816794 -0.0129784909837689
DK32 -0.00368850299129395 0.0988820297341366 0.0189826184425065 0.0577713021940666 0.0108681655540763 0.026593399359512 0.131243912009393
DK33 0.0734603546558985 -0.0489358990659979 0.0775059931044236 0.114124693158239 0.0642125404535453 -0.0702126440519847 0.119316138104019
DK34 0.07645347641907 0.0265329959288871 0.113363994380094 -0.0800207565959443 -0.046769205649353 0.0945624283235732 0.0748475604758411
DK35 -0.0360653955638883 -0.0029368018825444 0.157459356626907 0.0203497687297443 -0.0257570440997248 0.0460788410195169 0.0726804584377215
DK37 -0.0100758154972095 0.00637695391962283 -0.0470172784264038 0.131136953376193 -0.0438607458392148 0.245767539326227 -0.0228243965950912
DK38 0.00857807628532308 0.000228657825281198 0.0468622898008129 0.185877392712989 -0.15244732855275 -0.00916671037042806 -0.0245646992736652
DK39 0.0409449223039655 -7.63081708871643e-06 0.130643684621167 -0.0171050808560077 0.0259992745857396 -0.0734819603257009 0.0392949805673644
FR01 0.110024683975671 0.121939573008064 -0.11057540838642 0.108008008175655 0.124266266345331 -0.0449403984059269 -0.0659653443745414
FR02 -0.0276240391040601 0.0644976466177075 -0.0563655736142803 -0.00120343540591958 -0.0643846072370639 0.0137720486137174 -0.0119474505025937
FR03 0.0493061605822383 0.08710123033164 0.0756714533430819 -0.0470525389727236 0.0739915381316304 0.0257209969041735 -0.0344873040196343
FR04 0.054612633635169 -0.0851403019310131 -0.0388667323550615 -0.0304474346147822 0.0646958352095169 -0.0207569895019796 0.251694006613198
FR05 0.0569472761295205 -0.112863533150545 -0.0791564635413104 -0.193846460747202 -0.064539765011296 -0.0707805878237913 -0.0540747384229746
FR06 -0.0540386812611672 -0.00953824856155601 -0.000421388964852696 -0.172446253291203 0.0437694633626613 0.0798694814239992 0.0451906795259256
FR07 0.0839606882757619 -0.173908169617006 -0.0209922420824116 -0.134506492140811 0.0816312197056038 0.00725370681657204 0.0614873022842236
FR08 -0.0326206969119724 0.045115977748333 0.0347005782255975 0.0648959390814896 -0.128968473437865 -0.0554774626189214 0.0842166264866134
FR10 0.0525147254644933 0.0211058737663195 -0.0498060351149004 -0.0105303014219711 -0.00869732747176154 -0.0124151512893916 -0.122625263716947
FR12 -0.0537343136686241 -0.0106197970109274 -0.068924930378238 0.024804223206199 0.0527954130064111 -0.0370156715223345 0.0281262932523081
FR13 0.0299581556638648 -0.0910596906473421 0.0882186851863211 -0.123667633103653 -0.0493584056421486 -0.118632171032783 -0.02719913059899
FR15 -0.0430001344052027 0.0342386685260361 0.0753863897429247 -0.0997820202066363 0.0573240785283774 0.0203229167891337 -0.0164193854743063
FR17 -0.0164447052123729 0.0770937161250332 0.0392382652240678 -0.137815911929097 -0.0175279921949293 0.0231349871776156 0.0506959972095073
FR19 0.050790002456647 0.0241590238060319 -0.0215526855663513 0.103676978379913 -0.0951445436730909 0.0322440784104857 -0.0861648125523346
FR20 -0.106184924357853 0.0985672525821737 -0.0316231356407192 -0.0077189028239733 -0.031402368237162 0.021837217910477 0.0832604302855098
FY01 0.00629805973036161 0.0562850968984442 0.0201519010221726 -0.099968308211802 0.0301034683635966 0.00112114576278306 0.0160416295355027
FY02 -0.0366105995337341 0.0931617711255593 0.0597066320711676 -0.00647469830763702 0.00607901335540782 -0.0402797515898407 0.0178257155625768
FY03 0.0682093610961888 0.0204796324597593 -0.0111086233129031 0.0753964486499566 -0.105765122441472 0.0249459456106336 0.0416682338061018
FY04 -0.0317291857156123 -0.109017981089903 -0.105585591657872 0.0812091135887419 0.105250258913048 -0.0411999244788752 -0.0274429722892649
FY05 0.0103655775077033 -0.00382239646684235 -0.0812796740257204 0.0008797395018122 -0.048077782270726 0.133268357383306 -0.0850583704706849
FY06 -0.00873132310915343 -0.027663299142455 -0.0994644793451831 -0.0227165990596833 -0.0801881377563281 -0.00673246120636888 -0.0331559825082203
FY07 -0.014423982429141 -0.116758088567209 -0.0475240750132729 0.0583753947999493 -0.0647043823096267 -0.0642844264381458 0.071455656729246
FY09 0.00487269495337741 0.0689936325082227 -0.0389098707175638 0.134867363941758 0.0193766276915304 -0.023174955162949 0.00447611327605177
FY10 -0.0307196458009081 0.0471814804707946 -0.0823932784866315 -0.0811778071128724 -0.122176181057746 0.0280223062719319 0.0381437921205159
FY11 0.101481808993067 -0.0151156223197019 0.0278973804618389 0.0342378260406903 0.0542476056117907 -0.0918058173043649 0.0111681824646567
FY12 -0.075894053821894 -0.0128095634892843 0.0766024900326489 0.0516615506912342 -0.0506792890058987 -0.067095944031921 -0.0733965797147696
FY13 0.084438252490029 0.0709800088036656 -0.136979107826414 -0.147406122670314 0.133330396105755 0.0501119480241279 -0.0684872232546267
FY14 -0.0486695858739723 0.0621633659419981 -0.0261061251115622 0.0391536982841387 -0.0739848326920594 -0.0212663133400345 -0.022462040852875
FY15 -0.0440501719934585 0.0628459909344487 0.0771496773138906 -0.0100334152902298 0.0740405804246307 0.0933521958053705 -0.0238157650166894
FY16 -0.00284845728455197 0.0766542785917421 -0.0484721436187509 -0.00976515285634281 -0.0815824950523583 -0.0437166433521198 -0.0152289413740597
FY17 -0.0286678200310993 0.0312179757710374 -0.0101505611806265 0.011024614972735 0.0655752923883703 0.0998385784765286 0.06976684546538
FY18 0.0341903533605714 -0.033144720144062 0.031482915239697 -0.0278450340160935 -0.00805647333134278 0.128806091831556 -0.0426397633508781
HH01 -0.122188710178433 -0.000818625797838128 -0.0541223329417123 -0.0724173279194403 0.129868771275764 -0.144959600980141 -0.0392188628548436
HH02 0.175993711586643 -0.0339414435534676 -0.0295948901133707 0.0348497059282759 0.0914823498072501 -0.124585797416715 -0.0508445773350628
HH03 0.00778553533330432 0.029531040600919 0.00104105128494671 -0.00251526291699719 0.0707873666875889 -0.0360155924399008 -0.0352384190463058
HH04 0.0824466066187092 0.00405596736231522 0.064552159002861 -0.110759448616417 0.0620254577613364 0.00831330880732133 0.0455980148450919
HH05 -0.0270586029741887 -0.00524629752212026 0.0096157111929263 -0.0522857891133214 0.0183207889555073 0.0897376475846523 0.0271776840793516
HH07 -0.0126486181118031 -0.101281470158618 -0.00137659228197058 -0.0744213364511608 -0.0790028475162557 -0.03218766866668 -0.0114358072716298
HH08 0.0515238577958865 -0.0629121700098307 -0.0352703841693038 0.00983825846746881 -0.00655333746206173 0.00847938936326864 0.0409866869449059
HH10 0.0765600063480148 0.032764500406817 0.0473053579193916 0.175400506096875 0.0751633919013324 -0.00871063432896345 -0.0758785281122253
HH11 0.0426276384254067 0.027454444437477 -0.0388236429441936 -0.0691727084179739 0.0678371444251976 -0.0314104109869282 0.0673234785482053
HH12 0.00962046943054019 0.00343520823685736 0.0214602981720229 0.00785897933289349 0.0557813307359893 0.107728853883279 -0.0411818470597866
HH13 0.00242461525904133 0.00725019544538088 -0.067229111095361 -0.0042225660589359 -0.0445027688415847 -0.0452204077969567 0.0107876788967343
HH18 0.0602724485591965 -0.0191986334239322 0.0805559954678627 -0.0477018461876109 -0.00986586015487102 -0.0500569857897444 0.121480226127467
JB02 0.0570342359934683 0.0565487977869873 0.0660317365230385 0.0363639994641671 0.145998198570089 -0.107661184503763 -0.111958492244311
JB03 -0.0113895096858551 -0.061501487054935 -0.108204263013876 -0.0509843093414338 -0.0316272528431361 0.0341647099941394 0.115090336141319
JB04 0.0594071895949906 0.0269233108485482 -0.0900773611774577 0.000997024529589132 -0.106142812524025 0.0234833580790609 -0.0209849165132741
JB05 0.0500632366784537 0.0171209276187239 -0.0847167634022171 0.133660587809944 0.149924177790982 0.0390594247771644 -0.0871363358002182
JB07 -0.0167528026984535 -0.000908894171140927 0.036459911334342 -0.0148849983320091 -0.0158275225753917 0.0554329504687671 0.0100407831554861
JB10 0.0851759343650435 -0.0614293875994409 -0.0573018881433114 -0.00649159099767835 -0.046841049306397 -0.00593499750101586 0.014908673819992
JB13 -0.0232560732184111 -0.0131163335113049 0.0819935532445416 -0.000315191483248325 -0.0932919830899493 0.10600970111112 -0.0272927362745906
JB15 -0.0914985323048869 0.00648519175507377 -0.151618692271069 -0.069334111342155 0.0675213110839196 0.0692824488382743 0.0119239343472605
JB16 -0.0939257911956566 0.00188436024521889 0.0266684599045866 -0.0226205474455169 -0.0192365572768891 -0.0339729661811023 -0.0287677543424399
JB17 0.0382728341065509 -0.0334093169865558 -0.163334704511295 -0.084303759970593 -0.00773991440201054 -0.0878421725510778 0.0101306040216993
NB01 -0.0087677081200202 0.0325815820619986 -0.0249152397397083 -0.00469328696226295 0.065369910172665 0.0335219529024115 0.0333732424567512
NB02 -0.0390490486269494 0.0307968261016022 0.0245927000581187 -0.0056990723848457 -0.034215101780698 0.215850307545499 0.0489760672155869
NB03 0.0384207108740466 0.00806814315432748 0.0435053860146575 -0.0814795721354004 -0.106388593712742 -0.0348735126351598 0.0451342497932608
NB04 -0.0116549687775376 -0.0144841806551908 -0.0154470800193602 -0.0393009144412347 0.0171740287271761 -0.0598500441494594 -0.00246850729969632
NB06 0.0281745147030462 0.0594090635595989 0.0524306165430575 -0.112686198538657 0.00279737696432871 0.0727884017361032 0.0449298458359644
NB07 0.129567007707389 -0.0613336656365844 0.0217415524641865 -0.0586601094521695 0.00760889509060666 0.0350691999687846 0.0310587494447813
NB10 0.182377119639502 -0.0290735049335718 -0.059121145666262 -0.0204054204550356 -0.0904835817255069 -0.13937353494506 -0.0120359518081344
NB11 -0.0199976493240746 -0.0355231271273765 0.0253061345947761 -0.00138614016784968 -0.126099708585615 0.0837525872748616 -0.0735519314505308
NB12 0.0440844059250948 0.0462872337537237 0.0780695951846339 0.0192598036276464 0.0858883651850698 -0.0291479536135423 0.0327446989866309
NB13 0.0217618929741913 -0.0211713348227747 0.0612761983106776 -0.0342319587995797 -0.0149869883945464 0.0188846693812112 0.155209350334255
NB14 0.0272039050411733 0.072387470530873 0.149838454308638 0.105956819890526 0.0336774097479 0.0624992706614339 -0.0212117486343473
NB15 -0.0291846321060887 0.0522186937680299 0.0264858203650791 0.0223778497293749 -0.065911498969378 0.0189073218766688 0.081956245437562
NB16 -0.12151982480508 0.0479969900375937 0.0125236040928305 0.0599998494531644 -0.042435749281415 -0.0415873840989948 0.0593947969093236
NB17 0.00654572281166935 0.00572793862102599 -0.0455927356216439 0.00705533054643888 -0.0805148115997187 0.0492139926230842 -0.0129501814606836
PA01 -0.0881260373095951 -0.0938411657992119 -0.0849064042544996 0.0209331931973017 0.0458958550015312 0.0718998604493572 0.0762841500343234
PA02 -0.00374612196107297 -0.0130431460410589 -0.135488708828991 0.038833382754026 0.108411713773558 -0.0260061890663755 0.0181696992437339
PA03 -0.0536986505275421 0.00279547879122487 0.018409016268864 0.0240868427423816 0.09520158233762 0.0043476350621425 0.0444113031055285
PA04 -0.0368024850330706 0.033340996152885 -0.0154052788840696 -0.117275160459925 0.035097992041758 0.068557533338509 -0.0382538668824553
PA07 0.153829597937839 0.0998153544921422 0.0196085456750261 -0.00524208559991578 -0.0804184617091238 0.0174224868246668 -0.0288927250255966
PA08 -0.0851211215367254 0.0371329208719707 0.0247929541603268 -0.0465225204720917 0.0460266373940637 0.022114210049857 -0.124657197078444
PA09 0.0159147288409979 -0.099679169499722 -0.0641166859036929 0.00991731940283815 -0.0863155809084888 -0.187037079930002 0.0422070080551027
PA10 -0.0501609825018199 -0.0565858431239177 0.0108298120510936 -0.040294113905063 0.0818954689384629 0.0938890102281307 0.0608368183056526
PA11 0.15051053645278 -0.0620055445363938 -0.0160745285042945 -0.002106372648049 0.0791681636685735 0.0441266860600187 0.0572314940552922
PA12 0.00677744527493522 -0.0211880275860292 0.0487153627931956 -0.079004345293926 -0.00881520267531501 0.12819898507894 0.036048313005345
PA13 -0.0119814607585825 -0.0131590617399778 -0.00874995125164336 -0.128721190776257 -0.0045003313112688 0.00568966741992382 -0.114760345043269
PA14 -0.0813469715899203 -0.00138526493284124 0.0372926721078117 -0.105034240020613 -0.0488103740212645 -0.0605347174378999 -0.0707241015423004
PA15 0.041636802946675 0.0561378680772883 0.031162989158937 0.156228826720322 0.136444911970553 -0.0446474395641343 -0.0792540545753497
PA17 0.00968374869619726 0.062515614102624 0.0430030639352111 -0.0491373843932256 0.0302534254185731 -0.0288270993452852 -0.00120404830006423
PA18 0.0438287133919811 -0.00132544300571581 -0.0656447318894573 0.137178123117622 -0.0154685335509999 -0.0765234491556242 -0.0595579746856076
PA19 0.103095137212487 -0.130563095160608 0.130596985855707 0.0449698981814936 0.00887561209025137 0.0930971504792926 -0.0596644013452366
PA20 -0.0549036170628024 -0.0350080839966008 0.0703444998605823 -0.0446676026903242 -0.0251433273514723 0.0352912592318001 0.0505534971410289
PA21 0.00957218108031525 0.0450346241167878 0.0956195030937394 -0.0531069318375598 -0.0432030473281492 -0.0597217320037391 -0.0653714653420175
PA22 -0.0538507652384872 -0.0629269242427242 0.0837810097976629 -0.0364926752468061 -0.0467215514607258 -0.125814026905535 -0.00338941135936507
PA23 0.0159996526725555 0.0690554185716408 0.0124838973736569 0.0440305395369626 0.0312776210164005 -0.0301212572186207 -0.0128992038125365
PA24 0.0243157239831522 -0.0410774655854868 0.128474672178717 0.0886070244765673 0.0638196754140498 0.142267816448507 -0.126087002703207
PA25 0.0189208596133716 0.0212183836775452 0.0057339693475599 -0.106536206387072 0.0386220675385084 0.0103036958622566 -0.0377159829736741
PA26 -0.0174973874990359 -0.0265134389792763 0.00777853657159386 -0.0500588724854023 -0.0466841536362992 -0.085291658168837 -0.0418126024072758
PA27 0.102059897128886 -0.0399851459832233 0.0192674183655996 -0.0145714454896972 0.0158839366772866 -0.0808828418509688 -0.151324931772131
RB02 0.0705853946792738 -0.00988137127820679 0.0136941653151154 -0.0526656500821528 0.0152268614449972 -0.120315519016469 -0.184933971623999
RB03 -0.0655544582209992 0.00918975121883878 -0.0382061520100321 -0.0693613386535585 0.114133051086918 -0.050430942205318 -0.136191106785012
RB04 -0.0569212285883814 0.0276146105011667 -0.0770892635060006 -0.035180217922282 0.071659638256438 0.00961957134361138 -0.0886992879731725
RB05 -0.0425373740373192 -0.00226048281858132 -0.0489812376008673 -0.046562042741499 0.0246414918398919 -0.0972243474426076 -0.020771147787581
RB06 -0.0512145099185243 -0.00205668698080523 -0.140454495820041 0.017736143346966 -0.108314294114216 -0.00990146481314034 -0.0281055941204908
RB07 0.000920129803583425 0.047666805857398 0.0607741411949158 0.0955276393132106 0.0413131800037071 -0.028198315575146 -0.0199695197513304
RB09 -0.100519771276149 -0.0673005761242742 -0.000989649262618381 -0.0207000163081931 -0.0590279466962845 -0.110273468492117 -0.0229492126327221
RB10 -0.00582503027536538 0.042385543081736 -0.0553003367344664 0.0218280418587527 -0.139095814207909 -0.0419928183086336 -0.10315490792011
RB12 -0.00687293445501727 0.15726072022791 -0.0509898881916011 0.102526799740538 -0.00719073232281336 -0.0276292215179668 -0.0550683561606318
RB13 -0.0728766057834019 0.053269732215326 -0.073396856232361 -0.0186307373015559 -0.0838242159917995 -0.0869892350285573 0.040170430588213
RB14 -0.00274009269804603 0.0197994930475786 0.0299847111299506 0.00890125025222725 0.000707387059591962 0.0285477321594819 -0.0179205632919659
RB15 0.0245229307699383 -0.019830274949912 -0.0186222247139911 0.0533050913075509 -0.0892332233300414 -0.117564394622207 0.0783426400720503
RB16 -0.0721827880984565 0.0625143489606782 -0.0710041144078239 -0.0176503421298431 -0.0711565347996061 0.0814202684866828 -0.0394259371927932
RB17 0.0194436098582784 -0.133572125255822 0.0338806461473372 0.0551713271117888 -0.0238907244595836 -0.0831841211339413 0.0706883762662347
RB19 -0.0502539772783161 0.0858096215915254 -0.153608414431894 0.00535829008405184 -0.0414189143958696 0.0574639634859901 0.192980212667131
RB20 0.0134116709260347 -0.000755860060733709 -0.0549876338091363 0.0165194451717384 0.0379448476703964 0.0937558289041501 0.0493250988194279
RL01 0.143250490492256 -0.0105926666666656 -0.0648915512078689 0.0913783148247843 -0.115377434327272 -0.0179662987674805 0.0300582115579604
RL02 -0.00845571565050179 0.0320251599879369 -0.0674589212229078 0.108930170867252 0.00329877053564381 0.01590810070297 -0.0402986484202902
RL03 -0.104683420677661 0.0247010299942389 -0.0399416929132273 0.0520416446778134 -0.0301996008992703 0.0705701280830616 0.0789361588089321
RL04 -0.0823156795427929 0.0102887852019842 -0.0491282982613637 -0.117292058266631 0.0806214961222941 0.00266247590364706 -0.052206707233625
RL06 -0.0674595329391183 0.07326663158101 -0.039981083363134 -0.0731714099778755 0.0779274708110475 0.0203613701782203 -0.0788345526820574
RL07 -0.0549839556620833 -0.062925069505725 -0.0491168223870482 -0.0385229851732292 0.00700769578376083 0.0160759296615043 0.000681926385194597
RL09 -0.0572740535783839 0.043542081570137 0.033537041560689 -0.0346358963846479 0.0857554839665139 -0.084272933178962 -0.0813828006192812
RL10 -0.0424495822659611 0.0399228132491045 -0.12968614252894 -0.111894924156906 0.0515356788707267 0.0797604456076983 0.0367853884787004
RL11 -0.126674579405802 0.022699210323955 -0.106859597931706 0.0583022309302315 0.11649374934174 -0.0695696440290156 -0.083468301451291
RL12 -0.0529418647776158 -0.0939383964947343 -0.0688960665330134 -0.0179491987019966 -0.0212566262098283 -0.0324924835556997 -0.0781004242279672
RL13 -0.0125642514357943 -0.131452942056415 -0.145391200635419 -0.0520771055325915 0.115692473754193 0.0788661237582479 -0.00350742791360284
RL15 -0.152902870253437 0.0354989784890687 -0.0757385362763955 0.0880405124709362 0.0363671170143923 0.0029412707486526 -0.0113987707883296
RL17 0.00782710295827882 0.0349243567746259 -0.0211758500549989 -0.0389618336706671 0.0618346025205321 -0.04294654204471 -0.106948746350449
RL18 0.209367117012667 -0.107782098766271 -0.0187421165497207 -0.00691432335051123 0.0281584409809745 0.0447543277855406 -0.0118669216970577
RL20 -0.0272179077682169 0.00480042983299351 -0.0907643747607111 -0.0424008366148552 -0.0630350183524397 -0.0601049100248633 -0.0919088755459306
RL21 -0.0535382984338908 0.0420670073291445 0.0260408226375497 -0.0618769383605711 0.0794587087384186 -0.034731292649842 0.00899181067291689
RL22 0.00199291955550652 -0.121445339851126 -0.164607157958695 0.1563146841429 -0.0760494851235565 0.260672711176429 -0.0438413653309681
RL23 -0.0555744856824532 0.0241544592392879 -0.146175690507054 -0.0431590573885214 0.134154527591598 -0.0136053713309237 0.0264214104503749
TR01 -0.0164886501739726 0.0826456472864654 -0.0308656146536382 0.0178032198368737 -0.12901520506193 -0.0333008628368747 -0.0273196634804874
TR02 -0.0420660502551426 0.0466844591839848 0.0319157518372135 -0.0301141123098519 -0.0389095256392872 0.0252107426394929 0.0406748067818751
TR03 -0.0708793009567567 0.0338673741319507 0.0383317108552427 -0.0769094765103128 0.0580818035562278 -0.0820481027128732 0.0582555375293766
TR04 -0.0884394328620997 0.0917808508377541 -0.00185574010484677 0.0905324427925977 0.0622311512911939 -0.0887344480805932 0.116868759467023
TR05 0.00965285107070214 -0.0329640924818535 0.0968777506812809 -0.0452612642831807 -0.098540412465919 -0.14516092049709 -0.0288278361456087
TR06 -0.0296053842789885 0.0616364854711282 0.198561762217167 -0.00271581837499688 0.0606395199795904 0.00870988547201228 -0.0709269794407995
TR07 -0.0112373218947668 -0.00896821845089864 -0.00304348489580569 -0.0853512329194621 -0.129373092913833 0.00229682510632103 -0.0993172945625624
TR08 0.0237947956973776 0.0783068379062888 -0.0285354928048728 -0.0848374904606638 0.00443810112024638 -0.0966555447068509 0.0195620645967109
TR09 -0.131382326393965 0.0368404381536337 -0.00352603052621385 -0.0342799841577747 0.0105365832696225 -0.0549636224166183 0.0283756648880865
TR10 -0.0548881570185718 0.0617735380802736 0.0627900947830005 -0.117594249636568 -0.0415030487100826 -0.0236396118458615 -0.0906653899779737
TR11 -0.0569870306322028 0.0353849329291416 0.0303338912250848 -0.0368436233397598 -0.0569784498415465 -0.00912134049368655 0.0147876646010879
TR12 -0.00710083025235608 0.0316111494723215 -0.00634904281222612 -0.0260118000719099 0.142776991165791 0.00424968557713904 0.0248077972122962
TR13 0.0489453989693707 0.021793256782785 0.117694140122501 0.0881618616298551 0.180946538111887 0.0322635684357831 0.108352109028117
TR14 0.215035571843783 -0.10479590440506 -0.112804435071713 -0.00359659516794071 0.106523786243326 0.0817722249563778 0.0569775998115474
TR16 0.0271530203881249 0.0913607551156586 -0.140113530809721 0.0580693501686354 -0.0146170116826157 -0.0448979938130031 0.00995652349897568
TR17 0.00911903045686505 -0.0340446026532413 -0.0919291202667229 -0.0597929682727212 -0.102522484232344 0.0501948067273706 0.130138289296462
