sample MDS1 MDS2 MDS3 MDS4 MDS5 MDS6 MDS7
AN03 -0.0189093240176923 -0.0536649070312881 0.0411049712425409 -0.00222437326107827 0.0313169704332163 -0.0502380789096679 -0.0294071717022846
AN04 0.0490109581478217 -0.0132570505820201 -0.0434184654732169 0.0221652128700274 0.0191466003191551 -0.00625513102606121 0.033545362694434
CS01 0.0518183732587085 -0.043588227831011 -0.0471931652021357 0.186941535093153 0.0885936163423092 -0.0155023449421662 0.00224059479730163
CS02 0.0541140931814025 -0.0348764295124288 0.0336438899700878 -0.110115053006185 0.00631396052227233 0.1056036204381 0.00212653543756436
CS03 0.0269467171325797 -0.0681030970833065 0.00969256537265151 -0.0302832875934873 -0.0234562812790099 0.0280540414438432 0.0640927721231713
CS04 0.00146944426058799 -0.0478676379569146 0.0110004092051352 0.0465544742615724 0.0149999777107779 0.023755853946869 -0.135633050835542
CS05 -0.0904602324447066 -0.0725767642395071 0.0603416467017492 0.120813907805729 0.0138719634051405 -0.0149944707173486 -0.0768550540075955
CS07 -0.0791563905083846 -0.0106472448669108 0.124966061333087 0.0126458358326339 -0.137491483825819 -0.106840167852023 -0.0362315267594469
CS08 -0.104578372086244 -0.374128394712961 -0.0541187444839262 -0.0869817826275389 0.0238688492032724 0.096226056106591 0.0364728146246755
CS10 0.0237194905379931 0.044443643189465 0.0348667663965121 -0.0652117861792526 -0.0648040231186097 0.0348968457366679 0.033217371169325
CS11 0.113385628886693 -0.00574329847728922 0.0262077565036659 -0.0990364434481004 -0.0276021280138555 -0.0539867124505433 -0.018426034217602
CS12 -0.0608221826238014 -0.00640745989991122 0.00213992743553798 -0.0879610687979675 0.000448521131185542 -0.0646863260480672 -0.0162620156345139
CS13 0.019812829500209 0.0935012406258579 -0.00655045185078043 -0.103299227696763 -0.0780553857380171 0.0557896677081438 -0.0611039501499396
CS15 0.0244395619786622 -0.0602798327630994 0.0605043599428083 -0.00124955047637415 0.027178937287363 0.0318233152140956 -0.0630849091386073
CS16 0.0557810182768059 -0.0203194169044689 0.115864730580162 -0.0707739998630912 0.0885408634819159 -0.0900757756632064 0.0114976389876325
CS17 0.0767445869031669 -0.0988038347833565 -0.000974501545006935 0.0753527078092656 0.0446715257402035 0.0720613343478682 0.00302809396179334
CS18 0.00627003904010058 -0.0213995577704154 0.102564015859928 0.0104860906384869 0.104578012135673 0.0231641249745067 -0.0163396948755859
DK01 0.0633467081767854 0.0407201343484325 0.0123028808300055 -0.0293062682445428 0.0416346176750338 -0.0479192145764819 -0.0849066784324082
DK02 -0.042571432020759 0.0482990568447193 0.0413022526677774 0.0843616104953403 -0.00136636538031359 0.0290750694959246 -0.038986145686604
DK03 -0.100363988006273 0.014268277319702 0.117866410307291 0.0501445057121278 -0.0523211691331561 0.037884427609332 0.0101688546794243
DK04 -0.0121298852021139 -0.0973548398083355 0.105577601694928 -0.00856277064087274 0.149379374479223 0.080838397402827 -0.0966523827376732
DK05 -0.236960301475442 -0.480567393667238 -0.0400114149682967 -0.142282977777407 0.0789231983178059 0.113313984539672 0.0972129264503825
DK06 -0.0111380755884961 -0.0278048209001375 -0.0434124144614435 -0.0329122200518293 0.0699841310741205 0.0368270899385362 0.0843387321129853
DK07 -0.0132626634669875 0.0845443013605431 -0.00715368698156874 -0.0890243123948588 0.0694708310064572 0.0760350661858874 0.0611631410332069
DK09 0.0305569808907695 0.0159795365746029 0.0104211288695388 -0.0551831199188781 -0.0285919093040489 0.0645689747905 -0.022046169774242
DK10 -0.176621417821145 0.143311050119997 -0.0360013210631036 0.0033574782437874 -0.0252730645228297 0.0744252931681138 -0.0246600103543603
DK11 0.0586024012945103 -0.0477625747271521 0.0509635624864072 -0.0627293597254547 0.136090822031487 -0.0639517448656335 -0.0273409819473055
DK12 0.0518175884644126 -0.0629558905442386 -0.00853370214274846 0.0117659326108156 0.0618871657957491 -0.0352662789159557 0.0228891881015079
DK13 0.0385357561425248 0.0216811860095513 0.0313582573076229 0.0290401671919087 0.00594387387665388 -0.065335098945593 0.0757056085329066
DK14 -0.0546928185270709 0.0656026510345543 -0.0205459206418092 0.0264337361189569 0.0309618105314119 -0.139770063666421 0.0324129359382823
DK15 0.0795511545599675 -0.0968729214199695 0.0609446930564425 -0.0352246419514474 0.00883834079864036 0.0439669053224403 -0.0314762529549412
DK16 -0.0182313216591768 0.008218064450993 0.0642480455532272 0.0365440450619922 0.0452574956558337 -0.073513634467046 0.0672918438769033
DK17 -0.00104201186845577 0.114146758317131 0.0584333031745804 -0.0120098224553425 -0.0115759222906061 -0.0674211692945322 -0.0763075999258786
DK19 0.0505891744065085 -0.0271517044957328 0.0824177666246746 0.055427605735336 0.00393216486994634 -0.0896497559534225 -0.0346453593596686
DK20 0.0601171888309861 -0.0181519092107212 -0.0211423096513337 -0.0400022822367078 0.128740374847502 -0.0488850745930272 0.0470044552267482
DK21 -0.00239526969767386 0.0738804610453153 0.105619422510121 -0.0707137489617682 -0.0638062491810431 0.111422301729916 -0.0279704182225966
DK22 -0.0028777578261981 0.0990140130661275 -0.0431142555857827 -0.187182851105552 0.0465542313044399 0.0437090813794781 -0.0322421643101088
DK23 -0.0279455084086199 0.0623608725528622 0.102489221018098 -0.0649734253903104 -0.00471236579249984 -0.00221878770143295 -0.043834924709686
DK24 -0.0884870535642338 -0.0882210768111082 0.0195038943434435 0.120632190456554 0.0555269919723287 -0.152310722598688 -0.0373694294662501
DK25 0.00958469303773424 -0.0556741381909581 -0.00856984004618689 -0.0589376111691085 0.081311935623959 0.0323058413869281 -0.0888559960851659
DK26 -0.121356991381614 0.00586795825049284 -0.0180788986167919 -0.00415491856125444 -0.0608334004962596 -0.148336091336354 -0.00874200946802629
DK27 -0.102684768124533 0.0220364942964002 0.137722400434429 0.016297926062543 0.0177923264899665 0.09476745970167 0.0392150659676612
DK28 -0.116090150024989 0.0862072076208949 -0.0895145842265442 -0.116357352844415 0.0159608841699058 0.0312652069533333 -0.0742110837544341
DK29 0.0656757478357543 -0.0455139180796257 0.0266735423980244 0.0958104581540858 0.0818726777078355 -0.0487247522468127 -0.0879263831871811
DK30 -0.0966686643262954 0.133815889999697 -0.0235323136290528 0.0296837573723951 0.168524663739206 -0.00365390417525481 0.118287944374218
DK31 0.0132468402028289 -0.0700293741934136 0.126619390288348 0.00613990388382151 -0.0483869658559068 -0.00290089260613602 0.0409082927486309
DK32 0.0493621555206887 0.0540297784837972 0.0290153747213393 0.082235756933556 0.0529207417354027 -0.0551135477203445 -0.0873312276181042
DK33 -0.115842393355692 0.00118090490278858 0.0874264913579597 0.108556111814219 0.114397623688975 -0.102014622485739 0.0303176628231429
DK34 -0.0291969054332732 0.0502485511422282 0.116285482102866 -0.0623341006779165 -0.0846065279034004 -0.0436728708889188 -0.124417283958105
DK35 0.0162812501687582 -0.0638672389975969 0.138681051179643 0.0167754487294264 0.0294773900541923 -0.0258510736625686 -0.0648900617172249
DK36 0.0695809700540356 -0.00693119715658547 0.0870034408064631 0.075045832335406 -0.0277413536077101 -0.0643077415570409 -0.0172638172124868
DK37 0.0121178670503921 0.00442450134633436 -0.0567623278149944 -0.0368037514709504 0.123287629286936 0.0920781426988445 -0.132980686537275
DK38 -0.00944933970150615 0.013170603929582 0.0441224992615937 -0.118379614797539 0.195083807674684 -0.0744152576449946 0.0209327336390668
DK39 -0.0270299998827077 -0.00361886814905552 0.132857391812915 0.0572919555011167 -0.0235679383469736 -0.0245016449852171 0.00953780206778951
FR01 -0.0060634123356111 0.182958630399678 -0.0865664698142287 0.0843620701689152 0.104169039237394 0.0794159845208662 0.0798195211062107
FR02 0.0709750895196601 0.033578356775599 -0.0428464368385856 -0.0163249724022318 0.0026260651702595 -0.00158843305770868 0.00398371645720895
FR03 0.0128273126624385 0.0765277782765934 0.0816305393764031 0.0307080205857818 -0.0405773074687382 0.0783135846682498 -0.0236982541550577
FR04 -0.0972437388751262 -0.030862764810819 -0.0298075151912617 0.178661669024694 -0.0261801668232903 -0.100916119258721 -0.0930567198658482
FR05 -0.119851777846983 -0.0174347447202302 -0.0739202388244471 -0.0672957700609148 -0.203171174263461 -0.0679444801117085 0.06922875487279
FR06 0.0338434596380283 -0.0544269150613167 -0.0121170868907236 0.0523148791038378 -0.161315951896863 -0.0190114070697958 -0.111851359432302
FR07 -0.185448190040202 -0.0641157908412086 -0.0301653543304962 0.0693032081094402 -0.152079598137509 0.0230269303056246 -0.0279534681425758
FR08 0.0484231672925089 -0.00877814454606353 0.0508066615265007 -0.0311546026244014 0.0677907199746061 -0.175952711751638 0.00129431165269702
FR10 -0.0168607623514294 0.0673920888273525 -0.0408466363862426 -0.0583091045577854 -0.0222648885808398 0.117258887229587 0.100054513198581
FR12 0.0254529926053454 -0.0443359842300792 -0.0730486774481436 0.105946604897222 0.0133456562295424 0.00441522509534989 0.0331082732094907
FR13 -0.0874658818800479 -0.0599613846205736 0.101172586651975 0.000557880635301287 -0.12186742050799 -0.0364102318967543 0.117911809835063
FR15 0.0516238899990625 -0.0141256822198794 0.0689535192377526 0.00917455785949294 -0.103404000646617 0.0630332401818854 0.0140021705897989
FR16 -0.182678843768073 0.0303261561935825 0.0150125392737961 0.00582592676559719 0.0180291545903388 -0.046596007671446 0.015792651465238
FR17 0.051690391087361 0.0344301461917348 0.0502216268995377 0.00938294610889945 -0.122726797461929 -0.0518708326615116 -0.0681142786948404
FR19 -0.0338764904946601 0.0811539963645038 -0.0277016745941212 -0.149116945272284 0.0904630768958382 -0.0106251570313106 -0.00365708067473699
FR20 0.148716217809697 -0.0120581471353682 -0.0284509508233912 0.017980986011512 0.0109568995875697 -0.0518213485577977 -0.0512434771759439
FY01 0.0458362801473779 0.0293613977827146 0.0307670262521125 0.0567620889761224 -0.0913921464596081 0.000274355722381387 -0.0341984377536085
FY02 0.0895185751276122 0.0283761750996597 0.0785375035524393 0.0427849699943633 -0.00805219215987941 -0.0242931526787021 0.0058915932363663
FY04 -0.0683167110945276 -0.0880650321874032 -0.134766027588122 0.109095019493841 0.0794750640455855 0.0483318705973718 0.0377557561850383
FY05 0.00807819421360725 0.0198202034488514 -0.0960586809574037 -0.113499058279907 -0.00034143822179774 0.0880748323967112 -0.107383807167096
FY06 -0.0106622930593193 0.000980572597553433 -0.10423864797912 -0.0894635561363668 -0.0334465802952183 -0.049709804032497 0.0137960303704825
FY07 -0.0761186252452728 -0.0843998303349529 -0.0529345539291564 -0.0340082604181883 0.0548498179151894 -0.140879598360528 0.0360399059397954
FY09 0.0213420018714033 0.050850735109366 -0.0293312298323033 0.0374713930693429 0.137436105783984 -0.0111830814536397 0.0490927057709039
FY10 0.0448616951472256 0.0399572721665178 -0.0613224085820407 -0.106835421283257 -0.0588785061116165 -0.153952635583467 -0.058520338464319
FY11 -0.0918503068153873 0.0639244419754404 0.038005544783104 0.0762587115096016 0.0187474773823052 0.0212193389456506 0.063063419176378
FY12 0.0379473888006801 -0.0625254119768752 0.0637978889272322 -0.0396427943664925 0.0301120165542123 0.0503246568795119 0.116139547994821
FY13 -0.0121952290920659 0.128476447499406 -0.126147855211262 0.0833644365286898 -0.147405489214635 0.106905079852032 0.00831241764158581
FY14 0.0709798080951526 0.00578495449806153 -0.0212942756022511 -0.0276955376955576 0.0580315332645604 -0.0386574389772605 0.0651872707002242
FY15 0.0781713761626461 0.00267381066797776 0.063508272753414 0.0161008822009526 -0.0103589251023696 0.10050064304762 -0.043177930784734
FY16 0.0468030803070976 0.0691749326950116 -0.0300655178415912 -0.0294859043760881 -0.012599687416228 -0.0568671476817783 0.0722916619498766
FY17 0.037857131400103 0.00215257407187909 -0.0235453371130089 0.0575812413161028 0.0118760542685348 0.0261905473455668 -0.143596152609859
HH01 0.082015304707664 -0.0882120146567084 -0.0640180221311818 0.148971876950999 -0.0684374456440773 0.0507837838154471 0.144423737817338
HH02 -0.155522731618468 0.100136616357305 0.00279954654481909 0.0805329489959299 0.0127178767674646 0.0168601582263644 0.166493202894258
HH03 -0.00141933005200424 0.0343121595993393 0.0117107479717653 0.0613491315630056 -0.0111815777802119 0.0607580953482565 0.0561307290041959
HH04 -0.0535083291578287 0.0468043371712544 0.0785846249122903 0.0467401401592099 -0.118304118815952 0.0475653676133181 -0.0390046567431499
HH05 0.0142443950373541 -0.0241458122091366 -0.00176511086556663 -0.0256132430754433 -0.0471265182891486 0.0179979728713395 -0.104947763084451
HH07 -0.0534890448513725 -0.074580561108519 -0.0178820816308796 -0.0347225094158261 -0.0620828736445724 -0.0699719519352205 0.00870496457054455
HH08 -0.0670138734870348 -0.0121084626489788 -0.0347199758550211 0.0239536307340035 0.000272430221385886 0.0004388961820777 -0.00851506482735769
HH09 0.0591891382062593 -0.0415863640765256 0.0166753605406165 -0.0435054463891511 0.00606734792968043 0.0744837035017419 0.0486679384592476
HH10 -0.0559571259439593 0.0820303139460993 0.0573616213934183 0.00540674574752301 0.159324423131388 0.0831217327072824 0.0121460770984922
HH11 -0.0250550409129832 0.0568474695077217 -0.0240215608128055 0.0850119046639918 -0.0798334882802336 -0.0389363046172254 -0.0797329414561373
HH12 -0.0178028411509886 0.0177214724930229 0.00812646645551237 -0.025618548259942 -0.00533464325224332 0.13161047576117 -0.0788273810752612
HH13 -0.00822799490544088 0.0158001056671539 -0.0696728298492163 -0.0412097592628116 -0.0124022133817516 -0.117886323656531 0.0138483684504462
HH16 0.0424654248431314 0.0813007245450026 -0.0233733401988392 -0.0700925373349363 0.0600230824029875 -0.00978976172322477 0.0396280815436477
HH18 -0.0629021756998767 0.00418870637206684 0.0923968267419594 0.0553331435475594 -0.0532733026757998 -0.0886511531522322 -0.0474598047604383
JB02 -0.0263570750372624 0.0670230664881244 0.0822827082553915 0.109079015063875 0.0252523689784776 0.102626206162089 0.168550531745133
JB03 -0.0376044528194026 -0.0468694655261742 -0.113954921090635 0.025122300328676 -0.0435697887769009 -0.0873015243815038 -0.0979671448275646
JB04 -0.0177792107077127 0.0789898841189003 -0.0703395345382676 -0.0797453807933838 0.000229535372707965 -0.0532697688041761 -0.00156475899010075
JB05 -0.0195722264374741 0.0532561632004074 -0.0796016049186818 0.0721384723787936 0.117415454507574 0.181050368088198 0.0338693192838651
JB07 0.00583147595875612 -0.0146132152507533 0.0425806201880852 -0.0272204348343174 0.00221354426397913 -0.0313905411510374 -0.0452881452561532
JB10 -0.0978174689203982 0.0219467540897204 -0.0522749078880934 -0.0221961246644963 -0.0167496025653787 -0.0427748135456762 0.0088236502288773
JB13 0.0256543701806319 -0.0371361171752797 0.0664912551815047 -0.12042314518278 0.00708084748453425 0.0399015788349566 -0.0994110406038428
JB15 0.0655398615496739 -0.0344345589502149 -0.166304752992042 0.0531800245388446 -0.0697947989567315 0.0509554466515439 -0.0584059169809958
JB16 0.0688544030482143 -0.0792176071523609 0.00880805030350787 0.00405253121437777 -0.0292198138718588 0.03298313120112 0.0334749691177587
JB17 -0.0535409778962589 0.0340587842688292 -0.148759922103805 0.0476613364539859 -0.10909710478746 -0.0414859972656336 0.0635320902748408
NB01 0.030238441226542 0.0225898687178563 -0.0305715644424203 0.0683027803883758 -0.000227151216269384 0.0104927809687081 -0.0465430392459976
NB02 0.056417457117209 -0.00398640745175608 0.00993240561533775 -0.0788906178814045 0.00612789156811254 0.033130220833057 -0.190240617304421
NB03 -0.0192062701163411 0.0187432762743678 0.0521064644052172 -0.0116106680028836 -0.0956446257224162 -0.102241295836717 0.043177064771019
NB04 -0.0161761484636628 -0.00606183865166124 -0.0146851554641113 0.0190901811036037 -0.0494577131036973 -0.019247060988241 0.0327362604819723
NB05 0.0829998348935257 0.0103203607229211 0.0697412894263399 -0.157327334035409 -0.012480105907116 -0.0222678519686928 0.0039152089409807
NB07 -0.11615469603577 0.0430307056163908 0.0327439673411634 -0.0139739528498329 -0.0740195240905108 0.0327300199585834 -0.0567098932732934
NB11 0.00807687322008723 -0.0432910276947071 0.00876982211605463 -0.162118883001348 -0.000288405227540295 0.0127582007458745 -0.0187465748350711
NB12 -0.011533591320405 0.035284477173359 0.0874632876809094 0.0757599532331628 0.032326553341782 -0.0104845218350537 -0.0350128311215307
NB13 -0.0325227847503646 -0.027507127717355 0.0665662699318336 0.0582026919594889 -0.0444166828493279 -0.096148933227575 -0.12036791569275
NB14 0.0255697453449396 0.0447386946008258 0.150381956807987 -0.000421062345727741 0.113424886449844 0.0962126477092921 -0.0535796782994545
NB15 0.0496638409192394 0.0133721439123161 0.0270441161803779 -0.0323475010394173 0.0103106600120019 -0.0813428240976694 -0.0373633197164925
NB16 0.108033549143702 -0.0541309740703594 0.0129028315916151 0.0167604981954744 0.0663684737316708 -0.0748158073822917 -0.0205113360400435
NB17 0.0112183495664003 0.0160626353641081 -0.0550854376509706 -0.086952758004138 0.00393350795458206 -0.0203079426943963 -0.047932886408254
PA01 -0.00557505016987842 -0.109257254539976 -0.118545974830949 0.0372428666114797 0.0400733579143706 -0.0164252050715622 -0.0964509255099279
PA02 -0.0173215720131784 0.00529143108930123 -0.132298678325263 0.107642901708514 0.0405778958329092 -0.00248751070003075 0.0348430977879958
PA03 0.02997268576251 -0.0307219785403043 0.00968146510570577 0.0958307392811594 0.0409846358767488 0.00329732132269428 -0.0641652792766002
PA04 0.0460951500553156 0.00670263717041694 -0.0226063861873881 -0.0197237655632645 -0.123807097129199 0.0692804884045875 0.00780197771474265
PA05 0.0854892649540146 -0.00849894126423699 0.0493757063923229 0.113793028894064 0.00266974790040937 0.0886924635419107 0.0452824676856258
PA07 -0.0283249643357934 0.17124886968096 0.0544844983910103 -0.0509347925259718 -0.0127578802184312 0.0019744326184793 0.00730001892933202
PA08 0.0853607275180569 -0.0258784623439963 0.0103711427268755 -0.0362863277994147 -0.0298330050215678 0.108184086013146 0.0468268053880804
PA09 -0.0847263938602682 -0.0466182784674321 -0.0484796792675935 -0.00384902967677696 -0.0197451931158353 -0.177414815576498 0.176794491032114
PA10 0.0014426508635166 -0.0813887654271424 -0.00871966789434058 0.0867651029101852 -0.0198870590212368 0.0254910248961265 -0.128383885045407
PA11 -0.154254811858125 0.0652249963689606 -0.0159330879899441 0.0552952306740896 -0.0185666169699523 0.032170102047012 -0.122321392609812
PA12 -0.016049257800753 -0.0268056952480675 0.0379394010667124 -0.0453132713918386 -0.0618635507485566 -0.011749006165565 -0.171151672466477
PA13 0.0133507640214015 -0.00703557109905112 -0.0226522608020166 -0.0748076114415995 -0.117530851925516 0.0626478198192413 0.0187517932878696
PA14 0.0816990745201441 -0.0572303537744136 0.0336815697318497 -0.0755199962546756 -0.107008639096185 0.0315442049214989 0.0668647936652043
PA15 -0.00913995992024007 0.0720027341056698 0.0391518660358638 0.0628962559780759 0.153037437811093 0.0959347738334211 0.0658669369519019
PA17 0.0392908193339626 0.036895720549515 0.0552234720571706 0.0256651644215664 -0.0376370616597901 -0.0422285450523952 -0.000787297656604964
PA18 -0.0451874000267394 0.0496994956141741 -0.0590928751159634 -0.0109811676903638 0.146920351261767 -0.0494981161298008 0.0935029004410906
PA19 -0.163212911085411 -0.0306033150079988 0.113458118551881 -0.0794042366462473 0.0292905247800712 0.0820516397174753 -0.0609852356266128
PA20 0.0193721943476486 -0.0767962138315226 0.0485838899490427 -0.0232132672672843 -0.0509131815666584 -0.0140538111471734 0.0118397127519524
PA21 0.0442426465391968 0.015129879462002 0.112218022178302 -0.0474769278697648 -0.0532499353694467 -0.0170461072700499 0.0835307655375223
PA22 -0.00986093392861139 -0.104315200198644 0.0739211917299657 -0.00674693911254304 -0.0655521457740288 -0.0439245467316668 0.0828097576601581
PA23 0.025337400902933 0.0539004269792907 0.0262891145578631 0.0625761683574769 0.0474861841182958 -0.0221793721547074 0.035680849792394
PA24 -0.0575969781917388 -0.0166233568714667 0.100884782453732 -0.0823674212726438 0.109321640754992 0.137682870307021 -0.0819677165020813
PA25 -0.00350969057535187 0.0229955420700672 0.00381983005000352 -0.00792862057273891 -0.122963687127009 0.070700457021099 -0.0279774697559651
PA26 -0.0078856920783373 -0.0279295889917549 0.00239405193048266 -0.0122775272250658 -0.0698157357415466 -0.0163091791220709 0.125759069499901
PA27 -0.0868535165384446 0.0373191453718292 0.0210853274828327 -0.0278656911716914 -0.021566009054925 0.0601674788467269 0.0928930107235124
RB01 0.0894172992469561 0.0475555212349192 -0.10161741381444 -0.00491763344818607 -0.0417677749947016 0.129201881808175 -0.0520848794573292
RB02 -0.0655426249979214 0.0593999208146864 0.0165873994071381 -0.0434026154855292 -0.0659914546477071 0.0708886869635905 0.17322794356702
RB04 0.0497193750013833 -0.00118874660871891 -0.0941775776584513 0.0137505575341801 -0.0451352079346048 0.0700690229101067 0.0621606830298768
RB05 0.0162322016149175 -0.0173266493152951 -0.0409839544980791 0.0196636691560093 -0.0625330352154432 -0.00859371775201695 0.136876532527823
RB06 0.0295739535214607 -0.0055695528296492 -0.147697316168962 -0.106052214459813 0.0180147076421727 -0.0860737635394688 0.0318774899109904
RB07 0.0155064494110764 0.0278710465386537 0.0584348226634975 0.0116211111289199 0.0936446253991675 0.0174903723638382 0.0720578249401589
RB08 0.0584039779935898 -0.0555529894634066 -0.0325268828931137 0.0897394534079258 0.0928994936056418 -0.108339306681211 0.0139244587833501
RB10 0.0383582433233162 0.0531315102311195 -0.046944267258087 -0.183268857670017 0.0188026701363166 -0.0199327943348414 0.088183545482461
RB12 0.107508162180719 0.112495821415249 -0.0248631107495908 -0.0142804239314448 0.0988567331161708 0.0252582422070591 0.0780859345173686
RB13 0.0840951049447121 0.00403712909366922 -0.065972311867945 0.00666716586224979 -0.0176696960840882 -0.137230180876036 0.0617839784286129
RB14 0.0295132907634184 0.00344302372224798 0.0316423028500136 0.0156544598842136 0.0250600718248333 0.028503124178183 -0.0288621772446188
RB15 -0.0355972807039083 0.00236335305189928 -0.00260895030365535 -0.0169559970947966 0.0368368402610616 -0.170387089369617 0.0805204832611351
RB16 0.0800173062469358 0.0149188174932873 -0.0965227613005579 -0.101064820393971 -0.0133912823730618 0.0109400007035543 -0.0503369494817408
RB17 -0.109346109031569 -0.0930530739644765 0.0320167978754572 0.0135157238943942 0.0528764199595037 -0.090497961306288 0.0456029045214259
RB19 0.0931459827280934 0.0496515913699696 -0.144172039161769 0.0388410872652568 0.0166672723338881 -0.147411880347019 -0.143124917596089
RB20 -0.0297156736020319 0.023987971797474 -0.0540729106017401 0.00146255036189019 0.0126683863877421 0.00608619967765324 -0.114889299805287
RL01 -0.121406028759422 0.111311759891992 -0.0181205179210728 -0.0551358239864206 0.0910303641694528 -0.127490649099892 -0.0272383005531702
RL02 0.0198121721374472 0.0326352788135101 -0.0640819065781659 -0.00950827686752279 0.127401922328194 0.00945921476222596 -0.0380606401554089
RL03 0.0883892125638263 -0.0549579546323367 -0.0595094378400054 -0.0380153283253409 0.0577024703204742 -0.0366361034088221 -0.0767391125993282
RL04 0.0635307566324973 -0.0462943171236043 -0.0596127537877097 0.0471554587136803 -0.112566451447573 0.0654948240657004 0.0193109474668815
RL06 0.0938637415202863 0.00948998058919595 -0.0513079097027424 0.0365676705885471 -0.0761812434712299 0.106021665619039 0.0266867016998027
RL07 -0.00205718738635624 -0.0705859295881123 -0.0630339453359784 0.0145759424546854 -0.018061686625804 -0.0136522649766685 -0.0196470908939861
RL09 0.0476052591833525 -0.00774219067916786 0.0312188835943693 0.0609019247450945 -0.0534667538937555 0.0701530739078294 0.110019937067127
RL10 0.0617028916394928 0.0160451045273748 -0.1443324422328 0.0361357960056091 -0.106847007719819 0.0247878591346267 -0.0970639867542525
RL11 0.0937559337914153 -0.052622375602555 -0.12468548068502 0.0806659173805889 0.0526411314872112 0.105260610689909 0.128230464310243
RL12 -0.0325245214575923 -0.0904895773410071 -0.0917381350502189 -0.0299953277068043 -0.035019500204162 0.0428212501357317 0.062501137616083
RL13 -0.0805226569846152 -0.0694610125893748 -0.172047014883973 0.0398320362921819 -0.0469443204720709 0.087577597409832 -0.0745546946191557
RL15 0.114781990180488 -0.0675485912024518 -0.10058249642973 0.0386015220287385 0.093488106279381 0.0440909343694673 0.0163745710415448
RL17 0.011631224185607 0.0444499468400564 -0.0187782880224877 -0.0128633258568427 -0.0370219127744344 0.0582413797097833 0.0751782647665228
RL18 -0.220700091881486 0.0726377293546744 -0.000827939829640357 -0.0170084687446024 -0.0199117190440575 0.0651165616374568 -0.0349682412024723
RL20 0.0199579986691639 0.00367042079399319 -0.0796344006989245 -0.0656671693066022 -0.0508641883017668 -0.00247524640296019 0.128535162952165
RL21 0.0668639833224956 -0.02096709314604 0.0214395877737065 0.0904976079859389 -0.0588493144395654 0.0338099600280536 0.0170037848890373
RL22 -0.0998317296916955 -0.0612701303857247 -0.182566284985242 -0.0899428172201473 0.145497966059557 0.0477325099807889 -0.120380457161502
RL23 0.0405350764959695 0.0180631378147789 -0.146810361720605 0.126177587855921 -0.0254868659825808 0.00992971145273892 -0.00762002269479623
TR01 0.0714694480387397 0.0504974506226973 -0.018731822547353 -0.0853602402756803 0.0206633183129811 -0.0794584976026341 0.0577517221253172
TR02 0.0687033027181201 -0.00973909724543613 0.0279425670426457 -0.0159516621024019 -0.018447127045088 -0.0300657712660645 -0.0601636496077638
TR03 0.0567367701737936 -0.0342963687505017 0.0461563106654307 0.104780923417822 -0.0820204222633233 -0.032855261991352 0.0586878694650051
TR04 0.103831723650414 -0.00285771233014955 0.00662804211056315 0.137284924528213 0.0768100357194007 -0.0431444108001273 0.0247519964544076
TR05 -0.00229369755951857 -0.0444881040005246 0.111144523629127 -0.0259137398711446 -0.0413205685410362 -0.103989074506268 0.137609654321417
TR06 0.0637325208096176 -0.0129772705824941 0.193665054668404 0.00135167283876952 -0.00512878379611012 0.111549133578539 0.0624795820954279
TR07 0.00627441287954452 -0.00470889340517447 -0.00922764085164502 -0.136012782560381 -0.0623949178602118 -0.0432430915639969 0.0123529685320232
TR08 0.026840060396083 0.0813337683406484 -0.0126366675032468 0.0124489736450031 -0.100360102593392 -0.0778296654150581 0.0391159176430862
TR09 0.115648672790617 -0.0703408457949841 -0.0142008851929911 0.0440091008734699 -0.0348982911813067 -0.0250565645470529 -0.00102854904575008
TR10 0.0976377361650928 -0.0206578382677112 0.0584923972938259 -0.0651784354757777 -0.114195466978871 0.0398292539463254 0.0399686670527804
TR11 0.0717424244910937 -0.0247300097662129 0.0357495993651791 -0.0308261953626299 -0.0371950189039765 -0.0633487773596226 0.0124853058576283
TR12 0.012111179872872 0.0178083340183062 -0.00868418921126725 0.10815040956941 -0.0456909048315064 0.0994202994766013 -0.0190611801060729
TR13 -0.0221598106933936 0.019531000057248 0.113636371941699 0.171733857864951 0.0910844027475292 0.108916430393568 -0.0803195268433173
TR14 -0.231487430953981 0.100224843689847 -0.096065685639496 0.0719932811799661 -0.0112733503610425 0.0265413614495472 -0.0907644349773064
TR15 -0.00663232605986115 0.08205056085272 -0.0265048195518206 -0.148365063406238 -0.030907741991657 0.0517621891967294 0.0114628747706813
TR16 0.0343342216789896 0.099813278900086 -0.112910915957109 0.0191385386018096 0.0561448834320645 -0.0644413743914145 0.0584291201026388
