sample MDS1 MDS2 MDS3 MDS4 MDS5 MDS6 MDS7
AN03 -0.0113143367540518 0.0333132160277027 -0.0634963070328267 -0.027094924087031 0.0104535479874211 -0.0176088708100338 0.0385051445595235
AN04 0.0580980178870503 0.00909538221366077 0.0389887647266017 -0.0245384720958314 0.00228572087818898 -0.0376632552503524 0.0100892887191834
CS01 0.0728298753941337 0.0216842365968993 0.0335631407914758 -0.0928808508556231 -0.113118150474824 -0.115435681190308 0.041096369821218
CS03 0.0317176083209818 0.0480517979784641 -0.0350342682267214 0.0322539357841065 -0.00123907807323512 -0.0171446498660127 -0.051232857849267
CS04 0.0249207298451444 0.0447812265080794 -0.0365942285776849 -0.0116952058363211 -0.0766595426290211 -0.00547377975684209 0.139060528963736
CS07 -0.0977387225241715 0.00275261753410908 -0.118449502586759 0.0923236529991372 0.0573181745749244 -0.103028896392078 0.0353954976700324
CS08 -0.00564628391035586 0.390564930947493 -0.0892838431071158 -0.0291056810948321 -0.0396683918086149 0.100625216455988 -0.0927806200274358
CS09 0.0916657882329612 0.0243494595449479 0.0382838326179188 -0.10690030682023 -0.0266373826862462 -0.0619225444208595 0.00854719012650337
CS10 -0.0140887818245273 -0.0574065887013134 -0.0264660010515007 0.0626363266213917 0.0216287542486817 0.0450147213963252 -0.0168513354167072
CS11 0.0973133166388979 -0.0282505592435613 -0.0410691019877701 0.0166512809528413 0.10429864103251 0.0214430433310154 -0.00998136269714685
CS12 -0.0604357494928198 0.0222130150556008 -0.00468692305655832 0.00903651440599901 0.124519426984832 0.0477171288558321 0.0192537663352094
CS14 0.0239591660838776 -0.040308443344897 -0.0234875112861004 -0.0502078927671789 0.0083197452425663 -0.0224316896994992 -0.0484272464139285
CS16 0.0336667855008244 -0.0421924721037936 -0.117284712172075 -0.0753820627166567 0.0994129387560764 -0.0123912741156972 -0.0264308616268047
CS17 0.109987501192953 0.0594669605664603 -0.0350259304650767 -0.0318517176328821 -0.114567140270164 -0.0079641701132306 -0.0536823460424123
CS18 -0.00757498811442093 -0.0282129700471057 -0.099631618316346 -0.112229449802909 -0.0166584835223816 0.0213228226736539 0.0292909455498251
DK01 0.0520305679515598 -0.0593609387556535 -0.00939245680080596 -0.0461065091420087 0.0466169881274026 0.0325549562781134 0.0780232560535225
DK02 -0.0419850511540535 -0.0561796975050532 -0.0222851540982096 0.0109197004970251 -0.0761477154764427 -0.0197989223122098 0.00434288086161322
DK03 -0.117670308558884 -0.0235928797079332 -0.0858460522124865 0.0341329026503305 -0.0592707664608911 -0.0651476869248639 -0.000604016858920531
DK04 0.0119731087176374 0.0631897675250092 -0.145268822535223 -0.129433887347868 -0.0893486589189813 0.116884216619794 0.054049349117924
DK05 -0.0966584199959936 0.515757370549999 -0.127335873853556 -0.0916838782214383 -0.0222147553215188 0.157260918848594 -0.160273870177298
DK06 0.0173195829355089 0.0306611080120427 0.0283664958488394 -0.0619736047013918 -0.00405620272800666 0.0842225340600548 -0.116778282792175
DK07 -0.0373188610581404 -0.0717272968529334 0.0235073593949425 -0.0492089119028204 0.00808881612797677 0.0884721883095797 -0.0900686795587584
DK08 -0.0996951283707825 -0.00605555356947248 0.00535217976602903 0.0592024726590647 -0.0381608644461391 0.0302743680483116 0.115101611624534
DK09 0.0226804986564826 -0.0160643314741535 -0.00936050416932234 0.0245632618693092 0.00896535338988697 0.032914663809339 0.00915597767674595
DK10 -0.193094572366601 -0.0720580637322854 0.0974583644260983 0.0374109920546487 -0.048315417115978 0.060385182188076 0.01805794866811
DK11 0.0637068049325347 0.0106728715714542 -0.0708581588263562 -0.150901740412377 0.0574825206908154 -0.005868579628131 0.0341818520512791
DK12 0.0637121041506016 0.0519832939248959 -0.0205282374446268 -0.0656873930446018 0.0149821068233426 -0.0331811471025334 0.00269379445277032
DK13 0.0173007027868322 -0.0345539149993539 -0.0153157420397651 -0.0422659658914989 0.0165042857007824 -0.0852099154893746 -0.0687092940431879
DK14 -0.0633982703223135 -0.0499811861283579 0.0507035593799669 -0.0806299415605597 0.0814820746287777 -0.131336678585082 -0.0464355012094027
DK15 0.0850220235862258 0.0485518681243681 -0.100488467636472 0.00742055412334098 -0.0172964160993881 0.0218401656925916 0.0379005768542585
DK16 -0.0258715762648855 -0.0197202319972329 -0.052965705604903 -0.0639617871847502 -0.0105119331686202 -0.0632298396376938 -0.030973784166789
DK19 0.0336625325891638 -0.033466610695582 -0.0787989913799431 -0.011117233254662 0.0253596301491374 -0.0643722885678907 0.0381105717434806
DK20 0.0770692237397496 0.00825792475983788 0.00553422323986146 -0.124498848088288 0.0550525166487722 0.00492093395994814 -0.0599667607046063
DK21 -0.0448102173585465 -0.0947669250475653 -0.0773064222599351 0.109858032237339 -0.0282206884135288 0.115068416706148 0.0150111434892588
DK22 -0.0296574899266223 -0.0655245282850277 0.0593442491230722 -0.00165624212347563 0.108872011026098 0.157733727251562 0.00995075955872459
DK23 -0.0595981647452768 -0.075897401865 -0.08109893749068 0.0135987216120222 0.0699097446195729 0.0343319769813101 0.0653216597958444
DK24 -0.0654457987894231 0.0869649046796037 -0.0232878755462774 -0.103035251933807 -0.00598327721773728 -0.201400460555131 0.0721262103267477
DK25 0.0302053637442203 0.0527255169941647 -0.0233918112224036 -0.0555338978062455 -2.89399424478453e-06 0.0803158221950867 0.0608084403945473
DK26 -0.116972206897679 0.04022920423986 0.0283201518978079 0.00931193788415153 0.0803527910010277 -0.111442890675001 0.0289759627294007
DK27 -0.120546789028093 -0.0387545060947172 -0.116102293773342 -0.0148731316227036 -0.0759794490135567 0.0358381329914599 -0.0311560695696279
DK29 0.0925899510925076 0.0175237541616772 -0.0456091295062723 -0.0936222312224703 -0.0652198990569208 -0.0592004560447982 0.0933955365165797
DK30 -0.119456196475666 -0.103797601762361 0.0770634558346363 -0.154901105298286 -0.0225920821221478 0.0252284946791853 -0.107919598906286
DK31 -0.00797173504006163 0.00618078554104504 -0.137294943488288 0.0509084232351829 0.0207511410080517 -0.0254738693007217 -0.0377903850189767
DK32 0.0473368187186279 -0.0727605776106091 -0.00990043528409405 -0.0649181593689507 -0.026770869451083 -0.0424477282724252 0.0641627637979842
DK33 -0.110211749892244 0.0114538891059411 -0.0660246816275326 -0.140523449084608 -0.0619756017276855 -0.134364022384734 0.0198168145573836
DK34 -0.0600917315449101 -0.0551752008127194 -0.106328117327731 0.0638140520674678 0.046049218193891 0.0137570150060731 0.148742836121606
DK35 0.0143769568608441 0.00371019059955294 -0.151409276509507 -0.0242535099051163 -0.0121104458265898 -0.03282235592902 0.0683125261661701
DK36 0.0600619089074706 -0.0370932998136545 -0.0734984824713529 0.0231615802934751 0.00204215342783244 -0.110596291140675 0.0283288166166132
DK37 0.0107697466672526 0.00393707709727495 0.0486766484613703 -0.088891839376748 -0.00488303695491285 0.177758265300848 0.201695331003507
DK38 -0.0199007570728306 -0.0246705162456925 -0.0427023215998575 -0.189579156113353 0.131360628641257 0.0589421274265473 -0.00561518362029269
DK39 -0.0514455590636749 -0.035774570409992 -0.112835108767485 0.0112505147673755 -0.0427824585477657 -0.0933438137499554 -0.0231808257153218
FR01 -0.0311266699110035 -0.145951645010395 0.15452464808282 -0.0752142237190817 -0.13084904595845 0.0069027864840327 -0.0877853496300865
FR02 0.0618328222188 -0.0441014923425901 0.0431957030169886 -0.00193983924068878 0.0551076398512109 -0.0143151298663616 -0.00481341314483262
FR03 -0.007336390973592 -0.0935795444621996 -0.0510392988109299 0.0534744330960389 -0.0831279176220361 0.0285088946291442 -0.0301352811071077
FR04 -0.0752399275158031 0.061803728340094 0.0438870205122331 -0.0156179048553463 -0.0647457876326553 -0.204847935463752 0.135135015044782
FR05 -0.104733824657815 0.0925440480856317 0.0623441488001916 0.192511582444213 0.0875506040641059 -0.0457517089376741 -0.0607524838622097
FR06 0.0478827483702094 0.0563397242109872 -0.0126980147617838 0.161513919890852 -0.0439450302805694 -0.0583036833556838 0.106200817097887
FR07 -0.165860970260347 0.119913129876038 0.0222342211327003 0.119380073276149 -0.0642763990794705 -0.0799248216814865 0.0683662062256483
FR08 0.0342889790203425 -0.0239875893201486 -0.0475521670856362 -0.0993611032748669 0.12921358596648 -0.0815564552779772 0.0214624987004232
FR10 -0.0343230244026689 -0.04695564881394 0.0525908752447715 0.0369541678792282 -0.00729702173462404 0.0826778711180026 -0.104091477849702
FR12 0.0358211849806711 0.0367937000296476 0.0566335803191019 -0.0199344624472202 -0.0520377550161914 -0.0439162162740983 -0.011806016031536
FR13 -0.0906316782298681 0.0401989033122112 -0.0967192019881037 0.115263580485614 0.0647276372826942 -0.0681678447666324 -0.100474676520595
FR15 0.0409189796363581 -0.0126409825127506 -0.0779180726692478 0.103845358953021 -0.0402786167789301 -0.00108803557347114 0.0287625430976126
FR16 -0.168616218772373 0.0208114401990939 0.00616885465326209 -0.0322115606459142 -0.00141453361335782 -0.0087885406450631 -0.0337783938441967
FR17 0.0377152737526414 -0.0506531704065863 -0.0316682352594016 0.116511226585238 0.0407955536094177 -0.0436011672020516 0.0441894999364687
FR19 -0.028579206403171 -0.0460293397767891 0.0317019361238917 -0.0884195675590089 0.0867083163520354 0.118373927594009 -0.0438433058126436
FR20 0.149510330205082 -0.0236023412184541 0.0173605345377414 -0.00129457795200226 0.026701375197447 -0.0658597897766339 0.0509849884387541
FY01 0.0242239634698626 -0.0562997383621572 -0.016144125188679 0.102791168044721 -0.0162603626302283 -0.030223608030198 0.0395562910792771
FY02 0.068463165705237 -0.0768227003898729 -0.0720587070085022 0.00519040450171645 0.0137444994262532 -0.0140911486575639 0.0013718380705862
FY03 -0.0484301664443955 -0.0508907370114865 0.0146946186984471 -0.0846989524210614 0.0779995390115847 -0.00156599232683133 0.0369466690576126
FY04 -0.0229283136014481 0.121132251883259 0.106148852371831 -0.0705245450525826 -0.129742024323046 -0.0301570661821605 -0.0631876902831815
FY05 0.0106802873629909 0.0111666421179554 0.0823610621151193 0.0179678923311348 0.0378964913207044 0.175626127001345 0.0487582461026776
FY06 0.000250656820402448 0.0409777591808559 0.0855716560039706 0.0210389947428321 0.0937862755379898 0.044158533459752 -0.0109055563017774
FY07 -0.0430213342112572 0.117113870620465 0.0249718103002184 -0.0802412175247301 0.0816036828459834 -0.0745886435439999 -0.0107495247590452
FY09 0.016910809727722 -0.0495088958349882 0.0546698382327628 -0.136698767536378 -0.0389624954528921 -0.0139653183946914 -0.062364730970678
FY10 0.0499532944597712 -0.00237434999744894 0.0682088313800449 0.0478763252221448 0.175517243221404 -0.000287255745700654 0.0522974433402655
FY11 -0.0980043265166082 -0.0525629356827565 -0.00749187508248732 -0.016777466333798 -0.0537837313519802 -0.026559751467406 -0.0726483209837962
FY12 0.0358177803975543 0.0215578755823216 -0.0928083279021497 -0.0408281786883583 0.0329600162213983 0.0147991461557323 -0.100794376063233
FY13 -0.031230527911131 -0.0801647309521969 0.168956398511353 0.174677896521423 -0.108826187353011 0.0163441407304036 0.0203923002347861
FY14 0.0554158786743386 -0.0254637697026026 0.0299629553238932 -0.0513505152151984 0.0629041024100202 -0.0475120151813491 -0.0529569271540053
FY15 0.0701226176602187 -0.039695657886857 -0.0762691027389408 0.0255626188796027 -0.0776708065932032 0.0637967035057266 0.075443533158961
FY16 0.032442000225889 -0.0648775617694275 0.0489963822106114 0.0135363465932846 0.0824733936681658 -0.0120314199671679 -0.0367700586197364
FY17 0.0453451663164866 -0.00965285123102295 0.0218821505333324 -0.00594648033982922 -0.0689652967255115 -0.00493866767160424 0.136484526087605
FY18 -0.0471437629454114 0.00810706001486775 -0.0219198467891721 0.0544594232871703 0.00446011441107742 0.112870166698086 0.105861033331067
HH01 0.0989296017364945 0.0676649657073198 0.0335473369063664 0.0724344437001287 -0.120078656916966 -0.093625082839273 -0.150675432544287
HH02 -0.162686897114181 -0.0536434743485151 0.0480304794954749 -0.0213795253770994 -0.0924159795097484 -0.0761841390537365 -0.11958086851009
HH03 -0.00766935597320472 -0.0430372664921011 0.00906851333026739 0.021441627085661 -0.0590859223576627 0.0149420260320059 -0.0502944934410205
HH04 -0.0743000100413531 -0.0447934910401906 -0.0514394376779393 0.104506310659761 -0.0577808944234217 -0.0656144900370769 0.052383047133476
HH05 0.0268268460379337 0.0320718350278783 -0.0141375441048811 0.0441241609275831 -0.00522561444772283 0.04984320993558 0.077562563676201
HH07 -0.0329657437547696 0.0907891273376547 -0.00371153296351771 0.0799955810085568 0.0752399450526735 -0.0148099614804475 -0.0137448674094627
HH08 -0.0623631796128008 0.0363949867067649 0.0370584700918165 -0.0166366166820199 -0.0128462532218887 -0.0455711463050294 0.012231373582279
HH09 0.0469177176889041 0.00207518314066161 -0.0350372691843887 0.0269413166344239 -0.00659328451852899 0.0841209530198145 -0.0649293262655134
HH10 -0.0589352057835261 -0.0832636350113158 -0.0279534988428284 -0.135492537243684 -0.0769942303750016 0.130943783258588 -0.0493397831698839
HH12 -0.00736658410274794 -0.0101340136816349 -0.0144640741652632 0.0132954485016681 -0.0703633913101906 0.119005224171354 0.0555473568601965
HH13 0.000548115688233777 0.0253059362857519 0.0598193842540785 0.00471822284380673 0.0381980725654715 -0.0303749187065425 -0.0156986083195524
HH16 0.013195019603471 -0.0834563976192742 0.0492798989948131 -0.030432507270333 0.0909074053313303 0.059804275413911 -0.00909752761610203
HH18 -0.0728257394050753 -0.0140921209839427 -0.072819028577404 0.025928817606709 0.00766530528804193 -0.122807285867247 0.0515413766322941
JB02 -0.0565473759659374 -0.0973661648453041 -0.0342851465586755 -0.0029426087884472 -0.144522516198279 -0.017441549284738 -0.138868090915246
JB03 -0.00513622928856592 0.0876324798896703 0.102128004321009 0.0214752672351091 0.0517097926504791 -0.0766497616287919 0.072629581397556
JB04 -0.0263874349958091 -0.0414388908981827 0.0950848083625443 0.0149751091097764 0.107371490524718 0.0301500712886632 0.00643398800313269
JB05 -0.0221294829604675 -0.0371630700908661 0.101549642146974 -0.0854410827296652 -0.177069271233169 0.0942341805569578 -0.0561730130467145
JB07 9.32928008232043e-05 0.0102204234786184 -0.05132478377184 0.00593951138611183 0.0399825021842035 0.0119800453919361 0.0800583363795787
JB10 -0.0962607101105123 0.0246163939004467 0.0607640573009213 -0.00850985690009848 0.0442942040535586 -0.02596588838182 0.00801491291036914
JB13 0.0188127263050668 0.00507607055482892 -0.0874388464165461 0.0106685935493418 0.0721960960993345 0.115860703608161 0.0785078608042633
JB15 0.0961589216467009 0.0680320204549504 0.136449662209234 0.0774010852642075 -0.0578701042596051 0.00146426277125449 0.0538386420795368
JB17 -0.0473347531727314 0.0261585243772493 0.169247141196402 0.0853279204510298 0.0331393041472012 -0.0813972679755836 -0.0565536591918399
NB01 0.0385300858304957 -0.0178298181169351 0.0285977973995389 0.0213795676588173 -0.0600428906855183 0.00777453536251008 0.0635837028467545
NB02 0.0557296168998903 -0.00503731003614694 -0.021974178198 0.00668787480391369 0.026053681396831 0.101635818291135 0.189100178711876
NB03 -0.0366477118794002 -0.0180945322861598 -0.0471994946959064 0.0726453456791153 0.0945659559819793 -0.0870043857339143 0.026253979381635
NB04 -0.00271631470438692 0.0293206926870495 0.00772630495681637 0.0307705590103161 0.00460227034684441 -0.0253397618162967 -0.0539278266753235
NB05 0.059999251548971 -0.0369334479255425 -0.0896596538589191 0.0103544267741767 0.118080384620913 0.075107220458242 0.0211411473678993
NB07 -0.124088925818865 -0.00894106186515666 -0.00652237615401476 0.053918086184978 -0.00638949897382232 0.00721637827107762 0.0518658956809346
NB10 -0.171604948469487 -0.0628691119681745 0.0704078163292419 0.0159860730811915 0.0939844200247451 -0.0750274004687384 -0.105916165567235
NB11 -0.00310937617535881 0.0419851177062976 -0.0447098662051449 0.0138936379508986 0.0989320490107988 0.0929658062415496 0.022248452702619
NB12 -0.0202872284959904 -0.0662195978367315 -0.0701235473973622 -0.0240250792887081 -0.0778735669639057 -0.0472423076280588 0.0107569717006635
NB13 -0.0309091361496817 0.0143785666297063 -0.070570676907891 -0.00138260824050077 0.0124941867849705 -0.106201304554182 0.12720080978035
NB14 -0.00418858813248783 -0.107767475677363 -0.136765109563846 -0.0938381913951775 -0.0540056593475381 0.0674989420293423 0.0560397029148659
NB15 0.0485063781890891 -0.0306687493214889 -0.0232184142249627 -0.0407791323761249 0.0534625975777781 -0.0351754778852105 0.0506534310692517
NB16 0.128086928105822 0.00306308497580066 -0.0376494022370876 -0.072695245594232 0.0474480655623331 -0.0307155451637181 -0.00261385775852068
NB17 0.00677708150061752 0.00469313542597868 0.0425248813137019 -0.00979222210590383 0.0750482411363131 0.0699290003850848 0.0345779436254036
PA01 0.0469346139068751 0.140073939899646 0.0750851160849071 -0.0467986874976753 -0.0341639171679262 -0.0257730180438831 0.085255047025508
PA02 0.00633369911575332 0.0361881659505952 0.134311569749514 -0.0385979583756216 -0.0828367904649762 -0.0525528976457923 -0.00781698675630412
PA03 0.0576228306620618 0.0175762558591281 -0.0247209392125496 -0.0228711463942058 -0.0723837276519117 0.0254876707693243 0.0285883323579553
PA04 0.0482708516685988 0.00913838137954041 0.0205422088702416 0.127374327833428 -0.0361036615483499 0.00696200711711365 0.0210857942131936
PA05 0.0803734858583034 -0.0485893834395884 -0.0517177660459766 0.00657119844463333 -0.109493329327441 -0.0176307435784451 -0.0681712812537938
PA07 -0.0835306137488033 -0.161786038339643 0.00882562031750842 0.0307073028099297 0.0612878421905368 0.00381285579223352 0.035652176923145
PA08 0.0835361332492904 -0.00722480654566757 -0.03243892373139 0.0771239266832897 -0.0236963642967942 0.109987862385378 -0.0482793840482023
PA09 -0.0646120576876362 0.0885642896581797 0.0449261773040285 -0.040324359845828 0.115973170093991 -0.133611564833285 -0.118436065305744
PA10 0.0283237282049045 0.0796907731813989 -0.0144057333388163 0.0343676448997751 -0.0813884903255278 -0.00650662006793923 0.107100011069242
PA11 -0.148637950564895 -0.00746959844421693 0.042419398800705 0.0037434678199201 -0.0886962698929915 0.00351131185157225 0.0912823968742281
PA12 -0.014263673417649 0.0224946091316366 -0.0462217494034471 0.0749028119543738 0.0114338215888801 0.0501996987180183 0.152963837292179
PA13 0.0112809175093528 0.0163256255264702 0.00701709417007877 0.141538330338275 0.0202889420267971 0.101857137754946 -0.0494674403756366
PA14 0.0756173802322095 0.0223371876097602 -0.0661646110433396 0.114801410883784 0.0686304555632792 0.0415206705623183 -0.0928672584628435
PA15 -0.00954473911698495 -0.0758979594178782 -0.00728547700533866 -0.128366103716116 -0.135469311759426 0.039186843700958 -0.108520213415902
PA17 0.0228468128937971 -0.0584514202958765 -0.0439702225594441 0.0501186154076835 -0.0242132029447794 -0.0344761188749369 -0.000881098140136202
PA18 -0.0480693476071941 -0.0198040480794061 0.0802512340576206 -0.133415268740188 0.0222195552696815 0.00704705841774001 -0.0734270495765774
PA19 -0.160678702588015 0.0400587829488047 -0.116432981053511 -0.0220351364394174 -0.0232235647318923 0.135332122775188 0.0613292587386244
PA20 0.0243877116627582 0.0682439750567954 -0.0794815264290546 0.02664266650598 0.0089641838139499 -0.0536150831673566 0.0372484950244338
PA21 -0.000295456282631748 -0.0689193131366272 -0.101759965019143 0.0679667609134488 0.0614749286588758 0.0137330213156579 -0.0201183327487033
PA22 -0.00642742104483564 0.0691294395125094 -0.115653201537061 0.0291177764662682 0.0484671225140024 -0.044027336815796 -0.0715963634037675
PA23 0.0199895802395299 -0.0738445667061938 -0.00876931363985169 -0.023711360003958 -0.0394775313929565 -0.0203658828481515 -0.0202908528923262
PA24 -0.0518357270466877 0.00647412429729201 -0.107683829833407 -0.065722423308911 -0.0744912495030922 0.214954869793718 0.0225135841773599
PA25 -0.00643476914467406 -0.0116170017804243 -0.00200046521633257 0.114883078518565 -0.0389205421094429 0.0365094153510836 -0.0349842033280407
PA26 -0.0158121877099807 0.0329919640170325 -0.0133855935840786 0.0474478082487317 0.0438581125306035 -0.0419117888177881 -0.0710504574850747
PA27 -0.106572468053525 -0.0317627811870754 -0.00950025833382098 0.0357278538655069 -0.00340471264171481 0.0739497335256292 -0.13150236194816
RB01 0.0969835944298944 -0.0267409992333374 0.0867275119445911 0.0841036924272768 -0.101233551555139 0.0886426856780063 0.0178783589866476
RB02 -0.0789240617006692 -0.0361629088550196 -0.0124740304854124 0.084562112908359 -0.00214790429959526 0.0763310388515563 -0.179070405383963
RB03 0.0571407860973515 0.0302658410849256 0.0356198218541974 0.0987841339139534 -0.107753216608624 0.0529667947993881 -0.123850228810232
RB04 0.0496219445400476 0.0187286354245355 0.0809608409978101 0.0561306011983524 -0.0575967752847141 0.0424889726157659 -0.0175633539589144
RB06 0.0528961319567466 0.0416787094703956 0.124106935892487 -0.0310882711747468 0.127620644062333 0.0120966843773247 -0.0265035340937448
RB07 0.000188503992900249 -0.0454574806015331 -0.0345770609659599 -0.0958374592901414 -0.0434533636528227 -0.0366779222636265 -0.0549385488475351
RB08 0.0768519901408503 0.0299995883022882 0.0263218563231574 -0.0891113949626546 -0.0178136609511525 -0.103966122428736 -0.0217410605963338
RB09 0.0488747247714316 0.0944228849097444 -0.0270819478816158 0.00411989483199334 0.0887636578432048 -0.0469780093158689 -0.112993141296259
RB10 0.026221108940597 -0.033189352996375 0.0496100817147314 -0.0143008737072364 0.144242466385446 0.0804313601022854 -0.0978804834256806
RB12 0.0778695372212171 -0.139602550426227 0.0545790270197914 -0.0783831149576953 0.00614671515429069 0.0480517076121579 -0.0483331301965197
RB13 0.0815908445423905 -0.012479109198199 0.0529027800395164 0.0121123046811346 0.106517486722653 -0.0479640520180799 -0.00155411234528311
RB14 0.0162480064154317 -0.0344575143871472 -0.014846136679338 0.0103218096616084 -0.00259674440010554 0.0184200899307559 0.0250424120944282
RB15 -0.0288320620069404 0.00932621145599753 0.00616128870321556 -0.0846945260358527 0.0918907706476639 -0.108096242799654 -0.0426583268819127
RB16 0.0914397504083214 0.00687925076876997 0.0738422808955037 0.0178399692364301 0.0520985763505716 0.0661348528280042 -0.00832766784772439
RB17 -0.0909068912057225 0.0965653152120105 -0.0454085950353168 -0.0853676142847545 0.0293000004460013 -0.0928820234369526 0.00172973219974361
RB19 0.107296924692435 -0.0233643651215961 0.152518449808208 -0.0374670045613594 0.069396390268751 -0.0738114604336029 0.156990734795182
RB20 -0.0084828029719305 0.0137402053858487 0.0544397275367209 -0.0209417796638401 -0.0160259637077344 0.0383967979924499 0.0966538854201659
RL01 -0.129035014472981 -0.0591672977807119 0.070572512806868 -0.0950600866915891 0.127534472636567 0.00144631915235529 0.0287759874309152
RL02 0.0227526396367798 -0.0272944570197772 0.0771221210209444 -0.0926919250884651 -0.00466328520383115 0.0475523918114911 0.00525614095657619
RL03 0.107534545417371 0.0481916963572776 0.0295989706294019 -0.0706814475905739 0.031020882536667 0.0179176402480284 0.0723159928758102
RL04 0.0735702850066785 0.0436460658112319 0.0394207133129991 0.134355774381704 -0.0654801138988096 -0.00698855052703901 -0.0262598615679382
RL06 0.0889902925201515 -0.0295068122064674 0.0429316239464717 0.0990694243522044 -0.0703182985682873 0.0367389958571631 -0.0218212445007325
RL07 0.0212216156454454 0.0785593992459167 0.0333508439018189 0.0327198024051658 0.0092162822912788 -0.013540621412845 0.0117848530868852
RL09 0.0436057828635768 -0.0177882662366273 -0.0393153253583889 0.0534297165504359 -0.0822051375418423 -0.0298540159425967 -0.0980556432564033
RL10 0.0720245058073054 0.0204998906967798 0.134892361751148 0.108340533717927 -0.046607973611884 -0.0216489096147465 0.075858777992867
RL11 0.121300623484345 0.0478449110278107 0.0855868041812164 -0.0360662906421755 -0.114515967106224 0.0229902662594931 -0.131141902530393
RL12 -0.0103536036078492 0.112578830834129 0.0502443149751547 0.037147229017412 0.0142084316818388 0.0389077785762203 -0.0652671751799635
RL13 -0.0232892861565921 0.144508337617647 0.13130370694915 0.0554007932846973 -0.0984429658580942 0.0307910809036597 0.0551435314895399
RL15 0.145590538081868 0.0462266292300239 0.0625704755092966 -0.0797886435243214 -0.0463590306003486 0.0222266520176501 -0.0441133680203842
RL17 0.00177290577190215 -0.0345931340761162 0.0284548563296309 0.0648570274664234 -0.0390012147111393 0.0636614875784821 -0.0832041028430698
RL18 -0.226466804634401 -0.00855811029131351 0.0421403789261303 0.0239391641951956 -0.0321117899997962 0.023643371740895 0.0480961663461675
RL20 0.021661258394788 0.0187046152368943 0.0802460041473159 0.0587274728622434 0.080972339134832 0.0207512896055704 -0.108195611666479
RL21 0.0638694699771648 -0.0169688133559242 -0.0308661154653982 0.0681079121773827 -0.0639157355920474 -0.0552671949431778 -0.00987601722074228
RL22 -0.0718988585344571 0.128295077764555 0.16222810612209 -0.137610758500807 0.0541691149116688 0.173716666296029 0.187071383977767
RL23 0.0705727830200283 0.0194180845177724 0.146112364147011 0.0458270627107611 -0.0927658891733767 -0.0446344923768677 0.0242955100229194
TR01 0.059501594238818 -0.0552524431032779 0.0285332574190902 -0.0196535451187997 0.105058217917666 -0.0354761940555055 -0.0426656334463055
TR02 0.0665038369606695 -0.0214556690623791 -0.0325047809666803 0.0194470476235561 0.0265199595872172 -0.0415271265099518 0.0215532402182248
TR03 0.0663109571336972 0.00455129373941518 -0.0474512447709376 0.0699664348243866 -0.0521206332362789 -0.119110573468562 -0.0411471577896387
TR04 0.113671497049529 -0.0373186426489303 -0.00394449536603687 -0.0990167233278284 -0.0658907136311598 -0.125023208227582 -0.0168185301695634
TR05 -0.0306829087008538 -0.00461043500242892 -0.107512309230133 0.0376772886465188 0.0958298600917336 -0.0788389599448101 -0.112693560161576
TR06 0.0280009542838656 -0.0709082245437803 -0.196917142603488 0.0227708636059983 -0.0702234187870487 0.0251925227409713 -0.0270435655780096
TR07 -0.000341242497976709 0.0156566812500255 -0.00260628195865954 0.0932427885377013 0.131035838760407 0.069096702203188 -0.0462359205591891
TR08 0.00627884936035737 -0.0690617078638588 0.0331336386330702 0.07185341486338 0.0365280514268585 -0.0633876808940091 -0.0448217459904518
TR09 0.129044338556665 0.0214117686383301 -0.0129335730743661 0.0321123632534188 0.00211450881816627 -0.0294140622547435 -0.0186906294374484
TR10 0.0714196552822585 -0.0358085873642989 -0.0691412836117868 0.137516383850507 0.0382527584101928 0.0283061261074389 -0.0694777255627783
TR11 0.0686929087349735 -0.00231250309790227 -0.0497708023721859 0.032636168891502 0.0705993101227716 -0.00192026379053218 0.0116066366013343
TR12 0.0187240102959898 -0.0167027618922756 0.0203586523239473 0.0281096166367052 -0.134038498473871 -0.0232827907606011 -0.00280649293034245
TR13 -0.0279013662872519 -0.0580475474716306 -0.0890342579192032 -0.0821824949455386 -0.209161593887656 -0.04874575538557 0.0773800973683736
TR14 -0.221163678733372 0.00783601354619554 0.143077812860868 0.0093588075648011 -0.0953237952071717 -0.0127881652598636 0.131764796385048
TR15 -0.0228590919422799 -0.0549224279684556 0.0360727580523891 0.0272623948753965 0.0727669784136553 0.134543904446531 -0.037757875605389
TR16 0.0184608784283862 -0.0739344636445105 0.146946844229164 -0.075778930410017 0.0365438432349345 -0.0215076937225906 -0.0218074778295443
TR17 -0.000383018148748619 0.0381111832009057 0.0794319025830666 0.0424119006118998 0.108881586967445 -0.0855634378959731 0.120747342342304
