sample MDS1 MDS2 MDS3 MDS4 MDS5 MDS6 MDS7
AN03 -0.00424202513766891 -0.045953625031273 -0.0489208205612543 0.0226566940031832 0.0157293585219256 -0.00806245392089332 0.0482833664190036
AN04 0.0869418246813174 0.0123116198001485 0.0167916493074711 -0.00358038122705256 0.0068542528349205 -0.0158126544840983 -0.0203327920555364
CS01 0.0732701893190334 -0.0310292877912008 0.0174227557827602 0.0258078163171101 -0.182696813417338 0.00630224505592692 -0.0514485561376894
CS02 0.0612057944579234 -0.0157641793893756 -0.0360807287577568 -0.00576949908471741 0.121934238701717 0.10681990770986 -0.0491119709790056
CS03 0.0544980705476753 -0.0444727703939911 -0.0175034457927383 -0.0349019339101939 0.0645661727910067 -0.0217270248534968 0.043659730553575
CS04 0.0158427732189967 -0.0506423167483001 -0.0234922003583694 -0.0498961945530121 -0.0251637728613714 0.0926041397573103 -0.103933420594312
CS05 -0.0585104080488278 -0.10519874551036 -0.0587180782547257 -0.0234208575967856 -0.124623577276878 0.00854901190217697 -0.0444078128171867
CS07 -0.0932108052318701 -0.0272377610199739 -0.110022229436448 -0.107170119862921 0.0210140851917742 -0.108709860497353 -0.0216999722262432
CS08 0.0219459850011855 -0.400338317317286 0.0454751664195637 0.0609680596289017 0.0940359070157845 0.0770889292434567 0.0781746460996951
CS09 0.0873394298337736 -0.0126081224239377 0.0388042898331633 0.080684326484468 -0.0586635084715402 -0.00586130953938666 -0.0579943790194969
CS10 -0.00679053840442053 0.0597601334750441 -0.0193329464629103 -0.0481676394533423 0.0726220618693888 0.00277749975247137 0.00868953154603906
CS11 0.0918237467326324 0.0475136802067334 -0.0423016049324455 0.000676277326981514 0.0994785641639647 -0.0683639863573676 -0.0127024488837764
CS12 -0.0796269183817492 -0.0255577583986303 -0.00298801813889965 0.0550340740002565 0.0731766959865661 -0.0208961252198409 0.029774443776186
CS13 -0.0120313551915839 0.09819527985395 0.00162859950977701 -0.0909882652275917 0.149680084868366 0.109324566446791 -0.135828443901461
CS14 0.0224553257333924 0.0333072328892047 -0.0330408982206087 0.038301591222311 -0.0623845785467427 -0.0380615882733667 -0.025518821026685
CS15 0.0397571738619832 -0.0308053400335843 -0.0965255448597114 -0.0203840284382416 0.00358679528944011 0.0422400957242092 -0.00572100662799108
CS16 0.0405271329147501 0.0120166094556877 -0.12449493892152 0.115051972950664 0.0555739083976393 -0.0667189236488975 0.0169516268016284
CS17 0.12712060663566 -0.078873786182915 0.00427676516361982 0.0126368320912096 -0.0851838314825761 0.0464072787454352 0.00729144271414111
CS18 -0.00171671427371346 -0.0082357725716421 -0.1185941558358 0.0855875517112641 -0.0559270019059122 0.0133480454126484 -0.0455682044162135
DK01 0.0326081432107031 0.0563235684328017 -0.0237262060084869 0.0495613206996214 0.0132806535252683 0.0290117354029094 -0.0235022834870829
DK02 -0.0703102662528405 0.0159243769143434 -0.0184196152658727 -0.00841148114867322 -0.0876744488456396 0.0473610638006912 0.0337331592868175
DK03 -0.100496008391822 -0.0199333995919977 -0.113655724964109 -0.0788185311729531 -0.0400484174629463 -0.00634664631963783 -0.0178656120126466
DK04 0.0341148542082118 -0.0930162514868011 -0.125247346460381 0.0703946926822797 -0.0330065673626321 0.149056443475535 0.0589439716183352
DK05 -0.046364815180769 -0.539785314576038 0.0254127125320799 0.148169019872806 0.108245112518996 0.0838097297110593 0.124541465961756
DK06 0.0229462190029853 -0.0368807983597547 0.0621926042614514 0.123396276244976 -0.0194960308311479 -0.00405612719691867 0.154662590944194
DK07 -0.0380388831798364 0.0801123585074452 0.0145330614340335 0.08091752336685 0.0621232315921643 0.0545982212294026 0.0391520483593361
DK08 -0.104798137280422 -0.000763605980593175 0.0112775219305768 -0.0697751406546002 0.0509192651552742 0.112402572474605 -0.0968877891891791
DK09 0.0253464564283164 0.026866150655869 -0.00578091438793762 -0.0282907942643149 0.0619630741900277 0.0589131405238892 -0.0936389705268262
DK10 -0.205032871367619 0.0684687800900712 0.0640555328380853 -0.0268593088603884 -0.0304509848952829 0.0700068742563187 0.0787814372398242
DK11 0.0728464407467137 -0.0175557687185801 -0.0749566949162686 0.139603390655205 0.0451104037175203 0.0269590408558608 -0.0862658102069288
DK12 0.0703413721302275 -0.0381969448336011 -0.0103979279651235 0.0494144756990172 0.0125301728289197 -0.00963473104632782 -0.025860990399415
DK13 0.0426605914140998 0.0403344257621425 -0.0260477054718327 0.0233927525557754 -0.0279011370520612 -0.0913590005239359 -0.056772419110459
DK14 -0.0848988395885653 0.0551933529306797 0.018113811439961 0.0830199184357893 -0.0365723881828245 -0.117762501644358 -0.0510134539243383
DK15 0.112985048132037 -0.0629388251421557 -0.0807657666172891 -0.0280841250335756 0.0629269096638086 0.0596793458715502 -0.0626376523438494
DK16 -0.00622458456231856 -0.0120492652714779 -0.0669716610571172 0.0492295102512704 -0.0334787874299174 -0.0420200229113688 -0.0136350856313447
DK17 -0.0351207362207462 0.105672765797137 -0.0564321523444945 -0.0150890173684976 0.00845711299882074 0.0126640669226213 -0.0703214807024551
DK19 0.0355866257526138 0.0115937337399214 -0.0991956060136836 -0.0112831937424005 -0.0516059901420278 -0.0872483697671066 0.0567235152380987
DK20 0.0660401398306373 -0.00430431252279497 0.00739226351127372 0.159376510461805 0.0135786249220689 -0.00232468808949706 0.0318023246385978
DK22 -0.0475786085400669 0.0949253710460541 0.0521639900251629 0.0686605529084986 0.163193727266339 0.0863745599584696 0.0025339281838758
DK23 -0.0707687146865094 0.052074410829295 -0.0983951194997979 -0.00759571466961896 0.0840274812421367 0.018215685060902 0.0175430659033314
DK24 -0.0546520202682074 -0.111676680910354 -0.0415683358251127 0.0409909058029238 -0.111135632611023 -0.0771633925384491 -0.203330902410414
DK25 0.0229739403690805 -0.0568289174487183 -0.00225583229462867 0.0643661108638422 0.0360755206874143 0.105585962272362 -0.0367165801086618
DK27 -0.0969174827642163 -0.0127201761231871 -0.12529056192989 -0.0143664593359218 -0.0544812726339613 0.033616115574295 0.0127714721881571
DK28 -0.154240557103951 0.0377792411956397 0.0941706544034624 0.0540538287633151 0.108051854623692 0.0985306758381386 0.000710937263679398
DK29 0.0864430382052548 -0.0233998921435764 -0.0461865488504919 0.028985524363347 -0.100184200792172 0.040773219913721 -0.0738947405999881
DK30 -0.12299874432265 0.0978511278409138 0.0422823325138209 0.18122415046843 -0.116540854927084 -0.0109049321629303 0.038026419654082
DK31 0.0104305629820707 -0.046753428451877 -0.125412277938627 -0.0437350806658346 -0.00609457989228134 -0.0950550828801878 0.0752283721172994
DK32 0.0383473099830271 0.0577915684824908 -0.041521528698374 0.0317921180104394 -0.0790534791182937 0.0423493880362983 -0.0626939291055563
DK33 -0.0825078707970507 -0.0303124483048359 -0.0990164570725658 0.0519998218914973 -0.122356464414767 -0.0191553694018043 -0.0823777283611516
DK34 -0.0596518258151919 0.0383221788093885 -0.119374205666483 -0.100583182373834 0.0931553421756557 0.03201120771137 -0.088761198934751
DK35 0.0271945602900591 -0.0444491901150535 -0.155116908358061 -0.0120587261243634 0.00216947360124353 0.0171319859574922 -0.0163825168821781
DK36 0.0597399991271585 0.0291914522363729 -0.0830938302537986 -0.0545863415484485 -0.0536136643842551 -0.0662500917082645 -0.0193004158387628
DK37 0.0357413752863651 0.0454360919284389 -0.0323544840652042 0.00455661118067016 -0.00141497773877776 0.0959401929487795 0.0876422592027958
DK38 -0.0200181261655992 0.0275424464318876 -0.0693026233985844 0.20630361659711 0.0542889903816511 -0.00817693424982864 -0.0842010003500749
DK39 -0.0272977018748387 -0.00667629051491163 -0.114238009984349 -0.041166061268151 -0.040968666163187 -0.0393760294241736 0.000137976197295438
FR01 -0.0295108497236991 0.15262687942182 0.120392258308037 0.0772862795072347 -0.106721707075079 0.0948324750670032 0.0383148084292194
FR02 0.0438129320297219 0.0671800669569095 0.0298747763364478 0.0122363743337473 0.0162235819490566 -0.0343228268019316 -0.0340352665460191
FR03 -0.00827763268667285 0.0695836077980144 -0.0555086190023801 -0.0590857635191144 -0.0474396251254213 0.0617407997203334 0.0669644362519978
FR04 -0.0771483550391839 -0.0627344531374351 0.00852242664028089 -0.0818290907986863 -0.14934490135704 -0.0552793155975614 -0.173082243456781
FR05 -0.109030051600387 -0.0678554003473165 0.108269957868908 -0.115445095431292 0.114786138249464 -0.131039713881356 0.0724450500487495
FR06 0.0446065372566956 -0.0477309234260449 0.0244455917169142 -0.184921161235035 0.0339651753004993 0.0114995596395273 -0.0107833256739625
FR07 -0.159234953947298 -0.135919580998994 0.0543198157798405 -0.135145145731616 -0.0342235598391322 -0.0219019159672955 -0.0875937342588717
FR08 0.0327697813682474 0.0241326452554582 -0.0702863980726245 0.101656405157231 0.0103529522468284 -0.134994141383095 -0.100965684625962
FR12 0.0335164579983453 -0.0216606343703549 0.0612523224032246 -0.00384053910686631 -0.0932514312864458 -0.0366435875723494 0.0736917584364584
FR13 -0.0650329321061503 -0.0763263745476068 -0.0919659042542556 -0.0794727114439912 0.00613640323433891 -0.177803330292097 0.101931426901484
FR15 0.0537756850420083 -0.010717355568278 -0.0562644115171538 -0.111671628598849 0.0368353558638704 0.0215574127627655 0.00295111356584541
FR16 -0.176363817579355 -0.0358688462490449 -0.00361666894308561 0.0360766918105011 -0.0411824650191323 -0.031268730744254 0.0449212525612603
FR17 0.023631082288952 0.0503518108164208 -0.0472322475379429 -0.126393959246407 0.0220811761699275 -0.0668273047983624 -0.0173230232081244
FR19 -0.0513247526272231 0.0635670696074345 0.031261865255755 0.134256088189496 0.118028309797065 0.0805148634006918 0.00453044185995003
FR20 0.133981299113897 0.034900351157073 0.0188279561750161 0.0161878670922145 0.0062339422816555 0.00604183849398668 -0.0720011893279189
FY01 0.0207186655908189 0.056092581792409 -0.0211404347496675 -0.11896686201499 -0.0253153623874755 -0.0357223699423255 0.0771580924378873
FY02 0.068005078864309 0.0640984345073597 -0.0825377849470682 -0.0187798331234353 -0.0386136402576448 -0.0571235069088631 0.0527035517481797
FY03 -0.0522230314660217 0.0566631629751762 -0.0335674828467584 0.0735408716026575 0.0214871190918154 -0.0275060399538975 -0.00327236211436797
FY04 -0.0127351500149327 -0.109710439799656 0.140936573977154 0.0511528863061473 -0.121427966019658 0.0182877167969741 0.0319993869497241
FY05 -0.0121578807923822 0.0257700924938058 0.0869869949877787 0.0123955305953157 0.0837503803333191 0.102665854366144 0.0617460640543737
FY06 -0.014752071900644 -0.0105631392929689 0.0999540954663904 0.0285467290457316 0.0927463218844013 -0.0570333252509048 0.0336213292754264
FY07 -0.0424286316562643 -0.101768989231528 0.0345437702264037 0.0879184957771522 0.0241629726707497 -0.101124568424543 -0.1314074298492
FY09 0.0273331193912071 0.0615343715936118 0.0068330464665163 0.0987944058839881 -0.0722357834984082 0.0131473299830929 -0.0309334763352095
FY10 0.0242452612036227 0.0482374120960905 0.0674744903159903 -0.000972887476397592 0.129497801093546 -0.0647130315260846 -0.0887102374076182
FY11 -0.108719027862498 0.0234610502555653 -0.0353259944898758 0.0136920767702719 -0.103112049516299 -0.0257214288493304 0.0956898047765445
FY12 0.047384821976257 -0.0366207200589512 -0.0669707452925731 0.0555696845110075 0.0239047306676098 -0.0398995736848969 -0.00802990508240328
FY13 -0.0325534699230798 0.107982276419337 0.156771340245861 -0.189290791004793 -0.0391824376036645 0.0296024923037676 0.0395113892071148
FY14 0.0677822567929809 0.0438520177662143 0.00563397306388036 0.0591037302986603 0.0178608663496011 -0.060935336344551 -0.0745354540295968
FY15 0.0781050301756011 0.0232603839687811 -0.0674565156058574 -0.065592575082729 -0.000381071642872263 0.101213170448748 -0.0163437483473974
FY16 0.0327226426811996 0.0814059955452447 0.0281690294640341 0.0230396670411248 0.0401005371474292 -0.074596436948431 0.0467744530128232
FY17 0.0354354404510471 0.00842700012363525 0.0111234142005243 -0.0408294597789096 -0.0424230664287843 0.0780776703489476 -0.0977748150467531
FY18 -0.0305729861074417 -0.0121506344595556 -0.0302968725442693 -0.0505939576451129 0.0932317777692388 0.0837950151115475 0.0864534966283027
HH01 0.122243423327515 -0.0629018983202089 0.0876573604339012 -0.0719997967833271 -0.12009635181725 -0.0865349801854238 0.0716621346116129
HH03 -0.00134890932890757 0.0315881071508189 0.00753936771240824 -0.0205745590663186 -0.0811302740277105 0.00595695335031421 0.0873739145149798
HH04 -0.069332938907348 0.0238215564347065 -0.05935127031146 -0.145667989997895 -0.0193359458574973 0.00731324875656425 -0.0799859825425268
HH05 0.0140964150800478 -0.0162427774854711 -0.00931546091313891 -0.0678211783178233 0.0350704321006613 0.0694653597040348 0.00657370073456646
HH07 -0.0443058719142062 -0.0922505792875084 0.018032920817881 -0.0227430493265922 0.0602669118779464 -0.0815726853589535 0.0927327070048776
HH08 -0.0677384664803287 -0.0359600439831499 0.0330085940100528 0.0102483463450018 -0.0217966013167516 0.000777989938078852 -0.0640295766540911
HH09 0.0516962467314503 -0.0133318059895929 -0.0132056258726058 0.00979796379926737 0.0219007204114185 0.0293340869093575 0.0834616198219548
HH10 -0.066931766684042 0.052444708282845 -0.0381910897332668 0.147262022350991 -0.0996330288956959 0.100788004347643 0.122991334366088
HH11 -0.0501820001100266 0.0421792642678481 0.0489193807030936 -0.0768280249580283 -0.0753174241967774 -0.0121209964127877 0.0388176268350071
HH12 -0.0138261701662011 0.0124447571341574 -0.0169866175183084 -0.0351137470115386 -0.00666584623441711 0.135045473327334 0.0500161238755635
HH13 -0.00507425862660393 -0.00651851179304666 0.0891591294420996 0.0354578281496654 0.0652483348089778 -0.0411769978090231 -0.0459648108499003
HH16 0.00135385829518725 0.0901108617692462 0.0217596988265087 0.088381769570142 0.0551985661051575 0.00309287208326157 0.0522788990275515
HH18 -0.0717630669093334 -0.0161848178801467 -0.0843624347683742 -0.0523431333215485 -0.0442609292322383 -0.0796232700028208 -0.0840800028521186
JB02 -0.0225024444175574 0.0500935397448087 -0.0486082543579958 -0.010949373648812 -0.134463186414606 -0.0291871734045038 0.111405166743613
JB03 -0.0227098596474933 -0.0457959495049979 0.0884885720004452 -0.0372202869971753 -0.0270070088601025 -0.0734764418248721 -0.126759880420154
JB04 -0.0401419383569651 0.074497325877808 0.0563179212073125 0.0328387547932541 0.0593848351760927 -0.0460689040208466 0.0368531661329808
JB05 -0.0135856477634298 0.0328264434166281 0.0885990589628848 0.0619581316384851 -0.105614521783939 0.143218949111582 0.0946582957416194
JB07 0.00324989875316805 -0.00680268827876482 -0.0590807510041415 -0.028371835070012 0.0365274924889043 -0.0060219739767053 -0.0299482055829971
JB10 -0.0941460374779846 -0.00399454683020955 0.0499614877280242 0.00118154916199947 0.0216316323621879 -0.0514815903593204 -0.0728005899452656
JB13 0.00827462831264017 -0.0155807657047966 -0.082429027797802 0.0139291572659431 0.107925219967752 0.0721872037395428 0.0244554951002445
JB15 0.0753604545878248 -0.0219868576005428 0.164172904065047 -0.0822315601257339 -0.0199012741159234 0.0443729703115768 -0.0470508285536608
JB17 -0.0691556236421623 0.00862312565490879 0.161519696786225 -0.0618318070546514 -0.0182041883174023 -0.121484496810071 -0.0435510763270632
NB01 0.033065481240408 0.0235648608844698 0.031509910044215 -0.0335950845154018 -0.0489079494724389 0.0574847381977142 0.0658736377264915
NB02 0.0482913565511289 0.0171730982640899 -0.0472831690638187 -0.0401285138855307 0.0913412916726635 0.137288506599917 -0.0887190669577078
NB03 -0.0307604325530459 0.0301541656044366 -0.0650533683593728 -0.085337960788476 0.0722048719337445 -0.117305199401488 0.0451651980981821
NB04 -0.0110349204198689 -0.0156439536307079 0.0321081551360465 -0.018808469290394 -0.0164732820843005 -0.0369759951167718 0.0440757358257309
NB05 0.0567088353357877 0.0399028054587363 -0.0884221114635405 0.0206856961008746 0.175441258799828 0.0247723414126609 0.00133228242954087
NB06 0.0019962948336481 0.0525611188830307 -0.0590970913275835 -0.130992453098092 0.0287605507407803 0.0193861705597056 -0.0400879746374395
NB07 -0.124106648141259 0.00790775146516601 -0.0239774716101311 -0.0758438507386702 0.0131136225660446 0.0487101755380158 -0.0418971382058062
NB10 -0.196046446648451 0.0604519779704236 0.0506439930751782 0.0468125990247795 -0.00977791409435845 -0.162506442806658 0.0410206249844389
NB11 -0.00562877253131191 -0.026056980209136 -0.0190922804851971 0.0261952755946751 0.171994325402308 0.0394093042981544 -0.0253173635170941
NB12 -0.0121676661598724 0.0342157138095922 -0.0705872816269084 -0.0120823606757454 -0.080776802920121 0.0238654406289589 0.0558186448768307
NB13 -0.0470615636090152 -0.0193761973377792 -0.0787141369461056 -0.058260049163867 -0.0529737133129083 -0.0511691836264877 -0.115115106775527
NB14 -0.00625798608847727 0.0616583722330426 -0.16092254265869 0.052668385779831 -0.0394729788883195 0.119023757550333 0.0293678618740622
NB15 0.0495524093668515 0.0297741641324625 -0.0435505928210429 0.0242655669801303 0.0435575140745375 -0.00502509120530872 -0.111711836109637
NB16 0.118798453180522 -0.0135683751978538 -0.0323571215257988 0.0792675824147918 -0.026095218674161 -0.04809125808342 0.0104128355579576
NB17 -0.00651571360546572 0.0190369589686235 0.0480562716556552 0.0374761587037907 0.0833546318400563 0.0232497062645008 -0.0467659846547612
PA01 0.0507162536322276 -0.113772572301498 0.0969426645023575 0.00931316607322111 -0.014041128173563 0.0649817200168392 -0.155517933000198
PA02 0.012035853168489 -0.0070904274124508 0.132383011700291 0.00611722022399983 -0.103376084259024 -0.0230461161996285 -0.0492972127537197
PA03 0.0576943327339679 -0.0325331225546875 -0.016851226853807 0.00373894868510333 -0.106278232265401 0.0484502403883309 0.13651761068556
PA04 0.0537302823147263 0.00716770051373046 0.0389771060406701 -0.134446437626672 0.0784706320616351 0.038379440441573 -0.0960903807319731
PA05 0.0926884209123425 0.0215982883978222 -0.0431354975576674 -0.0352540187528164 -0.129320533873391 0.00101456216831412 0.0558805697548121
PA07 -0.0985390387408775 0.165385670702664 -0.0431720165831915 -0.0124281176284454 0.0380151003608345 -0.0159191613795093 -0.00408476166119862
PA08 0.0892213760010558 -0.00406019480899922 0.0128068400562999 -0.0300693417606867 0.0470385836930254 0.0423183887787482 0.142205068420643
PA09 -0.0429060370383287 -0.0683157213457058 0.0500724609351998 0.0697437053311043 0.0123401802158853 -0.20751842459714 -0.0228514249832124
PA10 0.0122759314766305 -0.0790612333859028 0.00964642066627582 -0.0753916353048771 -0.0572734810249032 0.0748405677943736 0.0231539446206032
PA11 -0.167600608656939 0.00463798248881972 0.0324960072826588 -0.0481206328416476 -0.0808979071300599 0.0737637169573599 -0.0480296941390021
PA12 -0.0234697362832733 -0.0334252302083431 -0.0309957138506777 -0.0777676535445147 0.0617650697847782 0.0607950529391279 -0.0293253177543721
PA13 0.0101469204080245 -0.0129753546168926 0.0548159508950257 -0.0744823359447907 0.075958488196775 0.0122660406653007 0.110163318441662
PA15 -0.00240322635311395 0.0562492824029439 -0.0286599775038209 0.0973064190380492 -0.123145457001038 0.0975989844860606 0.0225981078158768
PA17 0.031247616129487 0.0352247692901491 -0.024840303819697 -0.0432318688127961 0.0169872345291429 -0.0021684331074694 0.0466981037339791
PA18 -0.047779351787722 0.0247912226413426 0.0728427761526028 0.171535024872476 -0.0300229902706235 0.00548532800074234 -0.0104874612029456
PA19 -0.142186787735828 -0.0814375578307637 -0.110464219498615 0.0108391519724882 0.0369975046622109 0.0998101896900228 0.0420289821750693
PA20 0.0408974979252295 -0.0615355021109219 -0.0654121220985042 -0.0653379273650324 0.0754993136106557 -0.000466833950001025 -0.122217972635182
PA21 0.00347108465149017 0.0370676263933319 -0.0907273185875932 -0.017277919075732 0.0620515372490565 -0.0747206684372921 0.133735390786319
PA22 0.0041175633753533 -0.0939533511819826 -0.0661203793124194 -0.0138976404928944 0.0123567795639502 -0.134082087667696 0.0332985528527634
PA23 0.0152410908178588 0.050699345313757 -0.0205676477861021 0.0273186272841671 -0.0465220902850656 -0.00046208880733748 0.143011946173278
PA24 -0.0422801812674293 -0.0430504326183812 -0.100981437558241 0.0545848997353448 0.0253278631566594 0.194452737198339 0.116323853202081
PA25 -0.0170157532213776 0.0236076214176419 0.0137763533349332 -0.109689007901268 0.000548269778032967 0.00800783498824097 0.0744134822876473
PA26 -0.00477171696568398 -0.0267155147629381 -0.000755548930554508 -0.0368115057285158 0.0372596498596128 -0.122021809778555 -0.0249520849206561
PA27 -0.110127327259923 0.00591469656211727 0.00832491863159734 0.0176619019573961 0.0050816818415664 -0.0205513377893329 0.175911785041563
RB01 0.0718537390963751 0.0506274632915854 0.125648690795685 -0.0580130175297523 0.0349969532809226 0.153957076680493 0.0471958442671389
RB02 -0.0801705405830338 0.0277200619165115 0.0248653800607299 -0.0154074451126317 0.0213354522933582 -0.0496925023051875 0.194711392779072
RB03 0.0592999521931543 -0.0311577504920432 0.104163593726964 -0.0642207969565878 -0.0357644884741898 0.0058369318377618 0.116200918798769
RB04 0.0698897301867312 0.00910689496779738 0.104849345907461 -0.054412051429642 -0.00426013186185114 0.0022041495816277 0.00677478282713103
RB05 0.0361507755603793 -0.0155374760709062 0.0485687795503584 -0.0262963117882779 -0.00735440667435049 -0.0841318613352554 -0.0129471682376827
RB06 0.0348815239848756 0.00651670405043977 0.1314014788512 0.0788698231823847 0.102732577277908 -0.067034632100122 -0.0537241144814438
RB07 0.0266948063958117 0.0245845903729524 -0.0467407038138005 0.0722717368415347 -0.0195912630320071 0.0296180690785968 -0.126510584077344
RB08 0.0784943254866738 -0.0416158929247868 0.0250423146005644 0.086730519074249 -0.0949240388113059 -0.0550736383829658 -0.0418771881568736
RB10 0.0145460493565355 0.0609112719267026 0.0630224752931794 0.105496555138783 0.169413224403893 -0.0102583317409554 -0.0235228848482247
RB12 0.0708379767843026 0.146363199653995 0.0206589305744695 0.109668836691792 -0.0228385286945239 0.0020198854781515 0.0637427467199791
RB13 0.0655236691367933 0.03255732576606 0.0672959994270886 0.0479142356386394 0.00615164781508178 -0.129015916148693 0.0600811033969553
RB14 0.0107228980713539 0.00923958485619013 -0.0211657857128374 0.0143413682390714 -0.0124330416292507 0.0345102425489317 0.0320873211628312
RB15 -0.0237658802482443 -0.00770994124907224 -0.00611378186869333 0.0929464930557422 0.0178137228022536 -0.11953358979427 -0.0654227752711641
RB16 0.0731347840232227 0.0398764002744659 0.0875187466903463 0.0069345221268795 0.118016903362356 0.0629762445351559 -0.0347558065319305
RB17 -0.0750995628646498 -0.121714861966145 -0.0355740720248577 0.0759385049563022 -0.0211146690829908 -0.0748190729605899 -0.0744477188515638
RB20 -0.0325245857440929 0.0050369148036451 0.0377319068751504 -0.0107851665152921 -0.00336204857304135 0.0877326455327273 -0.00936626823605328
RL01 -0.150751912872621 0.063670383281509 0.0120240182282009 0.124081864322059 0.0118732380154465 -0.0494670139385227 -0.0196507566181503
RL02 0.00924263646680487 0.0282440056231466 0.070879513441483 0.111252068260262 -0.0320592614279418 0.0557396402628164 -0.060540388979399
RL03 0.0989970609482308 -0.0179134901885461 0.0341953254338261 0.063390293840207 0.0338012235970414 0.0577082291262681 -0.112877147451459
RL04 0.0773094004631161 -0.0313241335199481 0.0684220580881819 -0.130666527849588 0.000216696059945419 -0.0269879329807964 0.0898334130880344
RL06 0.0989165610316353 0.0373026541147599 0.0555024282624866 -0.0975647063516899 -0.0213344701377965 0.00715925399361942 0.0486911985477994
RL07 0.0154420826964203 -0.0719679835804113 0.0569864067858041 -0.0240816864133052 0.0130267539862104 -0.0178279574253783 -0.0102483108703119
RL09 0.0638267726145785 0.0064926268362095 -0.00685822886754656 -0.0615312542254373 -0.050262139509961 -0.0495554095534395 0.0413064535753611
RL10 0.0495491305050175 0.025619236316429 0.155604330091629 -0.116824841494545 0.0192566658022476 0.0459019981984154 -0.0952992544392114
RL11 0.130059045141931 -0.0305848676428866 0.127164479151903 0.04659984449743 -0.0894025682736051 0.0221926239176358 0.0869556762047768
RL12 -0.00197928400467947 -0.0905315942318912 0.0882809585239043 0.000414200897606159 0.0171622097571331 -0.0568705637061688 0.0201800913088373
RL13 -0.0412169563867916 -0.114380817126343 0.179578548673494 -0.0639099241403383 -0.0190908520404329 0.104391707076972 -0.0603121444799685
RL15 0.140858720525801 -0.0210399644974306 0.0775623263196971 0.0688266299413099 -0.0622566983884139 0.0175154739893238 -0.0466708803720163
RL17 0.00293719287051298 0.0326270735363456 0.0502186137528852 -0.03152865504042 -0.00128012877489342 -0.0147669505733715 0.06928651121348
RL18 -0.236415419973537 -0.0145126950055389 0.0217879112202597 -0.010373919316598 -0.0127831643663538 0.0648431089112146 -0.0203557208788424
RL20 0.0235747592628711 0.0149399903617573 0.0846654423751507 0.00566050425400822 0.0742431311739982 -0.0916757112009063 0.0951895930144839
RL21 0.0653099278474402 -0.00411875704087107 -0.00422104484815925 -0.0707922589056352 -0.0538090828947239 -0.0158932577969078 0.00999659692313341
RL23 0.0525541667517835 0.00731546513181056 0.152727200709611 -0.0649909699563767 -0.092376682478609 0.00207772077661234 -0.019249747400948
TR01 0.060050849897991 0.0694515688734047 0.0269411931668229 0.0687720068002151 0.0937027780993797 -0.05807611498569 -0.0599189587578112
TR02 0.0497416099280272 0.00797382895521093 -0.0257354468682034 -0.00940026976878858 0.0438795744767384 0.0206853615663313 -0.0828149238981399
TR03 0.0891497748966785 -0.0229568061536869 -0.0316714445636712 -0.0869518820573111 -0.0605440236935691 -0.0895520880903215 0.0160310783300123
TR04 0.113132727665739 0.0293464485350459 -0.0169395337184149 0.0535792636169236 -0.134586762550341 -0.0290712356482332 -0.0885703192707893
TR05 -0.0139106263129412 -0.0380644870180657 -0.0979798067540439 0.0263489873952134 0.0341105785408528 -0.167255907816653 0.0604749691471502
TR06 0.0597574703336511 0.0122063326986974 -0.183492294272896 -0.05371098541787 0.0202660826205006 0.0477970384791789 0.049801338084667
TR07 -0.0196726437210746 -0.00341394753697578 0.0244978270939875 -0.00820178730574802 0.127999590441427 -0.0674310355343924 0.0488447410714711
TR08 -0.0138838852457864 0.0710237740323204 0.0435052377230006 -0.0458235191469682 0.0211182549394795 -0.0854612414605909 -0.0351940699413081
TR09 0.116931102398261 -0.0247674540306834 0.0200713973002678 -0.00902632269202389 -0.0399629615776952 -0.0552914774651325 0.045377870303116
TR10 0.0760916832328324 0.0207476341366366 -0.0387289779835748 -0.0787957219267702 0.0789827269483296 -0.0585239904790103 0.0964660986829462
TR11 0.071285086155426 0.00458609279901369 -0.0548754279067112 -0.0200972183293836 0.0528311788355499 -0.079438363893786 0.0463019624261342
TR12 0.0240211369751105 0.018054328477627 0.00803365922543815 -0.0942779738194602 -0.109624335577182 0.0504674594587797 -0.0251037889756122
TR13 -0.0162480215125189 0.00284572124311555 -0.11634080986606 -0.0117561669353759 -0.19052945944873 0.156176707566879 -0.0381458294898543
TR14 -0.237748390037137 -0.00263297333498991 0.111601852053252 -0.0452301339072587 -0.0753902704699187 0.100977515068194 -0.105559247313009
TR15 -0.0604224967551463 0.071039946040522 0.0409582926822688 0.0306561951406526 0.111815132171359 0.0421395776669211 0.0341280341816881
TR16 0.0154843455364676 0.10961806831302 0.114515199554043 0.0798882615805195 -0.0418064972748425 -0.06597609349693 -0.0422690956646384
