sample MDS1 MDS2 MDS3 MDS4 MDS5 MDS6 MDS7
AN03 -0.00571902247492351 -0.0518361967862263 0.04247245158003 -0.0326559531328576 -0.013774251056848 0.0347571065450203 -0.0444475923891466
AN04 0.0535037146912715 0.0181007476582403 -0.0431622268907874 -0.023681050449523 -0.00722455648886493 0.0145995023209456 0.00665250218952057
CS01 0.0766377049991929 0.00163584227180658 -0.0252532336684014 -0.0325888907670406 0.160892113514581 -0.0190267907029219 -0.0530141442654102
CS02 0.0433513715366264 -0.0261361760012892 0.0419119341000452 -0.0101520990698818 -0.127986018643641 -0.0918071167497124 0.0728114629050694
CS03 0.0350685659036783 -0.0492228615626826 0.013127868425568 0.0323626325913705 -0.0645773261059332 -0.00169269692411864 0.0683098238350932
CS04 0.0207153266683822 -0.0492982536097067 0.0200699966848125 0.00528203330125859 0.000734421485093797 -0.0621047516660152 -0.129193245299914
CS05 -0.0512532072705623 -0.0924899331947763 0.0540521339380227 0.0147293975919508 0.126790926145516 -0.000773916482965813 -0.082046934048253
CS07 -0.0778290324033084 -0.0498645956212972 0.111062171901913 0.115025647057051 0.000593005636072612 0.12902078178277 -0.0510464713980177
CS08 0.0341907886072093 -0.384540197334619 -0.0542883851038049 -0.0269560389218897 -0.0469201379719995 -0.0768152447505461 0.0563246627512931
CS09 0.0869258395898223 0.00745994126913774 -0.0464160846170241 -0.0683711438192821 0.101190541192288 0.020075625426104 -0.0720628382832073
CS11 0.105268255634185 0.0262232591605864 0.0245327774677888 -0.00645280146714128 -0.084189497826298 0.0641306237724108 0.0212883954540369
CS12 -0.0617754914121964 -0.0356557915043614 -0.00708140009143327 -0.0402120848616924 -0.0742211342468346 0.0591377265771726 -0.0284886536123152
CS13 -0.0281817144279726 0.0767072154185641 -0.0109277109920424 0.0317255026649136 -0.160188886495039 -0.0608942005038706 -0.0245206876129682
CS14 0.0321924997012434 0.025859462568379 0.0492532874401795 -0.0295707704714135 0.0655986016023481 0.0167318189005891 0.0291922333396784
CS16 0.0432772939618549 0.00771328389948628 0.124510774589311 -0.100304788420526 -0.0660728343430786 0.103472587321638 0.0393051631271078
CS17 0.123464274968424 -0.0606619533898572 0.0124214295773092 0.00404621817896123 0.101933061276597 -0.0898961548805733 0.0280943335708467
CS18 0.00755079486023317 -0.0192202703232998 0.106382791295993 -0.107584852294968 0.0398416642910977 -0.0262709173892136 0.0186957391082857
DK01 0.0461388900708397 0.0523691057808936 0.0206787266059521 -0.0564519020414507 -0.0184264972164921 0.0194444054458397 -0.0845714293221873
DK02 -0.0580530602752068 0.0344884193484093 0.0487214571197049 0.035347645634344 0.0625474514522019 -0.0317913540281621 -0.0471093555299895
DK03 -0.100457674029054 -0.0217023511437607 0.0983187897884796 0.06127073164768 0.0413144598470353 -0.00881327212729976 0.0246751515233401
DK04 0.023834425996361 -0.0974371128053076 0.12228582155392 -0.107238969631768 0.00247520753299968 -0.144211650187689 -0.0758133679442239
DK05 -0.0327960520059577 -0.538540062037322 -0.0518700299855399 -0.101062875858648 -0.0142924804058309 -0.104636196142364 0.10818329221309
DK07 -0.0473137420149913 0.0713809649805526 0.00679348647974025 -0.0731655908271923 -0.06475769695438 -0.0599091223176134 0.102909591006405
DK08 -0.117369030570507 -0.00190486878357821 -0.0152077460799194 0.0363183840520406 -0.0560892372794635 -0.0787675360059867 -0.0863986215173773
DK09 0.0209146767804031 0.0117764159182424 0.00682866512503995 0.0125934268835218 -0.056767736034465 -0.061633283766046 0.0155485865188027
DK10 -0.200974955439647 0.0718292311373007 -0.0495290033778229 0.0354698482110072 0.00407575307838703 -0.0634940425731712 -0.0247926870589972
DK11 0.0732922454261953 -0.0260421926549457 0.0601997518186302 -0.160039200831484 -0.0388211848050971 0.0303469611496571 -0.0162851364432366
DK12 0.0641204858286454 -0.0336522895339833 0.00126119791805525 -0.0625088911390055 0.00384273227440701 0.0196452377716475 -0.0236229552383233
DK13 0.0263864492885816 0.0431031685076495 0.0299364053080963 -0.0160919588120432 0.0470212433549709 0.0672417516183583 0.050556305508684
DK14 -0.0644473625871743 0.0581285245117081 -0.0229109613544794 -0.0667562012349188 0.0700616182524973 0.153398527316179 0.00567147478644967
DK15 0.0945455712183162 -0.0633687970355913 0.0599303557976097 0.00159155198561451 -0.0808642880406478 -0.0551424108233917 -0.000353418901108141
DK16 -0.0122783498757799 0.000135666511904957 0.061762654848267 -0.045708236869576 0.0664822990405809 0.0367431201327685 0.012793675244625
DK17 -0.0253714265076559 0.0972143468677524 0.0464727419792741 -0.00515187512612049 -0.015020547123914 0.0301005904869884 -0.0816943543475562
DK19 0.0441898160896993 0.000327598220817389 0.0860110465798346 0.00366815070877381 0.0555454964126879 0.0943939838065112 -0.0632786131193681
DK20 0.0727971736966444 0.00416261026225975 -0.00988741712841443 -0.133903671615396 0.0170547862886607 0.0305963807445834 0.0146594518010319
DK21 -0.0544566309852874 0.0561807257262832 0.108748626558961 0.0813268612831425 -0.12376294343498 -0.0814313209034845 0.0211756626953997
DK22 -0.0535215380052114 0.0771141393030264 -0.0358051420787818 -0.077136661714883 -0.188541576367326 -0.0478015061591164 0.0285837861808804
DK23 -0.0771896666124396 0.0310876327097816 0.0912137815575371 -0.0193168654149055 -0.0908031448176187 0.0261941079411473 -0.0393783535934633
DK24 -0.0467122250248324 -0.105076522697883 0.000802204170321584 -0.0679145952637679 0.159233616730567 0.0918139910197798 -0.0670733316980839
DK25 0.0210813834358869 -0.0532136298785282 -0.012382814175129 -0.0807346340601588 -0.0487275332079326 -0.0683442908994601 -0.0441971209007856
DK26 -0.110572571257313 -0.0325527912633196 -0.040006864571008 0.014558413111507 0.00142708117553349 0.144854283250918 -0.0627200329172141
DK27 -0.106124943700651 -0.0222577303688969 0.133002529137982 0.00580825008291024 0.0511997486390468 -0.0814847469901625 0.0608201150624904
DK28 -0.147417032783602 0.0422711327642531 -0.101679643020211 -0.0448218086011096 -0.129380733744466 0.000270076543580034 -0.0375298610429083
DK29 0.0911636596205661 -0.0131324609384064 0.0306687982293557 -0.0619661030270146 0.0937007721950645 -0.0160201254110328 -0.123218830062634
DK30 -0.131960935114687 0.10118405043368 -0.0199538315282614 -0.150363544343248 0.125466028148147 -0.0252713076242322 0.0933754508047905
DK31 0.0131338931752461 -0.065226997935794 0.129726968143742 0.0540561880542992 -0.00038855802699911 0.0528597979107424 0.0653856251992151
DK32 0.0416381342804444 0.0792444324966741 0.0412057499811471 -0.0348198493305544 0.0643456276913732 0.00665405685325642 -0.122143274746205
DK33 -0.090257186851606 -0.0302908798130244 0.0839306244707968 -0.0903097815508126 0.133953374225465 0.0208122205571964 -0.0470191136795024
DK34 -0.0583194147088249 0.00972753122640163 0.101583945025534 0.0443253635456106 -0.0949495424073081 0.0190612994444701 -0.12415582421444
DK35 0.0294928989887647 -0.0573807601379509 0.143301644989631 -0.0125940290717041 -0.0130266609520439 0.0143587685076361 -0.0714735630298446
DK36 0.0603370540662763 0.0185446844554243 0.0855179998963026 0.0463325196137261 0.0536427092622014 0.07699126703108 -0.0599840307402245
DK37 0.00170821488641922 0.0111521559056515 -0.0484794945156112 -0.12280497635144 -0.0994184304487504 -0.125652478254756 -0.0867094793393562
DK38 -0.01120764816375 0.00365864814135504 0.0607515657296529 -0.225580958513809 -0.0544996318213904 0.0260480811393972 0.0381631516250393
DK39 -0.0331757102406702 -0.0120321826872219 0.134404219154857 0.044450880769605 0.0471422515485469 0.038650158044216 0.0164954746490431
FR01 -0.0540454931690247 0.190545267339452 -0.0647319678276871 -0.0369705546729334 0.080638039635786 -0.107367961686317 0.0534596478670357
FR02 0.0493201443484446 0.0622175851186976 -0.0417910633073896 -0.0185002831376958 -0.0289108282268641 0.0238939960163828 0.0325616153313914
FR03 -0.0068807302797436 0.0790339018512074 0.0834825189519993 0.0792800742264077 0.00829814037636271 -0.0671472270011742 -0.00159196169248179
FR04 -0.0753694076345742 -0.046746518813567 -0.0460441659342896 0.0373507584475947 0.152072286803824 0.0775145519878705 -0.135124210367836
FR05 -0.10347833295645 -0.0700026472130049 -0.109399305351066 0.149587092678269 -0.0907090278591308 0.116686750583643 0.0720398569923195
FR06 0.0503308261092622 -0.0415417049676232 -0.0232666528191789 0.168569933082576 -0.043611316397507 0.0117189550814218 -0.120755840784241
FR07 -0.144342315096279 -0.138822611926739 -0.0656204953799552 0.125784485124699 0.0691566865970941 -0.00649861959570954 -0.0242389997416526
FR08 0.0405340495382016 0.0118146546613535 0.0489965621911792 -0.109921128645211 0.0130058970225589 0.149914528055337 -0.0142652159824329
FR10 -0.0359445487184189 0.0502694783462961 -0.0354904170286861 0.0260993788871653 -0.039543268517781 -0.0775217860696198 0.136712319851294
FR12 0.04416195977757 -0.0135289701211241 -0.0638402110228695 0.00810526078187989 0.089761681957881 0.00510922942598372 0.00204817501883126
FR13 -0.0660943230307936 -0.0938721698498948 0.0848803123922118 0.108014361443307 0.0183920125600187 0.116972649635066 0.118345301839235
FR15 0.0419541605388385 -0.0125955550954613 0.0573059517100048 0.100835684781301 -0.0274894340550418 -0.0285752188310692 0.0014887024651424
FR17 0.0405569229128053 0.0428694837142104 0.0428381534992616 0.122483650780201 -0.0264156619936266 0.0624094891990072 -0.0552958444625165
FR19 -0.0482437925300734 0.0514069117429902 -0.0177768911296595 -0.131301200813286 -0.0939198666325907 -0.0237471298441819 0.00752548356626153
FR20 0.13578382702869 0.045067435438336 -0.0348112023815277 -0.0172608879858578 -0.00359989892114308 0.049945339055091 -0.0644271736141293
FY01 0.0126467902863625 0.0465771669682232 0.0285608753383773 0.111743234656952 -0.00127945935042127 0.028407682067404 -0.0437925525413681
FY02 0.0665733446570212 0.0555749418741787 0.0864017836675324 0.0128628041190694 0.0280052166308715 0.0318551738519219 -0.0059114736565429
FY03 -0.0536601995994818 0.0438235680952135 0.000802451709256124 -0.0943370387061162 -0.0304043206795671 0.0578263942700999 -0.0143736432487138
FY05 -0.00771595748336388 0.0183882390030802 -0.090003842445637 -0.0181161038090631 -0.1153649036906 -0.0780975508980489 -0.0436463545086832
FY06 -0.00300369311896465 -0.00828119901026265 -0.105189413746372 -0.0169897803887552 -0.068543608665224 0.0548763741479778 0.0213409035822593
FY07 -0.0254190916992558 -0.112027240163428 -0.057862402744953 -0.102279762284951 0.036923378757105 0.0853017148321954 0.0206028082561999
FY09 0.0213889350233285 0.0712936003139593 -0.0303474572486343 -0.113052912656927 0.0782204158676936 -0.0484808139383133 0.0724099223834625
FY10 0.0366896904511259 0.0367656200140549 -0.0856384317122198 -0.00645268341467384 -0.0867937218353748 0.11458423342062 -0.0833937099693472
FY11 -0.0977092111261851 0.0308935683220566 0.0483601251780856 0.01316035490856 0.0963293330734573 -0.0110462843590959 0.0492712893817564
FY12 0.0526654458214661 -0.0509627039545595 0.0738520900391316 -0.051415404140608 -0.0128114012604186 -0.00706183611852736 0.149225924095086
FY13 -0.0625039060606382 0.121357013012534 -0.126073507440297 0.182643427682139 0.00120037880060048 -0.0779509478465142 0.0278699482761494
FY14 0.0673523111597907 0.033415384844667 -0.02177841279652 -0.0730895416903392 -0.00863141691662607 0.0370758263556423 0.112247237096095
FY15 0.0570971643666052 0.0183362831323795 0.0611127936922658 0.0231473152905705 -0.0267064322729873 -0.116332956417897 -0.0263182658513097
FY16 0.0236051105287538 0.0810426028730389 -0.0300634834470995 -0.00660832146825039 -0.0352144037776788 0.0699904660623053 0.0440293282145134
FY18 -0.0453246930508538 -0.027931094764495 0.0085912928552213 0.0178414767031442 -0.116867169572658 -0.0599141091902967 -0.0437974411749543
HH01 0.113012546204623 -0.0372093925922797 -0.0543284766210009 0.122661055196894 0.140862664701696 -0.0125251946345374 0.127548734876474
HH02 -0.176555086132475 0.0458546392808413 -0.013569751138848 0.00180621341612484 0.110596997353894 -0.0211660527518916 0.127367688353736
HH03 -0.00108677333922897 0.0295463194563829 0.0120161302298044 0.044108078120372 0.070161727224992 -0.0412820884130121 0.0413974162421846
HH04 -0.0798769936371829 0.0145111734892001 0.0539295508480434 0.11220031345119 0.0209926257652724 -0.0172582924493028 -0.0124385229169612
HH05 0.0249666397074136 -0.0273425429786137 -0.00480665856855252 0.0398523087629675 -0.0403006438879156 -0.0291021063774189 -0.109969661728905
HH07 -0.0293628380322663 -0.0901677476419403 -0.0309288392564118 0.0425920570821038 -0.0500950186864252 0.0879383301648381 0.0131129948299952
HH08 -0.0621799163600191 -0.0281695995959702 -0.0493536743925629 -0.0134939984362897 0.0317841521603111 0.00616709481425071 0.00323344308274041
HH09 0.0550190368873388 -0.0230921418588987 0.0216535140082658 0.0171496922558333 -0.022822090678652 -0.0543203304668889 0.0750500726094667
HH10 -0.0613935911937091 0.0588220386746947 0.0766693180563772 -0.116104115146274 0.0643934900600474 -0.117291055349586 0.000716468933744659
HH11 -0.0349729880310704 0.049691250456675 -0.029323866115902 0.0912901922778213 0.0671677549683092 0.0268872034345135 -0.101468923149138
HH12 -0.00857285757520939 0.000350136247341953 0.0134962408517006 0.0130130940311242 -0.0305622627944858 -0.124021291750351 -0.0464025480484916
HH13 -0.000540298293575885 0.00796819099948714 -0.0660873479655072 -0.00777280273620559 -0.034104580977003 0.0703397802821199 -0.0154517109689263
HH16 -0.0105293358600735 0.0884150903911694 -0.028384573900332 -0.0824087217496653 -0.0649941724562719 0.0250999572809526 0.0248390979725859
HH18 -0.0656828151909313 -0.0199793770440573 0.0827979115596051 0.0449378648057547 0.0474347392602567 0.0869996921247481 -0.0542249786536263
JB02 -0.0340385965579434 0.06202775325085 0.0894074128184186 0.035007877420478 0.119847165428126 -0.0848284630369515 0.164770563183872
JB03 -0.0100183446700001 -0.052708819544654 -0.123875049950661 0.0139554910902598 0.0529686626272661 0.070979432535243 -0.0774359141559922
JB05 -0.0286352858437782 0.0621002670406586 -0.0572741679003501 -0.0423443255547751 0.0692594198925337 -0.189189964848506 0.0571824932619837
JB07 0.0124746653867827 -0.0259837617397906 0.0453197284862261 -0.00573028202990398 -0.0431701243504449 0.00414643388828186 -0.0661359556171432
JB10 -0.108250137432747 -0.0122660052467681 -0.0669913505982074 -0.0228741721405858 0.00696661870415235 0.042658849756162 0.00951961765291086
JB13 0.0132812991006556 -0.0383040339753826 0.0678817875692986 -0.0283593281548006 -0.141591155632538 -0.01175177910449 -0.0328460063892273
JB15 0.0891509113418154 -0.00303538205114439 -0.160834010516495 0.0815979088461198 -0.00215403792136995 -0.0598544730126653 -0.0379694431884428
JB16 0.0784564427605126 -0.0412872672020413 0.0157147575002274 0.0326734395135126 -0.0104485188718126 0.0215431617538758 0.0836248260388719
JB17 -0.0598500614510703 0.019328913682082 -0.164997392740528 0.0781544681968776 0.0599529250930331 0.0664137112430981 0.0682532251640492
NB01 0.0253248959091372 0.0352401598479541 -0.0202420061896962 0.0280616889027114 0.0137293984208265 -0.0338357846163456 -0.0872023982364026
NB02 0.0471682804726778 -0.00422733450555829 0.00761029864918226 -0.0259054852505897 -0.11145680678964 -0.0661357598185314 -0.150494557339704
NB03 -0.0463961337232885 0.00987550183651246 0.0391713783247731 0.0546768905170584 -0.0780599295888012 0.142988652099745 -0.0038668296389591
NB04 0.00601257465720701 -0.0126742608662267 -0.00916185048726945 0.0465474766658578 0.028923474277013 0.0316884186075575 -0.0159247249236448
NB05 0.0709270983115712 0.0101510639276901 0.0673536687894911 -0.0393369042182813 -0.147930473730725 0.0176983102524494 -0.00285380133526874
NB06 0.000830846365411168 0.0434362590612444 0.0522172003821619 0.101963375509338 -0.0483505849024031 0.00580802599174174 -0.0769072716418247
NB07 -0.132337281029289 -0.0112704317122294 0.0128282730220786 0.0497454608343429 -0.0145627635803019 -0.0176934574516958 -0.0418150779926573
NB10 -0.178377705220623 0.0538047376308054 -0.034635746155321 -0.00145791863925078 0.0265853617716323 0.150877266816883 0.110586419964006
NB11 0.00743708620483901 -0.0528652390349881 0.00975026725538102 -0.0439300409165351 -0.178226904571581 -0.00676034347416107 0.0379924899625849
NB12 -0.0208701962614158 0.0378210040542501 0.0999891601090899 0.0168223163603517 0.0641346333327679 -0.00181630454419923 -0.0810187917667099
NB13 -0.0239437809278441 -0.0361750891428047 0.0607937104185259 0.0182171596547261 0.0437971324663874 0.0835519208978819 -0.132787381779575
NB14 -0.00377556954115893 0.0505027748160152 0.169531875883352 -0.0766637522898896 -0.0155513261373759 -0.0948244852186914 -0.0408251411108573
NB15 0.0515223933752295 0.0182500212740216 0.0207506297523702 -0.0454349128348692 -0.0150548624991389 0.0496112607007009 -0.0327302448734469
NB16 0.128587481923338 -0.00523251774684943 0.023954739346757 -0.0684264627020807 0.031646059504368 0.0576695569753905 -0.0347337883933502
NB17 0.000436087937927302 0.0138141069369526 -0.0470668239694443 -0.0344814515338795 -0.0837720451948413 0.00891392381521559 -0.0276529732157134
PA01 0.0489832819219725 -0.0968152244791984 -0.114503029553217 -0.039232345657235 0.037594036575339 -0.0517357066572714 -0.103327902834343
PA02 -0.00151304236032405 0.0134841474912068 -0.127204765862467 -0.0137971124236659 0.11109717068597 -0.0479041194546205 0.023624257063073
PA03 0.0588150990549066 -0.0147125834281561 0.0217506854573804 0.00913303155101892 0.102970271130912 -0.0435187785237219 -0.143362307878602
PA04 0.0414356454418155 0.00913169987668392 -0.0365709002468886 0.113930678970973 -0.0730098798898734 -0.065394093560995 0.0163309149160486
PA05 0.084910029865752 0.0374937517378635 0.0699118692185115 0.0621165910387603 0.0981382079875385 -0.0602598124956179 0.0444909434663865
PA07 -0.109488156596398 0.13999534374041 0.0518273447404133 -0.0111245904993066 -0.0872415709149892 0.0378420812645976 0.0250681630297592
PA09 -0.0463477435082792 -0.0758904940947298 -0.0652192639310391 -0.040818266109343 0.0754275985710928 0.173168833203589 0.0918560478585081
PA10 0.0273778000527413 -0.0694039893817104 -0.012878111914996 0.0535382215781511 0.0296335787964254 -0.043323949276232 -0.152798987835475
PA11 -0.158085890786676 0.00538247098062065 -0.0176861621738274 0.0404021872469868 0.0525039994868487 -0.0520743816303443 -0.103061183508201
PA12 -0.0120867678372565 -0.0410402281938548 0.0357489380936349 0.0604217736936533 -0.0850281458006741 -0.0049436390512811 -0.152945349624406
PA13 0.0114057677284565 -0.0153822916136145 -0.0190399934556707 0.121266008999008 -0.0833038755660284 -0.0329587155759064 0.0296449053329723
PA14 0.081072192585913 -0.0446278475601608 0.0278127313083964 0.0843803997636264 -0.0457841996218432 0.0381468585714301 0.0820331816254078
PA15 -0.0117228378105363 0.0680868354908462 0.0525570187285586 -0.0918655263812492 0.125870199467328 -0.155907935969272 0.079762318101392
PA17 0.0201621372957862 0.0494485331924677 0.0569474194289969 0.0607869910971854 -0.0227304183909603 0.0216690591811957 -0.0321008994089639
PA18 -0.0424193765375774 0.0414427487388081 -0.0479739938656608 -0.140352754781236 0.0340582025718997 -0.0021336244889296 0.0550991180976795
PA19 -0.146842237922163 -0.107136616779279 0.0993836187209628 -0.038883484292671 -0.0431416960536743 -0.0944229183556664 -0.0270755353965725
PA20 0.0285232905807247 -0.0767838309074267 0.0332240997986036 0.0236070011051587 -0.049481550554268 0.00930732343460475 -0.00693680440463249
PA21 0.013002016046952 0.0182733208138945 0.11045491610295 0.0376058343037457 -0.0694974063633907 0.0772311852664424 0.0555404779578632
PA22 0.0135044297376221 -0.103106367908057 0.0661239558483793 0.0343825606489967 0.0202134089491951 0.0845293119610417 0.075592374817248
PA23 0.0110269288471185 0.074144786808609 0.0353691186273941 -0.0105487459968498 0.0241970712272708 0.0100758278484228 -0.0300737507618487
PA24 -0.0388030919328523 -0.047655495489935 0.101228125646939 -0.0714251581396549 -0.0598414204173155 -0.188492817255219 -0.0419212454938619
PA25 -0.00762430705392578 0.0149807655547219 -0.00398864304959739 0.127959132428337 -0.00862535732560502 -0.028547833767858 0.0114272043987238
PA26 -0.0055812215914763 -0.0323360539297367 9.88244421964447e-05 0.0322997114328737 -0.0118357080701629 0.054338029821029 0.123005664361116
PA27 -0.10438568938771 0.00689793435079537 0.0337842897544975 0.0314365090126034 -0.0147331855354224 -0.0239220829514338 0.115115046069611
RB01 0.0699128987574545 0.0767500530653122 -0.0782392963766794 0.0845884252970629 -0.0774536339915276 -0.127333466194899 -0.0356697432595016
RB02 -0.0794747721774505 0.0244754148220639 0.0178125273678719 0.0676582969276596 -0.0208724059109374 -0.0254378082075054 0.154558380973071
RB03 0.0641224571776464 -0.00896509779492291 -0.040516941149772 0.120999013799004 0.0406806657107214 -0.0941394805895458 0.0825541869188165
RB04 0.0501917693568374 0.0168978103985106 -0.0872569315437447 0.0530766589919728 0.000306756217532761 -0.0691662575607104 0.0576798314111213
RB05 0.0338114135725755 -0.0144413671574492 -0.0571092844877229 0.0377233244360071 0.0550887204977537 0.0286333659099778 0.108554371443363
RB06 0.0394232729512178 0.00471651591214597 -0.145444524876555 -0.0763944877433455 -0.0625701699510584 0.0741065761811516 0.0330717071653761
RB07 0.0033580488239565 0.0311467846230312 0.0601270848242194 -0.082937396397675 0.0385573244676506 -0.0490475007102128 0.0827136071767029
RB08 0.0886570279592845 -0.0173071288799581 -0.0292107112244634 -0.0633552388637853 0.134976105894742 0.0474409085131395 -0.0281980597291296
RB10 0.0173103162258653 0.0513189762502425 -0.0513848642032451 -0.07339055665374 -0.139843042830336 0.0387440406356738 0.12647563787027
RB12 0.0723668451931167 0.146100744887526 -0.00725575509281157 -0.0939658849766054 0.00398053302716665 -0.0189482610839315 0.0890981089909515
RB13 0.0858580296057492 0.0339339444466773 -0.0694273713007389 -0.0180073794729936 0.00426845616009415 0.137493420960111 0.00372162297161226
RB14 0.00629594026726766 0.0147874120175875 0.0311455467800616 -0.00119560345265213 -0.0286907693098944 -0.0138425714376946 -0.0064855103676347
RB15 -0.0208977717884226 -0.004917761718344 -0.00982559712583095 -0.079538826761935 0.0325371825518115 0.145472109120142 0.0125726262524098
RB16 0.0848934619215987 0.0434077096423965 -0.0787387681710391 -0.0046178931114999 -0.122224629317807 -0.0231742032869469 -0.0140149776154225
RB17 -0.0706430375033329 -0.126382988467349 0.00999206779875509 -0.0807431432612281 0.0755397986198632 0.0732772616853552 0.0208232622413736
RB19 0.0860644193524407 0.0830154678719827 -0.149323888071223 -0.0471561630044898 0.021863194196276 0.0919391860590985 -0.177351934513273
RB20 -0.0174486276077694 0.0122641002908811 -0.0554897977216921 -0.0109415645956414 -0.0199247173420641 -0.0440207086494797 -0.123572575095331
RL01 -0.142024868947494 0.0593438529643983 -0.0343513549203755 -0.120614875923195 -0.0110316903506671 0.0851146060470366 -0.0242292337431443
RL02 0.0139739862333512 0.0466715408833015 -0.0556224676290644 -0.101444008136143 0.010945485659646 -0.0574147080282281 0.0218548528648069
RL03 0.111817979601548 -0.0219179991994392 -0.0525804860330649 -0.0839027413937911 -0.0222226316052694 -0.000672620530933186 -0.0761556267495908
RL04 0.0699786787920963 -0.0203177950382342 -0.0600652212764484 0.130882249095947 0.00953790843411823 -0.019401936998928 0.0297474241821986
RL06 0.0839332204880474 0.0417181091307588 -0.0357130169658942 0.0981525538647067 -0.0033218037224097 -0.0778755031751335 0.0596383473650255
RL07 0.0230819588870388 -0.0634497069026088 -0.0636745615548034 0.0234292355786274 0.00128101732106207 0.000254155082591874 -0.0112055074930375
RL09 0.0538298481709978 0.00913611775352424 0.0423498962095901 0.0755844784291484 0.0533072367128284 -0.038759174635619 0.129300045890321
RL10 0.0556684996534945 0.0376780808290085 -0.141707471069121 0.106112847035899 -0.0332777381146474 -0.0300073390484673 -0.0568579018799533
RL11 0.126039715085937 -0.00194667158547147 -0.102800911283527 -0.00801283073271772 0.104366775559809 -0.0992257835872186 0.114300063443262
RL12 0.00278910082072619 -0.0976828702128968 -0.0949158554150494 0.0120598281397995 0.00536915091826166 -0.00956738781412948 0.109880699779941
RL13 -0.0359398424195137 -0.0931240861585017 -0.175708107956075 0.0589154463862814 0.024161529652986 -0.104314452717192 -0.0495201837708031
RL15 0.149701479474814 -0.00668157627728343 -0.0743980801799157 -0.0664778425021258 0.059320205785907 -0.0746195583332075 0.0485601167364776
RL17 0.00210071183738729 0.0369101660816468 -0.0164620005141275 0.0553245563722896 0.0068402033976324 -0.0566865507817233 0.0920796763056747
RL18 -0.241163407954622 -0.0159075326929689 -0.033614400455708 0.00165067260746961 0.00290500170123599 -0.0382556724062875 -0.00391388525459146
RL20 0.0178233180861435 0.0114943643273937 -0.0896744470080022 0.016822333057092 -0.0543853031536973 0.0636176930877129 0.138270615063426
RL21 0.0583022567324734 0.0117294374570331 0.0333841640623224 0.0879973663722081 0.0393416368708749 -0.0021076210007772 -0.00199794787452489
RL22 -0.0611135028494668 -0.0869843478235362 -0.174622721724913 -0.184704766164461 -0.0827292320455056 -0.110812615746017 -0.0231272592672951
RL23 0.0522800123965801 0.0390698708214671 -0.14052812300489 0.06270394654985 0.092540231313563 -0.0427565736991025 -0.028054051696132
TR01 0.0439479794801945 0.0739204692695582 -0.0157209176526291 -0.0490546840307262 -0.0836487259601999 0.0882057207602015 0.0451595514417762
TR02 0.0576210270108311 0.0164890977496381 0.0258658368805367 0.0172417037429421 -0.0356142717617169 0.030663503756005 -0.0382669464023244
TR03 0.0731634037722464 -0.00606134711500168 0.0432107075516649 0.104972287857081 0.0712078444686911 0.0561859995140575 0.0222804357865694
TR04 0.114409322336107 0.0496391148046693 0.0244844601476088 -0.0501474050469262 0.144937866296051 0.0205513839391715 -0.0133674334992627
TR05 -0.0063064872243343 -0.0482333033440564 0.0986472972880816 0.0167453304370485 0.00255772504356817 0.138628608845999 0.120259251529411
TR06 0.0455849343439257 0.00104600995500742 0.205687340092494 0.0344303137749608 -0.0404103216354357 -0.0763321280241036 0.061184289186501
TR07 -0.00652121123626129 -0.0155620864414638 -0.0177868661834849 0.0360292840371527 -0.13292853811523 0.0613454354411867 0.0614701038584331
TR08 -0.00400236378960877 0.0812948802029376 -0.0194680327895061 0.0741559704181029 0.00744600846695057 0.0730464630308234 0.0106039739726834
TR09 0.133188599521566 -0.0218395995504334 -0.005269936929113 0.0411131732185565 0.0491450776775953 0.0544053350298749 -0.0145786025736772
TR10 0.0758450103091003 0.00192486196971219 0.0577993064178636 0.110538736734195 -0.077188922818674 0.0316561949515382 0.0870097165817221
TR11 0.0691515946086467 -0.00978768814926655 0.029847451530107 0.012000085584065 -0.0360987848757905 0.0693791020521802 -0.00456908780650047
TR12 0.0245934252671915 0.0237392364107289 -0.00441326451853123 0.0807366428464461 0.102626292255302 -0.100441838974256 0.00318096077937757
TR13 -0.0305017142376396 0.0250740574492406 0.12469909265564 -0.00771045354148087 0.136539953114433 -0.129045718225468 -0.10810072142004
TR14 -0.234675231086892 0.0137034999403991 -0.131356447800173 0.0113236727684688 0.0551776171366542 -0.0817447618971601 -0.0953939862064803
TR16 0.0139786019799362 0.115522647005351 -0.10274794621554 -0.071001122396046 0.0545761117584811 0.0457060745893844 0.0314045396389812
TR17 -0.0201484495305171 -0.017224536809007 -0.109231441691044 -0.00171164520587948 -0.0325391682675053 0.131133883148153 -0.0899759520419071
