sample MDS1 MDS2 MDS3 MDS4 MDS5 MDS6 MDS7
AN03 -0.0399633337860867 0.0402145207213085 -0.0280078869386342 0.0513018550170255 -0.0297183373775168 0.0176443542035437 -0.0528172740432983
AN04 0.044413299886803 0.0273937939195221 0.0448040961984198 0.0323255888280489 -0.0600815739797329 0.0357871066445615 -0.117700493406998
CS02 0.0268716879767712 0.067111025188005 -0.00265441270908109 0.0205491682217629 0.149024562852644 -0.0161724907081013 0.0809428567861523
CS03 -0.0123641714224361 0.0702317717874019 0.0282198155370482 -0.00383413122251339 0.0280692774061445 0.0613258939513819 -0.10107837009446
CS04 -0.0233443088610787 0.0277936186027462 -0.0194395715510983 0.00300228300010787 -0.00767536405542091 -0.139694954946555 0.0110012781899722
CS05 -0.114173300390211 0.0411540734541767 -0.0666044074774613 -0.0364231780203742 -0.112097821253931 -0.0655672442637707 0.0755992299870171
CS07 -0.0696357966384947 0.00538354065488617 -0.108329029817463 -0.14164119382622 -0.0648515158766249 0.0532585471941266 -0.129491446590211
CS08 -0.313758078166172 0.220636257035043 0.121055662997683 0.0605269390358814 0.101775627596353 -0.0153754489778342 0.0734937980410441
CS09 0.0310857414238882 0.0406110967181465 0.0675098604978429 0.0501723217742357 -0.16014198657307 -0.09196857099782 0.0745763305885115
CS10 0.0542804962204347 -0.0181816382185058 -0.0430301505692764 -0.0545830200421924 0.0953777473606573 0.0353172753141296 -0.00188706650884523
CS11 0.0873787718721811 0.0888558206983235 0.043709116087038 0.0361947205853379 0.0125870939488437 0.0224586372900261 -0.0547259974414627
CS12 -0.0568652994521535 -0.0304740511818578 -0.001203201807084 0.0162858100781272 0.0553955514375746 0.0771385391028963 -0.0337424595232019
CS13 0.0803476178086458 -0.0767662851280947 0.00010674854486703 -0.0253440116952076 0.0893377790585412 -0.0252168083581474 -0.0187974472033992
CS14 0.0356488663390562 0.0410343457390529 -0.0397899304152804 0.0148792780656398 -0.0560662403275497 0.0155687555191397 0.0296579195564412
CS15 -0.00125865664050059 0.0860918487719408 -0.052126924397313 0.0350324840286678 -0.00252857918728912 -0.0435501496702049 -0.16091619920504
CS16 0.0432980480486364 0.0838071181390007 -0.117967257324973 0.109091429634642 -0.00943026324268086 0.0699215144876647 -0.0685607187721206
CS17 -0.0018848198559151 0.147412880608974 0.0426977221705151 -0.0236065793569938 -0.0391795985439601 -0.105605915624802 0.159082911699549
CS18 -0.0135541321601279 0.0540707412099267 -0.121144852278649 0.0960643345834272 -0.0143017414895136 -0.0678112853924626 0.0481781905455005
DK01 0.0726195069020955 0.00510273262236324 -0.00209600849177809 0.0601222188248844 -0.00207306562856835 -0.0688525691254213 0.0225391899597516
DK02 0.00171952867917817 -0.038762536289781 -0.0650774275764489 -0.0421412156734168 -0.0281860071405705 -0.0327697875934215 0.105322006818117
DK03 -0.0623375046402039 -0.0315674513421352 -0.140696485050273 -0.080487398106108 -0.0214386333845409 0.0231726956982878 -0.0706567301598262
DK04 -0.0678098181234741 0.118091283103933 -0.0999859764897451 0.134347921807615 0.0390299892277838 -0.103616497392445 -0.00095865940962836
DK05 -0.482544741816133 0.223797056441319 0.112047225671892 0.13358734606021 0.118859819789119 0.0106186613036072 0.112260442227762
DK07 0.0479829312170262 -0.0627542663093769 -0.0266151262440108 0.0802557764618294 0.099895350229713 0.0652367858871983 0.0491340870404795
DK08 -0.0513302655689193 -0.124555140119413 -0.024299594914546 -0.0513087199818234 0.0763716703241132 -0.0772654909511392 0.0728874645170313
DK09 0.0333620031847527 0.0233845001649359 0.00813394002396014 -0.0217540917875649 0.0513088110292187 -0.0164379500366782 0.0529944414844597
DK11 0.0309239023909941 0.0983572978793874 -0.0165065574570707 0.159195061066106 -0.0449962995933631 -0.0255758611225688 0.0649262693627232
DK12 0.00341152945195987 0.0731435263763557 0.0156380278358941 0.0665486709264387 -0.0523659111263084 0.0422998052573343 -0.0147331338965692
DK13 0.0541566564246938 0.0209649057808717 -0.0110837271755544 0.00440850649908531 -0.0894869838093673 0.0387666679795294 0.0438915434546354
DK14 0.00880655947311313 -0.0657348413138429 -0.0184701631744875 0.0531830688518047 -0.153154109579739 0.1193195270801 -0.00541413509640012
DK17 0.0803113189046128 -0.0583550388536338 -0.0627830836574393 -0.00335496509153252 -0.0514139841425266 -0.0378983075857214 -0.0407065242808396
DK19 0.0241770458678114 0.0729708352458398 -0.0587133588412783 0.00523450345948757 -0.0861742416428662 -0.0213473039385289 -0.0959724725496527
DK20 0.0305757899719171 0.0602233748040655 0.0270065631039862 0.144191234407519 -0.0412731582228919 0.0620443383602212 0.0891535568018818
DK21 0.052098357042024 -0.00990927454991913 -0.105796898247491 -0.0683549243545635 0.178732466557184 -0.0269906057277902 -0.0121415002121
DK22 0.0609610067179548 -0.0880027614179169 0.0259142492537259 0.103845413890379 0.173726500691081 0.0395269046431733 0.0537361090310902
DK23 0.0164723483997114 -0.0205453526574789 -0.109658514951267 0.046869689859907 0.0320627558393711 0.0325787686407848 -0.0338348544269419
DK24 -0.126748215220493 -0.00132401490081503 -0.0171220842284939 0.00847173930539936 -0.201324298523047 -0.0447057718606719 0.0570729470177043
DK25 -0.0293257013004162 0.051800690885309 0.0224601861487632 0.0833317518037334 0.074557038464262 -0.100576804465671 0.06219661704742
DK26 -0.0843571042161242 -0.0869649432948671 0.00888550823226764 -0.0249146336459082 -0.0914079930327834 0.062160743946798 -0.151072343360862
DK27 -0.0633568569962574 -0.0392808215134547 -0.185014434369957 -0.0496113403817972 0.0449018423218442 -0.0108815235225374 0.0514401470946486
DK28 -0.0272681966333946 -0.17766614491794 0.0146179475300829 0.0619288731302935 0.0937448934810788 -0.00862248411361177 -0.0381334213038162
DK29 0.0275304272603855 0.0700456884495126 0.000888938985244855 0.0526319516572363 -0.131679770075933 -0.109350728119653 0.0204874169230583
DK30 -0.00338229941323966 -0.191495642135862 -0.0881912859082193 0.0997720132247322 -0.0405081842005982 0.0609843739263988 0.117256401261561
DK31 -0.03153490631228 0.120262573835841 -0.0888833203895514 -0.051115643747148 0.0187549267640115 0.0840649237044461 -0.105814409784796
DK32 0.0808015879370737 0.00840449920854089 -0.0548492295363282 0.0248832716932014 -0.110261751014066 -0.078929810004601 -0.00445266601467436
DK33 -0.0886352878807981 -0.0390393334561608 -0.112237875918146 0.0575800849152498 -0.149477823636499 0.0330538011192591 0.0282209862081845
DK34 0.00613033335424226 -0.0175409502694059 -0.110812616113216 -0.0606172435056312 0.0462554419083821 -0.0660826526701064 -0.0785095118235938
DK35 -0.0144907719488346 0.0923857268566928 -0.120213273349473 0.0141158652057072 -0.0164367107062051 -0.01489611740355 -0.0984238545496917
DK36 0.0565365781053455 0.0847154518193173 -0.0503377723363521 -0.0556990748734683 -0.0965273719347327 0.0213600541208418 -0.00798744081413431
DK37 0.0186746775180336 -0.0179161594264134 0.0412128890647041 0.209031226863897 0.044583125924181 -0.104754575751878 -0.332834947879764
DK38 -0.0009580712925682 -0.00352814555673776 -0.0736741114891478 0.205102435781802 0.00869411832389848 0.085974414581286 0.0701355016235112
DK39 -0.0164572586533173 0.0518594006848329 -0.123544463598803 -0.0690667599997768 -0.0623773006370541 0.0302371908412212 0.00420050715223354
FR01 0.118023567795497 -0.157756499465506 -0.000837666348017886 0.00595890934029228 -0.0222028672550617 0.0185205012988587 0.139539470408839
FR02 0.0724887810787437 -0.00609891047976386 0.0374897022036729 0.0148243784971717 -0.0238840966559669 0.0409087505456564 -0.0293533999589411
FR03 0.0651252591519283 0.00822140068056993 -0.104703857665312 -0.0861953780294556 0.0314123306864888 -0.0414444066740607 -0.00639989386489133
FR04 -0.087671505012334 -0.0626438858499607 0.00975299799481233 -0.0829402021740755 -0.187033968904964 -0.0845907138016138 -0.0421515958314239
FR05 -0.114343008376087 -0.0696478106139767 0.121379141007152 -0.124960754296032 0.0540079338773645 0.143767511371114 -0.0704716208639758
FR06 -0.00594660934010877 0.0492738238960427 0.0628305151974746 -0.146360893486607 -0.00674936066788433 -0.0684649314360803 -0.0886830469061836
FR07 -0.190137628437406 -0.072337712847252 0.0128709688946206 -0.162597131232039 -0.019868270515948 -0.0486993929913148 -0.0102259910168079
FR10 0.0243932413607485 -0.0632764370952866 0.0170364367346397 -0.0473544499747518 0.0897151365328045 0.0524318026670824 0.0293511851837865
FR12 -0.00948612737879862 0.0374555567894889 0.0643898659758292 0.0180611911757314 -0.0813434654493381 0.026104495910995 -0.0844335185842701
FR13 -0.110456114009033 0.0457617204033929 -0.0818216297877816 -0.129907370823821 -0.00719848464802272 0.151340764233529 -0.113345251059808
FR15 0.0245359729586195 0.0717789735325259 -0.0319816148549531 -0.103112441916278 0.0319027651702022 -0.0221077518234948 -0.00198793258289837
FR16 -0.120463398585432 -0.113738642523035 -0.0568365223053933 0.000393411260947015 -0.0463590903001693 0.0467848200411259 -0.0186794611372095
FR17 0.0569695926065646 0.024087516027019 -0.0124895745771486 -0.119177565387124 -0.0110969404484547 -0.0460531219618582 -0.0856156018589168
FR19 0.0263793393943134 -0.0841643695976425 0.00332777087004109 0.139519353086091 0.068204294362037 0.0512850914256654 0.0680234930643555
FR20 0.11027470154439 0.0720022275085078 0.0774297013422401 0.0104112025265373 -0.0372622526374204 -0.0570064973712276 0.0372846652304412
FY02 0.0823354759494895 0.0659752183189129 -0.0548665961078425 -0.0118109868096138 -0.055573345704027 0.0133990259167349 -0.0313739081168079
FY03 0.0148335080360544 -0.0728078306877709 -0.037038451428588 0.0908482071458555 -0.0343841269298632 0.0394030289240655 -0.140329430603072
FY05 0.0223313275642769 -0.0180723357411045 0.083601761398671 0.0614527117855762 0.134505924466986 -0.0939486718426762 -0.0246205031675367
FY06 -0.00906762807939762 -0.0373405910030094 0.105985210691347 0.0453367756682279 0.0506595035374599 0.0404629787626594 -0.0327367078453746
FY07 -0.122518185597534 -0.0236028477015037 0.0828065418515086 0.0833593876381042 -0.0753112565963925 0.0516536173692124 0.0295234208722663
FY09 0.0504522949386635 -0.0292640672016845 0.0113452662230167 0.104351211284706 -0.0704386911153709 -0.00299823245923841 0.0337618960654438
FY10 0.050736075659248 -0.0246337311263304 0.126314173138702 0.0150649554417044 -0.0115366222236166 0.0103877636705922 0.023840546374326
FY11 -0.0297888888997992 -0.0843724604721206 -0.0919866756418881 -0.0342283678833173 -0.0321886496991438 0.0381684287019006 0.0131252689952848
FY12 -0.0140363413724105 0.108060477500153 -0.0573219596049863 0.0167010651118483 0.010160862815731 0.130550642426647 0.043823017476197
FY13 0.0729542321024536 -0.148150234201039 0.0950416549225414 -0.169074666548172 0.0529994490941796 -0.00911524332468995 -0.0575523429787846
FY14 0.0597095505966629 0.038784687203551 0.043979892717907 0.0530495292645431 -0.0406617829228049 0.112825232556996 0.0107458992580139
FY15 0.0555180448346016 0.0533676808190967 -0.0460013122378282 -0.0187102536141634 0.0559829727799181 -0.0800233332061704 0.0126760436922521
FY16 0.0805203601230558 -0.0168686802914551 0.0370989315580333 0.0148028787679854 -0.0184410332949661 0.097128471772234 -0.0755429661700628
FY17 0.0367258981260719 0.00163898637319305 0.0117318471412966 -0.0040492987592697 -0.0242502409693482 -0.166005559006719 0.00652814807950727
FY18 -0.0253658313940556 -0.0271987355759308 -0.0136855323282078 0.0406121193639183 0.102676694349007 -0.0481300848719899 -0.135567372177126
HH01 0.00581556804007069 0.10069816239672 0.111523013438685 -0.142141678362801 -0.0660516144601188 0.0452368664853212 0.0644903746224766
HH02 -0.0599037290002248 -0.173722787791977 -0.0532956699942457 -0.0449852587022333 -0.061640740126857 0.0854581705524761 0.104003256463925
HH03 0.0252339653560044 0.00985809316251097 -0.0171904552426314 -0.0414110578863438 -0.0118853403398373 0.024188136331692 0.0143550214472669
HH04 -0.0139279181487762 -0.0372418079861588 -0.0873826066089622 -0.150104483434959 -0.0076095138719898 -0.0469317916601862 0.0259722641617513
HH05 0.00309839452805273 0.0342762142640362 0.0155012883153142 -0.0183334849443868 0.0415271919451134 -0.0744334375444178 -0.0456072235611035
HH07 -0.0955164559420893 0.00913205313340353 0.0482829765766629 -0.0127311484830988 0.0429084736065545 0.0977469810694815 -0.0693364795119127
HH08 -0.0574540821849743 -0.0475644009738353 0.00492506657061455 -0.00817002004360152 -0.0453579975564139 -0.0117632794140341 -0.0402330538391708
HH09 0.00945242767087631 0.0627798384979039 0.00725807782934498 -0.026956402618785 0.0733017895402124 -0.00852097494999955 0.0409359432183452
HH10 0.00942441810886287 -0.0477552898111717 -0.122852903704445 0.116512202003318 0.0240909455926255 -0.0443090765271513 0.0825490255853113
HH11 0.0149934256835544 -0.0451042241238478 0.0227091008461842 -0.0825706276056286 -0.0568604180702084 -0.0466654277901976 -0.013942426702726
HH12 0.00594200547197722 -0.000395661848601665 -0.0362833770350691 0.0139072569070177 0.0921020057684755 -0.0863465543678052 -0.00019386971508865
HH13 0.00317134572714988 -0.0437660383723107 0.0910416159453608 0.0120156637378743 0.00846588065977223 0.017884923123073 0.0562734830144139
HH16 0.0735955059240896 -0.0426161446300815 0.00472261112923103 0.0831645640739704 0.0610530666042809 0.0721016820646281 0.016346068097281
HH18 -0.0462445885002166 -0.0263172781500894 -0.101331264110835 -0.074560270480178 -0.0697842990832955 -0.0143045720040102 -0.0185688461655724
JB03 -0.058223803155483 -0.0379863078777299 0.105778406933004 -0.0390517378252621 -0.0956357980171542 -0.0703770503940878 -0.0810452584623565
JB04 0.0353033145610181 -0.0862589803445484 0.0541721475838532 0.0403882416775772 0.0170545618852591 0.0701484827730998 -0.108201206834356
JB07 -0.0115016204955725 0.0288234965138029 -0.0106394468149412 0.00931064756502587 0.0141141432800041 -0.0280838482556522 -0.0108458040001028
JB10 -0.0635968881339337 -0.112173203138447 0.0125551423043162 -0.00367959816099378 -0.00436592194876003 0.0175431696945385 -0.0310682987434129
JB13 -0.000664487787027161 0.0776399034977272 -0.0394297239403355 0.054233578462805 0.123602104422916 -0.0576915296294226 -0.0333892029315298
JB15 0.0257366165749374 -0.00232831129366115 0.182924977329161 -0.065668097512532 0.0102563833114071 -0.0766606776079487 0.00483345053373414
JB16 0.00864944866722791 0.105187447745343 0.022945382607965 -0.0153914431720444 0.0184037881578578 0.00971082220648864 -0.0512951547802903
JB17 -0.0280897573983979 -0.102414665661982 0.138700145126734 -0.0942367198182963 -0.0687422520115528 0.0577005716391201 0.0275480257444387
NB02 0.0441314182181476 0.029187583495891 -0.00725078399473894 0.0526965005664858 0.0640903662428561 -0.169731781844257 -0.0892189067006858
NB03 0.000134212551923143 0.00287791041559031 -0.0364691908479296 -0.00720068306551642 -0.0379214097650605 0.187936848146116 -0.204291546616884
NB04 -0.014058561901262 0.011703098130566 0.0221070475792621 -0.0416755723937791 -0.0378984101453453 0.0555491201262757 0.0141513914788627
NB06 0.052227508008656 -0.00357705416105744 -0.056915608262667 -0.117439900790307 0.0294330248001148 -0.0179842391580428 -0.0766760281658305
NB07 -0.0626735745945285 -0.0959505436693364 -0.0494993740002498 -0.0544408105990079 0.020437790510947 -0.0318513830143954 0.0019860104730368
NB11 -0.0240271071426184 0.0303551293248928 0.0219900825854507 0.0563791728567506 0.127417479070976 0.0438878294748373 -0.0526341043724885
NB13 -0.0394164301545967 0.00199326259602326 -0.0654349095381749 -0.020615018141078 -0.0896838679151547 -0.0622358417361531 -0.0800990277804746
NB14 0.0517176360491589 0.0400443032633558 -0.196840656225011 0.0762624923405496 0.0381928698235956 -0.0593248257686804 0.0250479047064358
NB15 0.0556865028397798 0.0407756119761489 0.00355331593379505 0.0452569973117312 -0.0600928249117312 -0.0293137223779478 -0.0312950348232388
NB16 0.0519537660877445 0.113450463929511 0.0370316206408921 0.0558513087882939 -0.074951353477325 -0.0139888952071787 0.0125106674579848
NB17 0.0311723877608911 -0.0287284300636341 0.0627887911485209 0.0375789744399004 0.0445203841429964 -0.0297558798795622 0.00701527761919872
PA01 -0.0718765362486271 0.020115260618974 0.127883713338211 0.0159844628753153 -0.0609659775078909 -0.109394465864993 0.0641730846986584
PA02 -0.0156267355245438 -0.0696424249318237 0.105188204578964 0.00143099023026967 -0.112075671333654 -0.0381759840264811 0.0325552194454772
PA03 0.00351232765324999 0.0576400172625741 -0.00825616175411052 -0.00813526486555895 -0.0457789277208282 -0.084776122362171 -0.0184787476918
PA04 0.0374285904269643 0.00257505478747795 0.062362735327801 -0.111008023108451 0.0441932819619918 -0.0330612513598932 0.0269043555852132
PA05 0.0762798041172237 0.079869285614166 -0.0502225041074113 -0.0888572941725012 -0.0296199548989533 -0.0154728761643528 0.0177171108721878
PA07 0.0921287711685646 -0.136745708546255 -0.114306768664982 0.00857324142131592 0.0475582867550549 0.0986776167609661 -0.0378301723803309
PA08 0.0435773298124092 0.0722809885946547 0.0112096557928092 -0.0194626495025029 0.118092864154864 0.0263034156554675 0.0421944506604665
PA09 -0.104725050418864 -0.0192882199048952 0.0687062339557472 0.0325844025548255 -0.140587609803759 0.194245730576581 0.00582439719538408
PA11 -0.0705043776274584 -0.146546027856244 -0.0686454153083374 -0.0525564362691057 -0.00194786643462174 -0.1211020230023 0.00928593104720648
PA12 -0.0206429778733711 0.0032117171356341 -0.0300562819251458 -0.0550755393461418 0.0821202212654061 -0.149739121304141 -0.0284534551626994
PA13 0.00565460073410377 0.0144174105269369 0.0583326141691795 -0.104231436839326 0.150258235845026 0.0162465375477048 0.0270453946449465
PA14 0.0178178458831138 0.0994937002295365 0.0420015987939456 -0.084173465180022 0.108285816568303 0.0660401046593951 0.0527309785982881
PA15 0.0351886391593428 -0.0294292355350406 -0.0758199509969414 0.0552758411484854 -0.0458954360974112 -0.0225341465313979 0.181040861355567
PA17 0.0612173599210279 0.0257841925979419 -0.00782498350671089 -0.0379802015265063 -0.0152192978200897 0.0317343927222982 0.035974135530607
PA18 -0.0057527998130472 -0.0867155563976958 0.0131907076353233 0.122145924902139 -0.0202873712360896 0.110443668734788 0.155740106036313
PA19 -0.146569074373522 -0.0437160307286137 -0.147974085291743 0.0310872436948732 0.108726638931446 -0.0638250334112193 -0.0197878800443332
PA21 0.0404743952706631 0.0453486363554732 -0.0737058008153181 -0.0143280159708697 0.0715216190083552 0.0956346123046203 -0.0296108743737589
PA22 -0.0784921545277574 0.11110042851965 -0.0282887312803647 -0.0441232811068295 -0.0456028998770001 0.0837609399093271 0.00558568620458884
PA23 0.0617265796312538 -0.00116312963041992 -0.0572394165424146 0.0281751757922102 -0.04556759528407 0.0664404739182951 -0.0435932041548185
PA24 -0.0546337472291261 0.00402472067519919 -0.118780975820392 0.0939889335985498 0.165658550375941 -0.123375884074658 0.0184074469788144
PA25 0.0167977176131362 0.0044447317390294 0.0151157583349864 -0.110802054277282 0.0587830187431963 -0.0351185707322503 -0.0351781011955673
PA26 -0.020125849128609 0.0199612022135882 0.0210341575750241 -0.0346321275238144 -0.00123198363108645 0.117169226245378 -0.0102672989598821
PA27 -0.0480396083555999 -0.0598763646671392 -0.0549123298177853 -0.0246837750255397 0.0882768532986346 0.119163835648144 0.0326391172493593
RB01 0.111498541019439 -0.026210393066284 0.0851832834510139 -0.0547255907428312 0.112810686648869 -0.0746858080168319 0.0279860955960398
RB02 -0.0249368023638919 -0.0574504004900951 -0.0314644109895692 -0.057903930498276 0.124415254383817 0.175676890727454 0.0737341724252294
RB03 0.00973869093730596 0.0378788879959485 0.100451031327655 -0.106988886093448 0.0570012684025725 -0.0162893632941744 0.104992375848015
RB04 0.0370817215159241 -0.00678822206333044 0.100872402718515 -0.0455997815586281 0.0463728733610109 -0.0206730375819792 0.0237047004554476
RB05 -0.00834120662655695 0.0225613351831322 0.0655428282802586 -0.0724536002265764 -0.0427833007460088 0.0763156395867092 0.0515791122982882
RB07 0.0321645475945201 0.0199991644139766 -0.0701446001438461 0.0529571999265741 -0.0420509992627123 0.0199229458461476 0.118540812128849
RB09 -0.0625205724107916 0.096618458871544 0.0605540582325738 -0.00766806424944586 -0.0531039999676365 0.128459600319528 0.0928335260070356
RB10 0.0607229112618258 -0.00903606498008131 0.0814348351602914 0.0774902958158674 0.0981302464502954 0.111944605981604 0.138640013595413
RB12 0.164200720812602 -0.0121990439795421 0.0118643200423564 0.113802920275939 -0.0186103451895547 0.0233529102315404 0.0481719460291619
RB13 0.0644534464827671 0.0284130451020622 0.0992675731460784 0.0383162622835495 -0.0508872302042858 0.135020697981693 -0.0441599723306585
RB14 0.026204602467549 0.035289198703413 -0.0312375231295545 0.0319426637781611 0.0196406387688734 -0.00686942693840201 0.00582662696718791
RB15 -0.0252383678203285 -0.0413003688433382 0.00378946153124023 0.0557141118696013 -0.10683126211814 0.0919794648889113 0.00224546896243642
RB16 0.0863858089017812 0.0135429936008751 0.103215791606661 0.0328646593507106 0.0544550904677108 0.0274627921169888 -0.0323583641156048
RB17 -0.147553922494974 -0.00105331349130312 -0.035461478100117 0.0371315582049933 -0.0686638342230689 0.00540519585507702 0.063422010280608
RB19 0.0996548987932036 -0.0541394234493602 0.143335905638299 0.0634625173009939 -0.113985168102542 -0.126291801614163 -0.0868216550154129
RB20 -0.00413467743699358 -0.0387352964239238 0.0446316935655943 0.0435370672939109 -0.0302545244468069 -0.107482685424131 -0.0367796652204459
RL01 -0.0234042982317041 -0.14335458611645 -0.0113830820455398 0.1162788018585 -0.0734638517389803 0.0282173246266658 0.0220972762615068
RL02 0.0363660765645902 -0.0265071595962963 0.030244741403783 0.0864913779147757 -0.00505236288141128 -0.0606590189547751 0.171454742120465
RL03 0.0405884849098241 0.0660271501533243 0.0828042493718621 0.0820711385056166 -0.0195359208810328 -0.0899042740390731 0.0138994147883732
RL06 0.0741764146181424 0.0286049449959351 0.0652627797295992 -0.0808487057267009 0.0472993022895036 -0.0283310061815423 -0.0226874483648937
RL07 -0.0475352574448165 0.0249419094297273 0.0827197158637739 -0.0317972009232392 -0.00325485390259036 -0.00905831280114909 -0.00974034916707335
RL09 0.0328060498840741 0.0677987012668995 -0.00348698742611485 -0.0758771100362272 -0.0143032737659374 0.0486351140311143 0.0400953641874067
RL10 0.0612681018696177 -0.0437543993750655 0.157255850356243 -0.0879649597760034 0.022775390269988 -0.0997237459804644 0.00348124439080859
RL12 -0.0920795724537533 0.0164257674213671 0.0917197463156943 -0.0127075458917116 0.0346712564268939 0.0151818146985305 -0.0036883870802726
RL13 -0.113855281095813 -0.0767161395646769 0.140175835655705 -0.0660948868834264 0.0445508295264927 -0.131956778596557 0.0801172111508632
RL17 0.0292866597544504 -0.027230894119829 0.0219300722915019 -0.0619083130720879 0.0745069991196354 0.0147167175384945 0.0767161459667122
RL18 -0.124798741342487 -0.19080042865665 -0.0788573572294351 -0.0221499483466128 0.053785623584129 -0.0321324521830948 0.0196190387975658
RL20 0.0150449762385014 0.0207409642561478 0.0977720235920135 0.00741582854073853 0.0121159590549797 0.149466795979671 -0.0469139716573233
RL21 0.0365367505373487 0.0558586707420961 -0.0146479418675684 -0.0990979609412802 -0.0278632378626671 -0.013733905079569 0.0269073217259172
RL22 -0.113248321110356 -0.0969235961277401 0.140749845328213 0.267876168671327 0.0262537841348645 -0.12011026190439 -0.337432298833567
RL23 0.0383840975565435 -0.0351369728616013 0.147206619517818 -0.0599170177532229 -0.069394248086685 -0.0720660124906044 0.0520815286336945
TR01 0.10027453570794 0.000366884966667772 0.0270316512649758 0.0423923849344634 -0.00282742780825396 0.0939268299596818 0.0208817751846832
TR02 0.0505343958175604 0.0572542985009465 -0.00997056819875915 -0.0306981340039946 -0.00330015079065955 -0.0238019598803678 0.0465233175408315
TR03 0.0334861499790421 0.094532010806093 0.00186056813825881 -0.106642524734068 -0.0989515922194807 0.0267903723737718 -0.0429461910043109
TR04 0.0850055542469077 0.0806181499744005 -0.00529607207301146 0.0062132123250607 -0.193652705288766 -0.0395717784712501 0.0837819558651808
TR06 0.0418789749972105 0.137591930998455 -0.166006928739332 -0.0278272860947894 0.0563165317044364 0.0471644473435485 0.0151734360005602
TR07 -0.00679731966010226 0.0120242324966788 0.0383868196275871 -0.0254736171084662 0.126452365735175 0.106887482273938 -0.00271374682793073
TR10 0.0615037393375336 0.0991367747337759 0.00905358282975053 -0.0882725719757532 0.0907760088797366 0.0588354954435631 -0.0337117150264955
TR11 0.0331383172693007 0.0592552263229836 0.0303787539583708 0.0118664318962018 -0.00743654309906503 -0.00310989781366207 -0.0908522902126888
TR12 0.0215556184455753 0.0104508955916874 0.00215367887156615 -0.0937707793911025 -0.0598664426638562 -0.0863343688375526 0.0174405030062507
TR13 0.00609042525098891 0.010216232348478 -0.174717195285996 -0.0330991179076362 -0.067211536195602 -0.162416044244198 0.0764178915946021
TR14 -0.124987436154539 -0.280535127541365 -0.00116764804493901 -0.0327573804551072 -0.0167908626773015 -0.114025764453646 0.0477486776827454
TR15 0.0422022187745069 -0.043431194161138 0.0261719741845457 0.0273746369375506 0.122364953919713 0.00363787305682077 0.0484297342638009
TR16 0.101978753210882 -0.0982505862182508 0.0893448164334357 0.0511811988503998 -0.0586577632640447 0.0402852462188007 0.0333907999991384
