sample MDS1 MDS2 MDS3 MDS4 MDS5 MDS6 MDS7
AN03 -0.00206850333687703 0.0470571782561115 0.0487403577921616 0.0271996024710946 -0.053897283027028 0.0056076466148992 -0.0431049987162791
AN04 -0.0498500476481784 -0.00746117018519564 -0.0357567118204835 -0.00600164460562683 -0.0259043102724241 0.0130564302396472 -0.0156987671421361
CS01 -0.0726066360011341 0.0157140577226712 -0.0337087164505611 0.166279189289887 0.0499928241603604 0.00459285377781649 -0.0793146300896333
CS02 -0.053201872399236 0.00376825823554897 0.0633436480163116 -0.133557668459208 -0.0151058268182745 -0.0722266873954408 0.0351820892595948
CS03 -0.0462272953415016 0.0462980351436537 0.0227066297301045 -0.0671284579624101 0.000910624680316718 -0.000132280119674696 0.0238860276350186
CS04 -0.0300503516113142 0.0383469814474082 0.0272363424799837 -0.010165561001979 0.0477481725861926 -0.039062389435523 -0.153770236465703
CS05 0.0429925575911741 0.0926645720409539 0.0728511448225108 0.112841660399661 0.0726936764475392 0.0164835897717528 -0.0651914693665144
CS08 -0.0600107201312866 0.385178619116344 0.0288272261835265 -0.0564097507316681 -0.0271782252654367 -0.0973515107857803 0.0622444692550594
CS09 -0.072550706804375 0.00535790015116155 -0.0550542172483942 0.120514988174551 -0.0483171337601417 -0.00438062687132814 -0.0405575996451782
CS10 0.00337201744038981 -0.0604920152319681 0.0456578785895002 -0.0940418599129597 0.0127979983450802 0.0196755014726119 0.0474104936990528
CS11 -0.0977263063024433 -0.048611328018272 0.00468424656344446 -0.0601915291346735 -0.0830675933953623 0.0431859810085259 0.0341701939889383
CS12 0.0619666436632875 0.0321802778151429 0.00776152792526474 -0.033271064997615 -0.100617022118266 0.0303936400010082 -0.0102109243189555
CS13 0.0245394132571327 -0.0945290978078891 0.0167795803619767 -0.172796544153111 0.00438381686649089 -0.0234856451546045 -0.0792791763580602
CS14 -0.0244574303537286 -0.034433394510418 0.027330870168002 0.0818051948114931 -0.0157428992421182 0.00762689867805212 0.0372147798427696
CS15 -0.0292442435908583 0.0320435335631333 0.0658408043699491 -0.0293247812007863 -0.0249755257243627 -0.0248531027650132 -0.0617069996174208
CS17 -0.127332572450891 0.0553395473748906 0.00907659612152053 0.0864298729351246 0.0653056064740955 -0.0693698610808017 0.045310112931269
DK01 -0.0410475955287309 -0.0682313606079699 0.0017574532978227 0.0147336534837185 -0.0693148338569311 0.00705728460783525 -0.0659892973465395
DK02 0.0484221416094783 -0.0314590810375674 0.0414063479757186 0.0751229430340685 0.0701951664440716 -0.0115501857680054 -0.0258819751128083
DK03 0.0915590341811581 0.00578058396466806 0.12362263143349 -0.00486326776861834 0.0723178453784133 0.0301546424218075 0.00858425388758138
DK04 -0.0416245261706464 0.0743675230255334 0.136209564417302 0.0486828074472083 -0.068475515752223 -0.184235067834486 -0.0635675217239527
DK05 0.0033541789084708 0.534323377201277 0.0627537489851338 -0.0358712523672872 -0.11714617634121 -0.130014173453515 0.130936009289629
DK06 -0.0156372064262871 0.04299590886213 -0.0603629694025466 0.0749022131167486 -0.0493932127354377 -0.110668418672455 0.128974716502708
DK07 0.0548229393962546 -0.0760349895158465 -0.00112321254225677 -0.0361074077891976 -0.0672050338742047 -0.0767404468761953 0.0965676573140497
DK08 0.103529391410104 -0.00170767665036365 0.0288512464412748 -0.0786614223246743 0.0551517222500219 -0.0454417322488714 -0.107830049446158
DK09 -0.0228639112885412 -0.0300713115693626 0.0280613945726058 -0.0762809555405491 0.0156246148119953 -0.0215530770108023 -0.0152693239735923
DK10 0.211593546321763 -0.0508243477288572 -0.0339671984533777 -0.02603979633012 0.0513692447674469 -0.064344928069553 0.0141904021704799
DK11 -0.0712433598305666 0.00569634260666104 0.0478810420885419 0.0341344638600503 -0.133907156795277 -0.0085039157455688 -0.0518116784728862
DK12 -0.0666394716126145 0.0343498175933021 0.0131987543790392 0.0276792365570402 -0.0593878828618791 0.00227210584245474 -0.04653051476208
DK13 -0.0261092298802736 -0.0419532277521184 0.0233118666100136 0.0528595197699473 -0.0212817873395621 0.0774061567479102 0.0482421274915054
DK14 0.0802678344415245 -0.040582617365088 -0.0467314558506559 0.0944654103031957 -0.0635848292900753 0.115440728873692 0.0176928609210623
DK15 -0.100659400046982 0.0400473011970972 0.0890999504702055 -0.0728351335694291 0.00158916664074847 -0.0287943686717689 -0.0336415982148666
DK16 0.0119946927330737 -0.00645254239805546 0.0727137954063911 0.0804808715740342 -0.034396129624666 0.0436157745411653 0.0199948803019674
DK17 0.0404690871794235 -0.113376880076488 0.0296797235215194 -0.00431100276781308 -0.0216716974296719 0.0372474341170405 -0.0685092285116835
DK19 -0.0471607309331325 -0.0122010336847092 0.0685242121780968 0.0809634712192357 -0.0370423984786085 0.0684820703570884 -0.0258266453547785
DK20 -0.0633863937909424 -0.00880981494885262 -0.0223796244600709 0.0746046024557624 -0.146604397577878 -0.005235046033077 0.035880800842784
DK21 0.037747359759265 -0.0762957005509836 0.112130599395954 -0.128939480078382 0.060084620734815 -0.0643120574472759 0.0220328513893209
DK22 0.0600064540712915 -0.0799346942290892 -0.0348415462241536 -0.129510245446086 -0.102958823237229 -0.0773159419168501 0.0149543768010317
DK23 0.0651310402175399 -0.0540485688576666 0.0876506418926193 -0.06216088778438 -0.0475953285593931 0.0114223422325586 -0.0541365280572826
DK24 0.046399764501361 0.103656502379552 0.0303006458005085 0.158833223137806 -0.0115784565391923 0.115782267035444 -0.0958639801365539
DK25 -0.0194793309648137 0.0503495114279467 0.00226434523559553 -0.018679252939077 -0.0437620128878642 -0.082680523022153 -0.0568682742013252
DK26 0.113836019719493 0.0452573376352966 -0.0163279927742703 0.00570358594164449 -0.0407565772076215 0.125358363521108 -0.038976020882298
DK27 0.0845513330462806 -0.00697540073272117 0.15198520829253 0.012713678651694 0.0408147835893771 -0.0399837308638155 0.0625369741879389
DK28 0.163284581416335 -0.0142044878939663 -0.0998171581551109 -0.0888915995713104 -0.0449330219190278 -0.0377867179221512 -0.0400564330072474
DK29 -0.091094847494682 0.00425046330744674 0.0253439111984071 0.111845609667357 -0.0141844608503913 -0.0154373922732555 -0.12931266146155
DK30 0.141434718204125 -0.0786526843363856 -0.0424982446120133 0.145934692288966 -0.0609026128070929 -0.0701147361580269 0.112190404916795
DK31 -0.0319314311893673 0.038157678703544 0.124409985423781 -0.00782836902720514 0.00111671804590443 0.0487562299859004 0.065971354532943
DK32 -0.0287818237158882 -0.0784980482708223 0.0215551222597826 0.0994341371142665 -0.00649776455847684 0.00181708943697192 -0.0949186552494038
DK33 0.0915654788366464 0.0337968670357407 0.106881566659178 0.148173088045371 -0.0304009949691322 0.0198291701048495 -0.0805959953723225
DK34 0.0465777093266021 -0.0515651612674017 0.118964482899771 -0.0992357050498818 -0.00212963610012366 0.0409239969109192 -0.114385254847495
DK35 -0.0317696447165416 0.0279367375823626 0.156121760551542 0.0196933445936044 -0.0364017871760294 0.00321955315348333 -0.0750808461487452
DK36 -0.0673292728247299 -0.0335546686266175 0.073157121922621 0.053286005408062 0.0179897205661729 0.0792616507769709 -0.0515739357416846
DK37 0.000168790405956463 -0.00388483433360259 -0.0536281578756395 -0.0481413249109208 -0.119053517863747 -0.169373690816703 -0.148612897979857
DK38 0.0266217829459261 -0.0143521812815168 0.0339027231518078 0.0579367833139726 -0.195708001807562 -0.0530129146578473 0.011361741914335
DK39 0.0264498398819531 -0.00300570126777206 0.126793712890612 0.0470725741561068 0.0592691590489623 0.0422183829611147 0.0231606326516166
FR01 0.0704476563426306 -0.149352351067222 -0.0872183457162871 0.0977752505380487 0.0564757475250098 -0.128365565086247 0.0730557164351529
FR02 -0.0409482535125203 -0.0588722209402557 -0.0555458593025233 -0.0217457487862735 -0.033366593906937 0.0200296670723806 0.014071524779926
FR03 0.00994874983446847 -0.0876351422703566 0.0800944475004345 -0.0067753665121328 0.0764960865358696 -0.0366003212889335 0.0414691491822574
FR04 0.0747193616888525 0.0660318879992315 -0.025620337314095 0.113087296864766 0.101805356830548 0.116905061390042 -0.16352217860165
FR05 0.101798745276907 0.0943106656802345 -0.0712943099098719 -0.135895409235372 0.0697538996870862 0.154243380354078 0.0564532241902511
FR06 -0.0551711254977544 0.0415833282814817 0.000972300333576039 -0.0834448640718652 0.133062609854848 0.0571072924804079 -0.122588537626534
FR07 0.136558476638183 0.141983104020783 -0.00555414519480538 -0.0525686158676453 0.150605995461492 0.0666776019890059 -0.0267230965872943
FR08 -0.0359143829049265 -0.0271823844933779 0.0225194608805369 0.0693890373625133 -0.144241863438871 0.108787576228953 -0.022842868702006
FR10 0.042357309333552 -0.0486205806529768 -0.0295354242352144 -0.0639693485982733 0.0266595132529476 -0.0476224434600236 0.131544694376763
FR12 -0.0409941738512845 0.0374824392154969 -0.0703728008055994 0.0751307728956514 0.0149371694904478 -0.00343012109291422 -0.00811634165868167
FR13 0.0506552470906335 0.0791968657003102 0.0978230187557996 -0.0234701139456114 0.0404594200459013 0.147663171400103 0.124555831861993
FR15 -0.056379569119589 -0.0101324598513406 0.075412636994321 -0.0856297413185274 0.078505397150492 0.0243517686088623 -0.00163452472944999
FR16 0.163960496102717 0.0477749313275457 0.01276714732732 0.0538539243193731 -0.0134901449655271 -0.00446322081513591 0.0352662813821799
FR19 0.0512423338425826 -0.0595633079837382 -0.0267754390070863 -0.0355862634624678 -0.144017809873465 -0.0838749640822743 0.00913849673699531
FR20 -0.129396236782157 -0.0485884223539802 -0.0407987018696639 0.00862955105890223 -0.0235783397686973 0.0611336421796235 -0.0710165315944074
FY02 -0.068633352697463 -0.0779103474980201 0.0559487537406439 0.0439189788619457 0.00464792413716277 0.0502040454299053 0.000829634159688776
FY03 0.0585193072570067 -0.0443727258341248 -0.00758216174327382 0.0132210351213718 -0.121879296126296 0.0179282316134158 -0.0126126138556199
FY04 0.0187625450968799 0.124236773366548 -0.104261104828743 0.103620044376774 0.0818235464784286 -0.0801432734276416 0.0221317024848524
FY05 0.0110071445515668 -0.0078884958585816 -0.0947891191432371 -0.0920745941944115 -0.042008240180774 -0.104480635965802 -0.00351598495848812
FY06 0.00927451343939802 0.0233739335287258 -0.106191283184369 -0.0558464707100734 -0.0679595007064221 0.0329093783098448 0.0330911240843987
FY07 0.0385841730432466 0.11577633142389 -0.0358351065437759 0.0279942937972178 -0.100537420207092 0.0762801579601079 -0.00773532533194949
FY09 -0.00748908328462658 -0.0552185320478523 -0.0346262159851982 0.0990300830091215 -0.0603021218942224 -0.0631803482514002 0.0349946633861532
FY10 -0.0252633574501807 -0.0376455736541913 -0.0810586533428946 -0.0801809309015837 -0.094099686677611 0.10525266914953 -0.0556223707102348
FY11 0.0938854107146569 -0.0298771407281177 0.0300674288947594 0.0861141229511769 0.0358940056320859 0.00242621386411725 0.0625345435621955
FY12 -0.0640264587276931 0.0264093217531562 0.070353275288254 -0.00711983122141374 -0.0405697517822148 -0.000731529470785824 0.0989660136658291
FY13 0.0483552843693798 -0.0929287281027125 -0.122478061591123 -0.0859688525119756 0.187247296348349 -0.0275817126799499 -0.0018905918358551
FY14 -0.0504126792685191 -0.0326272084830456 -0.0229488636659633 0.00406362520381965 -0.0688202700232434 0.0310010221755774 0.0573996580972561
FY15 -0.0789951105446453 -0.0427449238684995 0.0831251663772776 -0.0530409792161227 0.047726375304299 -0.0660542337579204 -0.0671247024749047
FY16 -0.0149846620283455 -0.0733109419549877 -0.0566726359428669 -0.0117990272706956 -0.0454737193227783 0.0459782959195177 0.0381889535148423
FY17 -0.0280153212472543 -0.0150364748036465 -0.0318491513115792 0.0156162096222006 0.0660012744503536 -0.0634221268685902 -0.108574335469481
FY18 0.0340183100243792 0.0153130654429767 0.0292626949839478 -0.116392467484443 -0.0265280213961226 -0.059534346514267 -0.0576046290036877
HH01 -0.122788278862066 0.0533929308392388 -0.0526344729587323 0.0645148091048741 0.156055861678027 0.0484203796230651 0.12763216041814
HH02 0.166071595791231 -0.0201522013715319 0.0066138550605347 0.0857832793246874 0.0839739335620081 0.00544179984327905 0.101591470387753
HH03 -0.00529516720411964 -0.0294076267665506 0.00580625834860371 0.0425906170774188 0.0497632324595034 -0.0319193504380163 0.0630582968303696
HH04 0.0623539747883376 -0.031941454999367 0.0824249243827913 -0.0545781403452896 0.13095509171045 0.0632552772874393 -0.0345444019447639
HH05 -0.0305863290567475 0.0117609738878357 0.0157626497425336 -0.0604382772096839 0.0105701868815449 -0.0082227692997852 -0.07926032851571
HH07 0.023951462474845 0.101740558677051 -0.0121403626087963 -0.0368306600165581 -0.0251932061801131 0.0754728513078989 0.00398657846238793
HH08 0.0601575403160328 0.0391485762459424 -0.0280972421391876 0.00486864436926819 0.0307406441483166 0.0174449887748847 -0.0129278125826044
HH09 -0.0608580986251637 0.00549465520304181 0.0336344050718599 -0.0276277290302856 -0.0089974904505347 -0.0362061380760378 0.10802521378283
HH10 0.0637585780469397 -0.0575098911525009 0.0477414444738986 0.117593341662142 -0.0555129459267801 -0.177665765119611 0.0554968886656208
HH11 0.0312986260161101 -0.0367835607083502 -0.0416977588834884 0.0456477303735137 0.0838038097809972 0.0355101698442244 -0.0440578031224395
HH12 0.00253825018312992 -0.0121694679530833 0.0275148916595949 -0.0492309854522635 0.0210439602438321 -0.0963514992691342 -0.0416760752295099
HH13 0.0115759067851806 0.0118045175954701 -0.079474010162023 0.000646036671159192 -0.0184215509050283 0.0311960375850571 0.000856541847646205
HH16 0.0126809432923597 -0.08595369627411 -0.0344632988493733 -0.0181136968613927 -0.105077091421497 -0.000581233404194954 0.023116222991453
HH18 0.0563705497297561 0.00585774679709879 0.0812809282556646 0.0361255661246706 0.0477681758362639 0.116636867351328 -0.0532759565893969
JB02 0.0349225855459833 -0.0589684149636025 0.0850429099305619 0.0834276505976477 0.0970884581679098 -0.0520795908405754 0.156351709671647
JB03 0.0187170380586555 0.0684504827901418 -0.115723319508387 0.00431117896745835 0.0110162260769139 0.0689585710752677 -0.0736675740324096
JB04 0.0548272305467253 -0.0507687395803692 -0.083887766433958 -0.0407174872337032 -0.0889900474573031 0.0184136631763 0.0177395242669834
JB05 0.03257330784269 -0.0353070709840495 -0.0647121887217673 0.0739792221000304 0.0373087487461481 -0.203422085966267 0.0598124453089248
JB07 -0.00666353019682906 0.00577455592956077 0.0487169774251584 -0.0304496642339871 -0.0526910006539443 0.00612203015220222 -0.0571919276949054
JB10 0.101226923087458 0.0264389540768458 -0.0524283051483586 -0.00437115382134003 -0.00286762087686942 0.0323059785610912 -0.00420067387044952
JB15 -0.0797063459198019 0.029896756551595 -0.15152424436371 -0.0435464917800516 0.094708421700601 -0.0250820872153455 -0.0602158159622409
JB16 -0.0781258116366522 0.0367969763409271 -0.000422767965404239 -0.0135589584723125 0.0294457199588199 0.0238049807497714 0.0719554805022442
JB17 0.0619218913838218 0.0149463966297782 -0.159241521521924 -0.00413442741614584 0.0929603285421209 0.0999562261166577 0.0584805627600203
NB01 -0.0285110009360508 -0.0278826852805469 -0.0208835605814546 0.0154827818807272 0.0476306229465869 -0.00618515940439534 -0.0927723489328724
NB02 -0.045267739543065 -0.0229450888437607 0.016630566264055 -0.105492616723172 -0.0443634356836446 -0.0683443455387852 -0.152827130417027
NB03 0.0366307743894073 -0.0105342351664968 0.0419110158893373 -0.0612728186780851 -0.0273907978908804 0.148292277116915 -0.0514911474739155
NB04 -0.00367608857751177 0.0144210676055173 -0.00732732763518387 0.0156770571179594 0.0177017098674267 0.0342640506122582 0.0306182990930399
NB05 -0.0603420796733649 -0.056748333636659 0.0763631604880115 -0.125713215083276 -0.140443805838764 0.0213726975801233 0.0123603730272513
NB06 -0.00246692369400278 -0.0577825480179091 0.0715448720514933 -0.0720825844980538 0.0526851666390358 0.0445784946727806 -0.0678988904943127
NB07 0.119147901014234 0.00258282859676394 0.0459650659492431 -0.052678338566006 0.0515087997821655 0.0246622771248379 -0.0352430760669323
NB10 0.187980604789333 -0.0290104405793821 -0.0530742287519498 0.0318128436874034 -0.0137834294578455 0.119689542367088 0.13838229078984
NB11 -0.00488260400430538 0.0277117129423069 0.0250724102589706 -0.148628087977268 -0.107498555508393 -0.0229860646457843 0.00754928533644747
NB12 0.0147433589156446 -0.0432212966283172 0.0804714216673031 0.0802547072276834 0.0202163189224027 -0.016058639395124 -0.0362839775339152
NB13 0.0223869546776947 0.0225509400088882 0.0590353918486409 0.0412173697349958 0.0152348598081263 0.103717954578508 -0.141282324795456
NB14 -0.00270465314605839 -0.0853252336659741 0.157208284936474 0.0277073839517492 -0.0457561437761547 -0.0974036606963927 -0.027716578567621
NB15 -0.0447895429830568 -0.0387342228562361 0.0187980267234307 -0.00718155633464447 -0.0637281170950152 0.0442797831560504 -0.0482154350238566
NB16 -0.120391405908042 -0.000721764162222276 0.0017842146262735 0.0930850041120165 -0.0802839736092903 0.0346765565036208 -0.00715414836081564
PA01 -0.0429906630115695 0.110656757074012 -0.0745950284157296 0.0146437307403016 0.012624755574778 -0.0308121105409028 -0.112786199843703
PA02 0.0074951285253899 0.017924767374168 -0.125036653459961 0.077753452832774 0.0560277047939957 -0.0325832320332885 -0.00971539991516737
PA03 -0.0599673951890219 0.0133520866781142 0.0181345724057473 0.10268426966783 0.00675921883590587 -0.0659954542185733 -0.0469227003539473
PA04 -0.047544658039817 -0.0194619896306951 0.00295144357023997 -0.13821294901975 0.0966887260221729 0.0173069808499936 -0.025660260267978
PA05 -0.091687494686152 -0.042922810117833 0.0453632706089084 0.0863582919891974 0.0992399663327592 -0.0285893994962656 0.0686173820157098
PA07 0.104976370712991 -0.146253108191546 0.0264305329897152 -0.0585329543354161 -0.0261763154025164 0.0336221845606912 -0.014533491177233
PA08 -0.088403565534606 -0.00915209847327834 0.0260779887335485 -0.0776661282490992 0.0295720690248276 -0.0482384589151275 0.0638626999100494
PA09 0.0494636576784578 0.0847473429932596 -0.0444931506810545 0.063855919011023 -0.0947753455317605 0.169070998641787 0.0978689196069178
PA10 -0.0365505556746571 0.0729343899923295 0.0149402357695843 0.0109623810581571 0.0666005464917978 -0.0222256531462177 -0.14517045191768
PA11 0.154903189150605 0.00701201024404533 -0.0151912373780693 0.0354033651779095 0.102213165559884 -0.0579970450997585 -0.0686672337970693
PA12 0.00849735665762567 0.028809372114589 0.0420187918563674 -0.0688734360478303 0.0188482439276435 -0.0171664827790737 -0.105715596875332
PA13 -0.024328604762123 0.00834008418131942 -0.0117849523526933 -0.112096125614972 0.0493198080756584 0.00198025586148148 0.0757544016530039
PA14 -0.0939109074872242 0.0111100667812799 0.0326588938642284 -0.0887284010260815 0.00322385366792754 0.0847806269630775 0.106617673769174
PA15 0.0139311506784753 -0.0715936405019848 0.053612221040474 0.127802248739169 0.00281631755103549 -0.153500366898896 0.0827607089208465
PA17 -0.0199081882440507 -0.052365512249995 0.0538335221258183 -0.00492764285260799 0.0412618902062113 0.0364581771021516 -0.00428191961785343
PA18 0.0547908794500512 -0.0115747864984392 -0.0601786791499268 0.090783701962279 -0.077002947572681 -0.055630223669852 0.0427573869956816
PA19 0.126748389590317 0.0769025500970818 0.140588183680799 -0.04691885298052 -0.0294196054134757 -0.110232125185638 -0.000949268444023085
PA20 -0.04200890366396 0.0548341403391664 0.0804282048546741 -0.0808634091605174 -0.0122317378346044 0.0448163038297024 -0.0606267702880954
PA21 -0.0191036682178003 -0.0454311908542446 0.0932516495396551 -0.05496764762727 -0.0368269559950164 0.0804957202951476 0.0607111392921602
PA22 -0.0338166654238786 0.0836795520043086 0.0776651843125952 0.0162135961256087 -0.000413816314645264 0.0991075208756714 0.0839558145809779
PA23 -0.00934485666926717 -0.0600248156473438 0.0195834466957736 0.0658186420957856 -0.0159377404287288 -0.0204663792253384 -0.012805568069222
PA24 0.0314910521263406 0.0257159109974813 0.124315964463574 -0.0370655899714866 -0.0531954692345272 -0.219858430068417 -0.00292594388682756
PA25 -0.00194337029861596 -0.0230780487753455 -0.0054311226796655 -0.0589331524329393 0.0818478140667668 0.00333842096603994 0.0570709704603125
PA26 -0.00377758257355148 0.0288518335496128 0.0176002702002796 -0.0334538581386999 0.013354436638966 0.0877044326033576 0.0770842095428038
PA27 0.0936738198000071 -0.00111508035412287 0.0333716535496656 -0.00308416702023999 0.0237949968376447 -0.0271110788888479 0.145262180605032
RB01 -0.0702156221549735 -0.0620296194304089 -0.095180537613529 -0.0842369152433738 0.103809839467233 -0.124613350457153 -0.0247758712794633
RB03 -0.0671103917636429 0.023299743298721 -0.0409741291893799 -0.00344225971470057 0.130601764979547 -0.0751587183631046 0.12499426563336
RB04 -0.056862471963787 9.15493888547903e-05 -0.0805400470843218 -0.0444264516005147 0.0754970242429869 -0.0582245720392921 0.0308814293921172
RB05 -0.0373649911593492 0.0135330748312816 -0.0420660935582403 -0.0041568587957127 0.0264328193932217 0.0667201969119379 0.103841120449619
RB06 -0.0212688621758173 0.0183646251879457 -0.154594016411725 -0.043567110051017 -0.105546399061492 0.0264554408888799 0.0166634110805811
RB07 -0.00582641570751341 -0.0396819374028997 0.0719047397247796 0.0389356445405219 -0.0135987170302697 -0.0483439624999822 0.0292088784901542
RB08 -0.0729775913805543 0.0304976047185662 -0.0387301800091384 0.143493260941571 -0.0189125510717205 0.0280431137973995 -0.00254553815624012
RB10 -0.00405471684849579 -0.0565212648653285 -0.0652059648326617 -0.0966177203405477 -0.123147574160747 0.0320243191097166 0.122711192551
RB12 -0.0508422831420272 -0.146648078005402 -0.0528049516196861 0.044641940148465 -0.072236950693939 -0.0235551388300056 0.0794345875325312
RB13 -0.074657095333998 -0.0236490863831932 -0.0885349009519077 0.0347339367200094 -0.0622806912334432 0.117653570224943 0.00319910441641761
RB14 -0.0152219695214688 -0.0158707169969541 0.0246407716166788 0.00337843209124564 0.0131406033438109 -0.0162920276544447 -0.0271835672114121
RB15 0.0312623627234625 0.0122538500307842 -0.0129611079058183 0.0767882840275815 -0.103977918406232 0.107295811783623 0.0186547405821413
RB16 -0.0713935270462221 -0.0404448758112392 -0.0876002075513054 -0.107837152618039 -0.0447191864617702 -0.0417061736978365 -0.0157145286089182
RB17 0.0672701873301364 0.12724092585049 0.031246560117876 0.0868035826129244 -0.0412979777441136 0.061124814249945 0.00415373943939193
RB19 -0.0574011962547953 -0.0657628792882108 -0.173119348086278 0.0417076351195483 -0.0601113314412134 0.0726908544071258 -0.168847593246742
RB20 0.0255341338604168 -0.00212182280682885 -0.0464201566503833 -0.00934627684807239 -0.0159451630264483 -0.0529085422399658 -0.115981123227644
RL01 0.163564999196042 -0.0386647262830634 -0.0507196015196222 0.065712288234471 -0.124562118606444 0.0187777700066203 0.00343026596764998
RL02 -0.00459472931075691 -0.0249112272939727 -0.0676953416856063 0.0673737558106015 -0.0139914934709952 -0.0973351441232255 0.00295510284343824
RL03 -0.101329559205549 0.0166261128865617 -0.0488893200359476 -0.00490405486080239 -0.0749738415665987 -0.00776422588720791 -0.0867733498356299
RL04 -0.0782923201023463 0.0295599805607691 -0.0540226854929525 -0.0666541643513953 0.120625042709596 0.0188620941982756 0.0310571674541883
RL06 -0.0911880322271465 -0.0406963651593933 -0.038385372936248 -0.0573029096332759 0.0924724028919668 -0.0367766785186433 0.0481130405898944
RL07 -0.0232199489816417 0.0733189862544119 -0.0436003561652077 -0.0135044245021981 0.0223702198213595 0.0154544235669185 -0.0195377925458549
RL09 -0.0646517527888802 -0.013478720087151 0.0283514386999284 0.0118109958584677 0.096420889150668 -0.00632086925495854 0.105708902942929
RL10 -0.0481073189342602 -0.021315402975027 -0.138718503129265 -0.0844873867513758 0.122792951049192 0.023325043544426 -0.0779327718286132
RL11 -0.125989638364245 0.0231336915469678 -0.110237028361708 0.0656830616037525 0.0462109658065496 -0.0926800552604277 0.117976288116212
RL12 -0.00549976872134572 0.10955863022974 -0.0854018266022328 -0.0334008304408142 0.0325454836105428 -0.00987648879842135 0.102048858647906
RL13 0.0397313366415197 0.124217365768643 -0.137449083844826 -0.0404515956292522 0.132208580356635 -0.0680938851672385 -0.0521181716388544
RL15 -0.135882649846667 0.0203799286130841 -0.0952953969371368 0.0615576530907618 -0.00324455612682527 -0.088521602516299 0.0248370615053903
RL17 -0.00482035837879245 -0.0380687256093435 -0.0191473851962775 -0.0347418164644196 0.0549794690915681 -0.029510412572904 0.110987292447746
RL18 0.233278585565159 0.0280568298043094 0.00295553935170323 -0.0328622789451162 0.0516189500092955 -0.0260285066747432 0.00543032777915201
RL20 -0.00983980763092007 0.00585107612570766 -0.0928821130135922 -0.061647620461726 -0.0284308264965544 0.0564686018593337 0.112237305039538
RL21 -0.0689072517175845 -0.0122564165328183 0.0256072337411253 0.0252432746374319 0.102344287006152 0.0234802274091144 0.000455575221438095
RL22 0.0738229071924331 0.118128647790839 -0.157021908671835 -0.05981964450355 -0.181469765592109 -0.164920781727859 -0.120581806254801
RL23 -0.0458902420543125 -0.00812928009206935 -0.156200078981267 0.0399763374511909 0.128308336195172 -0.0125142473824642 -0.0379949120049215
TR02 -0.0536048394172125 -0.0248871366232044 0.0250296790879369 -0.020825707861529 0.008916582688943 0.0284893590533441 -0.0352106005306039
TR03 -0.0754393861721885 0.0040035955632316 0.0438910105879034 0.0386495022632785 0.092710268164306 0.1053223596183 0.0241299065937732
TR04 -0.106573627092161 -0.0475812015068079 -0.00776883569362461 0.158557826071023 0.0267201325476246 0.0226247202166387 -0.027564522967809
TR05 0.00274933631729084 0.0343355870823414 0.0986964332266248 0.0168044076074811 -0.0471039971201949 0.145813436323353 0.118187779986581
TR06 -0.0612011171248913 -0.045620454833476 0.214612872899781 -0.0484470475711794 0.031796228618023 -0.0277007935977129 0.0313043741677099
TR07 0.00132365746798916 0.0140709753721406 -0.0215451948214876 -0.11046578809397 -0.0400305434940562 0.0383056282544584 0.0575136536316543
TR08 0.00787909479336816 -0.0780718434798643 -0.0345583310350537 -0.0170466916079286 0.0482269562504865 0.100349742305007 0.0314149859595129
TR09 -0.13617769171447 0.0171576454838729 -0.0273772069569811 0.0380751165310564 0.016602592488411 0.0440981191801692 0.0204435484299915
TR10 -0.0851808749436434 -0.0310273632434227 0.0527996579307577 -0.111316140419844 0.0267883602739583 0.0597076436984479 0.10896007697061
TR11 -0.0673859695957333 -0.00691992112750902 0.0271482156052528 -0.0261517678395543 -0.0653600375309621 0.074317620209782 -0.000632166627159845
TR12 -0.0306871862717195 -0.0315780565821496 -0.0031130392792657 0.0372475298197555 0.125400415782593 -0.0436969507154948 0.00822000812696133
TR13 0.0152486823296106 -0.0360844056093681 0.128411187203757 0.134268313762151 0.108365965994948 -0.0925143247377624 -0.109377068546294
TR14 0.233551089874701 0.0260881161751223 -0.0817841258102884 0.0103476973420189 0.102926942815558 -0.0501936305820268 -0.108859882270999
TR15 0.0293889970909838 -0.0689397518043827 -0.0360519874665268 -0.11379791926209 -0.0696956217490876 -0.0393788263955295 0.0835595929727469
TR16 0.0018558434514295 -0.0933647476949751 -0.129510145969396 0.0688417917388734 -0.0527532706155709 0.0251506780220677 0.0289336486616124
TR17 0.0256908928023469 0.0290814667657938 -0.0874071507339557 -0.0482234113573751 -0.0403426383458551 0.1455131231351 -0.113871239434923
