sample MDS1 MDS2 MDS3 MDS4 MDS5 MDS6 MDS7
AN03 -0.0162391475672512 -0.0629445049606971 0.0219724440856616 -0.0030386921882896 0.0321392130466361 -0.0236663139455529 0.0674226460166761
AN04 -0.0331131746433529 0.0362297218616667 -0.0386098256659242 0.00118478773684755 0.0425711597338068 0.0108211377166018 0.0434269374836668
CS01 -0.0661133760272154 0.0208605046524828 -0.0283505378463723 0.169185572193987 -0.013370164823786 -0.0076144200336394 0.110535975234723
CS02 -0.069462422651718 0.00681912464186997 0.06205704868381 -0.0860510161504173 0.0254867635075551 0.108245705645738 -0.0990283465329122
CS03 -0.0609960893050126 -0.0355745656110078 0.0114018103457411 -0.0594925618183297 -0.0123331748569145 0.0179433471302546 -0.0101036239200508
CS04 -0.0494344200975242 -0.0223544129978473 0.0125772943707447 0.0302605153636785 -0.0443832446667776 0.104662655259824 0.109815091592399
CS05 0.00515632541306261 -0.128442668654051 0.0213325846952102 0.0966260751434466 -0.0846670206300494 -0.0383219288626804 0.0516677387631052
CS07 0.0423708539523354 -0.0826113281681397 0.0919166275662536 -0.0695749797150735 -0.099564995615499 -0.133961428596746 0.0309040097208519
CS08 -0.199839357908537 -0.327202684239319 -0.117294092608841 -0.0419993705595952 0.0135462128028615 0.0652779478730424 -0.0878455845223153
CS09 -0.0600403837268752 0.0374533037345775 -0.0519248383139892 0.102351660795761 0.0662306199184129 -0.0351829297387877 0.0313032815164426
CS10 0.0216105484275618 0.0454019185557357 0.0558603769934852 -0.0668282045478984 -0.0216631575258646 0.0137773654521073 -0.0580358351063796
CS11 -0.0771256749454449 0.0828372834224568 0.0551338538867802 -0.0950972608422781 0.041192290463544 -0.0380969291293129 -0.0126877407866115
CS12 0.0424713219201402 -0.0567449949258191 -0.0143551256659632 -0.090402778004177 0.0553515827869231 -0.0468364813078161 0.0325147170817746
CS13 0.0440533798737199 0.0806976194941162 0.0207927976700124 -0.122061162598184 -0.00440240387061258 0.125146262410534 0.0101778183709217
CS14 -0.013199277786669 0.0175520474896338 0.0479105147912444 0.0566998417648845 0.0242920832730217 -0.0593530565018718 -0.0213792266737677
CS15 -0.0495421690569972 -0.044420551624082 0.0625606942147078 -0.0423124469257156 0.0186114272375341 0.0442191138028574 0.0915982045605682
CS16 -0.0338572199302701 -0.0135380038349794 0.118538930793592 -0.0322114264121741 0.130008606403251 -0.0801948213709198 0.0285535097113413
CS17 -0.147339713180557 -0.00859961226029404 0.00157315035350045 0.118011220648199 -0.0235520585433247 0.0109575118969172 -0.103607022657482
CS18 -0.0160599710143933 -0.0290201735659483 0.11719546834349 0.0715413622485867 0.091316554735163 0.0200626511455207 0.018644229780454
DK01 -0.0166899306327303 0.0693053588420587 0.0294858013173945 -0.00565760368568829 0.0420942010119736 0.00701516035977218 0.0649930662554577
DK02 0.0550958473797108 -0.00950113297594241 0.039086747764479 0.0687403999610068 -0.0824626634593414 0.00552175565775279 0.0117117075834463
DK03 0.0752585441168068 -0.0761302142212195 0.103014704055529 0.00630217877466255 -0.0666345960728297 -0.00350661071387048 0.00176763806446736
DK04 -0.0719299158974613 -0.115139027657996 0.0942388168621176 0.0815928600522694 0.0727952828833623 0.134681912179091 0.042563539403605
DK05 -0.200687271517249 -0.487623795727265 -0.135930456265876 -0.038915542899969 0.0830110652692034 0.0802101725937237 -0.150905976362057
DK06 -0.0122766901054701 -0.04367986896746 -0.0578886045811502 0.0399890051252789 0.0766242621098027 -0.016688668080502 -0.100390560320038
DK07 0.0789507444735017 0.0384472060414186 0.00824902954811311 -0.0241683573576338 0.0871890655428159 0.0720975792114504 -0.108162698436839
DK08 0.0870862576476149 -0.0408935597587467 -0.00456595173526688 -0.0393116607497663 -0.0611360461329675 0.0902074673517423 0.0323862123787053
DK09 -0.0243234605457412 0.0386572054641054 0.0263849200224061 -0.0478783580669623 0.0157794731312276 0.0599885444373009 -0.0394022782089243
DK10 0.21654171907896 -0.0163037203929489 -0.045123687406374 -0.00754549426021072 -0.0423571275242964 0.0706017743745074 -0.0351378086803348
DK11 -0.0735404575793939 0.00143162276574297 0.0583601569963655 0.0152651221822243 0.161288747702173 0.0156676901734644 0.04595386652878
DK12 -0.0701732037313341 -0.013320625108707 -0.00253395369720863 0.0173451855291102 0.0648402481901085 -0.00538294282717494 0.0663567900372782
DK13 -0.00326664304235822 0.0389980213883143 0.0368688993949083 0.0343804442462581 0.0206619993950038 -0.0736777967353484 -0.0318202310359218
DK14 0.091110541157481 0.0209899843410526 -0.0322519035054988 0.0368925002327769 0.0446503114160749 -0.143640550465644 0.00658868302571617
DK15 -0.117881826949889 -0.0204026958032351 0.0763813088935957 -0.0466749432224903 0.0081703757068087 0.0728251203050723 0.0043637900367793
DK16 0.0171056894707306 -0.0181549472190238 0.0584482300277413 0.0678034094593506 0.019825054665344 -0.0580776690363356 -0.00234221847612843
DK17 0.0730198483459818 0.073180902283791 0.0707375590927113 -0.0179296093343075 -0.00290850896096758 -0.00650071734096463 0.0659512609714746
DK19 -0.0288786856800613 -0.0023626276738034 0.0800060685835453 0.0318187559563739 -0.0178183593287538 -0.104963041415192 0.0975058241778769
DK20 -0.0481054687030208 0.0267082973669286 -0.0213762290033937 0.0336577470588609 0.132752410044189 -0.0278301072357921 -0.0190519139871329
DK21 0.055115319660515 0.0207033362618188 0.127770032899044 -0.0887136502849132 -0.0544113212728582 0.103333416666803 -0.04743483883733
DK22 0.0774568311054084 0.0558915343754248 -0.0225054203540796 -0.128567854781795 0.10051784663313 0.107012313058713 -0.0513146581900265
DK23 0.0703727306808295 -0.00637713219773568 0.0927494366678442 -0.0738364678046094 0.0351612166744364 0.0252933125167607 0.0594299747666122
DK24 0.00375940547339424 -0.113893453664128 -0.0135616308261598 0.10583870379594 -0.00221496338946795 -0.116287415921494 0.107734968052597
DK25 -0.0505270899836151 -0.0408388905201739 -0.0124200599686357 -0.00399857019981164 0.0622093781583713 0.0638719038711005 0.020176814530472
DK26 0.0942122758832606 -0.0730623986792579 -0.0432131753732952 -0.0649426818522209 -0.0240591798429321 -0.123515985288654 0.0855851663957918
DK27 0.0771547833828194 -0.087432482883161 0.136035185931502 0.040948687590147 -0.0162194901021576 0.0417834143304978 -0.0646211844819235
DK28 0.15303383582295 -0.00962397129714746 -0.104519447592456 -0.109467225407899 0.0346174021355945 0.0737195054857087 0.0115846113923632
DK29 -0.0815242050192301 0.0100783293923471 0.0241241150054395 0.115177070127426 0.0106349418324207 0.00418148098257253 0.117036402944898
DK30 0.168435573317375 0.0179037269073339 -0.00881803104224767 0.140692015179484 0.121585477272926 -0.0347375584522714 -0.0829326856455893
DK31 -0.0457158796415437 -0.0686794102160274 0.123967782623326 -0.0380236747733599 -0.0388380767896066 -0.0691860580922499 -0.00343050796314719
DK32 0.00300451834615765 0.0640856161836069 0.0436933618521861 0.0864616733608533 0.0197012556159136 -0.022741614861265 0.0901311979464786
DK33 0.0693611788346241 -0.105692210175059 0.0625314178055244 0.144501672280951 0.0313230044203083 -0.0515414017444179 0.0931541112761644
DK35 -0.0453009957586564 -0.0609699942149974 0.130233601461545 -0.00683090385168677 0.00041324498801472 0.0190756587293214 0.102101158471918
DK37 0.00729795972784333 0.000379594729091749 -0.0437741079401383 -0.0183206828269796 0.123306729872772 0.21015450637505 0.223588867029378
DK38 0.0189229624098106 -0.0268102760302334 0.0512491211120371 0.00889079284402538 0.237144520670921 -0.0121980955740841 0.00689818260412548
DK39 0.0193173809259765 -0.0475396477306362 0.118555776195814 0.0338219707567851 -0.0514474866401353 -0.0618729946501064 -0.0237450168394761
FR01 0.131247501362855 0.128963931341252 -0.0426022305738792 0.134188222550869 0.0137294387894545 0.0672802424705818 -0.101938300260274
FR02 -0.0179025340260409 0.0789307441814015 -0.0254395735875903 -0.0264276907018379 0.0484398230995996 -0.0257552092860696 0.0036757365327295
FR03 0.0299155978170415 0.0513246484044887 0.101126233805755 0.0178205621224618 -0.084301700574915 0.0289759210153889 -0.0685118251959896
FR04 0.0500735271546943 -0.0655470882290832 -0.059248672568125 0.0926784820842055 -0.120391867569905 -0.0653247967393172 0.176143765122035
FR05 0.0605284237005809 -0.0756950224098892 -0.120507480237113 -0.159448633871857 -0.121038566675649 -0.0976211123634829 -0.0525253150810896
FR06 -0.0697332641714765 0.00482817613734841 -0.0292566783427967 -0.0603680819296413 -0.16737801814765 0.0110478896591778 0.0817712712568683
FR08 -0.0151297542643698 0.0165857960311648 0.0500488673291814 -0.00598455061915579 0.11819118032291 -0.124356126874789 0.0808262266376592
FR10 0.0516108067956696 0.0424740678632508 -0.018387596329396 -0.0368643059615264 0.00474251111441922 0.0490120419853794 -0.155864025824253
FR12 -0.0390583042846914 0.00113614881117596 -0.0764696910809149 0.0763622469346322 -0.00440188839283184 -0.0239507203655155 0.058038897394493
FR13 0.0195156017774301 -0.119036246983294 0.0681859165228965 -0.0760796956822898 -0.0718480516552753 -0.144250841346457 -0.0451092811659565
FR15 -0.0552974079801221 0.0213671011193371 0.0793289780016575 -0.042019882105677 -0.0713596911422157 0.0233101567819403 -0.00917564887353712
FR16 0.138301974975631 -0.108701306023277 -0.01181138133376 0.0267426134965535 -0.00161451709959833 -0.0495387557497122 -0.0171827293193106
FR17 -0.011932943167186 0.0644447251549137 0.0660196616571667 -0.0750357557437211 -0.104884781156651 -0.0559925746873928 0.0335196687938492
FR19 0.0673363855693206 0.0201103796385681 -0.0204819716303223 -0.0479159492171435 0.135455704716953 0.0554926482504749 -0.048323152812457
FR20 -0.101436396337881 0.112327707550371 -0.00800098768214274 -0.00787630448182769 0.0196922083428444 -0.0372343629549154 0.05894781161455
FY01 -0.000543924053316247 0.0401192702779535 0.0320506732144818 -0.0274521572939379 -0.121837446841305 -0.027716388346956 0.0501302670963342
FY02 -0.0408356220780067 0.0597103787814832 0.0908803555848662 0.0271600182552906 -0.00617256267129361 -0.0547569937210971 0.0369643267682521
FY03 0.0743330050833793 0.0149725755401055 0.0124555220879555 -0.0266072354169914 0.0970771578988778 -0.00879967124384292 0.0755993052041879
FY04 -0.0142779148058043 -0.0867665836275115 -0.147653227972642 0.136265699343766 -0.0271904075382984 0.0414288329549399 -0.0314083904025663
FY05 0.00457548283302974 0.0270221536404108 -0.0906261475427245 -0.0763355806876883 0.0200827500890411 0.0959661006654986 -0.0345503910680012
FY06 0.00475361411719661 0.0158743862418381 -0.109749689353562 -0.0761588001271717 0.0359129149663256 -0.021563126580557 -0.018677608549572
FY09 0.00461856460237322 0.0520316117001557 -0.0125893550279494 0.117315900517607 0.0970553112783638 0.00189013398594271 -0.0357956473557862
FY10 -0.018964775206353 0.0748867125983275 -0.0679582218122215 -0.111671950818216 0.0294771552360663 -0.093901773429937 0.0379269136912651
FY11 0.100379270475692 -0.0302335492314009 0.0325431248380241 0.0747897437640003 -0.0317319230080763 -0.0262100026569646 -0.0398069435387777
FY12 -0.0808683298137993 -0.0288477339479714 0.068881486441079 0.00552964353758891 0.0960804873671737 -0.0201759500243793 -0.0896606927161675
FY13 0.0886491576131325 0.113242989984013 -0.097002057849169 -0.00998959409507026 -0.190564191257807 0.0803859179786635 -0.0143922095147865
FY14 -0.0467371089334729 0.064572793129982 0.00457752836153034 -0.00172221642978046 0.0919225959388429 -0.0524897788470414 -0.0389198656097045
FY15 -0.0714602216923347 0.0462139971649419 0.0883492881960518 0.0179552504450252 -0.0261989116117992 0.108317055985023 0.0313164244005279
FY16 0.0161607762037091 0.0771132834542599 -0.0241008176321389 -0.0356985957174124 0.0573867254815322 -0.0723836569365644 0.00520440809300024
FY17 -0.0204289531902373 0.0301458168900845 -0.00765683227618633 0.0386748553593982 -0.0419599375795543 0.0803585315096315 0.0835702681997491
FY18 0.0217282688126104 -0.0295745601738078 0.0148130241155581 -0.0913714220583274 0.00667235413073766 0.114767879039154 0.067542001573755
HH01 -0.12281368580997 0.0249815639487237 -0.0484453273078131 0.100299895284649 -0.120089460404552 -0.0751145781856465 -0.107041005073472
HH02 0.175853052088706 -0.048028500872677 -0.0177059433944533 0.100094377244478 -0.0210199423921723 -0.0222686483520018 -0.104843408794447
HH03 0.00987246677814556 0.0140616962209254 0.00854031972515964 0.0620972814824276 -0.0260092367746479 -0.00879828705175475 -0.0457190620218177
HH04 0.0585698946777299 -0.00943404044865318 0.0730084415363967 -0.0135853270407618 -0.118906810203177 -0.00296779157211909 0.00132378105167675
HH05 -0.0378957398069726 -0.00386578491808887 -0.00587838816256685 -0.0455510068331625 -0.0592490055643647 0.0491701218662496 0.051858454319416
HH07 -0.0189993823728254 -0.0910750075511969 -0.0502057984657552 -0.0826876887493534 -0.039201678927327 -0.0734632002970801 0.0386758293376674
HH08 0.0414005128893139 -0.0390739432381622 -0.0453439345407595 0.00863999222771357 0.00274004294936707 -0.000573882586688515 0.00586323254057331
HH09 -0.0619325329817793 0.00366271461780959 0.0243144140854796 -0.0167305525390628 -0.00925772385838999 0.00737256069582551 -0.113790393832172
HH10 0.087456692211704 -0.0113211923842637 0.0656169401080681 0.127524267689984 0.101067851972164 0.0761073184005047 -0.058251293513434
HH11 0.04783750196468 0.0227190562925635 -0.0398415829740883 0.0416596978815412 -0.12426433850952 -0.0570066261789636 0.0355022331614449
HH12 0.00475416370121102 0.00198067819382864 0.0199327619387024 -0.00762348062750821 -0.0223135192156299 0.137983731187253 0.0117482395095445
HH13 0.0189058173560603 0.0137923607490931 -0.0745931087478806 -0.0201620272467927 -0.00674808564196992 -0.0520702420771371 -0.0199452549342415
HH16 0.0460286870275536 0.0711035830998799 -0.00526376519312488 -0.0463443114488706 0.107108538727946 -0.00573239510828009 0.018463999232472
HH18 0.0462235727993256 -0.0472612047402909 0.0779583064802432 0.007476674445789 -0.072874779680319 -0.0918916190955577 0.0694647197745965
JB02 0.0651352555097538 0.00262859900257298 0.0949171111386013 0.12874676368336 -0.0392606007866952 0.0156950274875504 -0.131382268245807
JB03 -0.0064387683426784 -0.0191775469578008 -0.118874578984898 -0.0168238070305774 -0.0365759131311349 -0.0745027306122815 0.0831222915546331
JB04 0.0705308925972097 0.0582177640179365 -0.0611106077064037 -0.0877575917520836 0.0564256537655544 -0.0169502176854031 0.0175265703230136
JB05 0.0582286894356854 0.0312611042044069 -0.062077448698804 0.128717342872285 0.0080963657382372 0.172152258185955 -0.0904689949987928
JB07 -0.0104989445805846 -0.0224074799329021 0.0329512646311873 -0.0382105791237228 0.0138919473692265 0.00948771062416029 0.0569698341039534
JB10 0.0839181291951976 -0.0420428974520226 -0.069157457506352 -0.0129391291019871 0.0190783574205256 -0.0318217709221734 0.00435013765650612
JB13 -0.031145916726413 -0.0404011620886845 0.0580166059305712 -0.113399574772182 0.0342125238970966 0.0605101270499649 0.0293096732516659
JB15 -0.08711189423977 0.0713765141431099 -0.147178681843992 -0.000409962048422623 -0.0947121820294004 0.0611851483723633 0.0174093972056739
JB16 -0.0901657786118641 -0.00782439192423809 0.012817597722822 -0.0181442504344558 -0.0118817508646398 -0.0251000064345588 -0.0426884964749174
JB17 0.0574063955857004 0.027968436080429 -0.15471924174386 -0.00982296584411065 -0.0563469948470872 -0.0884531477053574 -0.0542974693845615
NB01 -0.0140706217637246 0.0401525337988875 -0.0260307738875278 0.0415175854005603 -0.0560659958681512 0.0431621191372654 0.0929094330170078
NB02 -0.0389054021812739 0.0337990690565722 0.0217799193906001 -0.084633838670172 0.0281288732397396 0.1388211638453 0.116992070659915
NB03 0.0414676622787315 -0.021535292215154 0.0307857819299378 -0.103827732593929 -0.0267768371597672 -0.0837492512317915 0.129373926568309
NB04 0.00113464944080455 -0.0169154622011063 -0.0246164673212969 -0.00278025459126363 -0.0535925322757107 -0.0503174656466056 -0.0261169554235984
NB05 -0.0465392579602938 0.0512962833530572 0.0914635676116896 -0.140961503680583 0.075886547328861 0.0171958461801142 -0.0193380239987886
NB06 0.0132749743261962 0.0424253181278052 0.0719938819169598 -0.0717506332240677 -0.113155360761603 0.0203856668636503 0.0561639184617295
NB07 0.102746092338715 -0.0542979261179651 0.0131520119892464 -0.0396077699603171 -0.0772015756522069 0.0294215955661358 0.00204406771610527
NB10 0.190315331377507 -0.026752324525095 -0.0403720470972641 -0.032184896971299 -0.000698560142340667 -0.157184314429127 -0.0815550768701662
NB11 -0.027673805299327 -0.0314404734832789 0.0141710774322956 -0.151102976172059 0.074196818627434 0.0616574984253441 -0.0285623863807229
NB12 0.0415620819526369 -0.0046861531282643 0.0871769679236593 0.0756723943939679 -0.0740526581642883 -0.012846649826557 0.0316276594466909
NB13 0.00832358787744042 -0.044271045848195 0.0468954002203235 0.0140737884819593 -0.06166493964541 -0.0584130625386838 0.154568505119678
NB14 0.0234840267310147 0.0045832321450902 0.169603185710481 0.048679935080892 0.0600083621330429 0.0965084243429551 0.0257368772561304
NB15 -0.0340089808047101 0.0462552341332354 0.0314088513839666 -0.0227355957647464 0.0541809031077588 -0.0155293940810875 0.0390277241416014
NB17 0.00918812025961904 0.0237861512367385 -0.0442720111959659 -0.0637632224868609 0.0463480585804689 0.020480579172078 -0.00885129280513486
PA01 -0.0841198190771948 -0.0450402661004862 -0.123777636321397 0.0479171509886381 -0.0106182886225358 0.0523658456315991 0.0536400986620737
PA02 0.00486282931012067 0.0260480204530467 -0.119682567308068 0.114789254736341 -0.019291289097361 0.0106551697008687 0.00666610234527627
PA03 -0.0522132921481744 -0.00694948736673457 0.000379771868198241 0.10240844175507 -0.0432228066336102 -0.00280704885629978 0.0544560269383235
PA04 -0.0453849903932517 0.0606301311794559 -0.00225559356466911 -0.0811638936581628 -0.0902010629001791 0.0871865864783022 -0.0377402283170753
PA05 -0.0721540150550052 0.0510776007293254 0.0658319495874106 0.107107971145318 -0.0650371710407928 -0.00141955878537987 -0.064313516393066
PA07 0.149473681099604 0.0770455683520835 0.0694733315430717 -0.0646032350952801 0.027980394917701 0.00608104097499997 0.0349523705485552
PA09 0.0249696498667602 -0.0777163342284124 -0.0878943427591474 -0.000871556833900203 0.0637631595326748 -0.176359092931007 -0.0382886638306135
PA10 -0.058029100175573 -0.0513674262745305 -0.0357234459647829 0.0322049377241608 -0.0943976208893247 0.0673867748310374 0.121620566865543
PA11 0.144617138272064 -0.053674174613251 -0.0282944010181249 0.0425420981319682 -0.0945447973506197 0.0705811775798374 0.0331046889193411
PA12 -0.00579897524527235 -0.0348539209181699 0.0260170252459697 -0.0779248184541501 -0.0719951890884139 0.0444478561215999 0.0777212759363368
PA13 -0.0275252034437183 0.00727258526152731 -0.0237733916201519 -0.097791807921423 -0.0986884655974411 0.0151237546698368 -0.100109935377449
PA14 -0.100430867288674 0.0163650680446875 0.0380730430190693 -0.101872853770814 -0.0430599184626121 -0.0639367034099515 -0.0987672735503936
PA15 0.0391454865705604 0.0174278643310298 0.061654318724829 0.166705228340959 0.0575964951209259 0.0712969020546732 -0.126496121570738
PA17 0.000168979917704748 0.043039050372082 0.0542268441617721 -0.000332941582589071 -0.0721871640377364 -0.0205296600770032 -0.0186034324120574
PA18 0.0531355362868114 -0.00185581391078202 -0.0572062468785801 0.093614862129421 0.135024227242237 -0.0383007438909073 -0.0478029366990545
PA19 0.092839916391486 -0.174365213444899 0.0838085738360743 -0.0364696204828305 0.0229133086417184 0.111283031252114 -0.00874762762423201
PA20 -0.0636882090133963 -0.0456490727216354 0.0552280549513321 -0.0690467292344023 -0.0171571398283206 0.023750580732897 0.0595676791253591
PA21 0.000798549801692967 0.0153853577324681 0.118385919443358 -0.0760630360922985 -0.00657646478271569 -0.0611266870813951 -0.000732543027965923
PA22 -0.0657774635529736 -0.0926305270177009 0.0470933527571768 -0.0127062663100672 -0.019069983892101 -0.119131830500736 -0.0472592078740233
PA23 0.0335873763578679 0.038696892347553 0.0310901475279288 0.0500174039845797 0.00693609819603115 -0.00278766190635494 0.0457945901140597
PA24 0.0180493358406621 -0.10368296807037 0.0956876773169722 0.00888664398540483 0.0375514108732528 0.166534086166415 -0.040265368740477
PA25 0.00901331119949378 0.0257464605511485 0.00924945787793182 -0.0479032207881143 -0.119642088514601 0.0171474931320285 -0.0714156806278056
PA27 0.0917163190853235 -0.0599814254089387 0.0163736569792518 -0.0133772798788424 -0.0448380956983283 -0.0208586447844299 -0.130771768678574
RB01 -0.0403389817879446 0.112231598098617 -0.0671799310112009 -0.0192361726063903 -0.0816215923014634 0.141459607325331 -0.0404976384996021
RB03 -0.059387763346672 0.0160594353777023 -0.049470558288417 0.0412735425111963 -0.124099004222223 0.0265782578273147 -0.175769694851416
RB05 -0.0422483557669444 0.0225801229546419 -0.0327447814406386 0.01621143721949 -0.00626195996268507 -0.0809932287544807 -0.087147615940603
RB06 -0.0271284358513497 0.045560497245464 -0.142720593149199 -0.0637952989223332 0.107025155497456 -0.0479368820601129 -0.0139271737392964
RB07 0.00264546574366612 0.0190964717209038 0.0899106574449865 0.0693029762805711 0.0886938522407512 0.0326625738281996 -0.0564110991527329
RB08 -0.0794086918511948 0.0162212093824526 -0.0327659590805612 0.118929173441614 0.0349263428343205 -0.102833972807208 0.00321981794530741
RB09 -0.0966017389844074 -0.0614110017074843 -0.0279884996278797 -0.0157945280556011 0.0270331236848195 -0.115704249427957 -0.0565654647703425
RB10 0.00329716362034624 0.065201556186161 -0.0362474073515617 -0.114801231969527 0.116237998440689 -0.0231049987170911 -0.149766816779233
RB12 0.0112705271815326 0.157125391132025 0.0193722698897036 0.047970327263933 0.116294046055149 0.0157012111094453 -0.0460029495691776
RB13 -0.0517147161017373 0.0737676380323232 -0.0597069428922463 -0.013281076056722 0.0405133768439648 -0.136248422117816 0.0705517316600489
RB14 -0.0025937466709783 0.000920424766006749 0.0316886883428333 -0.0117695289793168 0.000290154337052036 0.0329051520239618 0.0385743872346965
RB15 0.0345726551558878 -0.0208889770248231 -0.0205566096924522 0.00987774802166636 0.0769197897032345 -0.124044553418675 0.0177166188079011
RB16 -0.0596581069265916 0.0927765609920332 -0.0633866416037416 -0.0846103861563735 0.034318713417069 0.0502191235530007 -0.0231943497922854
RB17 0.0116639484354628 -0.145704022182583 -0.00712119028034489 0.0456419494698752 0.049541944099916 -0.09631220741556 0.0215421796111393
RB19 -0.0274025042264208 0.137694143176349 -0.130192945973327 0.0076280259305915 0.0205312416198524 -0.0485167408994259 0.18484054741378
RB20 0.0218939956737462 0.00177949481758802 -0.0576279895466079 0.00259597385070012 -0.00996902404739682 0.0599557713920493 0.0945815925571072
RL01 0.164363649861569 -0.0242642796785691 -0.0477992856912032 -0.0150942753769972 0.117798966296954 -0.0714513339586157 0.0229818365192471
RL02 -0.00101957034421193 0.0299367936208083 -0.0520660690505791 0.0701647572273545 0.0775444375928686 0.021479000166937 -0.0431288692138787
RL03 -0.106134882890726 0.0472945168798468 -0.0407915805997837 0.00788030525558112 0.0784804557343207 0.0197706057809125 0.0649001749180301
RL04 -0.0749388623163255 0.0284625928908905 -0.0523489238868179 -0.0186221557513577 -0.124672711400497 0.00375493513177663 -0.0201213406876248
RL06 -0.0630894495012106 0.0857100725001407 -0.0128950248016277 -0.0034309577283764 -0.0843844483350224 0.0548674133567675 -0.046926363286366
RL07 -0.0532783410157651 -0.043075754876667 -0.0805461313407334 -0.00844815918813741 -0.0200907477079972 -0.0170947898452217 0.00297248529848568
RL09 -0.05179304242161 0.0254358547252892 0.045035893370047 0.0484760626201954 -0.049125427369079 -0.00558133990275135 -0.104335315386412
RL10 -0.0445632070251441 0.111156168532635 -0.112701547894989 -0.0375900453403716 -0.129600132391063 0.0667601163384343 0.0255161751124647
RL11 -0.119912663588599 0.0561323891618238 -0.0966752332248092 0.125100016412545 0.0161601325943091 0.0154952940255401 -0.127371851691731
RL12 -0.0431420989281397 -0.0676889272881986 -0.10164300476721 -0.0182785783875647 0.0120018116513477 -0.0174192612440296 -0.0869712581850879
RL13 -0.0151767792268191 -0.0572157834524171 -0.181491593801152 0.0164901839591231 -0.0963632534835639 0.0954063846552759 -0.020040941944577
RL15 -0.136983186152927 0.0613809632935968 -0.0636718239906628 0.093003505088807 0.0602865248720571 0.0326036152320776 -0.0438391005559441
RL17 0.01468190625947 0.0435065703702156 -0.00342344844962791 0.00518722555355403 -0.0442212253140738 0.0215899054655544 -0.131170693458508
RL18 0.207807777162236 -0.111036319943433 -0.0346510463755194 -0.0230973304406048 -0.0315230320116881 0.046350666888511 -0.0226840078232652
RL20 -0.00918029637653843 0.0289462592527692 -0.0784453624639911 -0.0773085753899888 0.0264473170418272 -0.0650408656160052 -0.0620145312626116
RL21 -0.0599923192047258 0.0383591757779363 0.0306573289033521 0.0399013417918993 -0.0873216053832507 -0.0186313792258404 -0.0051552921339574
RL22 0.0270758468394507 -0.0939212369316151 -0.182631868686394 -0.0324543516116455 0.171222671115867 0.193611844797981 0.185051900848261
RL23 -0.0319990074778628 0.0713161310363565 -0.132369530218077 0.0861983362309667 -0.0898874733262317 0.00880993396698528 0.0247978354353291
TR01 -0.0106034950187007 0.0868674368526072 -0.00194685967777708 -0.0595226477157521 0.0950479741126634 -0.0607109072747537 -0.0165428286482911
TR02 -0.0494310510576929 0.0331277832646323 0.0335178780731587 -0.0367357087523196 -0.0103812965670606 -0.0270267176774092 -0.000168053817222693
TR04 -0.0792927294039717 0.0774577789252283 0.0216860221512271 0.161395577106008 0.0358340277786708 -0.0644807749662952 0.0257763216909761
TR05 -0.00985502368329221 -0.0531722296171028 0.0903389928021381 -0.0532033506718228 0.00746727190139751 -0.142530146345982 -0.0641898596720507
TR06 -0.0558451495429346 -0.00150147943860587 0.210405930861485 0.000547407028866616 -0.0183106858802729 0.0716018335871572 -0.0512614450255895
TR07 -0.0120144482011889 -0.0101259572638126 -0.0156156876534673 -0.138262663968247 0.00406010757301719 -0.0600307076873916 -0.054472862545954
TR08 0.0285677334007449 0.0879730666739874 0.000578841522022373 -0.0118893285414203 -0.057888290497218 -0.090591831356107 -0.0468432178952025
TR09 -0.122861748316234 0.0404428610221391 -0.00721229908315585 0.0225411761788767 -0.0461496997939599 -0.0695368081262849 0.0183078955294709
TR10 -0.0671156986223167 0.0500308050417732 0.0758162998524125 -0.116526491442281 -0.0751101385100893 -0.0316391973314218 -0.0953545785486105
TR11 -0.0549389830771599 0.0271854984500354 0.040034130468697 -0.0597322210579045 0.0142430235613407 -0.0460815061535087 0.0567161450121628
TR12 -0.0234114340207407 0.037256815256918 0.0111990115525022 0.0922006538954315 -0.0961961053601775 0.0401609009403438 -0.03719956055642
TR13 0.0246263884854314 -0.0205821908525295 0.121534136748293 0.179190468293128 -0.0650543471069007 0.101385512669402 0.0723068444781101
TR14 0.212383051245471 -0.0643362848993307 -0.126688907735095 0.0579924812030338 -0.0752571753983209 0.0957664745953197 0.0460372073403909
TR15 0.0469634928431702 0.0626655748904407 -0.0121134201716643 -0.0888183327204884 0.052224630147582 0.0397211260629187 -0.121520072758094
TR16 0.0479554275840411 0.118399955644279 -0.0922765331304922 0.0642957262288259 0.0650723889952893 -0.0484784736430814 -0.00531643539758688
TR17 0.0174010068232265 0.00693282428835236 -0.102540231626963 -0.0920019162513945 0.0149401411289045 -0.0647106068326456 0.156045997653542
