sample MDS1 MDS2 MDS3 MDS4 MDS5 MDS6 MDS7
AN03 -0.00910438125833157 -0.037567440043177 0.0507725563964791 0.0205492021114068 0.0294062602584562 -0.00345465986244532 -0.027297857337902
AN04 0.0526374435591549 -0.00299470141941055 -0.041933008656128 0.0241551526311234 0.013766798553611 -0.0111563749773117 -0.0817854010252018
CS01 0.0637131787881109 -0.0338157672993171 -0.0388046198337517 0.163453921967252 -0.0609492617902228 0.0214752368989064 -0.0714785731557879
CS02 0.0616844018540679 -0.018178464890479 0.0579036867697057 -0.108885213235288 0.0549174367729009 -0.0840591781224051 0.0263305687759291
CS03 0.0424348674749817 -0.0519574278369714 0.026422701656429 -0.0420713173254729 -0.00724016150926075 -0.0627375419525724 -0.00485182388882807
CS04 0.0230086180165582 -0.0505261429490893 0.00624022238917733 0.000617823721946173 -0.013817812729237 -0.0146135669230142 -0.114109573708001
CS05 -0.0510714423954793 -0.0941203725309848 0.0739369374058012 0.092028783265226 -0.081939336323676 0.0621534092224894 -0.0346138174940174
CS07 -0.0716991955881972 -0.00396293402454398 0.117969667019919 -0.0615104341129173 -0.071920253908816 0.146677598727125 -0.00633403590359104
CS08 0.00158083749196679 -0.381226564913958 0.0395811183892076 -0.0470162692043062 0.031415270002019 -0.105223763358041 0.0569593566697069
CS09 0.0673433475740446 -0.00878605335481328 -0.0610462647571993 0.117059485808754 0.0293408263307289 0.0322321280441601 -0.0364465067002579
CS10 0.00184104625549826 0.069196587781162 0.0307342600662115 -0.0986096303452673 -0.0110090111146184 -0.0151733139278765 0.038078766720924
CS11 0.10428973125736 0.0396176673174127 0.0197308834727546 -0.0690106351755398 0.070246720521349 0.0687868622390464 0.0297536029855582
CS12 -0.060812105311675 -0.0278743171902454 0.0307248470996761 -0.0490597715347402 0.0785059116771647 0.063223816071678 0.0205019903808177
CS13 -0.00668564328955368 0.0869454016228212 -0.0143179226395397 -0.159301961151314 0.0445079987720389 -0.0350193933644321 -0.0802626660882303
CS14 0.0266842591152897 0.0330381920644713 0.0362455567057916 0.0724825789545933 0.0106601315334361 0.0407432504690624 0.0422238175291594
CS15 0.0365512436640771 -0.0367112384197245 0.0857692112494532 -0.00852974401629325 0.0248721814684328 -0.0104489896619646 -0.130868255093213
CS16 0.0488148116246475 0.025168448410605 0.122024217891843 0.0366714814811461 0.110360174612342 0.0437614052493866 0.0445219830711111
CS17 0.109595327809319 -0.0733116306231787 0.00935217631111728 0.0743480543902753 -0.0567925656064627 -0.0479977332123385 0.0345908348938451
CS18 0.011493129069049 0.0118847871812151 0.0983809958689865 0.0880791148006771 0.0717237808798772 -0.0260056960548522 -0.00492553207765148
DK01 0.0490293456151235 0.0567003659286192 0.00542750660109404 0.00412693628961491 0.0583152838636415 0.0463653977326403 -0.024945394501867
DK02 -0.0507924974923572 0.0408612597863516 0.0294118176453623 0.0449303064437365 -0.0761286940007077 -0.00274384850279974 0.00734501277100854
DK03 -0.090055945596615 0.00849367672932653 0.124283306204703 -0.000834583679899942 -0.0717373777650647 0.0195385494561411 -0.0486043046272402
DK04 0.0314162946616031 -0.0756021897522607 0.125821316011067 0.0641537693408367 0.0550021132370175 -0.158160499767481 -0.0714753397896553
DK05 -0.084794587908875 -0.522181554114053 0.0969505773418351 -0.0118858480757094 0.0901517185113534 -0.131684136593077 0.116557590693684
DK06 0.00428285879254613 -0.0375206366455615 -0.0356383644678759 0.0595512072371059 0.0293825603826109 -0.0804088362398591 0.116046843402638
DK07 -0.0426166603561565 0.0781830513667887 0.00152192317852593 -0.0153772385430992 0.0758205801037962 -0.0913278021993703 0.0800631126839815
DK08 -0.101821138393123 0.0113395413937244 0.00697371001271554 -0.0973441185622098 -0.0171997361881605 -0.0383225124570234 -0.0765851896311242
DK09 0.0369469087783354 0.0156972599103224 0.00887251427155629 -0.0614235724270339 0.0153718274346777 -0.00994656568447592 -0.0167071058256901
DK10 -0.206322270005282 0.0771924908323657 -0.038550076174389 -0.0325941473940756 -0.0482056541979757 -0.0546929781699697 -0.0320581238507794
DK11 0.0702400009933577 -0.00664729635090785 0.0455364899251802 0.0548411691875279 0.149430042966126 0.00174323081958032 -0.0146879309990274
DK12 0.0657048685626552 -0.0414944316329247 -0.003366548779512 0.0467251414478609 0.043675168684362 -0.0124492768981791 -0.0389473695858367
DK13 0.0276455202373455 0.0503229773252889 0.0116176298725257 0.048882575918699 0.003990612357025 0.0514883342147313 0.0374778945560387
DK14 -0.0755203625505396 0.0566094659195487 -0.0423710315964142 0.094116847194234 0.0458423998848305 0.142917853046711 0.036503040942223
DK15 0.101468858720886 -0.0528258119578178 0.0758880353843345 -0.0603080866863623 0.024387290157947 -0.0302303527403039 -0.0582645496463195
DK16 -0.0155309306767335 0.0190722093980879 0.0671854753211366 0.0619217756352519 -0.00542601021056074 0.0434127418660984 0.0264543286318794
DK17 -0.0249284213618466 0.121561389015906 0.043421315278883 -0.0203369345069942 0.0110427247282038 0.0684343993276117 -0.0851885545677411
DK19 0.0470628370040511 0.0144528630173656 0.0758603086221121 0.0606464471113101 -0.0233939831969916 0.0812530520134094 -0.0184055928460095
DK20 0.0685260314835498 -0.0101041623703641 -0.0226119804025116 0.0963940777548058 0.108131741607122 0.00617194007778812 0.05615285659463
DK21 -0.0271889914954577 0.0903537151744704 0.103876219456944 -0.143107418469391 -0.0358884274614766 -0.0923777359917202 0.0200652520291463
DK22 -0.0378785566108107 0.0737483177261498 -0.0371257721015852 -0.115448767729577 0.141983560768793 -0.0717857093671365 0.0493299466963932
DK24 -0.0615771295823968 -0.0975511574762979 0.0406608731914751 0.134220912020017 -0.00597852253695046 0.156526408171478 -0.0869401903830064
DK25 0.0190059630322787 -0.0510250354451379 0.0117581572666953 -0.0151476324385752 0.0826254588822728 -0.0476186134728731 -0.0568465789525046
DK26 -0.11996573792134 -0.0212970359306897 -0.00864101761237417 -0.0153976686207759 0.0118129453100469 0.134057779381388 -0.0506616943833631
DK27 -0.087598711981193 0.0236148081963557 0.144755238236483 0.0129314193268254 -0.0316651949877911 -0.0489764641295532 0.0253244623953379
DK28 -0.147474582091659 0.027788004353923 -0.0886915357085738 -0.0765042949367815 0.0975643745081354 -0.018698246990675 -0.0355697351241224
DK29 0.0822326929799153 -0.0149308939634723 0.0191216180833075 0.105134815064266 -0.00589968501155445 0.0163997242733692 -0.123613506320747
DK30 -0.13517029667038 0.107568454820361 -0.0312316617895888 0.152668415067116 0.0545309040085587 -0.0684261294294543 0.095897816475727
DK31 0.0301817259268027 -0.0372976197916974 0.14188045566619 -0.000427040987535821 -0.0386506986139158 0.0287598219206599 0.0437119583021794
DK32 0.0361408128846909 0.0770152683075537 0.0198037505341901 0.0781026563551693 -0.00575782790328542 0.0574231844747133 -0.10454110408825
DK33 -0.09624096130336 -0.0139985455676725 0.0898599118243939 0.158563383070194 -0.00175431535307143 0.00652302193205042 -0.0812674606525144
DK34 -0.0394442262829572 0.0661787315230135 0.0977778209186042 -0.12468515585548 0.01251314343326 0.0520472289876848 -0.105519503695019
DK35 0.0363386919366388 -0.0266733287473454 0.152638198858785 0.0172052965965758 0.0058682749181705 0.0125121729293214 -0.0834502801148198
DK36 0.0711295570869966 0.023598771425968 0.069104159777265 0.0374820134938748 -0.0607539058802902 0.0853390137824194 -0.0250164869119993
DK37 0.0058606237464177 -0.00689910487601766 -0.0407687566206847 0.0180157902561924 0.129167574890099 -0.187982429996574 -0.230609630492935
DK38 -0.00762927928179239 0.0126610715014603 0.0537502822334561 0.0888281180934169 0.213782236123296 -0.00691236902010109 0.0580327515656325
DK39 -0.0232564897000343 0.0165421769075935 0.128823990896222 0.035332068302079 -0.0694516821070402 0.0233451594005491 0.0135330207800026
FR01 -0.0540063599523349 0.152410747230456 -0.107001804310914 0.0989974383767059 -0.0454867242164297 -0.128013977613983 0.0414129995872557
FR02 0.0528314819048452 0.0416817702341889 -0.0514200662701917 -0.00112522419456615 0.0467333296106747 0.0278183278101023 -0.00187171170673067
FR03 -0.00331211645109634 0.0986467020621333 0.0805611872742319 -0.0301594755588751 -0.0830969541690439 -0.0362453355651465 -0.0242645959266187
FR04 -0.0838921379358315 -0.0605683102734462 -0.0275018236666787 0.0961971856484571 -0.0907813559475704 0.149381195774587 -0.162133755524932
FR05 -0.115021461031455 -0.0714178821831809 -0.0696665237579565 -0.152490034566477 -0.0714681718640286 0.0846465094983394 0.0929603086635872
FR06 0.0434494437232486 -0.0451607915198108 -0.0169324276319807 -0.120408680968889 -0.131474135639497 0.051371496262339 -0.0936043524372751
FR07 -0.155661650136327 -0.122741264214203 -0.0098114584139576 -0.0624465769205555 -0.130797826295706 0.0711363924973319 -0.0419687787247489
FR08 0.0397199816824007 0.0315897651173998 0.0449843991103428 0.0584668934458675 0.110530905481118 0.13363479605895 0.0160936891506861
FR12 0.028003450388843 -0.0480031087263631 -0.0642902441887167 0.0890755261361593 -0.0575474108214377 -0.0144194739766525 -0.0204996634363005
FR13 -0.0575266142058368 -0.068552525318935 0.126325053110079 -0.0273135902002187 -0.0809164359141503 0.112137458237106 0.103204685388962
FR15 0.062018701676652 0.00411525124019277 0.0609630909102185 -0.0779068969058589 -0.0788724667732019 -0.00864947655693661 -0.0272724438391239
FR16 -0.171879275852741 -0.0157999147659143 0.0396048588598585 0.0347037040781752 -0.0169090329066429 0.0342409719641224 0.020288142900682
FR17 0.0413452640825517 0.0498241516257461 0.0446025419282699 -0.0818726769473693 -0.0677798671338434 0.113731988130086 -0.0236513659181821
FR19 -0.044247818382991 0.0580472004632906 -0.022175465847286 -0.0255824751733736 0.146754405863774 -0.0534315434115922 0.0633050645535784
FR20 0.132592706973833 0.028941183808157 -0.0493727816820354 0.00301357130946041 0.0269589764063307 0.0835753182719398 -0.0497319569154329
FY02 0.0787570776592838 0.0678774868985203 0.0585530836480208 0.0346270839768341 -0.0295785803327069 0.028456407114755 0.00905174598637349
FY03 -0.0516742271282954 0.0559630671807336 -0.001470829184789 0.0277601602546406 0.107048243464438 0.0164238889154624 -0.0499920643730648
FY04 -0.0457137985404612 -0.117002370020529 -0.104072436594134 0.112017286057169 -0.0600811753468933 -0.101585974304848 0.0165900321653045
FY05 -0.00841715871730644 0.0033290641900577 -0.0947418211082145 -0.0907842309545621 0.0814054684339458 -0.0787654483240483 -0.0161036409686409
FY06 -0.0159959851589066 -0.0204450110829922 -0.106416045734074 -0.0582711743921927 0.0654568541846868 0.0221669821017517 0.0552217219580929
FY07 -0.0481959414320647 -0.108198405759177 -0.023829630550681 0.0447336596577733 0.0757600509003787 0.084080811367068 0.0133620580349594
FY09 0.00946838773388168 0.0570887276651893 -0.0364004256431024 0.116332240589276 0.0581354236118746 -0.0562640367425602 -0.0179226519140373
FY10 0.032148631700696 0.0253292042331264 -0.0835886993962892 -0.104704795605754 0.0824676473371137 0.138441384528584 0.0148247251654934
FY11 -0.0981243480363874 0.0419996155408215 0.0410695189471349 0.077069177253671 -0.0662979623694495 -0.000433630098855657 0.0521339464305131
FY12 0.0631397673289339 -0.0379547194095741 0.073262448889554 0.0340887467900463 0.0508630516724183 -0.0219752099946794 0.0960151280187952
FY13 -0.0532727561401417 0.0902348833338229 -0.140064408015101 -0.0969420814486879 -0.177784900571376 -0.0826584470477019 -0.0408113691017913
FY14 0.061591447845449 0.0207795816437715 -0.0154277954123486 0.0386718231678028 0.0725757981148328 0.0204554362576148 0.0237042397083139
FY15 0.0819117078491081 0.0359496640001031 0.0478995439174484 -0.038480768298992 -0.0221760160902271 -0.0937759002110738 -0.0830311402908034
FY16 0.0268912936453335 0.0674062239783349 -0.0445824002266871 -0.00344112387152333 0.0271919120544273 0.0462617116019409 0.0477984828422574
FY18 -0.0354693955057586 -0.0111982014377193 0.0274455874847038 -0.1009198784574 0.026861201070914 -0.0861658936298401 -0.0747189174724151
HH01 0.100285589239925 -0.0656537881255418 -0.0619685302319221 0.0573609707223587 -0.18068783457353 -0.0147074821015018 0.0979051047925632
HH02 -0.166310423968354 0.0476410239795408 -0.00584857885858561 0.0864254426285623 -0.0779307027615966 -0.0469215354902987 0.0771483176950786
HH03 0.00216290915288106 0.0216416964634132 0.000739226188251157 0.0423946338186668 -0.0760108913545051 -0.0448470962317937 0.0371528616827365
HH05 0.0255001545240332 -0.0181174162936684 0.00354905845910126 -0.0746898994628535 -0.0134196967351898 -0.0069949252237838 -0.0811804022666974
HH07 -0.0339960265875721 -0.0986079403095871 0.000171126799287267 -0.0435960778579832 0.000683636360383039 0.0609668449938633 0.0612157495138667
HH08 -0.0637566341281575 -0.0278251135326048 -0.0308996926517578 0.0140442000563948 -0.000963650293180163 0.0235252417946851 -0.0582490567898028
HH09 0.0572159046499708 -0.0156976511717506 0.0353422819341507 -0.032839787355712 0.00111123579165012 -0.0486817228980338 0.0603842700792621
HH10 -0.0629533047526057 0.073758242572225 0.0552932755999848 0.117683476399802 0.037651448315112 -0.137945273674451 0.0432556471032285
HH11 -0.0395042165933605 0.0466044147797262 -0.0570836471279981 -0.000883671457772991 -0.107681000187552 0.0449801641991868 -0.0252228373545278
HH13 -0.0213583930495149 0.00862688971541372 -0.0716736282109867 -0.0342655092038648 0.0259600620670346 0.0384727512589278 0.051971241821415
HH16 0.00620170145748833 0.0774378860725196 -0.0324836385629267 -0.00539193264335687 0.100759311878976 -0.0166010589893731 0.0510551657594391
HH18 -0.0592266539678863 0.011204736969669 0.0836164870579904 0.00535771023424657 -0.0490807781483015 0.11395479810198 -0.0244449000583207
JB02 -0.0331260716243242 0.0734881283425596 0.0706062305819651 0.0977011826267889 -0.121659975056645 -0.117382192918143 0.0889780842989644
JB03 -0.0269953673265696 -0.0689137057344765 -0.0917320962971118 -0.00825788537743583 -0.00264114716894425 0.119297752986251 -0.0909793058254259
JB05 -0.0389820759359841 0.0345378648304704 -0.0649448053134104 0.0959895435716861 -0.0410387566793243 -0.208324334451991 -0.0311633234223804
JB07 0.00856652686406577 -0.0125002948527892 0.0523527586797201 -0.0322677790480017 0.0221936935349347 0.0249594672361503 -0.0481940830418157
JB10 -0.104113552843538 -0.0108423374437679 -0.0571908226197893 -0.0110564795069543 0.0340320252539657 0.0341889357925737 0.0125231847346396
JB13 0.0260271530332654 -0.0146395859316947 0.0832559422843402 -0.087214015646552 0.0973241695038388 -0.015826122491464 -0.0246957608449552
JB15 0.0658478437095407 -0.0512384027072436 -0.158308474150911 -0.0513798063192621 -0.0688608085084835 -0.0139799844164523 -0.0585730910093536
JB16 0.0718032122647275 -0.0469650970024608 0.0213641541085035 -0.0032573151534562 -0.0148276355642866 0.00784394678879758 0.0513407725398617
JB17 -0.0634321280681977 -0.0212356352345866 -0.164885719448189 -0.0092218202745497 -0.0614849994811149 0.0893476833057591 0.088950775681985
NB01 0.0259933603821448 0.0222247240959534 -0.0400323311837816 0.0148958934218357 -0.055440274858961 -0.0480922065499804 -0.066804714487935
NB02 0.0541889075465027 0.012290277755052 0.0189831110094769 -0.102636064359787 0.0771197836839982 -0.0227204292716748 -0.165260144954756
NB04 6.7869201050201e-05 -0.0178843836217326 -0.0199857449613572 0.00435999948787558 -0.0566991561716219 0.0279199492741957 0.0429382585865791
NB05 0.0751949413063928 0.0451088872790452 0.0836239786998277 -0.115664408055059 0.109596486600555 0.0205033908607364 -0.00617144841918919
NB06 0.0119100569156017 0.0606319919232569 0.0547709098558619 -0.0943016805254716 -0.0604265908605632 0.0499833098933533 -0.0912938570593848
NB07 -0.11555830918525 0.00945717193767289 0.0226164231272127 -0.0579644170870716 -0.0223272971480781 0.0213494490864679 -0.024259550453862
NB10 -0.179992362941144 0.0622688539688654 -0.0379539030045173 0.0248591249208514 0.0129964240551716 0.0950148420755157 0.130816586797176
NB11 0.00430647431765626 -0.0353967837071494 0.0327898944176478 -0.124167407111204 0.122508325455217 -0.0279803953803966 0.00771053646854668
NB12 -0.0179146274087248 0.0538712406012461 0.0737307572546846 0.0603938819553333 -0.0669751930331605 -0.0185749392784957 -0.0292171563285308
NB13 -0.0280133271837279 -0.0133543035137531 0.0644253380077667 0.0215732229230062 -0.0238109444709759 0.124632482435455 -0.110362846049042
NB14 0.0201499792144288 0.0794639327945973 0.144700535450995 0.0465736076172207 0.0453374122601028 -0.0883934731124964 -0.0480868068101882
NB15 0.051532696680466 0.0342947085311111 0.0192080244366388 -0.00191330872405227 0.0694414301607487 0.0637823854597681 -0.0510760919469275
NB16 0.121368524471237 -0.0170859888276489 0.00556363286036939 0.0824306469600859 0.0527226704409732 0.0713086875647614 0.0224772754751558
NB17 -0.00311345052690327 0.0223691133138271 -0.054729130571701 -0.0686012335076739 0.0793857592184665 0.00803799656892881 -0.00441418963784576
PA01 0.0302389192217312 -0.128809280791994 -0.0937342970980858 0.0198990624769526 0.0142247728231232 0.00482465581102048 -0.0953101767774631
PA02 -0.0206727971160011 -0.0195973488136475 -0.127451039174021 0.0889863343796652 -0.0497946234474293 -0.0462085191487765 -0.0333784504010878
PA03 0.0490328407513011 -0.0200015587017067 0.00684836077754575 0.0687131704650621 -0.0733796194635541 -0.0222126814717399 -0.0447134890258984
PA04 0.0535732575853171 0.0039932847549322 -0.0378684090244579 -0.12646313706806 -0.0610760589485786 -0.0247692488300191 -0.0418945336235454
PA05 0.0911984675701984 0.029126706132691 0.0421021906718753 0.0741783055616843 -0.103812667233454 -0.013855725984655 0.0234639760720551
PA07 -0.0786282732399312 0.159558413532266 0.0112528075635642 -0.0367475136589498 0.0466263069738545 -0.00879646055601892 0.00539220840843438
PA08 0.0876027087085935 -0.00330029563640657 0.0139528183903811 -0.068383719818039 -0.0367527483867851 -0.0939294934834615 0.0698975775509013
PA09 -0.0610967550956603 -0.0753351945811841 -0.0521790653669936 0.0742819453995158 0.0379317313595681 0.122697628083094 0.129011749159687
PA10 0.0212019927537931 -0.0814563080926277 -0.00226508747986455 -0.00210964226018968 -0.0817279621885598 -0.0181717090635852 -0.115446931542662
PA11 -0.161763083712478 0.0200201298728938 -0.0180790091780567 -0.00214318363963757 -0.0621528485129504 -0.00818441751878311 -0.0660016528071288
PA12 -0.0107863427753424 -0.0212409912229868 0.0395048150481631 -0.111350194519797 -0.00354495347307335 0.0346232094921325 -0.0623992819742017
PA13 0.015867469349569 -0.00776696958472343 -0.0204727127965895 -0.142125146775988 -0.0561489748062385 -0.0250386100611689 0.0913361677175158
PA14 0.0863694312947428 -0.0231961200023701 0.0425062251230094 -0.101740557702997 -0.0273178009534286 0.051583661699035 0.125380298103246
PA15 -0.0100515220657065 0.0754716832514731 0.0342639210374061 0.136193060977811 -0.00629296761998214 -0.147471393429048 0.0332385592998424
PA17 0.0223437647662837 0.0610464690105458 0.033106173153807 -0.0261246028021667 -0.0689339505929351 0.00356192717646732 0.00443528735212956
PA18 -0.0573135684705743 0.0220990127236965 -0.0590162101305334 0.0996029963398908 0.0824375364698945 -0.0458781824117336 0.0969951391355934
PA19 -0.138317851626371 -0.0462678323347787 0.14033651095249 -0.056046378289881 0.0483333304095084 -0.0943415955416412 -0.0225240053910656
PA20 0.0403285461410761 -0.0592707720215385 0.0592699038880845 -0.0666031458171953 0.00966607229911995 0.0304119336566926 -0.0565842512348444
PA21 0.0233519455602785 0.0545768523948835 0.0978523732348233 -0.0542583955740317 -0.01166908635122 0.0138990733134759 0.0869474503771914
PA23 0.0120129947860073 0.0647250703815504 0.00869731181182029 0.066780672029332 -0.0330429405636159 -0.0412527632874477 0.000179235694457816
PA24 -0.0390509222815823 -0.0105207804667039 0.131683251392115 -0.0414931710189091 0.057835157224375 -0.186906993384135 -0.0333509561721175
PA25 -0.00863747491618073 0.031793951701759 -0.00178145613022224 -0.0910809476041745 -0.0872136302920012 -0.00660300603189352 0.0121922009870654
PA26 0.00183548672859813 -0.0285176818539849 0.000108587469433281 -0.0191809096161451 -0.0145592038755892 0.0323532008684783 0.0897683997247756
PA27 -0.0997573811567474 0.0237326263494666 0.0354720948645844 -0.0168598406585931 -0.0383826055984457 -0.0722532261121376 0.134192121976412
RB01 0.0711061445977677 0.0451075290655493 -0.110342264874584 -0.0896749316112268 -0.0632498004875642 -0.129559687129763 -0.034087437686039
RB02 -0.0677446091279465 0.0337143483244626 0.00697465867916655 -0.0403100432402592 -0.0587567251799603 -0.0694201644020707 0.201291114376438
RB03 0.051284940241961 -0.0291111246938082 -0.0536384727719409 -0.0310699238424571 -0.134584788217408 -0.0973206027369908 0.129894378368605
RB04 0.0467718113039256 -0.00455124769867142 -0.0961182646540074 -0.0369364266979165 -0.0490401721996373 -0.0931599098918779 0.032636283829584
RB05 0.0268530909373368 -0.0178243358908052 -0.0526875173645306 0.00511557729551919 -0.035406066117777 0.0327338632781963 0.0740976452465834
RB06 0.0267722264190489 -0.025566115810136 -0.13675762316122 -0.0219194933534544 0.126159522669491 0.0436488581447475 0.0551733844621877
RB07 0.0167224713945853 0.0434581943429618 0.0516860876226435 0.0653446564883399 0.0357061272519252 -0.0579953174841484 0.00855302517990597
RB08 0.0650067270610544 -0.0315100338284666 -0.0250369539087258 0.118499623339785 -0.00262680177378009 0.0673863661983388 0.0107216740588498
RB09 0.0558275585811605 -0.10751237856947 0.00168633474335307 0.0254235497497789 0.0203750116194674 0.0790557152182673 0.124406711418597
RB10 0.0177712762114012 0.0474833520517279 -0.0577834671327481 -0.0743902536725274 0.146755978634949 0.00854183983277001 0.14507588822655
RB12 0.0655030143823232 0.139209678372114 -0.045597262025909 0.0691211838733661 0.0677351583780264 -0.0602084093816528 0.0497470751347454
RB13 0.0680416868226572 0.0197478994319572 -0.0858057768257319 0.0201238984341462 0.0263359372017926 0.0918873892308974 0.0556233762562195
RB14 0.0162524054032348 0.0103499719360618 0.0301028637533744 -0.000685469826615901 -0.00818910675880402 -0.0248648826273173 -0.00676458131861003
RB15 -0.0349326080985714 0.00403120232606722 -0.0150409130520898 0.0713188407433344 0.0745470756743736 0.11315977361602 0.0499939667139685
RB16 0.075592508541038 0.0194871286929405 -0.0848949640674514 -0.0936175664884532 0.0591474729874643 -0.0246201709413466 -0.0269088033573357
RB17 -0.0810271427114548 -0.104983925158477 0.0420148284714461 0.0782661937249818 0.0438850915755343 0.0762051052066218 0.0373582459462028
RB19 0.0636847469264516 0.0501060971865404 -0.170192374324907 0.0241486475795172 0.0585679385326875 0.126983475186261 -0.134495244148887
RB20 -0.0302773157282005 0.00164574544268752 -0.049982690076451 -0.0170105545009003 0.00694269467432826 -0.0219044705857673 -0.119965388120112
RL01 -0.147599142796708 0.0579538785686187 -0.0224276428467115 0.0520119082371087 0.123054337722002 0.0772932158674722 0.0124082779592168
RL02 0.00900131290487357 0.0192116432941411 -0.0651236310480395 0.0631958777666575 0.0720708537486188 -0.0445494095465189 0.0274730654003458
RL03 0.0968338289081625 -0.0289793541367546 -0.0517602241676488 0.0064929002903574 0.0901709945272003 0.0157309324491946 -0.0822148277016239
RL04 0.0679314490756014 -0.038411477091519 -0.0565721343402005 -0.0638734327789954 -0.125102280310213 -0.0315478560493182 0.0131904447643861
RL06 0.0915496482008038 0.0225897765602658 -0.0543635139388969 -0.0440578302151847 -0.0841919207953768 -0.0660786206310862 0.0208721366879245
RL07 0.0132639202437674 -0.0864276365120083 -0.0463578883319187 -0.015752884982539 -0.0184890880389805 0.0223762659048693 0.00226516636636874
RL09 0.0619320099664754 0.00392500991545606 0.0209258899176937 0.0227546477415324 -0.100996484113952 -0.0524708800197369 0.0868668100646671
RL10 0.0412576881342052 0.0114024804121106 -0.157450314778213 -0.102837168562643 -0.0771026611859141 0.0127871988491592 -0.0661705334000613
RL11 0.105614980433318 -0.0454347407911896 -0.11814703058978 0.0885441774317311 -0.0574775416119167 -0.109793436346174 0.0761808984405481
RL12 -0.0101740006395127 -0.107658997257816 -0.0751667099304787 -0.0191789468738122 0.00258809745944534 -0.0177353069901434 0.0900311677902
RL13 -0.0561143472902148 -0.1311197925732 -0.140676901784263 -0.0486336065233885 -0.0734225706950317 -0.0450283400758293 -0.0397722250338463
RL15 0.127071058841173 -0.0440772688812869 -0.0839802812496457 0.0847104896647612 0.0249274319310449 -0.0451903043933374 0.0113340983074806
RL17 0.000403364294655287 0.04147659864778 -0.0260084524561399 -0.0407063073751837 -0.059757806955457 -0.0624713446404169 0.0968562468468894
RL18 -0.230506947891154 -0.000768673823702008 0.00672217462344204 -0.0309670523066595 -0.00298847704372406 -0.0234014446043771 -0.029702487734039
RL21 0.0627633794729473 0.00753790170133136 0.0125410067800687 0.00299783538259246 -0.106689643356879 0.0115138641390394 0.00667390305474409
RL22 -0.082513797488776 -0.125496430773272 -0.124689270072749 0.0307595088783681 0.21841157332868 -0.158152500571074 -0.195614870322743
RL23 0.0404310212243169 -0.0160555827976379 -0.162152476758298 0.0385662645394273 -0.111250661124748 -0.0162681244703561 -0.014861467313874
TR01 0.0557000621420852 0.0590350136772393 -0.0399200472396256 -0.0149190417057315 0.0863182381628033 0.0429703010888339 0.0544318857198004
TR02 0.0588063778577704 0.0223148500895085 0.032505909732571 -0.0432374220912032 0.00785953875697366 0.0699087458560991 -0.0230672705329491
TR03 0.074743645127519 -0.0110568201536073 0.0304475407170686 0.030180214632265 -0.125552213856059 0.058139591467849 0.0017536666586744
TR04 0.10770048236583 0.0336788305406596 -0.0184703532619484 0.161789723021068 -0.0236730097337258 0.0438572533694142 -0.0198448927680206
TR05 -0.00305828006458745 -0.0200211243008322 0.113173804009102 0.00111628336162764 0.000277729574469136 0.116606400972995 0.147276829025762
TR06 0.072395862388755 0.0377185888390082 0.197113970324043 -0.0174953829941283 -0.0410925591554189 -0.0883207633703785 -0.00621650962977257
TR07 -0.00124210439667173 -0.0123958306808175 -0.00112309396509162 -0.125977673710144 0.0470738892090719 0.0380444574556498 0.103790938251884
TR08 -0.000482568047890039 0.083438562566432 -0.0472530240478843 -0.0385569357163515 -0.0580521544653234 0.0817278122110473 0.0717955322534469
TR09 0.127278743075321 -0.0334563670149013 -0.0234776673363407 0.0231084115365997 -0.0439593411972276 0.0542812001620076 0.0579394005335836
TR10 0.0864128005100354 0.026391640653376 0.0636541489671383 -0.114490478043813 -0.0505508661442521 0.0175176131106061 0.0768571732926845
TR11 0.0723770929552235 0.00140174212384654 0.0306330384753472 -0.0267542459417366 0.0204401671675364 0.055069708220648 0.00467078774398394
TR12 0.0231080259402644 0.0197824648570519 -0.0118996212643754 0.0317115522003938 -0.121428889035248 -0.0490736028382604 -0.0623007813916449
TR13 -0.0195557438263465 0.044739013739574 0.101768816670522 0.120642177638785 -0.0927276546505695 -0.0736929727636195 -0.144159763823957
TR14 -0.246673551458257 0.00740726992750117 -0.102997512580318 -0.00865270794022446 -0.0492359795199105 -0.0237079810993058 -0.11885300418563
TR15 -0.0260094322495535 0.0681494574692101 -0.0343953422875869 -0.108113415890236 0.0681443122528813 -0.0240957143413838 0.0886909470719375
TR16 0.00186132342692991 0.0901027719343829 -0.140195169875486 0.0688725529548914 0.0425838581585676 0.016093989083398 0.0357871619005586
TR17 -0.0177394165769103 -0.0345026887237208 -0.0843339943263444 -0.0357036666941654 0.0411572641875126 0.13667838025419 -0.104685829852288
